213,1,0.406
213,2,0.334
213,3,0.208
213,4,0.181
213,5,0.203
213,6,0.317
213,7,0.301
213,8,0.263
213,9,0.131
213,10,0.199
213,11,0.25
213,12,0.187
213,13,0.06
213,14,0.104
213,15,0.164
213,16,0.208
213,17,0.415
213,18,0.155
213,19,0.427
213,20,0.173
213,21,0.2
213,22,0.261
213,23,0.28
213,24,0.157
213,25,0.121
213,26,2.147
213,27,0.275
213,28,0.253
213,29,0.163
213,30,0.387
213,31,0.19
213,32,0.386
213,33,0.148
213,34,1.414
213,35,0.933
213,36,0.496
213,37,0.338
213,38,0.341
213,39,1.805
213,40,1.371
213,41,2.207
213,42,1.637
213,43,0.357
213,44,0.263
213,45,0.389
213,46,0.42
213,47,0.438
213,48,0.34
214,1,0.235
214,2,0.212
214,3,0.253
214,4,0.357
214,5,0.238
214,6,0.202
214,7,0.176
214,8,0.225
214,9,0.155
214,10,0.115
214,11,0.208
214,12,0.211
214,13,0.25
214,14,0.133
214,15,0.192
214,16,0.133
214,17,0.492
214,18,0.108
214,19,0.271
214,20,0.16
214,21,0.197
214,22,1.175
214,23,1.212
214,24,2.705
214,25,1.532
214,26,1.694
214,27,3.002
214,28,4.302
214,29,4.382
214,30,0.947
214,31,1.579
214,32,1.158
214,33,2.465
214,34,0.991
214,35,0.582
214,36,0.247
214,37,0.72
214,38,0.676
214,39,0.335
214,40,0.314
214,41,0.329
214,42,0.338
214,43,0.644
214,44,0.526
214,45,0.46
214,46,0.833
214,47,2.062
214,48,1.525
215,1,0.574
215,2,0.349
215,3,0.246
215,4,0.478
215,5,0.18
215,6,0.256
215,7,0.217
215,8,0.298
215,9,0.177
215,10,0.171
215,11,0.162
215,12,0.232
215,13,0.226
215,14,0.081
215,15,0.108
215,16,0.071
215,17,0.292
215,18,0.396
215,19,0.356
215,20,1.959
215,21,0.314
215,22,0.151
215,23,0.161
215,24,1.45
215,25,0.289
215,26,1.44
215,27,2.962
215,28,2.875
215,29,2.247
215,30,1.001
215,31,0.526
215,32,0.719
215,33,0.697
215,34,0.517
215,35,0.233
215,36,0.729
215,37,1.226
215,38,0.353
215,39,0.411
215,40,0.302
215,41,0.391
215,42,0.348
215,43,0.453
215,44,0.458
215,45,0.332
215,46,0.363
215,47,0.446
215,48,0.352
216,1,0.118
216,2,0.194
216,3,0.202
216,4,0.368
216,5,0.239
216,6,0.189
216,7,0.144
216,8,0.218
216,9,0.269
216,10,0.092
216,11,0.097
216,12,0.077
216,13,0.25
216,14,0.185
216,15,0.204
216,16,0.133
216,17,0.226
216,18,0.449
216,19,1.09
216,20,0.881
216,21,0.142
216,22,0.954
216,23,0.166
216,24,0.21
216,25,0.248
216,26,0.787
216,27,0.135
216,28,0.295
216,29,0.13
216,30,0.757
216,31,0.306
216,32,0.487
216,33,0.195
216,34,0.909
216,35,1.568
216,36,1.229
216,37,0.59
216,38,0.315
216,39,3.255
216,40,3.912
216,41,3.132
216,42,1.352
216,43,0.641
216,44,0.623
216,45,0.948
216,46,0.601
216,47,0.445
216,48,0.172
217,1,0.176
217,2,0.153
217,3,0.264
217,4,0.2
217,5,0.226
217,6,0.198
217,7,0.321
217,8,0.26
217,9,0.144
217,10,0.216
217,11,0.2
217,12,0.208
217,13,0.069
217,14,0.132
217,15,0.153
217,16,0.312
217,17,0.143
217,18,0.323
217,19,0.313
217,20,0.297
217,21,0.864
217,22,3.972
217,23,3.591
217,24,1.306
217,25,0.28
217,26,0.257
217,27,2.905
217,28,0.778
217,29,0.33
217,30,0.146
217,31,0.417
217,32,0.476
217,33,0.324
217,34,0.181
217,35,0.452
217,36,0.249
217,37,1.923
217,38,2.733
217,39,1.196
217,40,1.817
217,41,2.232
217,42,2.558
217,43,2.784
217,44,1.63
217,45,0.561
217,46,0.868
217,47,0.552
217,48,0.35
218,1,0.177
218,2,0.265
218,3,0.299
218,4,0.186
218,5,0.202
218,6,0.178
218,7,0.289
218,8,0.072
218,9,0.136
218,10,0.1
218,11,0.331
218,12,0.176
218,13,0.2
218,14,0.153
218,15,0.25
218,16,0.224
218,17,0.165
218,18,0.12
218,19,1.605
218,20,0.841
218,21,0.581
218,22,0.451
218,23,0.873
218,24,1.156
218,25,0.357
218,26,0.39
218,27,0.516
218,28,1.017
218,29,1.78
218,30,0.478
218,31,0.422
218,32,0.249
218,33,0.445
218,34,0.258
218,35,2.164
218,36,2.086
218,37,2.152
218,38,0.516
218,39,3.679
218,40,3.354
218,41,2.05
218,42,0.445
218,43,2.365
218,44,2.462
218,45,1.759
218,46,1.608
218,47,0.345
218,48,0.226
219,1,0.156
219,2,0.337
219,3,0.287
219,4,0.237
219,5,0.246
219,6,0.259
219,7,0.3
219,8,0.216
219,9,0.153
219,10,0.121
219,11,0.225
219,12,0.112
219,13,0.208
219,14,0.162
219,15,0.287
219,16,0.19
219,17,0.146
219,18,0.158
219,19,0.291
219,20,1.673
219,21,1.37
219,22,0.829
219,23,0.377
219,24,2.125
219,25,0.307
219,26,0.659
219,27,0.904
219,28,0.304
219,29,0.128
219,30,0.137
219,31,0.548
219,32,0.295
219,33,0.216
219,34,0.264
219,35,0.491
219,36,0.865
219,37,0.27
219,38,0.319
219,39,0.255
219,40,0.416
219,41,0.321
219,42,0.237
219,43,0.444
219,44,0.6
219,45,1.866
219,46,1.036
219,47,0.57
219,48,0.616
220,1,0.531
220,2,0.237
220,3,0.263
220,4,0.181
220,5,0.264
220,6,0.142
220,7,0.155
220,8,0.185
220,9,0.305
220,10,0.25
220,11,0.214
220,12,0.202
220,13,0.27
220,14,0.207
220,15,0.148
220,16,0.122
220,17,0.206
220,18,0.295
220,19,0.209
220,20,0.206
220,21,0.796
220,22,0.315
220,23,0.176
220,24,0.142
220,25,0.122
220,26,0.252
220,27,1.344
220,28,3.372
220,29,1.117
220,30,1.913
220,31,1.335
220,32,0.207
220,33,0.147
220,34,0.298
220,35,0.168
220,36,0.204
220,37,0.139
220,38,0.315
220,39,1.509
220,40,0.238
220,41,0.138
220,42,0.39
220,43,0.571
220,44,0.66
220,45,0.438
220,46,0.811
220,47,0.884
220,48,0.896
221,1,0.501
221,2,0.323
221,3,0.221
221,4,0.191
221,5,0.125
221,6,0.253
221,7,0.568
221,8,0.531
221,9,0.584
221,10,0.242
221,11,0.262
221,12,0.149
221,13,0.162
221,14,0.064
221,15,0.246
221,16,0.063
221,17,0.208
221,18,0.142
221,19,0.307
221,20,0.146
221,21,0.201
221,22,0.134
221,23,1.139
221,24,0.569
221,25,0.253
221,26,0.213
221,27,0.195
221,28,0.114
221,29,0.398
221,30,0.352
221,31,0.501
221,32,0.28
221,33,0.287
221,34,0.363
221,35,0.272
221,36,0.278
221,37,0.438
221,38,1.369
221,39,0.358
221,40,0.315
221,41,0.23
221,42,0.665
221,43,2.134
221,44,1.077
221,45,0.821
221,46,0.897
221,47,0.791
221,48,0.613
222,1,0.38
222,2,0.295
222,3,0.254
222,4,0.26
222,5,0.135
222,6,0.097
222,7,0.144
222,8,0.211
222,9,0.209
222,10,0.151
222,11,0.24
222,12,0.25
222,13,0.235
222,14,0.144
222,15,0.219
222,16,2.542
222,17,0.181
222,18,1.038
222,19,0.179
222,20,0.51
222,21,0.308
222,22,0.709
222,23,0.215
222,24,0.239
222,25,0.256
222,26,1.363
222,27,0.961
222,28,2.314
222,29,2.308
222,30,1.396
222,31,0.083
222,32,0.315
222,33,0.19
222,34,0.265
222,35,1.375
222,36,3.602
222,37,3.334
222,38,1.481
222,39,1.702
222,40,1.948
222,41,2.282
222,42,1.127
222,43,0.947
222,44,1.216
222,45,0.986
222,46,0.954
222,47,0.715
222,48,0.485
223,1,0.279
223,2,0.179
223,3,0.469
223,4,0.176
223,5,0.298
223,6,0.254
223,7,0.173
223,8,0.203
223,9,0.289
223,10,0.218
223,11,0.161
223,12,0.196
223,13,0.235
223,14,0.147
223,15,0.072
223,16,0.285
223,17,0.274
223,18,0.229
223,19,2.356
223,20,1.534
223,21,1.231
223,22,0.95
223,23,1.07
223,24,0.709
223,25,0.308
223,26,0.965
223,27,0.837
223,28,2.432
223,29,0.293
223,30,0.4
223,31,0.2
223,32,0.299
223,33,0.575
223,34,0.417
223,35,0.479
223,36,0.259
223,37,1.038
223,38,1.394
223,39,0.938
223,40,0.523
223,41,2.022
223,42,1.654
223,43,0.776
223,44,0.672
223,45,1.147
223,46,0.813
223,47,0.677
223,48,3.872
224,1,0.446
224,2,0.359
224,3,0.163
224,4,0.205
224,5,0.205
224,6,0.325
224,7,0.189
224,8,0.155
224,9,0.247
224,10,0.245
224,11,0.222
224,12,0.143
224,13,0.264
224,14,0.36
224,15,0.207
224,16,0.123
224,17,0.111
224,18,0.229
224,19,0.153
224,20,0.21
224,21,0.148
224,22,1.676
224,23,2.744
224,24,0.666
224,25,0.188
224,26,0.369
224,27,0.493
224,28,0.593
224,29,1.491
224,30,2.322
224,31,1.94
224,32,0.478
224,33,0.587
224,34,0.262
224,35,0.308
224,36,1.585
224,37,2.31
224,38,0.619
224,39,1.494
224,40,1.878
224,41,2.256
224,42,0.78
224,43,0.397
224,44,0.299
224,45,0.505
224,46,0.36
224,47,0.498
224,48,0.47
225,1,0.313
225,2,0.307
225,3,0.122
225,4,0.164
225,5,0.129
225,6,0.212
225,7,0.088
225,8,0.137
225,9,0.117
225,10,0.199
225,11,0.091
225,12,0.102
225,13,0.132
225,14,0.175
225,15,0.327
225,16,3.028
225,17,1.117
225,18,0.476
225,19,0.508
225,20,0.066
225,21,1.072
225,22,1.203
225,23,0.415
225,24,0.403
225,25,0.623
225,26,0.316
225,27,0.369
225,28,0.258
225,29,0.062
225,30,0.202
225,31,0.127
225,32,0.137
225,33,0.068
225,34,0.23
225,35,1.542
225,36,4.125
225,37,2.103
225,38,1.765
225,39,0.549
225,40,0.249
225,41,2.722
225,42,4.881
225,43,0.487
225,44,0.51
225,45,0.442
225,46,0.539
225,47,0.539
225,48,0.598
226,1,0.45
226,2,0.463
226,3,0.163
226,4,0.173
226,5,0.142
226,6,0.277
226,7,0.143
226,8,0.147
226,9,0.166
226,10,0.242
226,11,0.17
226,12,0.059
226,13,0.122
226,14,0.156
226,15,0.147
226,16,0.394
226,17,0.128
226,18,0.132
226,19,0.15
226,20,0.066
226,21,0.555
226,22,3.368
226,23,2.694
226,24,0.837
226,25,0.692
226,26,1.897
226,27,0.798
226,28,0.484
226,29,0.138
226,30,0.349
226,31,0.331
226,32,0.186
226,33,0.15
226,34,0.182
226,35,0.26
226,36,0.462
226,37,2.065
226,38,0.529
226,39,0.422
226,40,0.384
226,41,2.505
226,42,0.936
226,43,2.117
226,44,0.601
226,45,0.444
226,46,0.482
226,47,0.541
226,48,0.397
227,1,0.241
227,2,0.141
227,3,0.218
227,4,0.263
227,5,0.21
227,6,0.144
227,7,0.208
227,8,0.256
227,9,0.214
227,10,0.139
227,11,0.127
227,12,0.207
227,13,0.141
227,14,0.13
227,15,0.098
227,16,0.217
227,17,0.264
227,18,0.172
227,19,0.086
227,20,0.282
227,21,0.102
227,22,0.144
227,23,2.042
227,24,0.506
227,25,0.364
227,26,1.311
227,27,1.794
227,28,0.484
227,29,1.682
227,30,3.146
227,31,1.649
227,32,0.701
227,33,1.367
227,34,5.264
227,35,2.086
227,36,1.159
227,37,2.945
227,38,0.85
227,39,1.992
227,40,0.875
227,41,4.272
227,42,2.062
227,43,0.535
227,44,0.887
227,45,0.859
227,46,0.689
227,47,0.837
227,48,0.537
228,1,0.153
228,2,0.35
228,3,0.345
228,4,0.288
228,5,0.367
228,6,0.137
228,7,0.508
228,8,0.133
228,9,0.291
228,10,0.212
228,11,0.197
228,12,0.357
228,13,0.119
228,14,0.284
228,15,0.137
228,16,0.197
228,17,0.475
228,18,0.134
228,19,0.161
228,20,0.183
228,21,0.585
228,22,0.311
228,23,0.46
228,24,0.375
228,25,1.92
228,26,2.301
228,27,1.562
228,28,2.113
228,29,2.289
228,30,3.516
228,31,3.723
228,32,1.839
228,33,1.225
228,34,0.687
228,35,0.439
228,36,0.391
228,37,0.517
228,38,0.788
228,39,0.53
228,40,0.496
228,41,0.56
228,42,0.566
228,43,0.633
228,44,0.959
228,45,1.884
228,46,3.072
228,47,1.569
228,48,0.413
229,1,0.26
229,2,0.303
229,3,0.287
229,4,0.214
229,5,0.151
229,6,0.146
229,7,0.272
229,8,0.127
229,9,0.16
229,10,0.112
229,11,0.263
229,12,0.134
229,13,0.158
229,14,0.111
229,15,0.188
229,16,3.258
229,17,0.116
229,18,0.256
229,19,0.187
229,20,0.196
229,21,0.094
229,22,1.982
229,23,1.94
229,24,0.368
229,25,0.313
229,26,0.208
229,27,0.675
229,28,0.279
229,29,0.266
229,30,0.201
229,31,0.519
229,32,0.267
229,33,0.12
229,34,0.202
229,35,0.431
229,36,0.312
229,37,2.981
229,38,1.711
229,39,2.406
229,40,2.125
229,41,0.894
229,42,0.587
229,43,1.805
229,44,2.16
229,45,0.72
229,46,0.854
229,47,0.677
229,48,0.206
230,1,0.214
230,2,0.207
230,3,0.22
230,4,0.122
230,5,0.107
230,6,0.195
230,7,0.196
230,8,0.163
230,9,0.092
230,10,0.161
230,11,0.209
230,12,0.161
230,13,0.113
230,14,0.509
230,15,0.293
230,16,0.587
230,17,0.353
230,18,0.277
230,19,0.486
230,20,1.6
230,21,0.252
230,22,0.335
230,23,0.322
230,24,0.182
230,25,1.365
230,26,1.247
230,27,0.408
230,28,0.453
230,29,0.263
230,30,0.59
230,31,0.317
230,32,0.188
230,33,0.281
230,34,0.121
230,35,0.411
230,36,1.207
230,37,5.595
230,38,3.002
230,39,2.173
230,40,1.304
230,41,2.091
230,42,0.733
230,43,2.138
230,44,4.794
230,45,0.951
230,46,0.475
230,47,0.247
230,48,0.14
231,1,0.269
231,2,0.087
231,3,0.169
231,4,0.09
231,5,0.245
231,6,0.147
231,7,0.111
231,8,0.174
231,9,0.167
231,10,0.486
231,11,0.088
231,12,0.152
231,13,0.163
231,14,0.187
231,15,0.415
231,16,0.678
231,17,0.237
231,18,0.56
231,19,2.473
231,20,2.045
231,21,0.419
231,22,0.501
231,23,0.357
231,24,0.571
231,25,0.172
231,26,0.507
231,27,0.156
231,28,0.148
231,29,0.857
231,30,0.448
231,31,0.175
231,32,0.089
231,33,3.849
231,34,0.802
231,35,0.232
231,36,1.459
231,37,2.274
231,38,0.634
231,39,0.566
231,40,0.169
231,41,0.251
231,42,0.174
231,43,0.377
231,44,0.588
231,45,0.322
231,46,0.356
231,47,0.364
231,48,0.368
232,1,0.184
232,2,0.205
232,3,0.199
232,4,0.244
232,5,0.149
232,6,0.091
232,7,0.164
232,8,0.215
232,9,0.161
232,10,0.094
232,11,0.13
232,12,0.22
232,13,0.122
232,14,0.161
232,15,0.088
232,16,0.222
232,17,0.15
232,18,0.126
232,19,0.183
232,20,0.15
232,21,0.21
232,22,2.154
232,23,2.882
232,24,2.303
232,25,0.975
232,26,2.538
232,27,2.264
232,28,0.954
232,29,0.165
232,30,0.164
232,31,0.093
232,32,0.433
232,33,0.138
232,34,0.24
232,35,2.856
232,36,1.28
232,37,2.109
232,38,1.322
232,39,1.9
232,40,2.796
232,41,1.515
232,42,3.151
232,43,1.44
232,44,0.859
232,45,0.669
232,46,0.899
232,47,0.688
232,48,0.685
233,1,0.451
233,2,0.219
233,3,0.151
233,4,0.185
233,5,0.218
233,6,0.131
233,7,0.157
233,8,0.099
233,9,0.288
233,10,0.102
233,11,0.192
233,12,0.129
233,13,0.218
233,14,0.158
233,15,0.116
233,16,0.494
233,17,0.193
233,18,0.188
233,19,0.095
233,20,0.155
233,21,0.163
233,22,1.178
233,23,1.922
233,24,1.113
233,25,0.696
233,26,0.34
233,27,1.761
233,28,0.235
233,29,0.4
233,30,0.14
233,31,0.46
233,32,0.171
233,33,0.261
233,34,0.263
233,35,0.242
233,36,0.306
233,37,2.274
233,38,0.806
233,39,2.181
233,40,0.659
233,41,2.453
233,42,2.754
233,43,1.715
233,44,0.568
233,45,0.593
233,46,0.367
233,47,0.364
233,48,0.231
234,1,0.34
234,2,0.211
234,3,0.204
234,4,0.181
234,5,0.172
234,6,0.219
234,7,0.102
234,8,0.165
234,9,0.148
234,10,0.25
234,11,0.113
234,12,0.136
234,13,0.14
234,14,0.212
234,15,0.167
234,16,0.101
234,17,0.231
234,18,0.469
234,19,0.202
234,20,0.105
234,21,0.129
234,22,0.15
234,23,1.65
234,24,0.197
234,25,0.206
234,26,0.206
234,27,0.921
234,28,0.665
234,29,0.142
234,30,0.141
234,31,0.194
234,32,0.577
234,33,0.26
234,34,0.845
234,35,1.938
234,36,1.357
234,37,1.092
234,38,0.287
234,39,0.407
234,40,0.447
234,41,0.383
234,42,0.447
234,43,0.425
234,44,0.526
234,45,0.502
234,46,0.524
234,47,0.443
234,48,0.378
235,1,0.209
235,2,0.192
235,3,0.141
235,4,0.171
235,5,0.23
235,6,0.112
235,7,0.165
235,8,0.099
235,9,0.272
235,10,0.111
235,11,0.165
235,12,0.126
235,13,0.221
235,14,0.157
235,15,0.109
235,16,0.151
235,17,0.141
235,18,0.253
235,19,0.099
235,20,0.844
235,21,0.492
235,22,2.655
235,23,2.912
235,24,1.214
235,25,4.191
235,26,2.12
235,27,1.682
235,28,0.608
235,29,1.299
235,30,1.961
235,31,1.231
235,32,1.422
235,33,0.871
235,34,0.552
235,35,0.577
235,36,0.38
235,37,0.256
235,38,0.92
235,39,0.384
235,40,0.232
235,41,0.326
235,42,0.897
235,43,0.715
235,44,0.53
235,45,0.684
235,46,0.628
235,47,0.583
235,48,0.52
236,1,0.235
236,2,0.293
236,3,0.248
236,4,0.213
236,5,0.165
236,6,0.247
236,7,0.228
236,8,0.154
236,9,0.123
236,10,0.116
236,11,0.248
236,12,0.134
236,13,0.162
236,14,0.099
236,15,0.19
236,16,2.754
236,17,0.417
236,18,0.593
236,19,0.186
236,20,0.942
236,21,2.165
236,22,0.438
236,23,2.613
236,24,2.588
236,25,4.029
236,26,1.514
236,27,0.618
236,28,0.385
236,29,0.395
236,30,0.356
236,31,0.317
236,32,0.555
236,33,0.283
236,34,0.361
236,35,0.261
236,36,2.532
236,37,0.535
236,38,1.186
236,39,1.687
236,40,0.753
236,41,0.358
236,42,1.513
236,43,0.7
236,44,0.622
236,45,0.498
236,46,0.79
236,47,1.893
236,48,0.31
237,1,0.175
237,2,0.274
237,3,0.231
237,4,0.143
237,5,0.149
237,6,0.154
237,7,0.238
237,8,0.13
237,9,0.157
237,10,0.084
237,11,0.144
237,12,0.228
237,13,0.102
237,14,0.129
237,15,0.671
237,16,0.295
237,17,0.276
237,18,0.445
237,19,0.221
237,20,0.131
237,21,1.658
237,22,0.272
237,23,0.162
237,24,0.177
237,25,0.147
237,26,0.219
237,27,0.159
237,28,0.234
237,29,0.15
237,30,0.309
237,31,0.427
237,32,0.245
237,33,0.176
237,34,0.267
237,35,1.234
237,36,1.875
237,37,2.544
237,38,0.486
237,39,0.314
237,40,0.292
237,41,0.41
237,42,0.844
237,43,0.696
237,44,0.74
237,45,0.999
237,46,4.767
237,47,0.87
237,48,0.424
238,1,0.197
238,2,0.268
238,3,0.267
238,4,0.201
238,5,0.165
238,6,0.179
238,7,0.22
238,8,0.14
238,9,0.149
238,10,0.088
238,11,0.213
238,12,0.157
238,13,0.147
238,14,0.099
238,15,0.487
238,16,0.9
238,17,0.331
238,18,0.231
238,19,0.271
238,20,0.359
238,21,0.146
238,22,0.998
238,23,0.305
238,24,0.179
238,25,0.464
238,26,0.54
238,27,1.691
238,28,0.226
238,29,0.239
238,30,0.28
238,31,1.056
238,32,1.59
238,33,0.441
238,34,0.224
238,35,1.255
238,36,2.476
238,37,1.244
238,38,0.428
238,39,0.811
238,40,0.385
238,41,1.595
238,42,0.382
238,43,0.671
238,44,0.486
238,45,0.508
238,46,0.485
238,47,0.515
238,48,0.456
239,1,0.245
239,2,0.164
239,3,0.211
239,4,0.148
239,5,0.295
239,6,0.098
239,7,0.134
239,8,0.061
239,9,0.199
239,10,0.139
239,11,0.072
239,12,0.116
239,13,0.109
239,14,0.198
239,15,0.059
239,16,0.383
239,17,0.264
239,18,0.152
239,19,0.23
239,20,0.056
239,21,0.632
239,22,0.626
239,23,2.743
239,24,0.75
239,25,2.29
239,26,2.72
239,27,1.428
239,28,0.266
239,29,0.163
239,30,0.226
239,31,0.647
239,32,0.169
239,33,0.249
239,34,1.238
239,35,3.256
239,36,3.219
239,37,0.563
239,38,1.807
239,39,1.465
239,40,0.341
239,41,1.669
239,42,0.295
239,43,0.533
239,44,0.635
239,45,0.568
239,46,0.418
239,47,0.281
239,48,0.323
240,1,0.343
240,2,0.324
240,3,0.19
240,4,0.148
240,5,0.2
240,6,0.225
240,7,0.174
240,8,0.094
240,9,0.124
240,10,0.546
240,11,0.199
240,12,0.164
240,13,0.093
240,14,0.146
240,15,0.208
240,16,0.117
240,17,0.154
240,18,0.108
240,19,0.375
240,20,0.485
240,21,0.136
240,22,1.542
240,23,0.331
240,24,4.485
240,25,0.803
240,26,0.757
240,27,1.356
240,28,0.322
240,29,0.296
240,30,0.377
240,31,0.239
240,32,0.28
240,33,0.231
240,34,0.209
240,35,0.313
240,36,2.177
240,37,2.226
240,38,1.462
240,39,2.773
240,40,2.549
240,41,3.251
240,42,1.053
240,43,1.154
240,44,1.14
240,45,0.916
240,46,1.76
240,47,1.179
240,48,0.164
388,1,0.539
388,2,0.276
388,3,0.191
388,4,0.15
388,5,0.278
388,6,0.208
388,7,0.078
388,8,0.119
388,9,0.119
388,10,0.162
388,11,0.13
388,12,0.154
388,13,0.136
388,14,0.174
388,15,0.181
388,16,0.225
388,17,0.175
388,18,0.237
388,19,0.336
388,20,0.376
388,21,0.274
388,22,1.502
388,23,0.12
388,24,0.091
388,25,0.11
388,26,0.153
388,27,0.549
388,28,0.152
388,29,0.173
388,30,0.082
388,31,0.132
388,32,0.244
388,33,0.389
388,34,0.371
388,35,1.818
388,36,4.086
388,37,3.294
388,38,2.146
388,39,1.653
388,40,0.896
388,41,0.711
388,42,0.79
388,43,0.712
388,44,0.714
388,45,0.572
388,46,0.601
388,47,0.52
388,48,0.413
389,1,0.401
389,2,0.341
389,3,0.245
389,4,0.153
389,5,0.138
389,6,0.126
389,7,0.182
389,8,0.18
389,9,0.277
389,10,0.148
389,11,0.181
389,12,0.178
389,13,0.149
389,14,0.18
389,15,0.197
389,16,0.222
389,17,0.181
389,18,0.306
389,19,0.623
389,20,0.235
389,21,0.227
389,22,0.09
389,23,0.123
389,24,0.375
389,25,1.358
389,26,0.269
389,27,3.123
389,28,1.732
389,29,1.32
389,30,0.471
389,31,1.302
389,32,2.451
389,33,2.511
389,34,1.375
389,35,0.637
389,36,0.731
389,37,0.701
389,38,0.771
389,39,1.024
389,40,0.615
389,41,0.593
389,42,0.707
389,43,0.598
389,44,0.582
389,45,0.592
389,46,0.653
389,47,0.56
389,48,0.959
390,1,0.648
390,2,0.46
390,3,0.284
390,4,0.25
390,5,0.171
390,6,0.111
390,7,0.123
390,8,0.081
390,9,0.217
390,10,0.119
390,11,0.081
390,12,0.14
390,13,0.118
390,14,0.079
390,15,0.122
390,16,0.264
390,17,0.148
390,18,0.295
390,19,0.7
390,20,0.435
390,21,0.355
390,22,0.326
390,23,0.284
390,24,4.378
390,25,2.499
390,26,1.626
390,27,1.285
390,28,0.615
390,29,3.282
390,30,1.985
390,31,1.578
390,32,0.554
390,33,2.422
390,34,1.467
390,35,1.796
390,36,1.912
390,37,3.749
390,38,1.547
390,39,1.509
390,40,0.998
390,41,2.636
390,42,3.212
390,43,2.018
390,44,1.216
390,45,0.757
390,46,0.86
390,47,0.697
390,48,0.77
391,1,0.685
391,2,0.574
391,3,0.441
391,4,0.331
391,5,0.337
391,6,0.253
391,7,0.199
391,8,0.189
391,9,0.118
391,10,0.095
391,11,0.101
391,12,0.146
391,13,0.169
391,14,0.092
391,15,0.167
391,16,0.253
391,17,0.196
391,18,0.434
391,19,0.503
391,20,0.291
391,21,1.141
391,22,0.315
391,23,0.247
391,24,0.251
391,25,0.107
391,26,0.266
391,27,0.27
391,28,0.594
391,29,0.449
391,30,0.247
391,31,0.944
391,32,1.748
391,33,0.345
391,34,0.686
391,35,0.675
391,36,2.383
391,37,2.929
391,38,1.428
391,39,1.032
391,40,0.668
391,41,0.976
391,42,1.582
391,43,1.689
391,44,0.886
391,45,0.841
391,46,0.751
391,47,1.872
391,48,2.246
392,1,2.248
392,2,2.577
392,3,2.504
392,4,0.734
392,5,0.265
392,6,0.171
392,7,0.136
392,8,0.126
392,9,0.14
392,10,0.16
392,11,0.123
392,12,0.102
392,13,0.092
392,14,0.12
392,15,0.088
392,16,0.212
392,17,0.121
392,18,0.2
392,19,0.562
392,20,0.18
392,21,0.294
392,22,1.228
392,23,1.545
392,24,0.193
392,25,0.3
392,26,0.168
392,27,0.258
392,28,0.368
392,29,0.236
392,30,0.525
392,31,0.606
392,32,1.551
392,33,1.949
392,34,1.824
392,35,0.615
392,36,3.956
392,37,2.274
392,38,0.889
392,39,0.833
392,40,2.284
392,41,0.786
392,42,2.156
392,43,0.615
392,44,0.511
392,45,0.683
392,46,0.629
392,47,0.448
392,48,0.47
393,1,0.568
393,2,0.402
393,3,0.377
393,4,0.399
393,5,0.201
393,6,0.302
393,7,0.225
393,8,0.181
393,9,0.218
393,10,0.264
393,11,0.221
393,12,0.189
393,13,0.179
393,14,0.152
393,15,0.232
393,16,0.235
393,17,0.155
393,18,0.313
393,19,0.49
393,20,0.215
393,21,1.353
393,22,0.616
393,23,0.112
393,24,0.126
393,25,0.111
393,26,0.195
393,27,0.382
393,28,0.182
393,29,1.114
393,30,1.26
393,31,0.141
393,32,0.175
393,33,0.608
393,34,2.532
393,35,4.054
393,36,1.928
393,37,1.04
393,38,1.178
393,39,3.25
393,40,1.744
393,41,0.687
393,42,0.697
393,43,0.772
393,44,0.899
393,45,0.693
393,46,0.64
393,47,0.836
393,48,0.6
394,1,0.313
394,2,0.229
394,3,0.186
394,4,0.161
394,5,0.166
394,6,0.188
394,7,0.1
394,8,0.108
394,9,0.216
394,10,0.111
394,11,0.117
394,12,0.125
394,13,0.107
394,14,0.262
394,15,0.367
394,16,0.289
394,17,0.136
394,18,0.409
394,19,0.836
394,20,0.56
394,21,0.188
394,22,0.442
394,23,0.706
394,24,0.498
394,25,0.5
394,26,0.128
394,27,0.091
394,28,0.327
394,29,0.301
394,30,0.321
394,31,0.519
394,32,0.5
394,33,0.752
394,34,0.669
394,35,1.018
394,36,1.819
394,37,2.412
394,38,2.921
394,39,0.906
394,40,0.857
394,41,0.588
394,42,0.536
394,43,0.701
394,44,3.14
394,45,0.814
394,46,1.24
394,47,1.008
394,48,0.564
395,1,0.528
395,2,0.622
395,3,0.389
395,4,0.2
395,5,0.15
395,6,0.247
395,7,0.215
395,8,0.126
395,9,0.16
395,10,0.16
395,11,0.218
395,12,0.164
395,13,0.142
395,14,0.134
395,15,0.16
395,16,0.123
395,17,0.181
395,18,0.532
395,19,0.313
395,20,0.204
395,21,0.218
395,22,0.656
395,23,2.868
395,24,2.269
395,25,1.696
395,26,2.734
395,27,1.624
395,28,3.093
395,29,1.097
395,30,0.125
395,31,0.165
395,32,0.189
395,33,0.437
395,34,0.345
395,35,0.365
395,36,2.686
395,37,3.778
395,38,1.224
395,39,1.986
395,40,0.735
395,41,0.727
395,42,0.691
395,43,0.869
395,44,0.973
395,45,0.694
395,46,0.673
395,47,0.674
395,48,0.643
396,1,0.676
396,2,0.672
396,3,0.488
396,4,0.407
396,5,0.4
396,6,1.363
396,7,0.281
396,8,0.223
396,9,0.184
396,10,0.191
396,11,0.261
396,12,0.203
396,13,0.201
396,14,0.17
396,15,0.189
396,16,0.166
396,17,0.114
396,18,0.285
396,19,0.405
396,20,1.892
396,21,0.192
396,22,0.17
396,23,0.294
396,24,3.828
396,25,2.147
396,26,0.329
396,27,0.208
396,28,0.132
396,29,0.092
396,30,0.135
396,31,0.119
396,32,0.167
396,33,0.405
396,34,0.251
396,35,0.292
396,36,0.8
396,37,0.59
396,38,1.37
396,39,0.983
396,40,1.356
396,41,1.454
396,42,1.035
396,43,2.527
396,44,2.002
396,45,1.594
396,46,6.467
396,47,3.928
396,48,3.113
397,1,3.001
397,2,2.074
397,3,0.528
397,4,0.384
397,5,0.323
397,6,0.244
397,7,0.165
397,8,0.249
397,9,0.194
397,10,0.155
397,11,0.172
397,12,0.194
397,13,0.235
397,14,0.196
397,15,1.479
397,16,0.726
397,17,0.169
397,18,0.421
397,19,0.325
397,20,0.63
397,21,0.189
397,22,0.173
397,23,1.639
397,24,0.912
397,25,0.471
397,26,0.757
397,27,3.256
397,28,2.638
397,29,2.266
397,30,2.724
397,31,2.837
397,32,2.251
397,33,2.343
397,34,1.617
397,35,2.524
397,36,2.728
397,37,4.154
397,38,1.383
397,39,1.194
397,40,2.945
397,41,1.506
397,42,0.898
397,43,0.704
397,44,0.741
397,45,0.713
397,46,0.779
397,47,0.599
397,48,0.518
398,1,0.531
398,2,0.389
398,3,0.371
398,4,0.242
398,5,0.167
398,6,0.201
398,7,0.204
398,8,0.268
398,9,0.189
398,10,0.141
398,11,0.147
398,12,0.185
398,13,0.192
398,14,0.188
398,15,0.144
398,16,0.14
398,17,0.164
398,18,0.237
398,19,0.429
398,20,0.556
398,21,2.799
398,22,1.55
398,23,0.108
398,24,0.241
398,25,0.316
398,26,2.335
398,27,2.062
398,28,2.063
398,29,1.884
398,30,2.647
398,31,0.879
398,32,0.985
398,33,2.251
398,34,1.724
398,35,0.614
398,36,3.371
398,37,2.175
398,38,0.887
398,39,0.74
398,40,1.659
398,41,0.723
398,42,0.778
398,43,0.845
398,44,0.762
398,45,0.602
398,46,0.869
398,47,1.928
398,48,1.925
399,1,1.883
399,2,1.818
399,3,1.256
399,4,0.274
399,5,0.273
399,6,0.18
399,7,0.164
399,8,0.234
399,9,0.152
399,10,0.137
399,11,0.167
399,12,0.176
399,13,0.222
399,14,0.168
399,15,0.122
399,16,0.163
399,17,0.162
399,18,0.339
399,19,0.334
399,20,0.374
399,21,0.103
399,22,0.139
399,23,0.199
399,24,0.13
399,25,0.197
399,26,0.196
399,27,2.838
399,28,3.263
399,29,0.22
399,30,1.323
399,31,2.104
399,32,2.171
399,33,2.785
399,34,1.463
399,35,1.152
399,36,1.342
399,37,0.704
399,38,0.791
399,39,0.833
399,40,0.623
399,41,0.656
399,42,0.629
399,43,0.743
399,44,1.475
399,45,3.222
399,46,1.147
399,47,0.7
399,48,0.533
400,1,0.473
400,2,0.298
400,3,0.257
400,4,0.327
400,5,0.478
400,6,0.215
400,7,0.162
400,8,0.185
400,9,0.236
400,10,0.147
400,11,0.155
400,12,0.191
400,13,0.162
400,14,0.241
400,15,0.167
400,16,0.12
400,17,0.162
400,18,0.399
400,19,0.53
400,20,0.372
400,21,0.595
400,22,0.149
400,23,0.146
400,24,0.245
400,25,0.601
400,26,0.785
400,27,1.827
400,28,2.576
400,29,0.963
400,30,0.394
400,31,0.373
400,32,0.372
400,33,0.583
400,34,1.886
400,35,1.545
400,36,1.403
400,37,1.587
400,38,1.046
400,39,1.052
400,40,0.891
400,41,0.545
400,42,0.617
400,43,0.629
400,44,0.957
400,45,0.56
400,46,0.541
400,47,0.829
400,48,2.216
401,1,1.784
401,2,0.467
401,3,0.468
401,4,0.359
401,5,0.153
401,6,0.137
401,7,0.366
401,8,0.252
401,9,0.104
401,10,0.104
401,11,0.157
401,12,0.229
401,13,0.248
401,14,0.102
401,15,0.167
401,16,0.122
401,17,0.135
401,18,0.298
401,19,0.267
401,20,0.158
401,21,0.458
401,22,0.251
401,23,3.551
401,24,1.704
401,25,0.285
401,26,0.146
401,27,2.237
401,28,0.383
401,29,0.19
401,30,0.188
401,31,0.188
401,32,0.178
401,33,0.4
401,34,0.656
401,35,1.569
401,36,2.232
401,37,4.723
401,38,1.572
401,39,2.141
401,40,0.903
401,41,0.763
401,42,1.106
401,43,0.916
401,44,1.705
401,45,0.909
401,46,0.715
401,47,0.569
401,48,0.62
402,1,0.844
402,2,0.663
402,3,0.561
402,4,0.551
402,5,0.356
402,6,0.311
402,7,0.221
402,8,0.221
402,9,0.219
402,10,0.262
402,11,0.288
402,12,0.222
402,13,0.22
402,14,0.19
402,15,0.208
402,16,0.217
402,17,0.174
402,18,0.281
402,19,0.269
402,20,3.521
402,21,0.589
402,22,0.919
402,23,0.134
402,24,0.104
402,25,0.115
402,26,0.2
402,27,0.628
402,28,0.188
402,29,0.193
402,30,0.193
402,31,0.296
402,32,0.249
402,33,0.369
402,34,0.353
402,35,0.346
402,36,0.508
402,37,0.443
402,38,1.597
402,39,4.986
402,40,1.992
402,41,0.755
402,42,0.694
402,43,0.734
402,44,1.131
402,45,1.454
402,46,0.989
402,47,1.073
402,48,0.918
403,1,1.695
403,2,0.886
403,3,0.697
403,4,0.706
403,5,0.621
403,6,1.668
403,7,1.002
403,8,1.486
403,9,0.595
403,10,0.212
403,11,0.281
403,12,0.257
403,13,0.222
403,14,0.219
403,15,0.197
403,16,0.278
403,17,0.25
403,18,0.326
403,19,0.342
403,20,0.478
403,21,0.273
403,22,0.222
403,23,0.194
403,24,0.185
403,25,1.742
403,26,1.275
403,27,1.887
403,28,0.738
403,29,2.012
403,30,0.43
403,31,0.555
403,32,0.789
403,33,0.696
403,34,0.719
403,35,1.423
403,36,2.454
403,37,2.274
403,38,2.521
403,39,2.536
403,40,1.342
403,41,0.717
403,42,0.805
403,43,1.117
403,44,0.928
403,45,1.013
403,46,1.186
403,47,0.553
403,48,0.488
404,1,0.405
404,2,0.285
404,3,0.222
404,4,0.228
404,5,0.272
404,6,0.171
404,7,0.207
404,8,0.206
404,9,0.264
404,10,0.212
404,11,0.204
404,12,0.223
404,13,0.261
404,14,0.25
404,15,0.37
404,16,0.317
404,17,0.139
404,18,0.248
404,19,0.345
404,20,0.24
404,21,0.675
404,22,0.346
404,23,0.386
404,24,0.288
404,25,0.234
404,26,1.516
404,27,0.584
404,28,0.368
404,29,0.369
404,30,0.666
404,31,0.425
404,32,0.467
404,33,0.57
404,34,0.531
404,35,0.754
404,36,0.973
404,37,2.81
404,38,1.829
404,39,2.952
404,40,2.902
404,41,1.511
404,42,3.167
404,43,1.046
404,44,0.972
404,45,0.967
404,46,1.265
404,47,1.614
404,48,1.092
405,1,0.964
405,2,0.382
405,3,0.285
405,4,0.256
405,5,0.494
405,6,1.786
405,7,0.66
405,8,1.341
405,9,0.204
405,10,0.171
405,11,0.223
405,12,0.172
405,13,0.239
405,14,0.255
405,15,0.236
405,16,0.351
405,17,0.391
405,18,1.64
405,19,0.488
405,20,0.303
405,21,1.025
405,22,0.36
405,23,0.276
405,24,0.174
405,25,0.242
405,26,0.288
405,27,0.508
405,28,3.426
405,29,2.379
405,30,2.183
405,31,0.294
405,32,0.53
405,33,0.341
405,34,0.383
405,35,0.69
405,36,3.978
405,37,1.301
405,38,0.94
405,39,0.678
405,40,0.574
405,41,0.773
405,42,0.593
405,43,6.316
405,44,2.011
405,45,1.083
405,46,0.928
405,47,1.183
405,48,3.654
406,1,2.952
406,2,2.777
406,3,0.815
406,4,0.294
406,5,0.256
406,6,0.238
406,7,0.239
406,8,0.17
406,9,0.188
406,10,0.169
406,11,0.149
406,12,0.216
406,13,0.148
406,14,0.137
406,15,0.138
406,16,0.127
406,17,0.122
406,18,0.29
406,19,0.625
406,20,0.303
406,21,1.293
406,22,0.186
406,23,0.145
406,24,0.183
406,25,0.18
406,26,0.119
406,27,0.142
406,28,0.339
406,29,0.479
406,30,0.294
406,31,0.22
406,32,0.267
406,33,0.385
406,34,2.258
406,35,1.137
406,36,1.288
406,37,1.395
406,38,1.403
406,39,0.865
406,40,0.876
406,41,0.729
406,42,0.728
406,43,0.937
406,44,0.762
406,45,0.989
406,46,0.825
406,47,1.09
406,48,0.688
407,1,0.684
407,2,0.725
407,3,1.056
407,4,1.738
407,5,1.709
407,6,1.114
407,7,2.533
407,8,2.402
407,9,1.861
407,10,0.585
407,11,0.267
407,12,0.303
407,13,0.283
407,14,0.257
407,15,0.257
407,16,0.211
407,17,0.191
407,18,0.314
407,19,0.615
407,20,1.51
407,21,0.658
407,22,1.373
407,23,1.067
407,24,0.224
407,25,0.206
407,26,0.16
407,27,0.273
407,28,1.012
407,29,0.297
407,30,1.934
407,31,2.157
407,32,1.988
407,33,1.463
407,34,1.71
407,35,3.526
407,36,1.952
407,37,2.174
407,38,1.908
407,39,0.954
407,40,2.191
407,41,0.737
407,42,0.7
407,43,0.755
407,44,0.776
407,45,0.935
407,46,0.701
407,47,2.075
407,48,2.179
408,1,1.087
408,2,0.287
408,3,0.242
408,4,0.305
408,5,0.251
408,6,0.212
408,7,0.157
408,8,0.147
408,9,0.231
408,10,0.153
408,11,0.206
408,12,0.196
408,13,0.2
408,14,0.257
408,15,0.157
408,16,0.151
408,17,0.122
408,18,0.392
408,19,0.629
408,20,0.218
408,21,0.47
408,22,1.645
408,23,2.353
408,24,0.265
408,25,0.299
408,26,0.236
408,27,0.266
408,28,0.135
408,29,0.134
408,30,0.339
408,31,0.268
408,32,0.346
408,33,0.396
408,34,0.383
408,35,0.442
408,36,1.707
408,37,2.233
408,38,1.018
408,39,0.978
408,40,1.022
408,41,0.802
408,42,0.869
408,43,0.972
408,44,0.824
408,45,2.015
408,46,1.659
408,47,1.014
408,48,0.625
409,1,0.436
409,2,0.26
409,3,0.239
409,4,0.152
409,5,0.121
409,6,0.135
409,7,0.214
409,8,0.177
409,9,0.112
409,10,0.159
409,11,0.142
409,12,0.211
409,13,0.14
409,14,0.138
409,15,0.312
409,16,0.211
409,17,0.124
409,18,0.333
409,19,0.497
409,20,0.407
409,21,0.189
409,22,1.004
409,23,0.651
409,24,1.972
409,25,0.451
409,26,0.171
409,27,0.346
409,28,0.209
409,29,0.215
409,30,0.288
409,31,0.424
409,32,0.528
409,33,0.432
409,34,0.386
409,35,0.431
409,36,0.617
409,37,1.661
409,38,2.745
409,39,2.846
409,40,4.371
409,41,1.626
409,42,1.04
409,43,0.953
409,44,1.136
409,45,0.964
409,46,0.987
409,47,0.643
409,48,0.49
410,1,0.662
410,2,0.515
410,3,0.273
410,4,0.177
410,5,0.175
410,6,0.252
410,7,0.284
410,8,0.214
410,9,0.213
410,10,0.301
410,11,0.269
410,12,0.216
410,13,0.202
410,14,0.222
410,15,0.286
410,16,0.255
410,17,0.184
410,18,0.319
410,19,0.377
410,20,0.88
410,21,0.84
410,22,0.316
410,23,2.958
410,24,2.052
410,25,0.437
410,26,0.408
410,27,0.32
410,28,1.336
410,29,2.977
410,30,1.279
410,31,0.44
410,32,0.623
410,33,2.217
410,34,2.671
410,35,2.378
410,36,3.366
410,37,2.062
410,38,1.016
410,39,0.809
410,40,0.709
410,41,2.238
410,42,1.285
410,43,2.126
410,44,1.814
410,45,2.476
410,46,3.227
410,47,2.848
410,48,0.458
411,1,0.285
411,2,0.281
411,3,0.249
411,4,0.355
411,5,0.204
411,6,0.123
411,7,0.167
411,8,0.198
411,9,0.193
411,10,0.156
411,11,0.158
411,12,0.138
411,13,0.182
411,14,0.24
411,15,0.473
411,16,0.118
411,17,0.152
411,18,0.31
411,19,0.668
411,20,0.181
411,21,0.158
411,22,1.578
411,23,0.537
411,24,0.24
411,25,0.148
411,26,0.139
411,27,0.167
411,28,0.156
411,29,0.233
411,30,0.161
411,31,1.748
411,32,2.231
411,33,1.724
411,34,2.598
411,35,2.085
411,36,2.18
411,37,1.374
411,38,0.824
411,39,0.623
411,40,0.545
411,41,0.78
411,42,0.675
411,43,0.931
411,44,0.784
411,45,0.682
411,46,0.756
411,47,0.527
411,48,0.633
412,1,0.609
412,2,0.61
412,3,0.398
412,4,0.329
412,5,0.279
412,6,0.21
412,7,0.175
412,8,0.139
412,9,0.251
412,10,0.212
412,11,0.135
412,12,0.179
412,13,0.175
412,14,0.209
412,15,0.203
412,16,0.17
412,17,0.136
412,18,0.274
412,19,0.427
412,20,0.248
412,21,1.777
412,22,2.787
412,23,0.13
412,24,0.255
412,25,0.458
412,26,0.13
412,27,0.192
412,28,0.299
412,29,0.213
412,30,0.177
412,31,1.503
412,32,2.791
412,33,0.52
412,34,0.583
412,35,0.407
412,36,0.567
412,37,2.71
412,38,2.005
412,39,1.345
412,40,0.829
412,41,0.691
412,42,0.753
412,43,1.02
412,44,0.872
412,45,0.843
412,46,1.396
412,47,0.92
412,48,0.52
413,1,0.337
413,2,0.216
413,3,0.207
413,4,0.208
413,5,0.233
413,6,0.184
413,7,0.178
413,8,0.145
413,9,0.186
413,10,0.219
413,11,0.137
413,12,0.099
413,13,0.151
413,14,0.134
413,15,2.304
413,16,0.486
413,17,0.134
413,18,0.282
413,19,0.763
413,20,0.231
413,21,0.185
413,22,0.278
413,23,0.248
413,24,0.282
413,25,0.228
413,26,0.231
413,27,1.728
413,28,1.28
413,29,0.467
413,30,0.386
413,31,0.379
413,32,0.449
413,33,0.377
413,34,0.329
413,35,1.512
413,36,2.609
413,37,0.962
413,38,1.705
413,39,2.552
413,40,0.713
413,41,0.601
413,42,0.614
413,43,0.923
413,44,0.822
413,45,0.695
413,46,0.784
413,47,1.941
413,48,1.865
414,1,1.546
414,2,1.481
414,3,0.266
414,4,0.208
414,5,0.276
414,6,0.194
414,7,0.219
414,8,0.152
414,9,0.139
414,10,0.261
414,11,0.138
414,12,0.138
414,13,0.154
414,14,0.163
414,15,0.244
414,16,0.231
414,17,0.195
414,18,0.284
414,19,0.663
414,20,0.297
414,21,0.595
414,22,2.879
414,23,2.823
414,24,1.058
414,25,0.818
414,26,0.214
414,27,0.259
414,28,0.641
414,29,0.385
414,30,0.22
414,31,0.994
414,32,2.208
414,33,1.551
414,34,1.132
414,35,1.678
414,36,1.988
414,37,1.722
414,38,0.987
414,39,0.779
414,40,0.739
414,41,0.593
414,42,0.61
414,43,0.684
414,44,0.926
414,45,0.714
414,46,0.718
414,47,0.477
414,48,0.462
415,1,0.287
415,2,0.229
415,3,0.852
415,4,2.057
415,5,0.395
415,6,1.97
415,7,0.219
415,8,0.125
415,9,0.169
415,10,0.247
415,11,0.265
415,12,0.21
415,13,0.223
415,14,0.223
415,15,0.2
415,16,0.22
415,17,0.217
415,18,0.307
415,19,0.736
415,20,0.268
415,21,0.303
415,22,0.662
415,23,1.37
415,24,0.842
415,25,1.407
415,26,2.01
415,27,0.932
415,28,0.223
415,29,0.351
415,30,0.301
415,31,0.544
415,32,0.432
415,33,1.818
415,34,4.21
415,35,1.318
415,36,1.631
415,37,1.018
415,38,0.71
415,39,0.93
415,40,0.667
415,41,0.7
415,42,1.074
415,43,0.624
415,44,0.751
415,45,1.063
415,46,0.963
415,47,0.709
415,48,0.406
