213,1,0.564
213,2,0.413
213,3,0.371
213,4,0.345
213,5,0.407
213,6,0.347
213,7,0.358
213,8,0.396
213,9,0.422
213,10,0.469
213,11,0.45
213,12,0.377
213,13,0.416
213,14,0.41
213,15,0.44
213,16,1.452
213,17,1.169
213,18,0.877
213,19,1.248
213,20,1.287
213,21,1.005
213,22,1.337
213,23,1.679
213,24,1.643
213,25,1.414
213,26,1.779
213,27,2.981
213,28,2.414
213,29,2.191
213,30,1.392
213,31,2.972
213,32,1.142
213,33,1.944
213,34,3.392
213,35,0.787
213,36,0.821
213,37,0.912
213,38,1.739
213,39,4.403
213,40,0.833
213,41,0.857
213,42,0.749
213,43,0.775
213,44,0.667
213,45,0.748
213,46,0.753
213,47,0.667
213,48,0.707
214,1,0.657
214,2,0.633
214,3,0.614
214,4,0.55
214,5,0.556
214,6,0.602
214,7,0.523
214,8,0.671
214,9,0.522
214,10,0.396
214,11,0.45
214,12,0.399
214,13,0.387
214,14,0.541
214,15,0.513
214,16,0.621
214,17,0.624
214,18,0.583
214,19,0.632
214,20,0.585
214,21,0.495
214,22,2.938
214,23,2.67
214,24,1.289
214,25,1.258
214,26,1.485
214,27,6.366
214,28,1.475
214,29,1.69
214,30,0.863
214,31,0.745
214,32,0.639
214,33,0.662
214,34,0.634
214,35,0.569
214,36,0.581
214,37,0.542
214,38,0.604
214,39,0.627
214,40,0.453
214,41,0.454
214,42,0.388
214,43,0.404
214,44,0.451
214,45,0.406
214,46,0.442
214,47,0.473
214,48,0.489
215,1,0.544
215,2,0.486
215,3,0.491
215,4,0.536
215,5,0.483
215,6,0.516
215,7,0.48
215,8,0.428
215,9,0.656
215,10,0.679
215,11,0.676
215,12,0.728
215,13,0.666
215,14,0.71
215,15,0.776
215,16,0.737
215,17,0.79
215,18,0.576
215,19,0.452
215,20,0.517
215,21,0.458
215,22,0.466
215,23,0.41
215,24,0.374
215,25,0.422
215,26,0.393
215,27,1.338
215,28,0.888
215,29,1.281
215,30,2.91
215,31,3.65
215,32,0.881
215,33,0.95
215,34,1.523
215,35,1.822
215,36,2.781
215,37,2.444
215,38,1.271
215,39,0.82
215,40,0.761
215,41,1.615
215,42,1.438
215,43,1.602
215,44,1.091
215,45,0.712
215,46,0.744
215,47,0.822
215,48,0.765
216,1,0.762
216,2,1.066
216,3,0.625
216,4,0.635
216,5,0.661
216,6,0.616
216,7,0.657
216,8,0.701
216,9,0.606
216,10,0.379
216,11,0.433
216,12,0.44
216,13,0.486
216,14,1.481
216,15,1.979
216,16,0.771
216,17,1.797
216,18,0.732
216,19,0.639
216,20,3.252
216,21,2.351
216,22,2.137
216,23,2.091
216,24,0.784
216,25,0.659
216,26,1.145
216,27,1.781
216,28,0.814
216,29,1.9
216,30,1.926
216,31,1.113
216,32,0.559
216,33,0.524
216,34,0.504
216,35,0.623
216,36,0.662
216,37,1.581
216,38,0.749
216,39,0.708
216,40,0.593
216,41,0.621
216,42,0.688
216,43,0.625
216,44,0.617
216,45,0.906
216,46,0.677
216,47,0.762
216,48,0.798
217,1,1.751
217,2,1.012
217,3,1.562
217,4,0.914
217,5,0.642
217,6,0.576
217,7,0.314
217,8,0.345
217,9,0.353
217,10,0.3
217,11,0.269
217,12,0.269
217,13,0.225
217,14,0.307
217,15,0.318
217,16,0.44
217,17,0.515
217,18,0.989
217,19,1.27
217,20,0.58
217,21,3.393
217,22,3.62
217,23,1.466
217,24,0.935
217,25,0.647
217,26,0.59
217,27,0.701
217,28,0.495
217,29,0.427
217,30,0.436
217,31,0.373
217,32,0.414
217,33,0.362
217,34,0.391
217,35,0.771
217,36,0.429
217,37,0.468
217,38,0.637
217,39,0.585
217,40,0.74
217,41,0.742
217,42,2.473
217,43,0.616
217,44,0.673
217,45,1.876
217,46,0.747
217,47,1.382
217,48,0.617
218,1,0.618
218,2,0.626
218,3,0.723
218,4,0.661
218,5,0.572
218,6,0.615
218,7,0.551
218,8,0.351
218,9,0.397
218,10,0.341
218,11,0.274
218,12,0.32
218,13,0.228
218,14,0.199
218,15,0.265
218,16,0.328
218,17,0.831
218,18,0.664
218,19,0.657
218,20,0.539
218,21,1.35
218,22,0.514
218,23,0.587
218,24,0.687
218,25,0.713
218,26,0.721
218,27,0.864
218,28,0.684
218,29,0.837
218,30,3.196
218,31,1.341
218,32,0.62
218,33,0.555
218,34,0.688
218,35,0.61
218,36,0.559
218,37,0.94
218,38,4.408
218,39,3.452
218,40,2.665
218,41,0.785
218,42,1.182
218,43,0.772
218,44,0.763
218,45,0.716
218,46,1.759
218,47,0.699
218,48,0.647
219,1,0.683
219,2,0.681
219,3,0.637
219,4,0.491
219,5,0.484
219,6,0.445
219,7,0.622
219,8,0.659
219,9,0.604
219,10,0.608
219,11,0.564
219,12,0.336
219,13,0.322
219,14,0.383
219,15,0.338
219,16,0.323
219,17,1.81
219,18,0.773
219,19,0.472
219,20,0.363
219,21,0.388
219,22,0.39
219,23,0.493
219,24,0.462
219,25,0.454
219,26,0.782
219,27,0.654
219,28,1.36
219,29,1.335
219,30,1.554
219,31,0.606
219,32,0.431
219,33,0.403
219,34,0.531
219,35,0.54
219,36,0.52
219,37,0.447
219,38,0.393
219,39,0.414
219,40,0.591
219,41,2.47
219,42,2.153
219,43,1.13
219,44,0.745
219,45,0.713
219,46,0.751
219,47,0.6
219,48,0.519
220,1,0.563
220,2,0.539
220,3,0.542
220,4,0.351
220,5,0.394
220,6,0.337
220,7,0.381
220,8,0.487
220,9,0.415
220,10,0.415
220,11,0.471
220,12,0.424
220,13,0.404
220,14,0.433
220,15,0.371
220,16,0.35
220,17,0.426
220,18,2.276
220,19,0.527
220,20,0.817
220,21,0.583
220,22,0.528
220,23,0.573
220,24,0.688
220,25,0.711
220,26,0.584
220,27,0.666
220,28,0.696
220,29,0.688
220,30,0.669
220,31,0.94
220,32,1.054
220,33,1.6
220,34,2.326
220,35,0.745
220,36,0.742
220,37,0.804
220,38,0.768
220,39,0.897
220,40,2.302
220,41,1.434
220,42,1.041
220,43,0.736
220,44,1.988
220,45,3.028
220,46,0.787
220,47,0.828
220,48,0.725
221,1,0.732
221,2,0.761
221,3,0.622
221,4,0.623
221,5,0.69
221,6,0.589
221,7,0.537
221,8,0.587
221,9,0.513
221,10,0.251
221,11,0.275
221,12,0.293
221,13,0.286
221,14,0.324
221,15,0.39
221,16,0.322
221,17,0.318
221,18,0.36
221,19,0.342
221,20,0.316
221,21,0.331
221,22,0.371
221,23,1.173
221,24,4.355
221,25,1.587
221,26,0.995
221,27,2.442
221,28,0.891
221,29,1.673
221,30,0.643
221,31,0.614
221,32,0.464
221,33,0.409
221,34,0.408
221,35,0.477
221,36,0.41
221,37,0.406
221,38,0.451
221,39,0.431
221,40,0.588
221,41,1.971
221,42,0.66
221,43,0.585
221,44,0.532
221,45,0.682
221,46,0.648
221,47,0.642
221,48,0.686
222,1,0.673
222,2,0.645
222,3,0.743
222,4,0.753
222,5,1.162
222,6,1.088
222,7,0.379
222,8,0.315
222,9,0.315
222,10,0.368
222,11,0.33
222,12,0.312
222,13,0.335
222,14,0.344
222,15,0.299
222,16,0.299
222,17,0.367
222,18,0.384
222,19,0.341
222,20,0.278
222,21,0.288
222,22,0.239
222,23,0.412
222,24,0.495
222,25,0.462
222,26,0.533
222,27,0.812
222,28,1.518
222,29,0.751
222,30,0.796
222,31,0.927
222,32,1.402
222,33,1.29
222,34,3.218
222,35,1.761
222,36,1.047
222,37,1.473
222,38,1.92
222,39,1.838
222,40,2.412
222,41,1.895
222,42,1.671
222,43,0.76
222,44,0.834
222,45,0.798
222,46,0.862
222,47,0.904
222,48,0.755
223,1,0.698
223,2,0.706
223,3,0.584
223,4,0.587
223,5,0.645
223,6,0.579
223,7,0.346
223,8,0.405
223,9,0.344
223,10,0.412
223,11,0.476
223,12,0.433
223,13,0.405
223,14,0.931
223,15,0.61
223,16,0.57
223,17,0.77
223,18,0.709
223,19,0.664
223,20,0.777
223,21,0.683
223,22,0.679
223,23,0.605
223,24,1.346
223,25,1.366
223,26,2.935
223,27,0.754
223,28,0.596
223,29,0.537
223,30,0.597
223,31,0.608
223,32,1.976
223,33,1.97
223,34,1.363
223,35,1.318
223,36,0.662
223,37,0.579
223,38,0.755
223,39,0.716
223,40,1.988
223,41,0.928
223,42,1.118
223,43,0.768
223,44,0.665
223,45,0.667
223,46,0.975
223,47,0.74
223,48,0.584
224,1,0.911
224,2,0.466
224,3,0.465
224,4,0.531
224,5,0.46
224,6,0.408
224,7,0.393
224,8,0.338
224,9,0.329
224,10,0.382
224,11,0.346
224,12,0.328
224,13,0.411
224,14,0.36
224,15,0.343
224,16,0.839
224,17,1.012
224,18,1.954
224,19,2.448
224,20,2.376
224,21,0.856
224,22,1.76
224,23,0.744
224,24,1.85
224,25,0.651
224,26,1.205
224,27,0.661
224,28,0.988
224,29,0.569
224,30,0.635
224,31,1.243
224,32,1.488
224,33,0.897
224,34,1.58
224,35,1.062
224,36,2.027
224,37,0.821
224,38,1.352
224,39,1.927
224,40,2.21
224,41,0.699
224,42,0.467
224,43,0.429
224,44,0.323
224,45,0.376
224,46,0.386
224,47,0.347
224,48,0.369
225,1,0.394
225,2,0.344
225,3,0.601
225,4,0.496
225,5,0.438
225,6,0.439
225,7,0.492
225,8,0.311
225,9,0.281
225,10,0.449
225,11,0.635
225,12,0.618
225,13,0.663
225,14,0.711
225,15,0.674
225,16,0.376
225,17,0.36
225,18,0.324
225,19,0.333
225,20,0.406
225,21,0.338
225,22,0.339
225,23,0.485
225,24,1.415
225,25,0.922
225,26,0.551
225,27,0.438
225,28,0.524
225,29,0.564
225,30,0.639
225,31,1.166
225,32,1.369
225,33,1.499
225,34,1.983
225,35,0.953
225,36,0.938
225,37,2.182
225,38,1.122
225,39,0.834
225,40,0.837
225,41,0.727
225,42,0.658
225,43,0.862
225,44,0.676
225,45,0.58
225,46,0.593
225,47,0.551
225,48,0.572
226,1,0.596
226,2,0.593
226,3,0.704
226,4,0.704
226,5,0.527
226,6,0.524
226,7,0.573
226,8,0.425
226,9,0.42
226,10,0.466
226,11,0.436
226,12,0.416
226,13,0.442
226,14,0.438
226,15,0.401
226,16,1.145
226,17,1.841
226,18,1.323
226,19,0.507
226,20,0.626
226,21,0.439
226,22,0.504
226,23,1.504
226,24,1.437
226,25,1.249
226,26,0.614
226,27,0.658
226,28,0.813
226,29,2.212
226,30,1.929
226,31,1.56
226,32,0.938
226,33,1.503
226,34,1.444
226,35,1.309
226,36,0.775
226,37,0.674
226,38,0.643
226,39,0.689
226,40,1.359
226,41,0.589
226,42,0.56
226,43,2.207
226,44,0.791
226,45,0.813
226,46,0.76
226,47,0.771
226,48,0.802
227,1,1.447
227,2,0.693
227,3,0.464
227,4,0.31
227,5,0.24
227,6,0.321
227,7,0.353
227,8,0.348
227,9,0.382
227,10,0.491
227,11,0.325
227,12,0.388
227,13,0.316
227,14,0.307
227,15,0.364
227,16,0.315
227,17,0.314
227,18,0.572
227,19,0.518
227,20,0.857
227,21,0.73
227,22,0.665
227,23,0.501
227,24,0.495
227,25,0.482
227,26,0.486
227,27,0.47
227,28,0.574
227,29,0.588
227,30,0.595
227,31,1.699
227,32,1.441
227,33,2.03
227,34,2.302
227,35,3.186
227,36,2.616
227,37,2.804
227,38,0.75
227,39,4.502
227,40,2.236
227,41,0.641
227,42,0.594
227,43,0.48
227,44,0.505
227,45,0.451
227,46,0.449
227,47,0.499
227,48,0.476
228,1,0.449
228,2,0.463
228,3,0.512
228,4,0.446
228,5,0.446
228,6,0.494
228,7,0.477
228,8,0.448
228,9,0.46
228,10,0.464
228,11,0.44
228,12,0.536
228,13,0.581
228,14,0.53
228,15,0.517
228,16,0.537
228,17,0.593
228,18,0.523
228,19,0.552
228,20,0.89
228,21,0.526
228,22,0.436
228,23,1.046
228,24,3.545
228,25,1.314
228,26,1.209
228,27,1.003
228,28,2.189
228,29,0.772
228,30,1.585
228,31,0.671
228,32,0.638
228,33,0.567
228,34,0.725
228,35,0.584
228,36,0.399
228,37,0.444
228,38,0.429
228,39,0.508
228,40,0.488
228,41,0.463
228,42,0.371
228,43,0.384
228,44,0.454
228,45,0.39
228,46,0.386
228,47,0.425
228,48,0.414
229,1,0.46
229,2,0.712
229,3,0.761
229,4,0.702
229,5,0.842
229,6,0.799
229,7,0.611
229,8,0.346
229,9,0.355
229,10,0.25
229,11,0.244
229,12,0.276
229,13,0.323
229,14,0.265
229,15,0.25
229,16,0.307
229,17,0.261
229,18,0.25
229,19,0.354
229,20,0.369
229,21,0.277
229,22,0.283
229,23,0.51
229,24,2.246
229,25,2.841
229,26,1.887
229,27,1.997
229,28,0.791
229,29,0.86
229,30,1.716
229,31,0.73
229,32,2.272
229,33,2.507
229,34,1.469
229,35,0.705
229,36,0.642
229,37,0.665
229,38,2.178
229,39,1.118
229,40,1.723
229,41,0.56
229,42,1.585
229,43,1.333
229,44,0.805
229,45,0.995
229,46,0.985
229,47,1.135
229,48,0.858
230,1,0.774
230,2,0.596
230,3,0.763
230,4,0.791
230,5,0.685
230,6,0.423
230,7,0.453
230,8,0.404
230,9,0.417
230,10,0.443
230,11,0.327
230,12,0.334
230,13,0.385
230,14,0.577
230,15,1.148
230,16,0.504
230,17,0.651
230,18,0.764
230,19,0.53
230,20,0.641
230,21,1.186
230,22,0.74
230,23,0.595
230,24,0.66
230,25,0.746
230,26,3.306
230,27,2.154
230,28,1.192
230,29,1.25
230,30,1.633
230,31,1.612
230,32,1.629
230,33,1.531
230,34,1.349
230,35,0.758
230,36,0.573
230,37,0.638
230,38,1.645
230,39,0.739
230,40,0.724
230,41,0.705
230,42,0.626
230,43,0.636
230,44,0.654
230,45,0.895
230,46,1.68
230,47,3.0
230,48,2.321
231,1,1.765
231,2,0.811
231,3,0.471
231,4,0.659
231,5,0.664
231,6,0.6
231,7,0.391
231,8,0.355
231,9,0.344
231,10,0.315
231,11,0.349
231,12,1.143
231,13,3.679
231,14,3.197
231,15,3.076
231,16,1.615
231,17,2.058
231,18,0.654
231,19,0.91
231,20,0.897
231,21,0.99
231,22,1.674
231,23,1.612
231,24,3.54
231,25,0.868
231,26,0.782
231,27,0.821
231,28,0.743
231,29,0.775
231,30,1.283
231,31,0.937
231,32,0.775
231,33,0.802
231,34,0.726
231,35,0.695
231,36,0.546
231,37,0.508
231,38,0.54
231,39,0.611
231,40,0.581
231,41,0.592
231,42,0.617
231,43,0.578
231,44,0.6
231,45,0.856
231,46,0.598
231,47,0.618
231,48,0.972
232,1,0.914
232,2,0.602
232,3,0.639
232,4,0.6
232,5,0.479
232,6,0.411
232,7,0.324
232,8,0.325
232,9,0.389
232,10,0.322
232,11,0.323
232,12,0.468
232,13,0.403
232,14,0.393
232,15,0.457
232,16,0.395
232,17,0.39
232,18,0.45
232,19,0.427
232,20,0.845
232,21,0.551
232,22,0.507
232,23,0.494
232,24,0.713
232,25,0.493
232,26,0.471
232,27,0.52
232,28,0.615
232,29,0.695
232,30,0.648
232,31,0.587
232,32,0.553
232,33,0.582
232,34,0.589
232,35,0.553
232,36,0.586
232,37,2.022
232,38,0.684
232,39,0.667
232,40,0.536
232,41,0.46
232,42,0.469
232,43,0.537
232,44,0.536
232,45,0.564
232,46,0.625
232,47,0.561
232,48,0.554
233,1,0.607
233,2,0.583
233,3,0.594
233,4,0.453
233,5,0.474
233,6,0.506
233,7,0.542
233,8,0.359
233,9,0.264
233,10,0.278
233,11,0.348
233,12,0.346
233,13,0.303
233,14,0.337
233,15,0.317
233,16,0.332
233,17,0.347
233,18,0.265
233,19,0.248
233,20,0.382
233,21,0.376
233,22,0.748
233,23,0.995
233,24,1.779
233,25,1.33
233,26,0.779
233,27,0.587
233,28,0.532
233,29,0.793
233,30,0.635
233,31,0.609
233,32,0.479
233,33,0.449
233,34,0.532
233,35,0.518
233,36,0.516
233,37,0.587
233,38,0.515
233,39,0.515
233,40,0.568
233,41,0.668
233,42,1.016
233,43,4.282
233,44,1.184
233,45,0.794
233,46,0.871
233,47,2.382
233,48,0.469
234,1,0.444
234,2,0.448
234,3,0.406
234,4,0.428
234,5,0.477
234,6,0.433
234,7,0.656
234,8,0.668
234,9,0.422
234,10,0.341
234,11,0.353
234,12,0.333
234,13,0.3
234,14,0.406
234,15,0.479
234,16,0.412
234,17,0.412
234,18,1.663
234,19,1.322
234,20,1.086
234,21,0.576
234,22,0.669
234,23,0.828
234,24,1.966
234,25,1.605
234,26,1.153
234,27,2.53
234,28,1.296
234,29,0.677
234,30,0.658
234,31,0.9
234,32,1.435
234,33,0.902
234,34,0.593
234,35,0.847
234,36,0.967
234,37,1.674
234,38,0.922
234,39,3.617
234,40,3.281
234,41,0.815
234,42,0.733
234,43,0.678
234,44,0.812
234,45,0.91
234,46,0.861
234,47,0.871
234,48,0.795
235,1,0.769
235,2,0.814
235,3,0.641
235,4,0.583
235,5,0.601
235,6,0.596
235,7,0.506
235,8,0.531
235,9,0.565
235,10,0.332
235,11,0.342
235,12,0.377
235,13,0.328
235,14,0.489
235,15,1.745
235,16,0.442
235,17,1.226
235,18,0.461
235,19,0.392
235,20,0.393
235,21,0.458
235,22,0.392
235,23,0.415
235,24,0.474
235,25,2.435
235,26,1.36
235,27,1.264
235,28,1.076
235,29,2.176
235,30,5.27
235,31,3.84
235,32,1.999
235,33,3.364
235,34,1.918
235,35,1.588
235,36,0.846
235,37,0.846
235,38,2.45
235,39,0.665
235,40,0.859
235,41,0.604
235,42,0.598
235,43,0.646
235,44,0.59
235,45,0.603
235,46,0.649
235,47,0.591
235,48,0.599
236,1,0.656
236,2,0.59
236,3,0.58
236,4,0.642
236,5,0.579
236,6,0.554
236,7,0.548
236,8,0.646
236,9,0.445
236,10,0.472
236,11,0.459
236,12,0.433
236,13,0.483
236,14,0.423
236,15,0.334
236,16,0.396
236,17,0.441
236,18,0.409
236,19,0.444
236,20,0.434
236,21,0.401
236,22,0.388
236,23,0.396
236,24,1.128
236,25,0.701
236,26,3.003
236,27,0.736
236,28,1.559
236,29,0.655
236,30,0.578
236,31,0.602
236,32,0.654
236,33,0.597
236,34,0.577
236,35,0.842
236,36,0.55
236,37,0.51
236,38,1.583
236,39,1.872
236,40,1.052
236,41,0.633
236,42,0.716
236,43,1.105
236,44,0.74
236,45,0.747
236,46,0.808
236,47,0.666
236,48,0.648
237,1,0.749
237,2,0.812
237,3,1.89
237,4,0.83
237,5,1.329
237,6,0.335
237,7,0.375
237,8,0.325
237,9,0.257
237,10,0.28
237,11,0.247
237,12,0.204
237,13,0.266
237,14,0.312
237,15,0.293
237,16,1.804
237,17,1.526
237,18,0.627
237,19,0.54
237,20,0.596
237,21,0.548
237,22,0.686
237,23,0.845
237,24,0.642
237,25,1.152
237,26,1.038
237,27,1.029
237,28,2.604
237,29,1.216
237,30,1.473
237,31,0.5
237,32,0.495
237,33,0.554
237,34,0.509
237,35,0.497
237,36,0.497
237,37,1.184
237,38,4.022
237,39,2.522
237,40,0.618
237,41,0.56
237,42,0.583
237,43,0.756
237,44,0.635
237,45,0.513
237,46,1.004
237,47,0.576
237,48,0.579
238,1,1.542
238,2,0.753
238,3,1.24
238,4,0.844
238,5,0.56
238,6,0.387
238,7,0.457
238,8,0.407
238,9,0.472
238,10,0.49
238,11,0.412
238,12,0.404
238,13,0.458
238,14,0.418
238,15,0.391
238,16,0.432
238,17,1.308
238,18,1.938
238,19,2.392
238,20,1.578
238,21,0.862
238,22,0.403
238,23,0.421
238,24,0.328
238,25,0.325
238,26,0.38
238,27,0.837
238,28,1.221
238,29,1.295
238,30,1.213
238,31,1.769
238,32,1.252
238,33,1.087
238,34,0.597
238,35,1.463
238,36,1.132
238,37,1.154
238,38,0.957
238,39,0.669
238,40,0.464
238,41,0.524
238,42,0.633
238,43,1.418
238,44,1.283
238,45,1.598
238,46,0.548
238,47,0.476
238,48,0.532
239,1,0.806
239,2,0.557
239,3,0.522
239,4,0.39
239,5,0.344
239,6,0.391
239,7,0.36
239,8,0.46
239,9,0.383
239,10,0.393
239,11,0.418
239,12,0.37
239,13,0.351
239,14,0.396
239,15,0.408
239,16,0.357
239,17,0.356
239,18,0.377
239,19,0.468
239,20,0.472
239,21,0.496
239,22,0.501
239,23,1.097
239,24,2.526
239,25,1.654
239,26,1.086
239,27,0.568
239,28,1.88
239,29,1.791
239,30,1.015
239,31,2.035
239,32,2.072
239,33,1.218
239,34,0.616
239,35,0.824
239,36,0.619
239,37,0.799
239,38,0.605
239,39,1.759
239,40,0.638
239,41,0.641
239,42,1.588
239,43,0.979
239,44,1.418
239,45,0.621
239,46,0.575
239,47,0.566
239,48,0.627
240,1,0.563
240,2,0.571
240,3,0.621
240,4,0.284
240,5,0.196
240,6,0.282
240,7,0.237
240,8,0.255
240,9,0.281
240,10,0.234
240,11,0.281
240,12,0.371
240,13,0.269
240,14,0.243
240,15,0.872
240,16,0.556
240,17,0.481
240,18,0.459
240,19,0.82
240,20,2.111
240,21,0.497
240,22,0.797
240,23,0.536
240,24,0.512
240,25,0.576
240,26,0.623
240,27,0.563
240,28,0.595
240,29,0.597
240,30,0.921
240,31,2.28
240,32,1.651
240,33,1.51
240,34,1.5
240,35,0.74
240,36,0.703
240,37,0.716
240,38,0.689
240,39,0.59
240,40,0.584
240,41,0.959
240,42,1.954
240,43,2.17
240,44,1.643
240,45,0.666
240,46,0.594
240,47,0.65
240,48,1.178
388,1,1.142
388,2,0.816
388,3,0.82
388,4,0.816
388,5,0.895
388,6,0.663
388,7,0.415
388,8,0.306
388,9,0.247
388,10,0.29
388,11,0.313
388,12,0.315
388,13,0.213
388,14,0.296
388,15,0.182
388,16,0.801
388,17,1.144
388,18,1.144
388,19,1.124
388,20,1.872
388,21,0.981
388,22,0.647
388,23,1.534
388,24,1.482
388,25,3.627
388,26,3.639
388,27,1.767
388,28,0.728
388,29,1.045
388,30,0.993
388,31,1.366
388,32,2.016
388,33,1.544
388,34,0.562
388,35,0.821
388,36,1.931
388,37,1.552
388,38,1.662
388,39,3.202
388,40,2.592
388,41,2.685
388,42,1.073
388,43,1.236
388,44,1.149
388,45,1.175
388,46,1.057
388,47,1.379
388,48,1.385
389,1,0.975
389,2,1.09
389,3,0.689
389,4,0.557
389,5,0.391
389,6,0.469
389,7,0.516
389,8,0.504
389,9,0.425
389,10,0.47
389,11,0.423
389,12,0.428
389,13,0.527
389,14,0.484
389,15,1.641
389,16,0.68
389,17,0.724
389,18,0.708
389,19,0.979
389,20,1.612
389,21,1.224
389,22,1.259
389,23,6.064
389,24,2.212
389,25,2.256
389,26,0.572
389,27,0.595
389,28,2.382
389,29,1.617
389,30,1.748
389,31,2.375
389,32,1.473
389,33,0.472
389,34,0.406
389,35,0.576
389,36,0.559
389,37,0.636
389,38,0.586
389,39,0.56
389,40,0.503
389,41,0.616
389,42,0.583
389,43,0.613
389,44,0.568
389,45,0.542
389,46,0.522
389,47,0.543
389,48,0.615
390,1,0.581
390,2,0.599
390,3,0.557
390,4,0.555
390,5,0.959
390,6,0.713
390,7,0.502
390,8,0.582
390,9,0.566
390,10,0.506
390,11,0.466
390,12,1.526
390,13,0.481
390,14,0.486
390,15,0.5
390,16,0.396
390,17,0.216
390,18,0.208
390,19,0.258
390,20,0.176
390,21,0.307
390,22,0.305
390,23,0.23
390,24,0.171
390,25,0.354
390,26,2.375
390,27,2.178
390,28,3.179
390,29,2.783
390,30,3.666
390,31,2.536
390,32,1.056
390,33,1.309
390,34,1.316
390,35,1.227
390,36,2.241
390,37,2.725
390,38,2.522
390,39,1.481
390,40,1.757
390,41,1.661
390,42,1.661
390,43,1.546
390,44,1.371
390,45,1.442
390,46,1.403
390,47,1.417
390,48,1.287
391,1,0.856
391,2,0.645
391,3,0.463
391,4,0.341
391,5,0.334
391,6,0.235
391,7,0.239
391,8,0.36
391,9,0.447
391,10,0.458
391,11,0.423
391,12,0.391
391,13,0.37
391,14,1.512
391,15,0.92
391,16,0.809
391,17,0.581
391,18,0.669
391,19,0.853
391,20,2.281
391,21,1.641
391,22,1.548
391,23,1.596
391,24,1.63
391,25,1.874
391,26,0.837
391,27,0.908
391,28,1.733
391,29,0.532
391,30,0.286
391,31,0.301
391,32,0.445
391,33,0.736
391,34,0.787
391,35,0.964
391,36,0.814
391,37,1.111
391,38,0.924
391,39,1.203
391,40,1.289
391,41,1.485
391,42,2.008
391,43,2.066
391,44,2.357
391,45,1.696
391,46,0.828
391,47,0.874
391,48,0.607
392,1,0.303
392,2,0.357
392,3,0.292
392,4,0.364
392,5,0.329
392,6,0.313
392,7,0.215
392,8,0.289
392,9,0.266
392,10,0.341
392,11,0.314
392,12,0.408
392,13,1.675
392,14,0.785
392,15,0.68
392,16,0.709
392,17,0.642
392,18,0.758
392,19,0.548
392,20,0.563
392,21,0.519
392,22,1.741
392,23,1.509
392,24,1.945
392,25,0.487
392,26,0.343
392,27,0.413
392,28,0.497
392,29,0.714
392,30,0.782
392,31,0.803
392,32,0.868
392,33,0.636
392,34,0.634
392,35,1.827
392,36,0.993
392,37,1.37
392,38,1.262
392,39,0.993
392,40,1.328
392,41,2.428
392,42,2.249
392,43,2.658
392,44,1.59
392,45,0.873
392,46,0.823
392,47,0.872
392,48,1.234
393,1,0.847
393,2,0.766
393,3,0.198
393,4,0.248
393,5,0.252
393,6,0.291
393,7,0.263
393,8,0.344
393,9,0.22
393,10,0.217
393,11,0.272
393,12,0.385
393,13,1.105
393,14,0.846
393,15,1.796
393,16,0.462
393,17,0.433
393,18,0.465
393,19,0.89
393,20,0.688
393,21,0.459
393,22,1.5
393,23,1.373
393,24,0.683
393,25,0.957
393,26,0.999
393,27,1.09
393,28,3.926
393,29,2.02
393,30,1.927
393,31,0.627
393,32,0.532
393,33,1.183
393,34,1.917
393,35,3.559
393,36,0.911
393,37,0.87
393,38,1.146
393,39,1.064
393,40,1.047
393,41,1.149
393,42,0.997
393,43,0.871
393,44,0.839
393,45,0.546
393,46,0.531
393,47,0.501
393,48,0.627
394,1,0.523
394,2,0.495
394,3,0.435
394,4,0.224
394,5,0.271
394,6,0.343
394,7,0.382
394,8,0.231
394,9,0.277
394,10,0.231
394,11,0.248
394,12,0.692
394,13,1.704
394,14,0.923
394,15,0.559
394,16,0.372
394,17,0.264
394,18,0.255
394,19,0.563
394,20,0.503
394,21,0.681
394,22,0.495
394,23,0.473
394,24,0.444
394,25,0.53
394,26,0.45
394,27,0.351
394,28,0.9
394,29,1.367
394,30,1.405
394,31,1.835
394,32,1.199
394,33,0.398
394,34,0.323
394,35,0.494
394,36,0.458
394,37,0.836
394,38,0.995
394,39,1.539
394,40,1.555
394,41,1.188
394,42,2.169
394,43,1.821
394,44,1.134
394,45,1.037
394,46,0.688
394,47,0.675
394,48,0.674
395,1,0.708
395,2,0.604
395,3,0.589
395,4,0.513
395,5,0.299
395,6,0.298
395,7,0.225
395,8,0.318
395,9,0.343
395,10,0.293
395,11,0.204
395,12,0.276
395,13,0.191
395,14,0.237
395,15,0.242
395,16,0.306
395,17,0.373
395,18,0.829
395,19,0.365
395,20,1.231
395,21,0.703
395,22,0.712
395,23,1.366
395,24,2.099
395,25,1.68
395,26,1.863
395,27,2.098
395,28,0.687
395,29,0.657
395,30,1.794
395,31,0.611
395,32,0.449
395,33,1.51
395,34,1.583
395,35,4.474
395,36,1.254
395,37,1.057
395,38,0.962
395,39,0.98
395,40,1.105
395,41,0.825
395,42,0.766
395,43,2.011
395,44,2.162
395,45,2.434
395,46,1.518
395,47,1.109
395,48,0.924
396,1,0.653
396,2,0.56
396,3,0.625
396,4,0.516
396,5,0.326
396,6,0.208
396,7,0.244
396,8,0.26
396,9,0.286
396,10,0.306
396,11,0.265
396,12,0.23
396,13,0.183
396,14,0.337
396,15,0.332
396,16,1.505
396,17,1.138
396,18,2.082
396,19,1.522
396,20,1.201
396,21,0.789
396,22,1.179
396,23,1.274
396,24,1.127
396,25,2.889
396,26,0.713
396,27,1.815
396,28,0.562
396,29,2.196
396,30,1.583
396,31,3.58
396,32,1.422
396,33,1.599
396,34,1.788
396,35,2.125
396,36,1.592
396,37,0.861
396,38,1.362
396,39,0.905
396,40,0.913
396,41,0.838
396,42,0.955
396,43,1.081
396,44,1.06
396,45,0.938
396,46,1.017
396,47,0.96
396,48,0.999
397,1,1.043
397,2,1.112
397,3,0.771
397,4,0.388
397,5,0.424
397,6,0.433
397,7,0.43
397,8,0.508
397,9,0.348
397,10,0.29
397,11,0.329
397,12,0.311
397,13,0.292
397,14,0.423
397,15,0.857
397,16,0.778
397,17,0.738
397,18,0.76
397,19,1.251
397,20,3.91
397,21,1.883
397,22,2.237
397,23,0.61
397,24,0.464
397,25,0.483
397,26,0.445
397,27,0.597
397,28,0.965
397,29,0.967
397,30,1.939
397,31,1.66
397,32,1.261
397,33,1.016
397,34,1.27
397,35,1.516
397,36,1.446
397,37,2.32
397,38,2.077
397,39,2.761
397,40,0.93
397,41,0.702
397,42,0.663
397,43,0.897
397,44,0.911
397,45,0.951
397,46,0.697
397,47,0.574
397,48,0.315
398,1,0.379
398,2,0.38
398,3,0.288
398,4,0.233
398,5,0.296
398,6,0.241
398,7,0.265
398,8,0.387
398,9,0.247
398,10,0.262
398,11,0.24
398,12,0.292
398,13,0.304
398,14,1.904
398,15,0.899
398,16,1.175
398,17,0.67
398,18,0.613
398,19,0.976
398,20,0.447
398,21,0.452
398,22,0.261
398,23,0.269
398,24,0.343
398,25,0.773
398,26,2.199
398,27,0.834
398,28,0.64
398,29,0.363
398,30,0.379
398,31,0.487
398,32,0.599
398,33,0.52
398,34,0.468
398,35,2.854
398,36,0.524
398,37,1.882
398,38,1.913
398,39,1.246
398,40,1.152
398,41,2.308
398,42,2.264
398,43,2.629
398,44,1.041
398,45,0.792
398,46,0.719
398,47,0.729
398,48,0.708
399,1,0.662
399,2,0.744
399,3,0.349
399,4,0.245
399,5,0.186
399,6,0.312
399,7,0.206
399,8,0.317
399,9,0.302
399,10,0.25
399,11,0.196
399,12,0.245
399,13,0.333
399,14,0.397
399,15,3.151
399,16,2.404
399,17,1.533
399,18,0.838
399,19,1.019
399,20,3.021
399,21,1.951
399,22,2.27
399,23,0.798
399,24,3.097
399,25,2.414
399,26,2.807
399,27,1.735
399,28,1.035
399,29,0.437
399,30,0.39
399,31,1.056
399,32,4.796
399,33,2.6
399,34,1.982
399,35,0.865
399,36,0.605
399,37,0.595
399,38,1.773
399,39,1.941
399,40,2.334
399,41,0.866
399,42,0.702
399,43,0.891
399,44,0.752
399,45,0.747
399,46,0.847
399,47,0.718
399,48,0.572
400,1,0.333
400,2,0.351
400,3,0.411
400,4,0.238
400,5,0.247
400,6,0.265
400,7,0.227
400,8,0.302
400,9,0.428
400,10,0.332
400,11,0.287
400,12,0.398
400,13,0.738
400,14,1.294
400,15,0.597
400,16,0.485
400,17,0.289
400,18,0.422
400,19,0.47
400,20,0.524
400,21,0.821
400,22,0.497
400,23,0.351
400,24,0.388
400,25,0.639
400,26,2.996
400,27,1.18
400,28,0.891
400,29,0.723
400,30,0.52
400,31,0.5
400,32,0.596
400,33,1.932
400,34,1.408
400,35,1.347
400,36,1.124
400,37,0.95
400,38,0.874
400,39,0.905
400,40,0.963
400,41,1.038
400,42,1.425
400,43,1.576
400,44,2.112
400,45,1.974
400,46,0.925
400,47,0.868
400,48,0.737
401,1,0.669
401,2,0.655
401,3,0.685
401,4,0.422
401,5,0.358
401,6,0.301
401,7,0.197
401,8,0.241
401,9,0.253
401,10,0.318
401,11,0.267
401,12,0.301
401,13,0.233
401,14,1.203
401,15,0.7
401,16,0.689
401,17,0.719
401,18,0.627
401,19,0.574
401,20,2.124
401,21,1.478
401,22,0.396
401,23,0.39
401,24,0.29
401,25,0.283
401,26,0.398
401,27,1.073
401,28,0.569
401,29,0.572
401,30,3.995
401,31,1.268
401,32,0.845
401,33,0.662
401,34,0.653
401,35,1.047
401,36,0.97
401,37,1.052
401,38,0.903
401,39,1.016
401,40,1.947
401,41,2.114
401,42,1.694
401,43,2.274
401,44,2.179
401,45,2.659
401,46,1.177
401,47,1.06
401,48,1.026
402,1,0.825
402,2,0.478
402,3,0.332
402,4,0.307
402,5,0.331
402,6,0.24
402,7,0.377
402,8,0.383
402,9,0.277
402,10,0.272
402,11,0.32
402,12,0.291
402,13,0.301
402,14,0.421
402,15,0.294
402,16,0.446
402,17,1.003
402,18,1.33
402,19,2.622
402,20,1.954
402,21,1.604
402,22,0.554
402,23,0.459
402,24,0.336
402,25,0.376
402,26,0.307
402,27,0.345
402,28,0.268
402,29,0.273
402,30,0.252
402,31,0.58
402,32,2.153
402,33,1.758
402,34,2.118
402,35,0.669
402,36,1.861
402,37,2.361
402,38,1.184
402,39,1.078
402,40,0.933
402,41,1.264
402,42,1.94
402,43,2.262
402,44,6.339
402,45,1.484
402,46,1.059
402,47,1.157
402,48,1.075
403,1,1.049
403,2,0.82
403,3,0.812
403,4,0.658
403,5,1.145
403,6,0.384
403,7,0.254
403,8,0.242
403,9,1.118
403,10,0.425
403,11,0.417
403,12,0.574
403,13,0.423
403,14,0.846
403,15,0.779
403,16,0.866
403,17,1.279
403,18,0.516
403,19,0.529
403,20,0.493
403,21,0.641
403,22,0.822
403,23,0.872
403,24,0.804
403,25,0.922
403,26,1.488
403,27,1.965
403,28,3.119
403,29,2.131
403,30,2.014
403,31,3.36
403,32,0.777
403,33,0.725
403,34,3.552
403,35,1.199
403,36,1.123
403,37,1.13
403,38,1.363
403,39,1.459
403,40,1.434
403,41,1.544
403,42,1.531
403,43,1.303
403,44,1.306
403,45,0.997
403,46,0.686
403,47,0.558
403,48,0.533
404,1,0.462
404,2,0.51
404,3,0.519
404,4,0.48
404,5,0.342
404,6,0.323
404,7,0.411
404,8,0.384
404,9,0.437
404,10,0.365
404,11,0.403
404,12,0.364
404,13,0.5
404,14,0.895
404,15,1.102
404,16,0.761
404,17,0.686
404,18,0.627
404,19,0.381
404,20,0.528
404,21,0.448
404,22,0.306
404,23,1.466
404,24,1.323
404,25,1.247
404,26,0.895
404,27,0.433
404,28,3.418
404,29,3.096
404,30,2.66
404,31,2.213
404,32,0.574
404,33,1.623
404,34,0.988
404,35,1.195
404,36,0.728
404,37,0.868
404,38,1.799
404,39,1.924
404,40,2.608
404,41,1.136
404,42,0.997
404,43,0.974
404,44,0.843
404,45,0.998
404,46,0.986
404,47,0.724
404,48,0.524
405,1,0.417
405,2,0.35
405,3,0.325
405,4,0.254
405,5,0.432
405,6,0.35
405,7,0.32
405,8,0.326
405,9,0.311
405,10,0.292
405,11,0.35
405,12,0.48
405,13,0.834
405,14,1.625
405,15,1.89
405,16,0.948
405,17,0.734
405,18,0.854
405,19,1.987
405,20,2.181
405,21,2.094
405,22,1.432
405,23,0.394
405,24,0.422
405,25,1.395
405,26,0.395
405,27,1.2
405,28,1.513
405,29,1.446
405,30,0.936
405,31,0.553
405,32,0.498
405,33,2.175
405,34,1.744
405,35,1.396
405,36,0.859
405,37,1.688
405,38,1.851
405,39,2.116
405,40,1.699
405,41,1.113
405,42,1.061
405,43,1.174
405,44,1.277
405,45,0.928
405,46,0.614
405,47,0.583
405,48,0.519
406,1,0.349
406,2,0.356
406,3,0.367
406,4,0.2
406,5,0.246
406,6,0.262
406,7,0.247
406,8,0.267
406,9,0.383
406,10,0.218
406,11,0.25
406,12,2.597
406,13,3.874
406,14,3.181
406,15,2.317
406,16,1.269
406,17,0.463
406,18,0.43
406,19,0.793
406,20,1.633
406,21,0.694
406,22,0.596
406,23,1.448
406,24,1.156
406,25,0.804
406,26,0.506
406,27,0.848
406,28,0.987
406,29,1.706
406,30,0.703
406,31,1.608
406,32,0.456
406,33,0.553
406,34,2.355
406,35,0.554
406,36,1.048
406,37,1.054
406,38,0.919
406,39,0.8
406,40,0.77
406,41,0.886
406,42,0.853
406,43,0.87
406,44,0.784
406,45,1.096
406,46,0.823
406,47,0.58
406,48,0.731
407,1,1.205
407,2,0.657
407,3,0.223
407,4,0.297
407,5,0.264
407,6,0.312
407,7,0.305
407,8,0.275
407,9,0.21
407,10,0.233
407,11,0.336
407,12,0.404
407,13,0.415
407,14,1.273
407,15,0.278
407,16,0.777
407,17,0.737
407,18,0.686
407,19,1.537
407,20,1.668
407,21,2.523
407,22,1.36
407,23,0.642
407,24,0.561
407,25,0.504
407,26,0.401
407,27,0.826
407,28,0.824
407,29,2.741
407,30,2.426
407,31,2.03
407,32,1.082
407,33,0.423
407,34,0.67
407,35,0.692
407,36,0.921
407,37,2.331
407,38,3.202
407,39,8.66
407,40,2.008
407,41,1.389
407,42,1.067
407,43,0.904
407,44,0.683
407,45,0.66
407,46,0.611
407,47,0.436
407,48,0.448
408,1,0.32
408,2,0.33
408,3,0.33
408,4,0.356
408,5,0.327
408,6,0.347
408,7,0.21
408,8,0.246
408,9,0.228
408,10,0.368
408,11,0.331
408,12,0.469
408,13,0.907
408,14,1.348
408,15,0.463
408,16,0.617
408,17,0.463
408,18,0.85
408,19,0.552
408,20,0.273
408,21,0.286
408,22,0.286
408,23,0.271
408,24,0.202
408,25,2.316
408,26,2.238
408,27,0.991
408,28,0.675
408,29,1.056
408,30,1.404
408,31,0.677
408,32,0.483
408,33,0.553
408,34,0.425
408,35,0.424
408,36,0.582
408,37,1.082
408,38,1.088
408,39,1.113
408,40,1.902
408,41,1.51
408,42,1.284
408,43,2.515
408,44,2.041
408,45,2.35
408,46,0.847
408,47,0.547
408,48,0.551
409,1,0.267
409,2,0.431
409,3,0.328
409,4,0.271
409,5,0.303
409,6,0.24
409,7,0.229
409,8,0.316
409,9,0.343
409,10,0.209
409,11,0.229
409,12,0.265
409,13,0.287
409,14,1.762
409,15,0.938
409,16,0.569
409,17,0.489
409,18,0.511
409,19,0.777
409,20,0.551
409,21,0.496
409,22,0.366
409,23,0.604
409,24,0.734
409,25,0.797
409,26,0.6
409,27,0.441
409,28,0.541
409,29,0.412
409,30,0.581
409,31,1.404
409,32,0.715
409,33,0.46
409,34,0.548
409,35,1.72
409,36,3.159
409,37,2.015
409,38,1.24
409,39,6.112
409,40,3.86
409,41,3.968
409,42,0.738
409,43,0.545
409,44,0.403
409,45,0.069
409,46,0.0
409,47,0.0
409,48,0.502
410,1,0.453
410,2,0.299
410,3,0.339
410,4,0.343
410,5,0.404
410,6,0.473
410,7,0.552
410,8,0.386
410,9,0.268
410,10,0.222
410,11,0.339
410,12,0.311
410,13,0.263
410,14,0.225
410,15,0.215
410,16,0.276
410,17,0.325
410,18,0.419
410,19,0.382
410,20,0.31
410,21,0.359
410,22,0.26
410,23,0.953
410,24,0.623
410,25,0.495
410,26,0.535
410,27,0.524
410,28,0.607
410,29,1.667
410,30,1.743
410,31,2.251
410,32,1.873
410,33,0.354
410,34,0.439
410,35,0.336
410,36,0.353
410,37,0.432
410,38,0.459
410,39,0.418
410,40,0.38
410,41,0.52
410,42,0.394
410,43,0.327
410,44,0.234
410,45,0.362
410,46,0.286
410,47,0.367
410,48,0.321
411,1,0.325
411,2,0.258
411,3,0.274
411,4,0.414
411,5,0.352
411,6,0.699
411,7,0.727
411,8,0.334
411,9,0.257
411,10,0.289
411,11,0.285
411,12,0.217
411,13,0.166
411,14,0.237
411,15,0.421
411,16,0.454
411,17,0.346
411,18,0.396
411,19,0.3
411,20,0.34
411,21,0.376
411,22,0.373
411,23,0.216
411,24,0.209
411,25,0.272
411,26,0.183
411,27,0.274
411,28,1.589
411,29,2.15
411,30,2.251
411,31,2.466
411,32,0.664
411,33,2.763
411,34,2.355
411,35,1.515
411,36,1.608
411,37,1.772
411,38,1.806
411,39,1.644
411,40,1.192
411,41,1.286
411,42,1.332
411,43,2.646
411,44,2.244
411,45,2.156
411,46,0.633
411,47,0.354
411,48,0.3
412,1,0.22
412,2,0.328
412,3,0.247
412,4,0.324
412,5,0.491
412,6,0.282
412,7,0.219
412,8,0.192
412,9,0.314
412,10,0.245
412,11,0.252
412,12,0.205
412,13,0.248
412,14,0.849
412,15,4.085
412,16,3.053
412,17,2.242
412,18,1.23
412,19,0.741
412,20,0.5
412,21,0.501
412,22,0.613
412,23,1.675
412,24,1.492
412,25,1.765
412,26,0.227
412,27,0.264
412,28,0.268
412,29,1.454
412,30,1.562
412,31,1.855
412,32,1.688
412,33,1.702
412,34,1.269
412,35,1.006
412,36,0.856
412,37,1.224
412,38,2.063
412,39,2.145
412,40,2.409
412,41,1.487
412,42,0.975
412,43,0.752
412,44,0.899
412,45,0.678
412,46,0.858
412,47,0.765
412,48,0.697
413,1,0.584
413,2,0.449
413,3,0.355
413,4,0.344
413,5,0.372
413,6,0.215
413,7,0.25
413,8,0.169
413,9,0.195
413,10,0.341
413,11,0.255
413,12,0.205
413,13,0.3
413,14,0.389
413,15,0.668
413,16,0.669
413,17,0.773
413,18,1.1
413,19,1.189
413,20,2.155
413,21,1.771
413,22,1.177
413,23,0.972
413,24,0.353
413,25,0.207
413,26,0.237
413,27,0.523
413,28,0.482
413,29,0.298
413,30,0.343
413,31,0.587
413,32,0.475
413,33,1.569
413,34,0.654
413,35,0.693
413,36,1.73
413,37,0.959
413,38,0.874
413,39,2.545
413,40,1.432
413,41,1.375
413,42,1.473
413,43,2.009
413,44,2.257
413,45,2.851
413,46,1.078
413,47,0.983
413,48,0.966
414,1,0.74
414,2,0.29
414,3,0.235
414,4,0.287
414,5,0.303
414,6,0.365
414,7,0.263
414,8,0.408
414,9,0.309
414,10,0.188
414,11,0.223
414,12,0.213
414,13,0.317
414,14,0.387
414,15,1.862
414,16,1.503
414,17,1.424
414,18,1.144
414,19,0.443
414,20,0.798
414,21,1.243
414,22,0.593
414,23,0.401
414,24,0.207
414,25,0.232
414,26,0.683
414,27,0.954
414,28,0.432
414,29,0.917
414,30,0.446
414,31,0.616
414,32,1.005
414,33,1.562
414,34,1.96
414,35,2.065
414,36,2.167
414,37,1.109
414,38,0.891
414,39,0.932
414,40,1.073
414,41,0.946
414,42,1.336
414,43,0.98
414,44,0.734
414,45,0.848
414,46,0.781
414,47,0.824
414,48,0.764
415,1,0.785
415,2,0.889
415,3,0.86
415,4,0.651
415,5,0.699
415,6,0.276
415,7,0.169
415,8,0.205
415,9,0.222
415,10,0.337
415,11,0.214
415,12,0.182
415,13,0.22
415,14,0.21
415,15,1.345
415,16,1.433
415,17,0.672
415,18,0.384
415,19,0.336
415,20,0.33
415,21,0.317
415,22,0.351
415,23,0.625
415,24,0.498
415,25,0.385
415,26,1.638
415,27,0.71
415,28,0.619
415,29,0.448
415,30,0.688
415,31,2.114
415,32,1.507
415,33,1.803
415,34,0.876
415,35,0.543
415,36,0.493
415,37,0.718
415,38,0.817
415,39,0.929
415,40,1.322
415,41,1.272
415,42,1.059
415,43,1.14
415,44,1.119
415,45,1.012
415,46,1.044
415,47,0.777
415,48,0.58
