213,1,0.708
213,2,0.429
213,3,0.493
213,4,0.411
213,5,0.42
213,6,0.5
213,7,0.41
213,8,0.42
213,9,0.478
213,10,0.355
213,11,0.331
213,12,0.352
213,13,0.382
213,14,0.321
213,15,0.279
213,16,0.3
213,17,0.19
213,18,0.205
213,19,0.274
213,20,0.227
213,21,0.196
213,22,0.217
213,23,0.392
213,24,0.367
213,25,0.43
213,26,0.476
213,27,0.511
213,28,1.509
213,29,1.202
213,30,0.402
213,31,0.35
213,32,0.251
213,33,0.271
213,34,0.252
213,35,0.182
213,36,0.243
213,37,0.395
213,38,0.352
213,39,1.036
213,40,1.286
213,41,0.349
213,42,0.44
213,43,0.669
213,44,0.494
213,45,0.716
213,46,0.272
213,47,0.328
213,48,0.384
214,1,0.323
214,2,0.354
214,3,0.377
214,4,0.326
214,5,0.248
214,6,0.219
214,7,0.201
214,8,0.214
214,9,0.211
214,10,0.175
214,11,0.207
214,12,0.214
214,13,0.177
214,14,0.19
214,15,0.23
214,16,0.172
214,17,0.399
214,18,0.256
214,19,0.158
214,20,0.153
214,21,0.255
214,22,0.406
214,23,2.63
214,24,1.139
214,25,0.261
214,26,0.228
214,27,1.184
214,28,0.468
214,29,0.359
214,30,0.617
214,31,0.364
214,32,0.388
214,33,0.569
214,34,0.319
214,35,0.368
214,36,0.309
214,37,0.359
214,38,0.363
214,39,0.399
214,40,0.49
214,41,0.594
214,42,0.648
214,43,0.702
214,44,0.612
214,45,0.844
214,46,0.566
214,47,0.466
214,48,0.273
215,1,0.187
215,2,0.176
215,3,0.284
215,4,0.176
215,5,0.173
215,6,0.287
215,7,0.159
215,8,0.188
215,9,0.263
215,10,0.181
215,11,0.182
215,12,0.261
215,13,0.189
215,14,1.076
215,15,1.029
215,16,0.232
215,17,0.166
215,18,0.318
215,19,0.321
215,20,1.829
215,21,0.956
215,22,1.156
215,23,0.263
215,24,0.397
215,25,1.521
215,26,0.588
215,27,0.492
215,28,0.692
215,29,0.688
215,30,0.418
215,31,0.34
215,32,0.381
215,33,0.988
215,34,2.313
215,35,2.979
215,36,0.897
215,37,0.404
215,38,0.864
215,39,0.908
215,40,0.6
215,41,0.616
215,42,0.914
215,43,0.872
215,44,2.216
215,45,1.75
215,46,1.223
215,47,0.446
215,48,0.475
216,1,0.43
216,2,0.474
216,3,0.451
216,4,0.38
216,5,0.473
216,6,0.428
216,7,0.362
216,8,0.443
216,9,0.412
216,10,0.184
216,11,0.257
216,12,0.196
216,13,1.371
216,14,1.174
216,15,0.539
216,16,0.114
216,17,2.377
216,18,2.18
216,19,0.368
216,20,0.358
216,21,0.325
216,22,1.974
216,23,2.516
216,24,1.202
216,25,0.388
216,26,1.541
216,27,0.251
216,28,1.241
216,29,0.578
216,30,0.48
216,31,0.385
216,32,0.377
216,33,1.519
216,34,1.012
216,35,1.418
216,36,2.471
216,37,3.491
216,38,1.415
216,39,0.692
216,40,0.765
216,41,0.748
216,42,0.945
216,43,0.684
216,44,1.019
216,45,0.869
216,46,0.786
216,47,0.76
216,48,0.836
217,1,0.505
217,2,0.704
217,3,0.646
217,4,0.56
217,5,0.519
217,6,0.485
217,7,0.419
217,8,0.244
217,9,0.249
217,10,0.249
217,11,0.289
217,12,0.293
217,13,0.228
217,14,0.239
217,15,0.502
217,16,0.164
217,17,0.12
217,18,0.447
217,19,0.631
217,20,1.274
217,21,1.524
217,22,0.408
217,23,0.264
217,24,0.436
217,25,0.882
217,26,0.876
217,27,0.219
217,28,0.259
217,29,0.414
217,30,0.269
217,31,0.239
217,32,0.337
217,33,0.258
217,34,0.684
217,35,2.499
217,36,2.319
217,37,2.537
217,38,3.388
217,39,2.276
217,40,0.58
217,41,1.286
217,42,0.319
217,43,0.47
217,44,0.717
217,45,0.687
217,46,0.62
217,47,0.695
217,48,0.635
218,1,0.652
218,2,0.625
218,3,0.371
218,4,0.23
218,5,0.214
218,6,0.143
218,7,0.225
218,8,0.205
218,9,0.138
218,10,0.235
218,11,0.196
218,12,0.184
218,13,0.221
218,14,0.289
218,15,0.3
218,16,0.203
218,17,0.25
218,18,0.258
218,19,0.483
218,20,0.139
218,21,0.655
218,22,1.066
218,23,0.28
218,24,0.357
218,25,0.379
218,26,0.469
218,27,0.321
218,28,0.31
218,29,0.307
218,30,0.181
218,31,0.225
218,32,0.23
218,33,0.251
218,34,0.557
218,35,3.654
218,36,1.312
218,37,1.535
218,38,0.907
218,39,0.551
218,40,0.917
218,41,1.362
218,42,0.789
218,43,2.537
218,44,1.525
218,45,1.463
218,46,0.556
218,47,0.592
218,48,0.592
219,1,1.405
219,2,1.21
219,3,0.38
219,4,0.234
219,5,0.272
219,6,0.282
219,7,0.211
219,8,0.236
219,9,0.277
219,10,0.179
219,11,0.219
219,12,0.24
219,13,0.182
219,14,0.385
219,15,0.221
219,16,0.191
219,17,0.143
219,18,0.306
219,19,1.114
219,20,0.365
219,21,0.265
219,22,0.181
219,23,0.192
219,24,0.235
219,25,0.219
219,26,0.267
219,27,2.388
219,28,1.152
219,29,0.52
219,30,0.627
219,31,1.735
219,32,0.629
219,33,0.308
219,34,0.225
219,35,0.306
219,36,0.51
219,37,0.28
219,38,2.01
219,39,2.725
219,40,0.988
219,41,1.034
219,42,0.548
219,43,0.82
219,44,0.728
219,45,0.93
219,46,0.825
219,47,0.742
219,48,0.769
220,1,0.657
220,2,0.657
220,3,0.735
220,4,0.618
220,5,0.704
220,6,0.325
220,7,0.124
220,8,0.156
220,9,0.207
220,10,0.144
220,11,0.167
220,12,0.219
220,13,0.166
220,14,0.15
220,15,0.259
220,16,0.143
220,17,0.138
220,18,0.251
220,19,0.146
220,20,2.599
220,21,0.827
220,22,0.329
220,23,0.293
220,24,0.272
220,25,0.218
220,26,0.184
220,27,0.28
220,28,1.038
220,29,0.433
220,30,0.327
220,31,0.317
220,32,0.367
220,33,0.139
220,34,0.188
220,35,0.344
220,36,0.329
220,37,0.47
220,38,0.439
220,39,0.318
220,40,0.325
220,41,0.31
220,42,0.642
220,43,0.939
220,44,1.127
220,45,1.055
220,46,0.9
220,47,1.471
220,48,1.671
221,1,1.65
221,2,0.379
221,3,0.189
221,4,0.227
221,5,0.214
221,6,0.185
221,7,0.236
221,8,0.213
221,9,0.193
221,10,0.241
221,11,0.194
221,12,0.184
221,13,0.213
221,14,0.255
221,15,0.134
221,16,0.198
221,17,0.273
221,18,0.125
221,19,0.119
221,20,0.213
221,21,0.345
221,22,0.639
221,23,0.945
221,24,1.661
221,25,1.333
221,26,2.047
221,27,0.898
221,28,0.795
221,29,1.476
221,30,1.055
221,31,2.419
221,32,0.783
221,33,0.326
221,34,0.259
221,35,1.606
221,36,2.858
221,37,0.978
221,38,0.442
221,39,0.299
221,40,0.555
221,41,0.423
221,42,0.427
221,43,1.139
221,44,1.09
221,45,1.698
221,46,2.307
221,47,1.826
221,48,0.703
222,1,0.66
222,2,0.304
222,3,0.173
222,4,0.152
222,5,0.144
222,6,0.236
222,7,0.129
222,8,0.19
222,9,0.149
222,10,0.147
222,11,0.177
222,12,0.139
222,13,0.242
222,14,0.37
222,15,0.214
222,16,0.122
222,17,0.166
222,18,0.187
222,19,0.356
222,20,1.085
222,21,1.465
222,22,0.397
222,23,0.277
222,24,1.406
222,25,1.012
222,26,0.404
222,27,0.269
222,28,0.164
222,29,0.217
222,30,0.176
222,31,0.189
222,32,0.223
222,33,1.428
222,34,0.833
222,35,0.532
222,36,0.349
222,37,0.239
222,38,0.158
222,39,0.584
222,40,0.321
222,41,0.386
222,42,2.502
222,43,2.769
222,44,0.792
222,45,0.581
222,46,0.62
222,47,0.483
222,48,0.172
223,1,0.203
223,2,0.112
223,3,0.157
223,4,0.159
223,5,0.117
223,6,0.189
223,7,0.153
223,8,0.155
223,9,0.185
223,10,0.158
223,11,0.156
223,12,0.215
223,13,0.126
223,14,0.186
223,15,0.19
223,16,0.092
223,17,0.226
223,18,0.112
223,19,0.377
223,20,0.196
223,21,1.353
223,22,2.573
223,23,1.164
223,24,1.906
223,25,0.353
223,26,0.398
223,27,0.238
223,28,0.158
223,29,0.24
223,30,0.252
223,31,0.274
223,32,0.329
223,33,0.237
223,34,0.301
223,35,0.468
223,36,0.331
223,37,0.323
223,38,0.269
223,39,0.406
223,40,0.24
223,41,0.909
223,42,1.676
223,43,0.817
223,44,0.787
223,45,0.702
223,46,0.672
223,47,0.493
223,48,0.252
224,1,0.73
224,2,0.609
224,3,0.711
224,4,0.643
224,5,0.631
224,6,0.699
224,7,0.644
224,8,0.989
224,9,0.555
224,10,0.202
224,11,0.207
224,12,0.142
224,13,0.227
224,14,0.185
224,15,0.154
224,16,0.245
224,17,0.146
224,18,0.401
224,19,0.277
224,20,0.494
224,21,2.832
224,22,1.155
224,23,1.586
224,24,1.25
224,25,0.73
224,26,0.334
224,27,0.372
224,28,0.386
224,29,0.293
224,30,0.232
224,31,0.454
224,32,0.596
224,33,0.428
224,34,1.283
224,35,2.481
224,36,0.507
224,37,0.996
224,38,0.575
224,39,0.316
224,40,0.592
224,41,0.449
224,42,0.473
224,43,0.949
224,44,0.978
224,45,0.579
224,46,0.322
224,47,0.237
224,48,0.325
225,1,0.255
225,2,0.26
225,3,0.309
225,4,0.247
225,5,0.295
225,6,0.304
225,7,0.26
225,8,0.281
225,9,0.346
225,10,0.347
225,11,0.373
225,12,0.307
225,13,0.342
225,14,0.379
225,15,0.287
225,16,0.388
225,17,0.324
225,18,0.38
225,19,0.342
225,20,0.108
225,21,0.16
225,22,0.134
225,23,0.128
225,24,0.172
225,25,0.153
225,26,0.419
225,27,0.339
225,28,0.263
225,29,0.291
225,30,0.262
225,31,0.21
225,32,0.379
225,33,0.541
225,34,0.429
225,35,0.34
225,36,1.52
225,37,1.134
225,38,0.642
225,39,0.294
225,40,0.253
225,41,0.351
225,42,0.33
225,43,1.434
225,44,0.685
225,45,0.591
225,46,0.511
225,47,0.47
225,48,0.443
226,1,0.275
226,2,0.203
226,3,0.347
226,4,0.189
226,5,0.146
226,6,0.216
226,7,0.17
226,8,0.128
226,9,0.276
226,10,0.157
226,11,0.159
226,12,0.226
226,13,0.118
226,14,1.044
226,15,1.441
226,16,0.142
226,17,0.187
226,18,0.185
226,19,0.411
226,20,0.223
226,21,0.167
226,22,1.329
226,23,2.406
226,24,0.801
226,25,0.3
226,26,0.292
226,27,0.16
226,28,0.158
226,29,0.226
226,30,0.117
226,31,0.184
226,32,0.226
226,33,0.157
226,34,0.42
226,35,0.188
226,36,0.212
226,37,0.263
226,38,0.296
226,39,0.542
226,40,0.209
226,41,0.194
226,42,0.897
226,43,1.791
226,44,2.048
226,45,0.682
226,46,0.751
226,47,0.601
226,48,0.65
227,1,0.528
227,2,0.454
227,3,0.479
227,4,0.443
227,5,0.539
227,6,0.178
227,7,0.179
227,8,0.226
227,9,0.15
227,10,0.212
227,11,0.177
227,12,0.159
227,13,0.217
227,14,0.984
227,15,2.877
227,16,0.554
227,17,1.35
227,18,0.489
227,19,0.28
227,20,0.279
227,21,0.208
227,22,0.181
227,23,1.323
227,24,0.462
227,25,0.399
227,26,0.535
227,27,0.289
227,28,0.315
227,29,0.26
227,30,0.25
227,31,0.44
227,32,0.229
227,33,0.261
227,34,0.294
227,35,0.665
227,36,1.965
227,37,0.388
227,38,0.366
227,39,0.424
227,40,0.37
227,41,0.318
227,42,0.438
227,43,0.475
227,44,0.594
227,45,0.484
227,46,0.505
227,47,0.46
227,48,0.126
228,1,0.154
228,2,0.165
228,3,0.132
228,4,0.185
228,5,0.153
228,6,0.101
228,7,0.23
228,8,0.138
228,9,0.15
228,10,0.175
228,11,0.177
228,12,0.139
228,13,0.162
228,14,0.338
228,15,2.094
228,16,0.201
228,17,0.232
228,18,0.176
228,19,0.182
228,20,0.255
228,21,0.171
228,22,0.136
228,23,0.574
228,24,0.248
228,25,0.519
228,26,0.251
228,27,0.166
228,28,0.194
228,29,0.938
228,30,3.217
228,31,0.48
228,32,0.711
228,33,0.157
228,34,0.226
228,35,0.148
228,36,0.157
228,37,0.238
228,38,0.339
228,39,0.196
228,40,0.24
228,41,0.586
228,42,0.587
228,43,0.393
228,44,0.349
228,45,0.805
228,46,0.62
228,47,0.579
228,48,0.682
229,1,0.623
229,2,0.347
229,3,0.258
229,4,0.317
229,5,0.32
229,6,0.379
229,7,0.154
229,8,0.212
229,9,0.209
229,10,0.16
229,11,0.196
229,12,0.182
229,13,0.164
229,14,0.171
229,15,0.217
229,16,0.147
229,17,0.159
229,18,0.24
229,19,0.253
229,20,0.216
229,21,0.346
229,22,0.702
229,23,0.195
229,24,0.759
229,25,2.411
229,26,2.03
229,27,0.193
229,28,0.229
229,29,0.327
229,30,0.418
229,31,0.373
229,32,0.536
229,33,0.723
229,34,0.409
229,35,0.369
229,36,0.461
229,37,0.348
229,38,0.508
229,39,0.516
229,40,0.301
229,41,0.873
229,42,0.422
229,43,0.404
229,44,0.499
229,45,0.355
229,46,0.283
229,47,0.686
229,48,0.697
230,1,0.495
230,2,0.4
230,3,0.273
230,4,0.279
230,5,0.417
230,6,0.277
230,7,0.27
230,8,0.385
230,9,0.29
230,10,0.225
230,11,0.219
230,12,0.147
230,13,0.096
230,14,0.183
230,15,0.159
230,16,0.071
230,17,0.204
230,18,0.16
230,19,0.303
230,20,2.031
230,21,2.289
230,22,1.032
230,23,0.214
230,24,0.173
230,25,0.201
230,26,0.223
230,27,0.175
230,28,0.202
230,29,0.251
230,30,0.154
230,31,0.187
230,32,0.192
230,33,0.109
230,34,0.51
230,35,0.205
230,36,0.201
230,37,0.487
230,38,0.424
230,39,0.513
230,40,0.553
230,41,2.044
230,42,0.822
230,43,1.908
230,44,0.76
230,45,0.797
230,46,0.731
230,47,0.729
230,48,0.772
231,1,0.328
231,2,0.141
231,3,0.235
231,4,0.119
231,5,0.201
231,6,0.227
231,7,0.149
231,8,0.208
231,9,0.191
231,10,0.158
231,11,0.212
231,12,0.196
231,13,0.116
231,14,0.206
231,15,0.162
231,16,0.145
231,17,0.212
231,18,0.118
231,19,0.164
231,20,0.496
231,21,0.208
231,22,0.162
231,23,0.266
231,24,0.196
231,25,0.153
231,26,0.506
231,27,0.237
231,28,1.862
231,29,2.074
231,30,0.44
231,31,0.368
231,32,0.275
231,33,0.221
231,34,0.17
231,35,0.213
231,36,0.4
231,37,0.19
231,38,0.238
231,39,0.362
231,40,0.433
231,41,0.558
231,42,0.545
231,43,0.529
231,44,0.39
231,45,0.254
231,46,0.265
231,47,0.38
231,48,0.246
232,1,0.44
232,2,0.386
232,3,0.271
232,4,0.247
232,5,0.224
232,6,0.191
232,7,0.249
232,8,0.241
232,9,0.157
232,10,0.276
232,11,0.223
232,12,0.17
232,13,0.277
232,14,0.206
232,15,0.171
232,16,0.232
232,17,0.21
232,18,0.152
232,19,0.485
232,20,0.219
232,21,0.182
232,22,0.29
232,23,0.16
232,24,0.235
232,25,0.954
232,26,0.263
232,27,0.25
232,28,0.218
232,29,0.186
232,30,0.28
232,31,0.205
232,32,0.216
232,33,0.253
232,34,0.191
232,35,1.659
232,36,2.28
232,37,0.814
232,38,0.415
232,39,0.427
232,40,0.221
232,41,0.199
232,42,1.569
232,43,0.5
232,44,0.413
232,45,0.549
232,46,0.435
232,47,0.39
232,48,0.444
233,1,0.297
233,2,0.326
233,3,0.332
233,4,0.262
233,5,0.339
233,6,0.298
233,7,0.283
233,8,0.322
233,9,0.317
233,10,0.268
233,11,0.314
233,12,0.348
233,13,0.239
233,14,0.271
233,15,0.208
233,16,0.168
233,17,0.214
233,18,0.223
233,19,0.448
233,20,0.301
233,21,0.202
233,22,0.446
233,23,0.37
233,24,0.156
233,25,0.242
233,26,1.52
233,27,0.636
233,28,1.665
233,29,0.253
233,30,0.956
233,31,0.774
233,32,0.34
233,33,0.344
233,34,0.289
233,35,0.967
233,36,2.347
233,37,0.238
233,38,0.333
233,39,1.761
233,40,1.828
233,41,1.279
233,42,0.327
233,43,0.657
233,44,0.506
233,45,0.486
233,46,0.495
233,47,0.393
233,48,0.368
234,1,0.456
234,2,0.36
234,3,0.381
234,4,0.27
234,5,0.175
234,6,0.266
234,7,0.197
234,8,0.276
234,9,0.212
234,10,0.171
234,11,0.132
234,12,0.262
234,13,0.133
234,14,0.158
234,15,0.225
234,16,0.154
234,17,0.123
234,18,0.247
234,19,0.155
234,20,0.566
234,21,0.289
234,22,0.301
234,23,0.422
234,24,0.451
234,25,0.446
234,26,0.398
234,27,0.241
234,28,0.3
234,29,0.331
234,30,0.339
234,31,0.255
234,32,0.348
234,33,0.201
234,34,0.204
234,35,0.539
234,36,0.331
234,37,0.303
234,38,0.4
234,39,0.323
234,40,0.427
234,41,0.573
234,42,0.936
234,43,0.816
234,44,0.727
234,45,0.647
234,46,0.925
234,47,0.699
234,48,0.666
235,1,0.738
235,2,0.703
235,3,0.594
235,4,0.344
235,5,0.236
235,6,0.283
235,7,0.261
235,8,0.123
235,9,0.191
235,10,0.192
235,11,0.122
235,12,0.202
235,13,0.148
235,14,0.143
235,15,0.201
235,16,0.161
235,17,0.141
235,18,0.185
235,19,0.161
235,20,0.114
235,21,0.322
235,22,0.466
235,23,0.304
235,24,0.389
235,25,1.221
235,26,1.754
235,27,0.888
235,28,1.679
235,29,1.114
235,30,0.553
235,31,0.642
235,32,0.603
235,33,1.342
235,34,0.419
235,35,0.446
235,36,0.468
235,37,0.663
235,38,0.347
235,39,0.41
235,40,0.492
235,41,0.847
235,42,0.769
235,43,0.651
235,44,0.68
235,45,0.689
235,46,0.643
235,47,0.566
235,48,0.372
236,1,0.728
236,2,1.329
236,3,1.548
236,4,0.392
236,5,0.308
236,6,0.225
236,7,0.226
236,8,0.324
236,9,0.209
236,10,0.273
236,11,0.272
236,12,0.221
236,13,0.273
236,14,0.287
236,15,0.22
236,16,0.255
236,17,0.297
236,18,0.201
236,19,0.27
236,20,0.391
236,21,0.164
236,22,0.244
236,23,0.401
236,24,0.285
236,25,0.238
236,26,0.168
236,27,0.213
236,28,0.163
236,29,0.197
236,30,0.193
236,31,1.237
236,32,0.557
236,33,0.287
236,34,0.328
236,35,0.946
236,36,3.55
236,37,1.377
236,38,1.859
236,39,0.341
236,40,0.268
236,41,0.266
236,42,0.329
236,43,0.3
236,44,0.329
236,45,0.636
236,46,0.499
236,47,0.21
236,48,0.311
237,1,0.192
237,2,0.361
237,3,0.286
237,4,0.172
237,5,0.242
237,6,0.188
237,7,0.154
237,8,0.161
237,9,0.216
237,10,0.145
237,11,0.108
237,12,0.237
237,13,0.121
237,14,0.151
237,15,0.202
237,16,0.263
237,17,0.461
237,18,0.394
237,19,1.003
237,20,1.515
237,21,3.36
237,22,0.458
237,23,0.275
237,24,0.147
237,25,1.396
237,26,0.727
237,27,0.452
237,28,1.031
237,29,1.743
237,30,0.537
237,31,1.88
237,32,1.233
237,33,1.252
237,34,0.367
237,35,0.533
237,36,1.645
237,37,3.552
237,38,3.376
237,39,2.16
237,40,1.376
237,41,1.05
237,42,2.107
237,43,1.157
237,44,0.866
237,45,0.835
237,46,0.508
237,47,0.303
237,48,0.17
238,1,0.239
238,2,0.171
238,3,0.2
238,4,0.217
238,5,0.17
238,6,0.234
238,7,0.141
238,8,0.192
238,9,0.165
238,10,0.145
238,11,0.226
238,12,0.154
238,13,0.195
238,14,0.161
238,15,0.136
238,16,0.215
238,17,0.363
238,18,0.229
238,19,0.386
238,20,0.266
238,21,0.148
238,22,0.395
238,23,0.311
238,24,0.363
238,25,0.263
238,26,0.435
238,27,0.304
238,28,0.178
238,29,2.216
238,30,1.151
238,31,1.711
238,32,2.844
238,33,1.366
238,34,1.462
238,35,0.82
238,36,2.461
238,37,2.628
238,38,2.26
238,39,0.71
238,40,0.642
238,41,0.787
238,42,0.794
238,43,0.717
238,44,0.62
238,45,0.671
238,46,0.601
238,47,0.777
238,48,0.386
239,1,0.237
239,2,0.253
239,3,0.33
239,4,0.37
239,5,0.232
239,6,0.274
239,7,0.16
239,8,0.167
239,9,0.18
239,10,0.137
239,11,0.238
239,12,0.215
239,13,1.997
239,14,0.487
239,15,0.481
239,16,0.553
239,17,0.32
239,18,0.089
239,19,0.203
239,20,0.141
239,21,0.134
239,22,0.276
239,23,1.794
239,24,0.873
239,25,2.821
239,26,0.97
239,27,0.406
239,28,0.357
239,29,0.391
239,30,0.234
239,31,0.277
239,32,0.523
239,33,0.348
239,34,0.348
239,35,0.613
239,36,0.563
239,37,0.305
239,38,0.252
239,39,0.244
239,40,0.37
239,41,0.517
239,42,1.035
239,43,1.042
239,44,1.119
239,45,3.52
239,46,1.526
239,47,1.333
239,48,0.498
240,1,0.251
240,2,0.183
240,3,0.194
240,4,0.237
240,5,0.175
240,6,0.24
240,7,0.198
240,8,0.159
240,9,0.28
240,10,0.124
240,11,0.218
240,12,0.218
240,13,0.19
240,14,0.213
240,15,0.371
240,16,0.432
240,17,0.282
240,18,0.399
240,19,0.241
240,20,0.156
240,21,0.239
240,22,0.168
240,23,0.181
240,24,0.228
240,25,0.133
240,26,0.246
240,27,0.142
240,28,0.189
240,29,0.461
240,30,0.264
240,31,0.253
240,32,1.042
240,33,3.825
240,34,1.753
240,35,1.642
240,36,0.798
240,37,1.732
240,38,0.848
240,39,0.428
240,40,1.662
240,41,0.598
240,42,1.852
240,43,0.521
240,44,0.579
240,45,0.53
240,46,0.537
240,47,0.665
240,48,0.581
388,1,1.041
388,2,2.197
388,3,0.685
388,4,2.189
388,5,0.63
388,6,0.338
388,7,0.333
388,8,0.402
388,9,0.347
388,10,0.334
388,11,0.372
388,12,0.415
388,13,0.328
388,14,0.334
388,15,0.406
388,16,0.372
388,17,0.698
388,18,0.9
388,19,0.511
388,20,0.335
388,21,0.333
388,22,0.407
388,23,0.416
388,24,0.88
388,25,0.491
388,26,0.663
388,27,3.01
388,28,1.431
388,29,0.73
388,30,0.435
388,31,0.396
388,32,0.476
388,33,0.363
388,34,0.516
388,35,3.886
388,36,3.38
388,37,2.881
388,38,3.243
388,39,1.777
388,40,1.214
388,41,1.259
388,42,1.234
388,43,1.08
388,44,0.932
388,45,0.905
388,46,0.775
388,47,0.762
388,48,0.838
389,1,0.523
389,2,0.429
389,3,0.492
389,4,0.388
389,5,0.371
389,6,0.464
389,7,0.225
389,8,0.283
389,9,0.433
389,10,0.291
389,11,0.216
389,12,0.272
389,13,0.342
389,14,0.261
389,15,0.247
389,16,0.311
389,17,0.307
389,18,0.346
389,19,0.253
389,20,0.981
389,21,1.716
389,22,0.738
389,23,1.826
389,24,1.848
389,25,1.679
389,26,2.343
389,27,0.752
389,28,0.636
389,29,0.522
389,30,2.558
389,31,1.05
389,32,1.444
389,33,1.401
389,34,0.723
389,35,1.188
389,36,0.641
389,37,0.786
389,38,0.655
389,39,0.992
389,40,0.864
389,41,0.79
389,42,0.775
389,43,0.87
389,44,1.083
389,45,1.531
389,46,1.332
389,47,1.008
389,48,0.727
390,1,0.301
390,2,0.356
390,3,0.354
390,4,0.225
390,5,0.282
390,6,0.25
390,7,0.213
390,8,0.297
390,9,0.272
390,10,0.24
390,11,0.306
390,12,0.27
390,13,0.301
390,14,0.411
390,15,1.607
390,16,1.447
390,17,0.44
390,18,0.268
390,19,0.265
390,20,0.359
390,21,0.266
390,22,0.294
390,23,1.913
390,24,0.38
390,25,0.56
390,26,0.567
390,27,0.485
390,28,0.715
390,29,0.581
390,30,0.673
390,31,1.946
390,32,1.002
390,33,1.972
390,34,0.793
390,35,0.901
390,36,3.464
390,37,2.809
390,38,1.544
390,39,2.446
390,40,1.8
390,41,1.159
390,42,1.279
390,43,0.84
390,44,1.12
390,45,1.08
390,46,1.001
390,47,1.162
390,48,0.69
391,1,0.424
391,2,0.244
391,3,0.22
391,4,0.309
391,5,0.218
391,6,0.246
391,7,0.306
391,8,0.23
391,9,0.237
391,10,0.261
391,11,0.193
391,12,0.209
391,13,0.27
391,14,0.19
391,15,0.742
391,16,0.704
391,17,0.133
391,18,0.092
391,19,0.182
391,20,0.1
391,21,2.488
391,22,0.636
391,23,0.757
391,24,0.339
391,25,0.39
391,26,2.794
391,27,1.266
391,28,0.537
391,29,0.195
391,30,0.191
391,31,0.212
391,32,0.151
391,33,0.222
391,34,0.155
391,35,0.823
391,36,2.401
391,37,2.371
391,38,2.572
391,39,2.902
391,40,1.963
391,41,1.967
391,42,0.96
391,43,0.713
391,44,0.774
391,45,1.018
391,46,1.026
391,47,0.773
391,48,1.74
392,1,0.472
392,2,0.308
392,3,0.321
392,4,0.21
392,5,0.222
392,6,0.271
392,7,0.203
392,8,0.254
392,9,0.232
392,10,0.202
392,11,0.287
392,12,0.204
392,13,0.2
392,14,0.284
392,15,0.338
392,16,1.014
392,17,0.363
392,18,0.31
392,19,0.365
392,20,0.33
392,21,0.318
392,22,0.571
392,23,0.404
392,24,0.451
392,25,0.777
392,26,0.542
392,27,0.677
392,28,0.639
392,29,0.545
392,30,0.625
392,31,1.444
392,32,1.941
392,33,0.782
392,34,0.983
392,35,0.78
392,36,1.675
392,37,1.147
392,38,0.663
392,39,0.85
392,40,0.603
392,41,1.168
392,42,0.825
392,43,0.689
392,44,0.806
392,45,0.58
392,46,0.495
392,47,0.442
392,48,0.239
393,1,0.292
393,2,0.222
393,3,0.218
393,4,0.282
393,5,0.205
393,6,0.241
393,7,0.249
393,8,0.203
393,9,0.253
393,10,0.237
393,11,0.202
393,12,0.261
393,13,0.22
393,14,0.206
393,15,0.838
393,16,0.925
393,17,0.431
393,18,0.541
393,19,0.222
393,20,0.341
393,21,0.92
393,22,0.251
393,23,0.275
393,24,0.475
393,25,0.249
393,26,0.268
393,27,0.239
393,28,0.497
393,29,2.221
393,30,1.044
393,31,1.621
393,32,1.71
393,33,0.651
393,34,0.775
393,35,3.009
393,36,2.453
393,37,1.208
393,38,1.25
393,39,1.412
393,40,1.061
393,41,0.936
393,42,0.868
393,43,0.77
393,44,0.99
393,45,1.126
393,46,1.162
393,47,1.173
393,48,0.83
394,1,0.654
394,2,0.563
394,3,0.571
394,4,0.435
394,5,0.188
394,6,0.27
394,7,0.183
394,8,0.209
394,9,0.257
394,10,0.195
394,11,0.223
394,12,0.226
394,13,0.182
394,14,0.238
394,15,0.377
394,16,2.204
394,17,0.515
394,18,0.408
394,19,0.225
394,20,0.25
394,21,0.187
394,22,0.241
394,23,0.46
394,24,0.333
394,25,1.443
394,26,0.66
394,27,0.372
394,28,1.75
394,29,0.686
394,30,0.302
394,31,2.011
394,32,1.031
394,33,1.668
394,34,0.774
394,35,1.762
394,36,1.879
394,37,3.403
394,38,1.522
394,39,1.116
394,40,1.037
394,41,1.17
394,42,1.996
394,43,0.966
394,44,0.994
394,45,0.978
394,46,0.993
394,47,0.494
394,48,0.362
395,1,0.326
395,2,0.347
395,3,0.212
395,4,0.214
395,5,0.31
395,6,0.212
395,7,0.212
395,8,0.294
395,9,0.23
395,10,0.212
395,11,0.267
395,12,0.247
395,13,0.211
395,14,0.231
395,15,0.285
395,16,0.211
395,17,0.285
395,18,0.199
395,19,0.109
395,20,0.109
395,21,1.049
395,22,0.537
395,23,0.59
395,24,0.574
395,25,0.464
395,26,0.708
395,27,0.575
395,28,0.545
395,29,0.689
395,30,1.395
395,31,1.712
395,32,1.803
395,33,2.073
395,34,2.234
395,35,1.656
395,36,1.602
395,37,1.218
395,38,1.02
395,39,1.493
395,40,1.186
395,41,0.993
395,42,1.094
395,43,1.149
395,44,1.01
395,45,0.898
395,46,0.95
395,47,0.895
395,48,1.307
396,1,1.148
396,2,1.292
396,3,1.226
396,4,1.051
396,5,0.857
396,6,1.433
396,7,1.265
396,8,1.514
396,9,1.182
396,10,2.047
396,11,0.527
396,12,1.677
396,13,1.859
396,14,0.519
396,15,0.369
396,16,0.291
396,17,0.295
396,18,0.395
396,19,0.294
396,20,0.29
396,21,0.37
396,22,0.318
396,23,0.479
396,24,0.514
396,25,1.029
396,26,1.404
396,27,0.425
396,28,0.375
396,29,1.186
396,30,1.258
396,31,0.819
396,32,0.497
396,33,0.532
396,34,0.865
396,35,0.858
396,36,0.779
396,37,0.826
396,38,0.66
396,39,1.124
396,40,2.118
396,41,1.123
396,42,0.94
396,43,1.043
396,44,1.239
396,45,1.219
396,46,2.156
396,47,1.139
396,48,0.614
397,1,0.451
397,2,0.286
397,3,0.21
397,4,0.279
397,5,0.201
397,6,0.184
397,7,0.252
397,8,0.212
397,9,0.184
397,10,0.229
397,11,0.237
397,12,0.183
397,13,0.197
397,14,0.262
397,15,0.751
397,16,0.631
397,17,0.604
397,18,0.169
397,19,0.168
397,20,0.193
397,21,0.253
397,22,0.194
397,23,0.733
397,24,1.28
397,25,1.263
397,26,1.055
397,27,3.964
397,28,0.439
397,29,0.341
397,30,0.228
397,31,0.666
397,32,0.461
397,33,0.526
397,34,1.536
397,35,2.625
397,36,2.66
397,37,1.09
397,38,1.016
397,39,0.984
397,40,1.372
397,41,0.966
397,42,0.93
397,43,1.045
397,44,1.404
397,45,1.011
397,46,0.833
397,47,0.84
397,48,0.482
398,1,0.373
398,2,0.331
398,3,0.422
398,4,0.315
398,5,0.316
398,6,0.377
398,7,0.362
398,8,0.315
398,9,0.316
398,10,0.341
398,11,0.221
398,12,0.221
398,13,0.27
398,14,0.274
398,15,1.44
398,16,1.626
398,17,0.363
398,18,0.238
398,19,0.211
398,20,0.185
398,21,0.136
398,22,0.128
398,23,0.32
398,24,1.475
398,25,0.426
398,26,0.477
398,27,0.293
398,28,0.307
398,29,0.521
398,30,0.534
398,31,0.366
398,32,0.808
398,33,1.432
398,34,1.705
398,35,1.768
398,36,5.186
398,37,1.746
398,38,1.153
398,39,0.824
398,40,1.511
398,41,1.329
398,42,0.921
398,43,1.081
398,44,0.878
398,45,0.834
398,46,1.032
398,47,0.99
398,48,0.445
399,1,0.343
399,2,0.231
399,3,0.148
399,4,0.097
399,5,0.097
399,6,0.161
399,7,0.173
399,8,0.095
399,9,0.095
399,10,0.103
399,11,0.206
399,12,0.115
399,13,0.094
399,14,0.1
399,15,0.318
399,16,2.426
399,17,0.317
399,18,0.303
399,19,0.202
399,20,0.51
399,21,0.488
399,22,0.498
399,23,0.428
399,24,0.458
399,25,1.389
399,26,0.705
399,27,0.595
399,28,0.565
399,29,0.373
399,30,0.259
399,31,0.396
399,32,0.397
399,33,0.649
399,34,0.988
399,35,0.714
399,36,2.073
399,37,1.261
399,38,0.804
399,39,0.76
399,40,1.152
399,41,0.878
399,42,0.939
399,43,1.035
399,44,0.873
399,45,0.968
399,46,1.028
399,47,1.02
399,48,1.484
400,1,0.721
400,2,1.63
400,3,1.548
400,4,0.801
400,5,0.244
400,6,0.405
400,7,0.252
400,8,0.209
400,9,0.223
400,10,0.317
400,11,0.447
400,12,0.33
400,13,0.198
400,14,0.232
400,15,0.9
400,16,0.954
400,17,0.419
400,18,0.438
400,19,1.41
400,20,0.64
400,21,0.698
400,22,0.434
400,23,0.278
400,24,0.432
400,25,0.357
400,26,0.277
400,27,0.327
400,28,0.363
400,29,0.763
400,30,0.395
400,31,0.43
400,32,0.651
400,33,0.734
400,34,1.081
400,35,1.83
400,36,1.564
400,37,2.708
400,38,2.336
400,39,0.752
400,40,1.269
400,41,1.092
400,42,0.963
400,43,0.762
400,44,1.047
400,45,1.092
400,46,1.045
400,47,1.015
400,48,0.873
401,1,0.841
401,2,0.234
401,3,0.166
401,4,0.12
401,5,0.094
401,6,0.19
401,7,0.094
401,8,0.111
401,9,0.174
401,10,0.093
401,11,0.105
401,12,0.179
401,13,0.093
401,14,0.1
401,15,0.593
401,16,1.027
401,17,1.511
401,18,1.239
401,19,1.006
401,20,1.665
401,21,0.697
401,22,0.505
401,23,0.25
401,24,0.436
401,25,0.292
401,26,0.259
401,27,0.845
401,28,0.251
401,29,0.223
401,30,0.502
401,31,1.055
401,32,0.286
401,33,1.93
401,34,1.04
401,35,1.158
401,36,0.849
401,37,0.997
401,38,1.016
401,39,1.023
401,40,1.17
401,41,0.961
401,42,0.724
401,43,0.82
401,44,0.711
401,45,0.572
401,46,0.597
401,47,0.669
401,48,0.442
402,1,0.116
402,2,0.186
402,3,0.149
402,4,0.095
402,5,0.14
402,6,0.141
402,7,0.09
402,8,0.104
402,9,0.178
402,10,0.09
402,11,0.09
402,12,0.169
402,13,0.12
402,14,0.089
402,15,0.099
402,16,0.189
402,17,0.107
402,18,0.419
402,19,1.02
402,20,0.239
402,21,0.499
402,22,0.151
402,23,0.179
402,24,0.169
402,25,2.678
402,26,0.868
402,27,0.669
402,28,0.246
402,29,0.393
402,30,0.564
402,31,1.221
402,32,1.992
402,33,1.943
402,34,2.204
402,35,1.027
402,36,0.654
402,37,0.84
402,38,1.795
402,39,1.314
402,40,0.921
402,41,0.88
402,42,1.137
402,43,0.887
402,44,1.125
402,45,1.114
402,46,0.903
402,47,0.584
402,48,0.46
403,1,0.157
403,2,0.146
403,3,0.21
403,4,0.12
403,5,0.131
403,6,0.242
403,7,0.143
403,8,0.14
403,9,0.203
403,10,0.19
403,11,0.141
403,12,0.133
403,13,0.228
403,14,0.124
403,15,0.121
403,16,0.152
403,17,0.216
403,18,0.291
403,19,0.572
403,20,0.539
403,21,0.967
403,22,0.969
403,23,0.308
403,24,0.511
403,25,0.968
403,26,0.493
403,27,0.41
403,28,0.437
403,29,0.377
403,30,1.378
403,31,0.379
403,32,1.526
403,33,1.588
403,34,0.951
403,35,0.722
403,36,0.834
403,37,0.686
403,38,2.176
403,39,1.233
403,40,1.112
403,41,1.192
403,42,1.33
403,43,1.411
403,44,0.901
403,45,0.632
403,46,0.555
403,47,0.888
403,48,2.144
404,1,1.243
404,2,0.23
404,3,0.272
404,4,0.183
404,5,0.184
404,6,0.272
404,7,0.236
404,8,0.183
404,9,0.187
404,10,0.295
404,11,0.202
404,12,0.182
404,13,0.194
404,14,0.292
404,15,0.781
404,16,0.605
404,17,0.32
404,18,0.182
404,19,0.205
404,20,0.266
404,21,0.455
404,22,0.374
404,23,0.343
404,24,0.233
404,25,0.23
404,26,0.312
404,27,0.32
404,28,0.141
404,29,0.391
404,30,0.237
404,31,0.091
404,32,0.183
404,33,0.097
404,34,0.26
404,35,1.094
404,36,0.813
404,37,1.229
404,38,2.04
404,39,2.764
404,40,1.853
404,41,0.878
404,42,1.254
404,43,0.883
404,44,0.744
404,45,0.866
404,46,0.908
404,47,0.636
404,48,0.452
405,1,0.228
405,2,0.173
405,3,0.266
405,4,0.186
405,5,0.173
405,6,0.257
405,7,0.199
405,8,0.172
405,9,0.225
405,10,0.231
405,11,0.172
405,12,0.184
405,13,0.279
405,14,0.177
405,15,0.48
405,16,1.13
405,17,1.963
405,18,1.457
405,19,0.118
405,20,0.138
405,21,0.075
405,22,0.075
405,23,0.358
405,24,0.13
405,25,0.103
405,26,0.775
405,27,0.218
405,28,1.138
405,29,0.949
405,30,1.292
405,31,1.278
405,32,0.878
405,33,0.251
405,34,0.228
405,35,1.331
405,36,3.216
405,37,3.201
405,38,2.264
405,39,1.39
405,40,3.731
405,41,2.738
405,42,1.417
405,43,1.33
405,44,1.124
405,45,0.894
405,46,0.917
405,47,0.869
405,48,0.771
406,1,2.16
406,2,2.288
406,3,0.425
406,4,0.312
406,5,0.37
406,6,0.209
406,7,0.183
406,8,0.223
406,9,0.282
406,10,0.185
406,11,0.178
406,12,0.218
406,13,0.305
406,14,0.202
406,15,0.724
406,16,1.151
406,17,0.268
406,18,0.174
406,19,0.126
406,20,0.156
406,21,0.238
406,22,0.48
406,23,0.292
406,24,0.315
406,25,0.375
406,26,0.263
406,27,1.063
406,28,0.767
406,29,0.608
406,30,0.627
406,31,0.827
406,32,0.684
406,33,0.545
406,34,0.835
406,35,0.611
406,36,1.733
406,37,2.937
406,38,1.225
406,39,1.114
406,40,1.097
406,41,1.316
406,42,1.171
406,43,0.841
406,44,0.805
406,45,0.885
406,46,0.703
406,47,0.565
406,48,1.913
407,1,1.836
407,2,0.212
407,3,0.128
407,4,0.196
407,5,0.193
407,6,0.237
407,7,0.142
407,8,0.197
407,9,0.22
407,10,0.129
407,11,0.129
407,12,0.155
407,13,0.232
407,14,0.13
407,15,0.247
407,16,0.678
407,17,0.368
407,18,0.385
407,19,0.351
407,20,0.414
407,21,0.525
407,22,0.508
407,23,0.394
407,24,0.386
407,25,0.717
407,26,0.353
407,27,0.289
407,28,0.409
407,29,0.294
407,30,0.255
407,31,0.291
407,32,0.685
407,33,0.305
407,34,0.314
407,35,1.101
407,36,0.528
407,37,2.815
407,38,2.356
407,39,0.967
407,40,0.731
407,41,1.249
407,42,0.924
407,43,1.038
407,44,0.942
407,45,0.992
407,46,1.016
407,47,1.087
407,48,0.797
408,1,0.185
408,2,0.16
408,3,0.173
408,4,0.107
408,5,0.107
408,6,0.204
408,7,0.169
408,8,0.119
408,9,0.134
408,10,0.207
408,11,0.106
408,12,0.105
408,13,0.166
408,14,0.204
408,15,0.408
408,16,0.353
408,17,0.672
408,18,0.76
408,19,1.126
408,20,0.551
408,21,0.574
408,22,0.602
408,23,0.284
408,24,1.442
408,25,1.076
408,26,0.864
408,27,0.766
408,28,0.493
408,29,0.533
408,30,0.533
408,31,0.538
408,32,0.381
408,33,1.818
408,34,1.538
408,35,0.955
408,36,0.327
408,37,0.525
408,38,2.827
408,39,0.69
408,40,0.876
408,41,0.663
408,42,0.783
408,43,0.809
408,44,0.63
408,45,0.736
408,46,0.815
408,47,0.863
408,48,1.747
409,1,2.079
409,2,0.393
409,3,0.155
409,4,0.154
409,5,0.258
409,6,0.178
409,7,0.174
409,8,0.19
409,9,0.254
409,10,0.144
409,11,0.144
409,12,0.177
409,13,0.241
409,14,0.142
409,15,0.142
409,16,0.154
409,17,0.252
409,18,0.144
409,19,0.248
409,20,0.141
409,21,0.247
409,22,0.548
409,23,0.249
409,24,0.566
409,25,0.451
409,26,0.345
409,27,0.626
409,28,0.986
409,29,2.762
409,30,0.418
409,31,0.347
409,32,0.328
409,33,0.204
409,34,0.52
409,35,3.017
409,36,2.3
409,37,0.945
409,38,0.915
409,39,0.823
409,40,0.826
409,41,0.7
409,42,0.723
409,43,0.985
409,44,0.837
409,45,0.66
409,46,0.655
409,47,0.701
409,48,0.676
410,1,0.226
410,2,0.219
410,3,0.117
410,4,0.123
410,5,0.213
410,6,0.115
410,7,0.115
410,8,0.203
410,9,0.129
410,10,0.116
410,11,0.161
410,12,0.177
410,13,0.13
410,14,0.131
410,15,0.209
410,16,0.408
410,17,0.286
410,18,0.175
410,19,0.128
410,20,0.103
410,21,0.443
410,22,1.744
410,23,2.421
410,24,3.12
410,25,0.96
410,26,0.438
410,27,0.448
410,28,0.393
410,29,0.431
410,30,0.38
410,31,0.579
410,32,0.359
410,33,2.056
410,34,1.044
410,35,0.515
410,36,0.755
410,37,0.457
410,38,0.634
410,39,0.578
410,40,0.638
410,41,0.624
410,42,0.579
410,43,0.545
410,44,0.428
410,45,0.623
410,46,0.55
410,47,0.39
410,48,0.163
411,1,0.126
411,2,0.232
411,3,0.177
411,4,0.12
411,5,0.121
411,6,0.149
411,7,0.23
411,8,0.151
411,9,0.119
411,10,0.118
411,11,0.152
411,12,0.226
411,13,0.128
411,14,0.13
411,15,0.493
411,16,0.221
411,17,0.131
411,18,0.458
411,19,1.061
411,20,0.912
411,21,1.418
411,22,0.362
411,23,0.343
411,24,0.289
411,25,0.19
411,26,0.19
411,27,0.218
411,28,0.479
411,29,0.348
411,30,0.52
411,31,0.439
411,32,0.384
411,33,0.321
411,34,0.443
411,35,0.402
411,36,3.424
411,37,2.777
411,38,1.21
411,39,0.602
411,40,0.733
411,41,0.635
411,42,0.534
411,43,0.662
411,44,0.608
411,45,0.534
411,46,0.752
411,47,0.689
411,48,0.721
412,1,0.484
412,2,0.454
412,3,0.435
412,4,0.278
412,5,0.21
412,6,0.21
412,7,0.272
412,8,0.267
412,9,0.207
412,10,0.205
412,11,0.26
412,12,0.259
412,13,0.113
412,14,0.105
412,15,0.443
412,16,0.152
412,17,0.075
412,18,0.116
412,19,1.674
412,20,1.253
412,21,0.313
412,22,0.314
412,23,0.472
412,24,1.475
412,25,2.071
412,26,0.544
412,27,0.523
412,28,0.294
412,29,0.653
412,30,0.238
412,31,0.187
412,32,0.113
412,33,0.25
412,34,1.606
412,35,1.402
412,36,4.34
412,37,2.332
412,38,1.068
412,39,1.318
412,40,1.325
412,41,1.636
412,42,1.407
412,43,1.871
412,44,1.408
412,45,1.019
412,46,1.018
412,47,1.566
412,48,3.927
413,1,1.613
413,2,0.621
413,3,0.358
413,4,0.258
413,5,0.245
413,6,0.235
413,7,0.156
413,8,0.136
413,9,0.191
413,10,0.2
413,11,0.135
413,12,0.134
413,13,0.225
413,14,0.231
413,15,0.692
413,16,0.29
413,17,0.671
413,18,0.386
413,19,0.696
413,20,0.58
413,21,0.39
413,22,0.455
413,23,0.441
413,24,0.357
413,25,0.341
413,26,0.412
413,27,0.93
413,28,0.522
413,29,0.458
413,30,0.718
413,31,0.347
413,32,0.237
413,33,0.092
413,34,0.339
413,35,0.937
413,36,3.314
413,37,2.313
413,38,1.897
413,39,1.823
413,40,1.063
413,41,0.824
413,42,0.714
413,43,0.953
413,44,0.772
413,45,0.975
413,46,0.977
413,47,1.07
413,48,0.6
414,1,0.399
414,2,0.418
414,3,0.317
414,4,0.364
414,5,0.296
414,6,0.292
414,7,0.367
414,8,0.288
414,9,0.318
414,10,0.343
414,11,0.287
414,12,0.323
414,13,0.255
414,14,0.184
414,15,0.435
414,16,0.321
414,17,0.424
414,18,0.573
414,19,1.226
414,20,0.427
414,21,0.562
414,22,0.395
414,23,0.241
414,24,0.249
414,25,0.254
414,26,1.119
414,27,1.423
414,28,0.719
414,29,0.419
414,30,1.738
414,31,0.519
414,32,2.213
414,33,1.971
414,34,0.601
414,35,0.636
414,36,2.804
414,37,3.661
414,38,2.603
414,39,1.734
414,40,1.322
414,41,0.916
414,42,0.865
414,43,0.812
414,44,0.831
414,45,0.94
414,46,0.949
414,47,0.779
414,48,0.792
415,1,0.601
415,2,0.519
415,3,0.437
415,4,0.238
415,5,0.203
415,6,0.233
415,7,0.128
415,8,0.143
415,9,0.216
415,10,0.128
415,11,0.141
415,12,0.869
415,13,0.256
415,14,0.233
415,15,0.313
415,16,0.257
415,17,0.298
415,18,0.339
415,19,0.615
415,20,0.378
415,21,0.375
415,22,0.35
415,23,0.455
415,24,0.343
415,25,0.42
415,26,0.536
415,27,0.395
415,28,1.765
415,29,0.406
415,30,0.304
415,31,0.226
415,32,0.247
415,33,0.206
415,34,0.427
415,35,0.633
415,36,1.516
415,37,1.049
415,38,1.007
415,39,2.419
415,40,1.89
415,41,0.9
415,42,0.931
415,43,1.3
415,44,0.809
415,45,2.574
415,46,1.598
415,47,1.27
415,48,0.85
