213,1,0.622
213,2,0.582
213,3,0.356
213,4,0.296
213,5,0.28
213,6,0.227
213,7,0.127
213,8,0.126
213,9,0.115
213,10,0.113
213,11,0.226
213,12,0.311
213,13,0.336
213,14,0.183
213,15,0.2
213,16,0.161
213,17,0.114
213,18,0.177
213,19,0.273
213,20,0.286
213,21,0.303
213,22,0.141
213,23,0.158
213,24,0.374
213,25,0.77
213,26,1.922
213,27,1.919
213,28,2.17
213,29,0.514
213,30,0.858
213,31,0.515
213,32,0.634
213,33,0.625
213,34,0.908
213,35,0.492
213,36,0.471
213,37,0.898
213,38,1.372
213,39,0.698
213,40,0.633
213,41,0.581
213,42,0.597
213,43,0.577
213,44,0.744
213,45,0.741
213,46,0.705
213,47,0.667
213,48,0.542
214,1,0.117
214,2,0.178
214,3,0.284
214,4,0.264
214,5,0.196
214,6,0.125
214,7,0.071
214,8,0.146
214,9,0.243
214,10,0.222
214,11,0.078
214,12,0.102
214,13,0.146
214,14,0.171
214,15,0.324
214,16,0.269
214,17,0.084
214,18,0.092
214,19,0.092
214,20,0.092
214,21,0.447
214,22,0.612
214,23,0.98
214,24,0.094
214,25,0.087
214,26,0.193
214,27,0.285
214,28,0.554
214,29,0.799
214,30,0.576
214,31,0.718
214,32,1.95
214,33,1.575
214,34,1.822
214,35,1.999
214,36,3.269
214,37,2.05
214,38,0.471
214,39,1.495
214,40,2.011
214,41,2.052
214,42,0.622
214,43,0.487
214,44,0.376
214,45,0.42
214,46,0.957
214,47,1.038
214,48,0.956
215,1,0.846
215,2,0.868
215,3,0.753
215,4,0.258
215,5,0.244
215,6,0.201
215,7,0.099
215,8,0.088
215,9,0.081
215,10,0.094
215,11,0.263
215,12,0.272
215,13,0.195
215,14,0.16
215,15,0.172
215,16,0.142
215,17,0.154
215,18,0.241
215,19,0.218
215,20,0.097
215,21,0.307
215,22,0.465
215,23,0.332
215,24,0.661
215,25,0.602
215,26,0.512
215,27,0.542
215,28,2.539
215,29,2.635
215,30,1.612
215,31,1.63
215,32,0.555
215,33,0.616
215,34,1.717
215,35,1.624
215,36,0.599
215,37,1.484
215,38,6.816
215,39,4.434
215,40,1.209
215,41,0.554
215,42,0.693
215,43,0.63
215,44,2.642
215,45,1.135
215,46,4.617
215,47,1.191
215,48,1.034
216,1,0.865
216,2,0.316
216,3,0.097
216,4,0.08
216,5,0.083
216,6,0.173
216,7,0.256
216,8,0.225
216,9,0.086
216,10,0.099
216,11,0.09
216,12,0.156
216,13,0.371
216,14,0.314
216,15,0.256
216,16,0.164
216,17,0.4
216,18,0.206
216,19,0.215
216,20,0.253
216,21,0.211
216,22,0.071
216,23,0.264
216,24,0.279
216,25,0.517
216,26,0.556
216,27,0.551
216,28,0.424
216,29,0.215
216,30,0.197
216,31,0.203
216,32,0.31
216,33,0.455
216,34,0.42
216,35,0.288
216,36,0.258
216,37,0.215
216,38,0.414
216,39,0.773
216,40,0.725
216,41,0.472
216,42,0.255
216,43,0.156
216,44,0.162
216,45,0.375
216,46,0.558
216,47,0.541
216,48,0.568
217,1,0.253
217,2,0.224
217,3,0.127
217,4,0.194
217,5,0.267
217,6,0.243
217,7,0.122
217,8,0.108
217,9,0.107
217,10,0.11
217,11,0.23
217,12,0.278
217,13,0.281
217,14,0.185
217,15,0.189
217,16,0.141
217,17,0.088
217,18,0.282
217,19,0.558
217,20,0.549
217,21,1.176
217,22,0.249
217,23,0.114
217,24,0.402
217,25,0.435
217,26,1.427
217,27,0.933
217,28,0.658
217,29,0.253
217,30,0.516
217,31,1.338
217,32,1.723
217,33,1.843
217,34,0.42
217,35,0.309
217,36,0.315
217,37,0.581
217,38,0.586
217,39,2.906
217,40,0.852
217,41,0.539
217,42,0.447
217,43,0.583
217,44,0.854
217,45,0.9
217,46,0.941
217,47,0.668
217,48,0.586
218,1,0.63
218,2,0.503
218,3,0.272
218,4,0.114
218,5,0.097
218,6,0.095
218,7,0.077
218,8,0.255
218,9,0.247
218,10,0.177
218,11,0.08
218,12,0.115
218,13,0.173
218,14,0.346
218,15,0.357
218,16,0.265
218,17,0.111
218,18,0.091
218,19,0.379
218,20,0.162
218,21,0.372
218,22,0.561
218,23,0.431
218,24,0.205
218,25,0.297
218,26,0.302
218,27,0.747
218,28,2.963
218,29,2.742
218,30,0.588
218,31,0.354
218,32,0.338
218,33,0.498
218,34,0.503
218,35,0.385
218,36,0.698
218,37,1.524
218,38,1.412
218,39,0.607
218,40,0.555
218,41,0.486
218,42,0.336
218,43,0.236
218,44,0.458
218,45,0.703
218,46,0.742
218,47,0.708
218,48,0.564
219,1,0.637
219,2,0.361
219,3,0.435
219,4,0.296
219,5,0.284
219,6,0.229
219,7,0.145
219,8,0.127
219,9,0.122
219,10,0.192
219,11,0.321
219,12,0.311
219,13,0.231
219,14,0.197
219,15,0.198
219,16,0.165
219,17,0.187
219,18,0.278
219,19,0.267
219,20,0.127
219,21,0.105
219,22,0.15
219,23,0.552
219,24,1.848
219,25,1.292
219,26,1.373
219,27,0.549
219,28,2.312
219,29,1.733
219,30,1.419
219,31,1.722
219,32,1.527
219,33,1.587
219,34,1.423
219,35,1.957
219,36,0.422
219,37,0.603
219,38,0.581
219,39,0.648
219,40,0.395
219,41,0.442
219,42,0.408
219,43,1.021
219,44,0.912
219,45,0.808
219,46,0.729
219,47,0.702
219,48,0.891
220,1,0.506
220,2,0.256
220,3,0.208
220,4,0.078
220,5,0.093
220,6,0.095
220,7,0.122
220,8,0.248
220,9,0.239
220,10,0.139
220,11,0.092
220,12,0.112
220,13,0.174
220,14,0.297
220,15,0.341
220,16,0.243
220,17,0.081
220,18,0.089
220,19,0.087
220,20,0.563
220,21,0.283
220,22,1.097
220,23,0.368
220,24,0.458
220,25,0.264
220,26,0.56
220,27,0.63
220,28,0.699
220,29,0.616
220,30,0.62
220,31,1.446
220,32,1.8
220,33,2.506
220,34,2.116
220,35,1.004
220,36,0.838
220,37,0.846
220,38,1.933
220,39,0.893
220,40,3.348
220,41,1.066
220,42,0.66
220,43,0.626
220,44,0.555
220,45,0.643
220,46,0.666
220,47,0.651
220,48,0.866
221,1,0.724
221,2,0.838
221,3,0.177
221,4,0.079
221,5,0.215
221,6,0.1
221,7,0.181
221,8,0.288
221,9,0.233
221,10,0.24
221,11,0.082
221,12,0.126
221,13,0.18
221,14,0.162
221,15,0.264
221,16,0.283
221,17,0.231
221,18,0.122
221,19,0.087
221,20,0.082
221,21,0.075
221,22,0.138
221,23,0.519
221,24,0.236
221,25,0.409
221,26,0.138
221,27,0.402
221,28,0.433
221,29,3.51
221,30,1.155
221,31,0.816
221,32,1.885
221,33,2.956
221,34,3.491
221,35,4.884
221,36,3.947
221,37,2.019
221,38,2.434
221,39,3.015
221,40,0.63
221,41,1.628
221,42,1.849
221,43,0.908
221,44,0.933
221,45,1.228
221,46,0.726
221,47,0.723
221,48,0.724
222,1,0.805
222,2,0.618
222,3,0.377
222,4,0.236
222,5,0.162
222,6,0.121
222,7,0.1
222,8,0.197
222,9,0.279
222,10,0.264
222,11,0.117
222,12,0.137
222,13,0.211
222,14,0.214
222,15,0.306
222,16,0.361
222,17,0.558
222,18,0.289
222,19,0.254
222,20,0.387
222,21,0.349
222,22,0.801
222,23,0.54
222,24,0.393
222,25,6.263
222,26,3.02
222,27,0.969
222,28,0.768
222,29,0.811
222,30,0.51
222,31,0.254
222,32,0.693
222,33,1.072
222,34,3.307
222,35,2.889
222,36,0.82
222,37,0.554
222,38,0.489
222,39,0.502
222,40,0.422
222,41,0.456
222,42,0.645
222,43,0.511
222,44,0.364
222,45,0.428
222,46,0.421
222,47,0.481
222,48,0.843
223,1,0.839
223,2,0.659
223,3,0.48
223,4,0.453
223,5,0.2
223,6,0.146
223,7,0.231
223,8,0.221
223,9,0.106
223,10,0.083
223,11,0.072
223,12,0.104
223,13,0.255
223,14,0.331
223,15,0.297
223,16,0.119
223,17,0.088
223,18,0.088
223,19,0.088
223,20,0.249
223,21,0.352
223,22,0.62
223,23,0.267
223,24,0.256
223,25,0.726
223,26,2.641
223,27,2.167
223,28,1.607
223,29,1.454
223,30,0.803
223,31,0.43
223,32,0.432
223,33,0.549
223,34,0.643
223,35,1.219
223,36,2.217
223,37,2.064
223,38,0.893
223,39,0.497
223,40,0.613
223,41,0.599
223,42,0.565
223,43,0.69
223,44,0.709
223,45,0.655
223,46,0.812
223,47,0.88
223,48,0.754
224,1,0.671
224,2,0.675
224,3,0.513
224,4,0.35
224,5,0.243
224,6,0.204
224,7,0.074
224,8,0.084
224,9,0.097
224,10,0.139
224,11,0.241
224,12,0.257
224,13,0.216
224,14,0.162
224,15,0.156
224,16,0.115
224,17,0.204
224,18,0.249
224,19,0.211
224,20,0.425
224,21,0.244
224,22,0.181
224,23,0.161
224,24,0.297
224,25,0.342
224,26,0.456
224,27,2.161
224,28,0.714
224,29,0.689
224,30,0.497
224,31,5.838
224,32,1.62
224,33,0.636
224,34,0.463
224,35,0.601
224,36,0.686
224,37,0.943
224,38,0.547
224,39,0.427
224,40,0.681
224,41,0.59
224,42,0.801
224,43,0.703
224,44,0.725
224,45,0.677
224,46,0.739
224,47,0.652
224,48,0.706
225,1,0.395
225,2,0.275
225,3,0.128
225,4,0.103
225,5,0.094
225,6,0.21
225,7,0.287
225,8,0.265
225,9,0.148
225,10,0.128
225,11,0.14
225,12,0.15
225,13,0.287
225,14,0.365
225,15,0.335
225,16,0.158
225,17,0.095
225,18,0.106
225,19,0.123
225,20,0.264
225,21,0.284
225,22,0.251
225,23,0.247
225,24,0.427
225,25,0.145
225,26,0.23
225,27,0.592
225,28,0.546
225,29,0.453
225,30,0.389
225,31,0.69
225,32,0.417
225,33,0.585
225,34,0.971
225,35,0.653
225,36,0.687
225,37,0.853
225,38,1.457
225,39,1.327
225,40,0.566
225,41,0.693
225,42,0.933
225,43,0.542
225,44,0.61
225,45,0.673
225,46,0.617
225,47,0.748
225,48,0.708
226,1,0.512
226,2,0.191
226,3,0.132
226,4,0.109
226,5,0.109
226,6,0.264
226,7,0.259
226,8,0.209
226,9,0.089
226,10,0.105
226,11,0.11
226,12,0.182
226,13,0.343
226,14,0.351
226,15,0.27
226,16,0.139
226,17,0.107
226,18,0.088
226,19,1.376
226,20,2.247
226,21,1.817
226,22,0.432
226,23,0.537
226,24,0.273
226,25,0.252
226,26,1.202
226,27,0.666
226,28,0.722
226,29,0.783
226,30,0.484
226,31,0.553
226,32,0.543
226,33,0.716
226,34,0.718
226,35,0.707
226,36,1.99
226,37,3.223
226,38,0.581
226,39,0.567
226,40,0.588
226,41,0.611
226,42,0.626
226,43,1.399
226,44,0.703
226,45,0.817
226,46,0.864
226,47,0.729
226,48,0.301
227,1,0.238
227,2,0.235
227,3,0.196
227,4,0.288
227,5,0.283
227,6,0.201
227,7,0.137
227,8,0.133
227,9,0.145
227,10,0.261
227,11,0.302
227,12,0.294
227,13,0.216
227,14,0.218
227,15,0.21
227,16,0.164
227,17,0.273
227,18,0.293
227,19,0.54
227,20,0.151
227,21,0.144
227,22,0.24
227,23,0.244
227,24,0.716
227,25,0.548
227,26,0.362
227,27,0.296
227,28,0.362
227,29,0.431
227,30,0.474
227,31,0.596
227,32,0.763
227,33,0.402
227,34,0.324
227,35,0.813
227,36,3.218
227,37,1.906
227,38,0.611
227,39,0.481
227,40,0.364
227,41,0.315
227,42,0.338
227,43,0.86
227,44,1.824
227,45,1.665
227,46,0.965
227,47,0.817
227,48,0.664
228,1,0.67
228,2,0.566
228,3,0.423
228,4,0.399
228,5,0.348
228,6,0.124
228,7,0.094
228,8,0.101
228,9,0.083
228,10,0.25
228,11,0.254
228,12,0.256
228,13,0.176
228,14,0.157
228,15,0.173
228,16,0.169
228,17,0.248
228,18,0.235
228,19,0.133
228,20,0.112
228,21,0.148
228,22,0.139
228,23,0.234
228,24,0.345
228,25,0.621
228,26,1.976
228,27,1.307
228,28,1.244
228,29,1.146
228,30,0.923
228,31,2.226
228,32,1.528
228,33,1.382
228,34,1.353
228,35,1.244
228,36,1.384
228,37,1.688
228,38,2.849
228,39,2.026
228,40,1.337
228,41,1.846
228,42,1.873
228,43,2.076
228,44,0.815
228,45,0.651
228,46,0.715
228,47,0.847
228,48,0.837
229,1,0.81
229,2,0.454
229,3,0.24
229,4,0.224
229,5,0.138
229,6,0.079
229,7,0.079
229,8,0.127
229,9,0.187
229,10,0.235
229,11,0.228
229,12,0.15
229,13,0.158
229,14,0.146
229,15,0.145
229,16,0.278
229,17,0.239
229,18,0.715
229,19,1.551
229,20,0.373
229,21,0.122
229,22,0.254
229,23,0.407
229,24,0.686
229,25,0.491
229,26,0.415
229,27,0.417
229,28,0.464
229,29,0.633
229,30,1.29
229,31,0.666
229,32,0.473
229,33,0.513
229,34,0.754
229,35,0.548
229,36,0.644
229,37,0.69
229,38,1.598
229,39,0.708
229,40,1.548
229,41,0.843
229,42,0.62
229,43,0.69
229,44,0.909
229,45,0.829
229,46,0.737
229,47,0.659
229,48,0.681
230,1,0.514
230,2,0.208
230,3,0.248
230,4,0.235
230,5,0.109
230,6,0.089
230,7,0.086
230,8,0.078
230,9,0.205
230,10,0.244
230,11,0.234
230,12,0.125
230,13,0.167
230,14,0.154
230,15,0.153
230,16,0.276
230,17,0.241
230,18,0.19
230,19,0.375
230,20,3.081
230,21,2.139
230,22,0.24
230,23,0.337
230,24,0.495
230,25,0.221
230,26,0.197
230,27,0.238
230,28,1.791
230,29,3.705
230,30,0.719
230,31,0.84
230,32,1.253
230,33,0.272
230,34,0.261
230,35,0.456
230,36,3.364
230,37,5.169
230,38,5.257
230,39,0.334
230,40,0.212
230,41,0.6
230,42,0.489
230,43,0.927
230,44,2.093
230,45,3.112
230,46,2.107
230,47,3.849
230,48,2.215
231,1,1.138
231,2,0.709
231,3,0.285
231,4,0.218
231,5,0.226
231,6,0.235
231,7,0.178
231,8,0.067
231,9,0.063
231,10,0.062
231,11,0.073
231,12,0.271
231,13,0.311
231,14,0.297
231,15,0.171
231,16,0.109
231,17,0.07
231,18,0.273
231,19,1.673
231,20,2.99
231,21,1.032
231,22,1.46
231,23,0.403
231,24,4.354
231,25,0.769
231,26,0.451
231,27,0.439
231,28,0.424
231,29,0.305
231,30,0.277
231,31,0.305
231,32,0.283
231,33,0.516
231,34,0.492
231,35,0.376
231,36,0.418
231,37,1.652
231,38,0.982
231,39,0.625
231,40,0.651
231,41,0.656
231,42,0.511
231,43,0.54
231,44,0.507
231,45,0.506
231,46,0.506
231,47,0.631
231,48,0.257
232,1,0.086
232,2,0.069
232,3,0.063
232,4,0.126
232,5,0.238
232,6,0.226
232,7,0.104
232,8,0.068
232,9,0.061
232,10,0.065
232,11,0.196
232,12,0.265
232,13,0.269
232,14,0.143
232,15,0.137
232,16,0.104
232,17,0.117
232,18,0.217
232,19,0.224
232,20,0.154
232,21,0.06
232,22,0.06
232,23,0.071
232,24,3.066
232,25,1.445
232,26,2.124
232,27,2.874
232,28,1.599
232,29,0.11
232,30,0.092
232,31,0.137
232,32,0.6
232,33,2.498
232,34,2.581
232,35,2.041
232,36,2.662
232,37,5.181
232,38,2.702
232,39,0.468
232,40,0.467
232,41,0.347
232,42,0.274
232,43,0.155
232,44,0.163
232,45,0.78
232,46,0.674
232,47,0.406
232,48,0.112
233,1,0.112
233,2,0.11
233,3,0.226
233,4,0.248
233,5,0.126
233,6,0.106
233,7,0.105
233,8,0.106
233,9,0.245
233,10,0.254
233,11,0.095
233,12,0.126
233,13,0.173
233,14,0.166
233,15,0.311
233,16,0.282
233,17,0.079
233,18,0.087
233,19,0.091
233,20,0.09
233,21,0.244
233,22,0.229
233,23,0.084
233,24,0.233
233,25,0.228
233,26,0.189
233,27,0.381
233,28,0.373
233,29,0.194
233,30,0.224
233,31,0.203
233,32,0.277
233,33,0.453
233,34,0.444
233,35,0.257
233,36,0.157
233,37,0.105
233,38,0.157
233,39,0.292
233,40,0.239
233,41,0.115
233,42,0.114
233,43,0.117
233,44,0.357
233,45,0.763
233,46,0.68
233,47,0.587
233,48,0.399
234,1,0.126
234,2,0.207
234,3,0.233
234,4,0.134
234,5,0.066
234,6,0.061
234,7,0.06
234,8,0.171
234,9,0.234
234,10,0.116
234,11,0.069
234,12,0.097
234,13,0.139
234,14,0.261
234,15,0.311
234,16,0.151
234,17,0.096
234,18,0.063
234,19,0.06
234,20,0.177
234,21,0.23
234,22,0.083
234,23,0.074
234,24,0.065
234,25,0.06
234,26,0.224
234,27,0.212
234,28,0.603
234,29,0.284
234,30,1.661
234,31,1.135
234,32,1.068
234,33,0.253
234,34,0.2
234,35,0.2
234,36,0.321
234,37,0.262
234,38,0.309
234,39,0.114
234,40,0.112
234,41,0.107
234,42,0.096
234,43,0.469
234,44,1.014
234,45,0.849
234,46,0.884
234,47,0.85
234,48,0.876
235,1,0.97
235,2,0.281
235,3,0.109
235,4,0.112
235,5,0.119
235,6,0.174
235,7,0.287
235,8,0.203
235,9,0.109
235,10,0.113
235,11,0.119
235,12,0.212
235,13,0.365
235,14,0.284
235,15,0.177
235,16,0.119
235,17,0.079
235,18,0.144
235,19,0.251
235,20,0.24
235,21,0.596
235,22,0.285
235,23,0.289
235,24,3.111
235,25,0.567
235,26,0.442
235,27,0.615
235,28,0.322
235,29,0.234
235,30,0.26
235,31,0.291
235,32,0.177
235,33,0.276
235,34,0.357
235,35,0.299
235,36,0.332
235,37,0.304
235,38,0.305
235,39,0.227
235,40,0.218
235,41,0.386
235,42,0.447
235,43,0.612
235,44,0.482
235,45,0.528
235,46,0.308
235,47,0.156
235,48,0.292
236,1,0.178
236,2,0.059
236,3,0.059
236,4,0.068
236,5,0.092
236,6,0.238
236,7,0.18
236,8,0.06
236,9,0.059
236,10,0.071
236,11,0.092
236,12,0.277
236,13,0.264
236,14,0.137
236,15,0.143
236,16,0.117
236,17,0.07
236,18,0.24
236,19,0.191
236,20,0.145
236,21,0.059
236,22,0.07
236,23,0.07
236,24,0.223
236,25,0.209
236,26,0.059
236,27,0.061
236,28,0.07
236,29,0.101
236,30,1.002
236,31,1.006
236,32,3.883
236,33,0.329
236,34,0.189
236,35,0.165
236,36,0.729
236,37,0.305
236,38,0.182
236,39,0.138
236,40,0.197
236,41,0.35
236,42,0.459
236,43,0.505
236,44,0.751
236,45,2.219
236,46,1.567
236,47,0.752
236,48,0.328
237,1,0.282
237,2,0.16
237,3,0.109
237,4,0.109
237,5,0.115
237,6,0.225
237,7,0.292
237,8,0.162
237,9,0.118
237,10,0.124
237,11,0.128
237,12,0.237
237,13,0.354
237,14,0.231
237,15,0.178
237,16,0.154
237,17,0.127
237,18,0.202
237,19,0.286
237,20,0.154
237,21,0.1
237,22,1.162
237,23,0.255
237,24,1.242
237,25,0.908
237,26,0.83
237,27,0.391
237,28,0.327
237,29,0.551
237,30,1.731
237,31,0.624
237,32,0.284
237,33,0.596
237,34,0.323
237,35,0.401
237,36,0.46
237,37,2.013
237,38,1.462
237,39,1.566
237,40,0.442
237,41,0.54
237,42,0.665
237,43,0.567
237,44,0.511
237,45,0.505
237,46,0.529
237,47,0.681
237,48,0.838
238,1,0.501
238,2,0.294
238,3,0.108
238,4,0.057
238,5,0.214
238,6,0.233
238,7,0.073
238,8,0.057
238,9,0.069
238,10,0.076
238,11,0.219
238,12,0.25
238,13,0.155
238,14,0.165
238,15,0.153
238,16,0.111
238,17,0.226
238,18,0.229
238,19,0.054
238,20,0.064
238,21,0.074
238,22,0.063
238,23,0.182
238,24,1.178
238,25,2.384
238,26,3.674
238,27,0.27
238,28,0.416
238,29,0.517
238,30,0.37
238,31,0.49
238,32,0.264
238,33,0.296
238,34,0.365
238,35,0.452
238,36,2.105
238,37,1.328
238,38,1.457
238,39,1.93
238,40,0.593
238,41,0.926
238,42,0.546
238,43,1.496
238,44,0.878
238,45,0.694
238,46,0.608
238,47,0.469
238,48,0.479
239,1,0.577
239,2,0.321
239,3,0.194
239,4,0.227
239,5,0.125
239,6,0.092
239,7,0.155
239,8,0.121
239,9,0.186
239,10,0.212
239,11,0.126
239,12,0.111
239,13,0.136
239,14,0.136
239,15,0.294
239,16,0.272
239,17,0.069
239,18,0.07
239,19,0.074
239,20,0.961
239,21,2.578
239,22,1.903
239,23,0.265
239,24,0.167
239,25,0.187
239,26,0.192
239,27,0.305
239,28,0.333
239,29,0.437
239,30,0.19
239,31,0.358
239,32,0.873
239,33,0.607
239,34,0.556
239,35,0.638
239,36,0.657
239,37,0.613
239,38,0.702
239,39,0.83
239,40,1.151
239,41,0.527
239,42,0.554
239,43,0.701
239,44,0.859
239,45,0.689
239,46,0.572
239,47,0.514
239,48,0.526
240,1,0.437
240,2,0.319
240,3,0.247
240,4,0.109
240,5,0.092
240,6,0.078
240,7,0.057
240,8,0.166
240,9,0.239
240,10,0.102
240,11,0.08
240,12,0.115
240,13,0.154
240,14,0.225
240,15,0.307
240,16,0.162
240,17,0.063
240,18,0.06
240,19,0.076
240,20,0.145
240,21,0.217
240,22,0.418
240,23,0.987
240,24,0.484
240,25,1.647
240,26,1.333
240,27,1.571
240,28,1.231
240,29,1.085
240,30,1.11
240,31,3.188
240,32,6.173
240,33,1.755
240,34,1.734
240,35,1.367
240,36,0.753
240,37,0.607
240,38,0.55
240,39,0.481
240,40,0.952
240,41,2.325
240,42,0.734
240,43,0.877
240,44,0.882
240,45,0.828
240,46,2.565
240,47,2.182
240,48,0.74
388,1,0.32
388,2,0.232
388,3,0.062
388,4,0.071
388,5,0.072
388,6,0.157
388,7,0.206
388,8,0.07
388,9,0.072
388,10,0.061
388,11,0.082
388,12,0.24
388,13,0.117
388,14,0.065
388,15,0.141
388,16,0.142
388,17,0.181
388,18,0.17
388,19,0.071
388,20,0.507
388,21,0.181
388,22,0.228
388,23,1.777
388,24,1.459
388,25,1.163
388,26,1.73
388,27,0.258
388,28,0.916
388,29,0.759
388,30,2.717
388,31,2.28
388,32,0.345
388,33,0.512
388,34,0.558
388,35,0.403
388,36,1.422
388,37,1.19
388,38,1.648
388,39,1.363
388,40,1.83
388,41,0.833
388,42,0.762
388,43,0.803
388,44,0.9
388,45,0.966
388,46,0.94
388,47,1.011
388,48,0.659
389,1,0.614
389,2,0.384
389,3,0.211
389,4,0.093
389,5,0.067
389,6,0.058
389,7,0.092
389,8,0.235
389,9,0.144
389,10,0.097
389,11,0.093
389,12,0.056
389,13,0.122
389,14,0.24
389,15,0.185
389,16,0.135
389,17,0.064
389,18,0.054
389,19,0.145
389,20,0.401
389,21,0.758
389,22,1.659
389,23,2.484
389,24,0.466
389,25,0.301
389,26,2.908
389,27,0.391
389,28,1.703
389,29,0.759
389,30,0.557
389,31,0.602
389,32,3.236
389,33,1.709
389,34,0.992
389,35,2.12
389,36,1.643
389,37,2.763
389,38,3.591
389,39,0.634
389,40,1.014
389,41,0.831
389,42,1.874
389,43,2.234
389,44,2.966
389,45,0.805
389,46,0.768
389,47,0.803
389,48,0.647
390,1,0.109
390,2,0.061
390,3,0.071
390,4,0.079
390,5,0.229
390,6,0.182
390,7,0.069
390,8,0.067
390,9,0.074
390,10,0.131
390,11,0.226
390,12,0.081
390,13,0.057
390,14,0.066
390,15,0.137
390,16,0.335
390,17,0.815
390,18,0.216
390,19,0.083
390,20,0.076
390,21,0.184
390,22,0.218
390,23,0.084
390,24,0.084
390,25,0.084
390,26,0.114
390,27,0.24
390,28,0.122
390,29,0.085
390,30,0.098
390,31,0.868
390,32,0.903
390,33,0.784
390,34,0.999
390,35,1.015
390,36,2.002
390,37,1.316
390,38,0.927
390,39,1.064
390,40,0.803
390,41,0.799
390,42,0.877
390,43,2.536
390,44,1.506
390,45,0.845
390,46,0.856
390,47,0.825
390,48,0.886
391,1,0.188
391,2,0.077
391,3,0.066
391,4,0.061
391,5,0.172
391,6,0.193
391,7,0.061
391,8,0.064
391,9,0.063
391,10,0.103
391,11,0.223
391,12,0.094
391,13,0.053
391,14,0.075
391,15,0.14
391,16,0.313
391,17,1.009
391,18,0.172
391,19,0.054
391,20,0.06
391,21,0.135
391,22,0.228
391,23,0.073
391,24,0.062
391,25,0.056
391,26,0.055
391,27,0.232
391,28,0.135
391,29,0.093
391,30,0.194
391,31,0.677
391,32,0.721
391,33,6.114
391,34,5.158
391,35,2.092
391,36,0.464
391,37,2.101
391,38,0.79
391,39,0.984
391,40,0.714
391,41,0.727
391,42,0.793
391,43,1.147
391,44,0.697
391,45,0.664
391,46,0.59
391,47,0.391
391,48,0.371
392,1,0.165
392,2,0.13
392,3,0.126
392,4,0.14
392,5,0.282
392,6,0.168
392,7,0.106
392,8,0.106
392,9,0.105
392,10,0.219
392,11,0.222
392,12,0.095
392,13,0.119
392,14,0.13
392,15,0.235
392,16,1.395
392,17,0.833
392,18,0.216
392,19,0.096
392,20,0.122
392,21,0.273
392,22,0.167
392,23,0.106
392,24,0.097
392,25,0.111
392,26,0.214
392,27,0.254
392,28,0.119
392,29,0.113
392,30,0.121
392,31,0.137
392,32,0.314
392,33,0.345
392,34,0.78
392,35,0.632
392,36,0.645
392,37,0.758
392,38,0.85
392,39,1.149
392,40,0.837
392,41,0.679
392,42,0.759
392,43,0.925
392,44,1.161
392,45,0.698
392,46,0.936
392,47,0.718
392,48,0.772
393,1,0.496
393,2,0.146
393,3,0.071
393,4,0.054
393,5,0.109
393,6,0.228
393,7,0.098
393,8,0.063
393,9,0.06
393,10,0.054
393,11,0.157
393,12,0.203
393,13,0.062
393,14,0.073
393,15,0.139
393,16,1.187
393,17,1.784
393,18,0.626
393,19,0.163
393,20,0.075
393,21,0.075
393,22,0.125
393,23,0.226
393,24,0.088
393,25,0.074
393,26,0.074
393,27,0.075
393,28,0.191
393,29,0.187
393,30,0.064
393,31,0.602
393,32,1.661
393,33,1.852
393,34,2.444
393,35,0.879
393,36,3.011
393,37,2.037
393,38,0.855
393,39,0.841
393,40,1.006
393,41,0.862
393,42,0.862
393,43,0.878
393,44,0.846
393,45,0.91
393,46,0.995
393,47,0.716
393,48,0.444
394,1,0.351
394,2,0.468
394,3,0.185
394,4,0.081
394,5,0.068
394,6,0.066
394,7,0.141
394,8,0.218
394,9,0.075
394,10,0.066
394,11,0.067
394,12,0.058
394,13,0.197
394,14,0.181
394,15,0.169
394,16,0.181
394,17,0.605
394,18,0.453
394,19,0.254
394,20,0.103
394,21,0.064
394,22,0.063
394,23,0.052
394,24,0.182
394,25,0.235
394,26,0.089
394,27,0.09
394,28,0.077
394,29,0.076
394,30,0.238
394,31,0.597
394,32,1.55
394,33,0.826
394,34,0.572
394,35,0.588
394,36,0.903
394,37,0.697
394,38,0.632
394,39,0.646
394,40,0.864
394,41,0.795
394,42,0.736
394,43,0.658
394,44,0.691
394,45,2.212
394,46,0.962
394,47,1.077
394,48,0.88
395,1,0.644
395,2,0.241
395,3,0.068
395,4,0.185
395,5,0.202
395,6,0.057
395,7,0.055
395,8,0.071
395,9,0.068
395,10,0.225
395,11,0.155
395,12,0.055
395,13,0.059
395,14,0.079
395,15,0.153
395,16,0.299
395,17,0.684
395,18,0.627
395,19,0.281
395,20,0.426
395,21,1.365
395,22,0.434
395,23,0.259
395,24,0.591
395,25,0.282
395,26,0.767
395,27,2.285
395,28,2.148
395,29,1.928
395,30,1.453
395,31,1.782
395,32,4.572
395,33,5.232
395,34,2.031
395,35,0.632
395,36,0.583
395,37,0.471
395,38,0.99
395,39,1.891
395,40,2.85
395,41,0.867
395,42,0.957
395,43,1.002
395,44,0.988
395,45,0.786
395,46,0.753
395,47,0.716
395,48,0.661
396,1,0.284
396,2,0.125
396,3,0.065
396,4,0.069
396,5,0.043
396,6,0.152
396,7,0.23
396,8,0.046
396,9,0.061
396,10,0.07
396,11,0.049
396,12,0.198
396,13,0.175
396,14,0.065
396,15,0.135
396,16,0.135
396,17,0.144
396,18,0.337
396,19,0.819
396,20,0.274
396,21,0.903
396,22,3.919
396,23,2.068
396,24,1.82
396,25,1.496
396,26,1.739
396,27,2.446
396,28,2.034
396,29,0.369
396,30,2.754
396,31,3.419
396,32,2.233
396,33,0.561
396,34,0.569
396,35,0.589
396,36,0.457
396,37,0.42
396,38,0.423
396,39,0.414
396,40,0.952
396,41,2.734
396,42,2.973
396,43,1.068
396,44,2.769
396,45,2.412
396,46,1.111
396,47,0.785
396,48,0.627
397,1,0.393
397,2,0.156
397,3,0.236
397,4,0.099
397,5,0.06
397,6,0.065
397,7,0.065
397,8,0.215
397,9,0.154
397,10,0.054
397,11,0.053
397,12,0.06
397,13,0.128
397,14,0.241
397,15,0.158
397,16,0.253
397,17,3.285
397,18,0.285
397,19,0.235
397,20,0.192
397,21,0.099
397,22,0.091
397,23,0.093
397,24,0.149
397,25,0.266
397,26,0.144
397,27,0.091
397,28,0.089
397,29,0.14
397,30,0.552
397,31,0.469
397,32,0.445
397,33,0.5
397,34,0.461
397,35,2.333
397,36,2.594
397,37,0.995
397,38,1.17
397,39,0.815
397,40,0.79
397,41,0.83
397,42,0.979
397,43,1.157
397,44,0.823
397,45,0.821
397,46,0.915
397,47,0.887
397,48,0.805
398,1,0.636
398,2,0.288
398,3,0.073
398,4,0.118
398,5,0.221
398,6,0.091
398,7,0.064
398,8,0.065
398,9,0.059
398,10,0.16
398,11,0.192
398,12,0.065
398,13,0.074
398,14,0.07
398,15,0.127
398,16,0.311
398,17,0.689
398,18,0.232
398,19,0.059
398,20,0.05
398,21,0.117
398,22,0.227
398,23,0.093
398,24,0.051
398,25,0.05
398,26,0.065
398,27,0.146
398,28,0.219
398,29,0.457
398,30,0.543
398,31,2.244
398,32,1.759
398,33,1.181
398,34,0.69
398,35,2.272
398,36,2.726
398,37,1.644
398,38,0.953
398,39,1.054
398,40,0.781
398,41,0.893
398,42,0.743
398,43,0.803
398,44,0.894
398,45,0.849
398,46,0.877
398,47,0.539
398,48,0.468
399,1,0.438
399,2,0.554
399,3,0.437
399,4,0.391
399,5,0.151
399,6,0.075
399,7,0.167
399,8,0.212
399,9,0.07
399,10,0.073
399,11,0.072
399,12,0.051
399,13,0.203
399,14,0.171
399,15,0.142
399,16,0.355
399,17,1.316
399,18,0.28
399,19,0.223
399,20,0.092
399,21,0.051
399,22,0.048
399,23,0.064
399,24,0.189
399,25,0.186
399,26,0.123
399,27,0.261
399,28,0.516
399,29,0.353
399,30,0.525
399,31,0.636
399,32,0.372
399,33,0.66
399,34,0.541
399,35,0.674
399,36,1.254
399,37,1.401
399,38,0.982
399,39,0.93
399,40,2.939
399,41,2.292
399,42,1.287
399,43,1.13
399,44,0.862
399,45,0.985
399,46,0.901
399,47,0.813
399,48,0.77
400,1,0.435
400,2,0.343
400,3,0.307
400,4,0.174
400,5,0.063
400,6,0.089
400,7,0.055
400,8,0.134
400,9,0.235
400,10,0.073
400,11,0.054
400,12,0.071
400,13,0.055
400,14,0.218
400,15,0.242
400,16,0.202
400,17,0.565
400,18,0.19
400,19,0.166
400,20,0.19
400,21,0.069
400,22,0.053
400,23,0.052
400,24,0.097
400,25,0.216
400,26,0.109
400,27,0.068
400,28,0.055
400,29,0.05
400,30,0.162
400,31,0.521
400,32,0.311
400,33,0.666
400,34,0.666
400,35,1.513
400,36,3.783
400,37,2.62
400,38,2.337
400,39,1.329
400,40,4.107
400,41,2.282
400,42,1.095
400,43,0.888
400,44,0.776
400,45,0.805
400,46,0.878
400,47,1.177
400,48,0.62
401,1,0.348
401,2,0.114
401,3,0.124
401,4,0.216
401,5,0.266
401,6,0.119
401,7,0.094
401,8,0.116
401,9,0.125
401,10,0.265
401,11,0.2
401,12,0.11
401,13,0.094
401,14,0.127
401,15,0.266
401,16,1.276
401,17,3.091
401,18,0.311
401,19,0.077
401,20,0.107
401,21,0.251
401,22,0.131
401,23,0.08
401,24,0.087
401,25,0.06
401,26,0.156
401,27,0.246
401,28,0.098
401,29,1.767
401,30,1.448
401,31,1.709
401,32,0.526
401,33,0.622
401,34,0.425
401,35,0.481
401,36,2.581
401,37,2.558
401,38,1.122
401,39,0.726
401,40,0.718
401,41,1.273
401,42,1.919
401,43,1.225
401,44,1.409
401,45,0.892
401,46,0.732
401,47,0.755
401,48,0.733
402,1,0.405
402,2,0.118
402,3,0.07
402,4,0.072
402,5,0.074
402,6,0.172
402,7,0.215
402,8,0.063
402,9,0.075
402,10,0.075
402,11,0.067
402,12,0.198
402,13,0.183
402,14,0.089
402,15,0.159
402,16,0.125
402,17,0.062
402,18,0.235
402,19,0.398
402,20,0.485
402,21,0.174
402,22,0.16
402,23,0.213
402,24,0.338
402,25,0.203
402,26,0.158
402,27,0.227
402,28,0.223
402,29,0.615
402,30,0.909
402,31,0.712
402,32,1.656
402,33,0.9
402,34,0.684
402,35,0.712
402,36,0.81
402,37,0.652
402,38,1.232
402,39,1.488
402,40,0.879
402,41,0.9
402,42,1.021
402,43,0.835
402,44,0.857
402,45,1.001
402,46,1.048
402,47,0.854
402,48,0.719
403,1,0.613
403,2,0.483
403,3,0.436
403,4,0.162
403,5,0.065
403,6,0.065
403,7,0.056
403,8,0.132
403,9,0.227
403,10,0.08
403,11,0.063
403,12,0.049
403,13,0.051
403,14,0.231
403,15,0.258
403,16,0.121
403,17,0.048
403,18,0.057
403,19,0.112
403,20,0.23
403,21,0.362
403,22,1.602
403,23,0.937
403,24,1.384
403,25,2.477
403,26,3.261
403,27,0.547
403,28,1.817
403,29,1.172
403,30,0.526
403,31,0.489
403,32,0.904
403,33,0.486
403,34,0.899
403,35,3.261
403,36,3.806
403,37,4.507
403,38,1.84
403,39,0.925
403,40,0.774
403,41,0.839
403,42,0.928
403,43,0.793
403,44,0.772
403,45,0.816
403,46,1.347
403,47,0.914
403,48,0.411
404,1,0.436
404,2,0.368
404,3,0.426
404,4,0.312
404,5,0.133
404,6,0.077
404,7,0.085
404,8,0.086
404,9,0.233
404,10,0.188
404,11,0.083
404,12,0.093
404,13,0.099
404,14,0.168
404,15,0.314
404,16,2.467
404,17,2.479
404,18,0.222
404,19,0.075
404,20,0.238
404,21,0.156
404,22,0.084
404,23,0.083
404,24,0.071
404,25,0.162
404,26,0.264
404,27,0.106
404,28,0.095
404,29,0.076
404,30,0.092
404,31,0.305
404,32,2.194
404,33,2.088
404,34,2.16
404,35,1.613
404,36,2.617
404,37,1.286
404,38,0.828
404,39,0.957
404,40,0.758
404,41,0.753
404,42,0.868
404,43,1.031
404,44,0.765
404,45,0.864
404,46,0.693
404,47,0.744
404,48,0.519
405,1,0.148
405,2,0.096
405,3,0.083
405,4,0.078
405,5,0.203
405,6,0.235
405,7,0.082
405,8,0.072
405,9,0.087
405,10,0.086
405,11,0.24
405,12,0.151
405,13,0.098
405,14,0.108
405,15,0.171
405,16,0.238
405,17,0.856
405,18,2.627
405,19,1.479
405,20,1.104
405,21,0.248
405,22,0.223
405,23,0.251
405,24,0.067
405,25,0.078
405,26,0.084
405,27,0.084
405,28,0.188
405,29,1.42
405,30,3.41
405,31,1.299
405,32,0.495
405,33,2.484
405,34,1.888
405,35,1.766
405,36,1.439
405,37,2.963
405,38,2.05
405,39,0.994
405,40,1.257
405,41,2.913
405,42,2.177
405,43,1.209
405,44,0.78
405,45,0.851
405,46,0.716
405,47,0.768
405,48,0.702
406,1,0.64
406,2,0.495
406,3,0.137
406,4,0.079
406,5,0.07
406,6,0.049
406,7,0.176
406,8,0.181
406,9,0.064
406,10,0.056
406,11,0.047
406,12,0.095
406,13,0.229
406,14,0.115
406,15,0.126
406,16,0.177
406,17,0.479
406,18,0.278
406,19,0.174
406,20,0.053
406,21,0.063
406,22,0.063
406,23,0.084
406,24,0.211
406,25,0.107
406,26,0.063
406,27,0.059
406,28,0.047
406,29,0.167
406,30,0.193
406,31,0.063
406,32,0.506
406,33,0.444
406,34,0.49
406,35,1.192
406,36,0.989
406,37,1.151
406,38,0.69
406,39,1.123
406,40,0.85
406,41,0.831
406,42,0.759
406,43,0.855
406,44,1.222
406,45,0.969
406,46,0.996
406,47,0.794
406,48,0.791
407,1,0.394
407,2,0.356
407,3,0.515
407,4,0.421
407,5,0.079
407,6,0.069
407,7,0.062
407,8,0.176
407,9,0.217
407,10,0.062
407,11,0.049
407,12,0.054
407,13,0.064
407,14,0.222
407,15,0.221
407,16,0.933
407,17,0.441
407,18,0.193
407,19,0.126
407,20,0.228
407,21,0.107
407,22,0.082
407,23,0.08
407,24,0.067
407,25,0.169
407,26,0.223
407,27,0.082
407,28,0.075
407,29,0.066
407,30,0.23
407,31,1.779
407,32,0.684
407,33,0.538
407,34,0.743
407,35,1.278
407,36,3.403
407,37,1.999
407,38,1.15
407,39,0.835
407,40,2.766
407,41,1.678
407,42,1.696
407,43,1.249
407,44,0.784
407,45,2.132
407,46,0.954
407,47,0.991
407,48,0.915
408,1,0.274
408,2,0.06
408,3,0.062
408,4,0.069
408,5,0.163
408,6,0.186
408,7,0.068
408,8,0.055
408,9,0.05
408,10,0.068
408,11,0.229
408,12,0.13
408,13,0.077
408,14,0.081
408,15,0.124
408,16,0.264
408,17,2.396
408,18,2.272
408,19,0.101
408,20,0.088
408,21,0.079
408,22,0.179
408,23,0.213
408,24,0.083
408,25,0.062
408,26,0.083
408,27,0.086
408,28,0.234
408,29,0.184
408,30,0.474
408,31,1.813
408,32,1.765
408,33,0.455
408,34,0.905
408,35,0.653
408,36,2.54
408,37,2.57
408,38,0.941
408,39,1.257
408,40,0.823
408,41,0.818
408,42,0.84
408,43,0.841
408,44,0.951
408,45,1.102
408,46,1.243
408,47,0.904
408,48,0.862
409,1,0.81
409,2,0.882
409,3,0.926
409,4,0.689
409,5,0.205
409,6,0.062
409,7,0.101
409,8,0.212
409,9,0.099
409,10,0.067
409,11,0.053
409,12,0.057
409,13,0.136
409,14,0.235
409,15,0.132
409,16,0.13
409,17,0.061
409,18,0.04
409,19,0.151
409,20,0.523
409,21,0.187
409,22,0.315
409,23,0.313
409,24,0.242
409,25,0.37
409,26,0.672
409,27,0.287
409,28,0.272
409,29,0.259
409,30,1.949
409,31,0.62
409,32,0.554
409,33,0.666
409,34,2.642
409,35,1.949
409,36,1.072
409,37,1.452
409,38,2.864
409,39,1.959
409,40,1.405
409,41,3.008
409,42,2.434
409,43,0.731
409,44,1.012
409,45,0.806
409,46,0.858
409,47,0.873
409,48,0.722
410,1,0.665
410,2,0.483
410,3,0.15
410,4,0.235
410,5,0.071
410,6,0.052
410,7,0.056
410,8,0.082
410,9,0.233
410,10,0.129
410,11,0.054
410,12,0.052
410,13,0.061
410,14,0.19
410,15,0.29
410,16,0.121
410,17,0.051
410,18,0.058
410,19,0.065
410,20,0.225
410,21,0.449
410,22,0.124
410,23,0.062
410,24,0.064
410,25,2.172
410,26,2.785
410,27,2.633
410,28,2.358
410,29,1.645
410,30,1.461
410,31,2.096
410,32,1.366
410,33,0.53
410,34,0.594
410,35,0.973
410,36,0.703
410,37,1.857
410,38,2.629
410,39,0.676
410,40,0.863
410,41,2.929
410,42,1.977
410,43,1.303
410,44,0.827
410,45,0.696
410,46,0.794
410,47,0.806
410,48,0.67
411,1,0.171
411,2,0.08
411,3,0.168
411,4,0.258
411,5,0.092
411,6,0.069
411,7,0.077
411,8,0.124
411,9,0.246
411,10,0.121
411,11,0.089
411,12,0.085
411,13,0.064
411,14,0.23
411,15,0.295
411,16,1.126
411,17,2.174
411,18,0.221
411,19,0.17
411,20,0.622
411,21,0.093
411,22,0.232
411,23,1.677
411,24,0.256
411,25,0.355
411,26,0.27
411,27,0.212
411,28,0.584
411,29,0.732
411,30,0.703
411,31,0.517
411,32,0.409
411,33,0.687
411,34,0.476
411,35,0.735
411,36,2.766
411,37,0.93
411,38,0.796
411,39,1.009
411,40,0.808
411,41,1.001
411,42,0.971
411,43,0.786
411,44,1.934
411,45,0.728
411,46,0.889
411,47,0.813
411,48,0.675
412,1,0.353
412,2,0.08
412,3,0.18
412,4,0.227
412,5,0.06
412,6,0.066
412,7,0.064
412,8,0.06
412,9,0.233
412,10,0.141
412,11,0.066
412,12,0.048
412,13,0.052
412,14,0.152
412,15,0.3
412,16,0.182
412,17,0.159
412,18,0.684
412,19,0.197
412,20,1.217
412,21,1.239
412,22,4.412
412,23,2.084
412,24,1.666
412,25,0.31
412,26,0.488
412,27,0.455
412,28,0.188
412,29,0.14
412,30,0.776
412,31,0.959
412,32,0.646
412,33,0.99
412,34,0.639
412,35,0.616
412,36,0.754
412,37,2.191
412,38,1.557
412,39,1.042
412,40,0.898
412,41,0.971
412,42,0.999
412,43,1.161
412,44,1.372
412,45,1.781
412,46,1.065
412,47,0.9
412,48,0.939
413,1,0.719
413,2,0.361
413,3,0.107
413,4,0.098
413,5,0.127
413,6,0.274
413,7,0.17
413,8,0.101
413,9,0.107
413,10,0.101
413,11,0.153
413,12,0.268
413,13,0.139
413,14,0.11
413,15,0.178
413,16,0.545
413,17,1.257
413,18,0.357
413,19,0.096
413,20,0.105
413,21,0.103
413,22,0.085
413,23,0.254
413,24,0.207
413,25,0.102
413,26,0.089
413,27,0.114
413,28,0.4
413,29,2.175
413,30,1.268
413,31,1.232
413,32,0.526
413,33,0.512
413,34,0.86
413,35,2.099
413,36,2.853
413,37,1.055
413,38,0.7
413,39,0.799
413,40,0.963
413,41,0.908
413,42,1.096
413,43,4.424
413,44,1.887
413,45,1.012
413,46,1.141
413,47,0.94
413,48,0.768
414,1,0.189
414,2,0.119
414,3,0.225
414,4,0.246
414,5,0.106
414,6,0.106
414,7,0.098
414,8,0.09
414,9,0.246
414,10,0.22
414,11,0.089
414,12,0.076
414,13,0.094
414,14,0.115
414,15,0.322
414,16,0.332
414,17,0.564
414,18,0.191
414,19,0.107
414,20,0.163
414,21,0.254
414,22,0.129
414,23,0.109
414,24,0.108
414,25,0.096
414,26,0.193
414,27,0.272
414,28,0.109
414,29,0.103
414,30,0.807
414,31,0.904
414,32,0.915
414,33,0.997
414,34,0.543
414,35,0.642
414,36,0.469
414,37,0.56
414,38,1.624
414,39,2.339
414,40,2.939
414,41,1.972
414,42,1.442
414,43,1.167
414,44,3.042
414,45,1.96
414,46,0.899
414,47,0.858
414,48,0.759
415,1,0.207
415,2,0.094
415,3,0.102
415,4,0.151
415,5,0.231
415,6,0.12
415,7,0.088
415,8,0.07
415,9,0.075
415,10,0.256
415,11,0.162
415,12,0.067
415,13,0.079
415,14,0.104
415,15,0.241
415,16,0.371
415,17,0.559
415,18,0.17
415,19,0.069
415,20,0.109
415,21,0.244
415,22,0.121
415,23,0.061
415,24,0.077
415,25,0.083
415,26,0.444
415,27,0.281
415,28,0.231
415,29,0.437
415,30,0.397
415,31,1.006
415,32,0.816
415,33,0.691
415,34,0.543
415,35,0.617
415,36,0.632
415,37,1.495
415,38,0.874
415,39,0.753
415,40,5.302
415,41,2.594
415,42,2.158
415,43,0.906
415,44,1.404
415,45,3.715
415,46,2.594
415,47,0.734
415,48,0.677
