213,1,0.28
213,2,0.24
213,3,0.237
213,4,0.252
213,5,0.236
213,6,0.237
213,7,0.251
213,8,0.252
213,9,0.256
213,10,0.257
213,11,0.246
213,12,0.244
213,13,0.245
213,14,0.276
213,15,0.192
213,16,0.16
213,17,0.158
213,18,0.158
213,19,0.158
213,20,0.158
213,21,0.29
213,22,0.34
213,23,0.347
213,24,0.412
213,25,0.496
213,26,0.217
213,27,0.171
213,28,0.168
213,29,0.168
213,30,0.167
213,31,0.167
213,32,0.166
213,33,0.166
213,34,0.166
213,35,0.387
213,36,0.392
213,37,0.483
213,38,0.401
213,39,0.531
213,40,0.493
213,41,0.35
213,42,0.371
213,43,0.768
213,44,0.562
213,45,0.537
213,46,0.962
213,47,0.867
213,48,0.863
214,1,0.575
214,2,0.232
214,3,0.232
214,4,0.231
214,5,0.229
214,6,0.239
214,7,0.231
214,8,0.23
214,9,0.23
214,10,0.229
214,11,0.229
214,12,0.23
214,13,0.23
214,14,0.23
214,15,0.228
214,16,0.227
214,17,0.314
214,18,0.557
214,19,0.48
214,20,0.479
214,21,0.493
214,22,0.511
214,23,0.486
214,24,1.082
214,25,1.325
214,26,0.43
214,27,2.796
214,28,0.713
214,29,0.376
214,30,0.348
214,31,0.523
214,32,0.546
214,33,0.776
214,34,2.079
214,35,1.578
214,36,0.421
214,37,0.986
214,38,1.26
214,39,0.751
214,40,0.495
214,41,0.495
214,42,0.493
214,43,0.67
214,44,2.394
214,45,1.245
214,46,1.082
214,47,0.535
214,48,0.536
215,1,0.535
215,2,0.541
215,3,0.714
215,4,0.532
215,5,0.542
215,6,0.537
215,7,0.375
215,8,0.191
215,9,0.181
215,10,0.178
215,11,0.179
215,12,0.199
215,13,0.239
215,14,0.237
215,15,0.237
215,16,0.237
215,17,0.243
215,18,0.24
215,19,0.24
215,20,0.404
215,21,0.521
215,22,0.603
215,23,0.736
215,24,0.651
215,25,0.993
215,26,0.382
215,27,0.265
215,28,0.172
215,29,0.172
215,30,0.171
215,31,0.17
215,32,0.172
215,33,0.172
215,34,0.436
215,35,0.371
215,36,1.3
215,37,1.464
215,38,0.818
215,39,0.9
215,40,0.513
215,41,0.638
215,42,0.623
215,43,0.689
215,44,0.743
215,45,1.131
215,46,2.695
215,47,1.517
215,48,1.398
216,1,0.91
216,2,0.363
216,3,0.262
216,4,0.252
216,5,0.26
216,6,0.259
216,7,0.249
216,8,0.249
216,9,0.249
216,10,0.249
216,11,0.248
216,12,0.25
216,13,0.249
216,14,0.246
216,15,0.254
216,16,0.245
216,17,0.328
216,18,0.528
216,19,0.516
216,20,0.355
216,21,0.279
216,22,0.265
216,23,0.281
216,24,0.388
216,25,0.841
216,26,1.78
216,27,0.744
216,28,0.929
216,29,0.488
216,30,0.435
216,31,0.463
216,32,0.913
216,33,1.62
216,34,0.504
216,35,0.389
216,36,0.635
216,37,1.736
216,38,0.799
216,39,0.523
216,40,0.524
216,41,0.515
216,42,1.621
216,43,1.843
216,44,0.856
216,45,1.719
216,46,1.813
216,47,1.954
216,48,0.829
217,1,0.741
217,2,0.49
217,3,0.483
217,4,0.453
217,5,0.364
217,6,0.361
217,7,0.361
217,8,0.374
217,9,0.366
217,10,0.365
217,11,0.361
217,12,0.363
217,13,0.374
217,14,0.368
217,15,0.351
217,16,0.195
217,17,0.195
217,18,0.194
217,19,0.47
217,20,1.861
217,21,2.006
217,22,0.541
217,23,0.066
217,24,0.102
217,25,0.181
217,26,0.168
217,27,0.171
217,28,0.416
217,29,0.185
217,30,0.173
217,31,0.173
217,32,0.172
217,33,0.171
217,34,0.171
217,35,0.17
217,36,0.162
217,37,0.439
217,38,0.469
217,39,0.422
217,40,0.236
217,41,0.329
217,42,0.171
217,43,0.822
217,44,0.414
217,45,0.813
217,46,0.911
217,47,2.481
217,48,4.842
218,1,4.787
218,2,3.727
218,3,3.736
218,4,2.353
218,5,0.336
218,6,0.326
218,7,0.325
218,8,0.335
218,9,0.336
218,10,0.336
218,11,0.327
218,12,0.322
218,13,0.319
218,14,0.319
218,15,0.318
218,16,0.255
218,17,0.166
218,18,0.158
218,19,0.158
218,20,0.176
218,21,0.45
218,22,0.574
218,23,0.467
218,24,0.425
218,25,0.213
218,26,0.989
218,27,1.354
218,28,0.582
218,29,0.651
218,30,0.401
218,31,0.208
218,32,0.373
218,33,0.455
218,34,0.718
218,35,0.737
218,36,1.851
218,37,0.859
218,38,0.366
218,39,0.351
218,40,0.402
218,41,0.347
218,42,0.384
218,43,0.561
218,44,0.677
218,45,1.006
218,46,2.524
218,47,1.444
218,48,1.19
219,1,0.514
219,2,0.327
219,3,0.315
219,4,0.342
219,5,0.438
219,6,0.446
219,7,0.413
219,8,0.306
219,9,0.271
219,10,0.27
219,11,0.325
219,12,0.267
219,13,0.263
219,14,0.26
219,15,0.257
219,16,0.222
219,17,0.199
219,18,0.201
219,19,0.5
219,20,0.362
219,21,0.712
219,22,0.526
219,23,0.452
219,24,0.465
219,25,0.173
219,26,0.173
219,27,0.173
219,28,0.172
219,29,0.172
219,30,0.17
219,31,0.128
219,32,0.069
219,33,0.385
219,34,0.697
219,35,2.756
219,36,1.111
219,37,2.828
219,38,3.024
219,39,2.968
219,40,2.958
219,41,0.384
219,42,0.527
219,43,0.558
219,44,0.933
219,45,2.872
219,46,0.976
219,47,0.75
219,48,0.454
220,1,0.461
220,2,0.43
220,3,0.429
220,4,1.661
220,5,0.883
220,6,1.421
220,7,0.278
220,8,0.305
220,9,0.277
220,10,0.277
220,11,0.275
220,12,0.217
220,13,0.172
220,14,0.253
220,15,0.274
220,16,0.268
220,17,0.265
220,18,0.262
220,19,0.336
220,20,0.317
220,21,0.426
220,22,0.174
220,23,0.172
220,24,0.187
220,25,0.284
220,26,0.184
220,27,0.181
220,28,0.178
220,29,0.178
220,30,0.176
220,31,0.176
220,32,0.176
220,33,0.174
220,34,0.174
220,35,0.173
220,36,0.311
220,37,1.015
220,38,0.953
220,39,0.381
220,40,0.314
220,41,0.316
220,42,1.653
220,43,3.049
220,44,0.754
220,45,0.863
220,46,1.252
220,47,1.362
220,48,1.319
221,1,0.862
221,2,0.83
221,3,0.828
221,4,0.793
221,5,0.833
221,6,0.769
221,7,0.706
221,8,0.743
221,9,0.866
221,10,0.84
221,11,0.662
221,12,0.217
221,13,0.211
221,14,0.21
221,15,0.209
221,16,0.202
221,17,0.197
221,18,0.199
221,19,0.251
221,20,0.539
221,21,0.209
221,22,0.276
221,23,0.396
221,24,0.393
221,25,1.663
221,26,3.073
221,27,2.995
221,28,1.036
221,29,1.471
221,30,1.554
221,31,1.57
221,32,1.368
221,33,0.192
221,34,0.159
221,35,0.16
221,36,0.475
221,37,0.437
221,38,0.462
221,39,0.416
221,40,0.375
221,41,0.951
221,42,0.833
221,43,0.873
221,44,1.096
221,45,0.96
221,46,0.905
221,47,0.85
221,48,0.891
222,1,0.955
222,2,0.956
222,3,1.078
222,4,1.036
222,5,0.478
222,6,0.403
222,7,0.402
222,8,0.401
222,9,0.401
222,10,0.4
222,11,0.4
222,12,0.364
222,13,0.308
222,14,0.378
222,15,0.402
222,16,0.395
222,17,0.395
222,18,0.396
222,19,0.318
222,20,0.382
222,21,0.591
222,22,0.273
222,23,0.266
222,24,0.263
222,25,0.41
222,26,0.996
222,27,1.403
222,28,1.393
222,29,0.396
222,30,0.49
222,31,1.034
222,32,0.873
222,33,0.869
222,34,1.372
222,35,0.925
222,36,1.95
222,37,1.505
222,38,0.333
222,39,0.962
222,40,1.462
222,41,1.636
222,42,0.512
222,43,0.197
222,44,0.613
222,45,2.783
222,46,2.783
222,47,1.513
222,48,1.714
223,1,0.81
223,2,0.772
223,3,0.888
223,4,0.887
223,5,0.882
223,6,0.684
223,7,0.404
223,8,0.402
223,9,0.403
223,10,0.326
223,11,0.314
223,12,0.409
223,13,0.404
223,14,0.4
223,15,0.368
223,16,0.29
223,17,0.384
223,18,0.401
223,19,0.487
223,20,0.376
223,21,0.49
223,22,0.284
223,23,0.279
223,24,0.272
223,25,0.314
223,26,0.341
223,27,0.676
223,28,0.778
223,29,0.346
223,30,0.568
223,31,0.469
223,32,0.467
223,33,0.463
223,34,0.423
223,35,0.371
223,36,0.48
223,37,1.435
223,38,2.787
223,39,1.268
223,40,0.639
223,41,0.482
223,42,0.48
223,43,0.487
223,44,1.408
223,45,2.531
223,46,1.649
223,47,1.623
223,48,1.024
224,1,0.962
224,2,0.863
224,3,0.856
224,4,0.526
224,5,0.511
224,6,0.448
224,7,0.398
224,8,0.4
224,9,0.4
224,10,0.372
224,11,0.297
224,12,0.37
224,13,0.415
224,14,0.407
224,15,0.381
224,16,0.35
224,17,0.323
224,18,0.232
224,19,0.354
224,20,0.484
224,21,0.654
224,22,1.743
224,23,0.354
224,24,0.281
224,25,0.278
224,26,0.248
224,27,0.277
224,28,0.273
224,29,0.564
224,30,1.771
224,31,1.028
224,32,0.528
224,33,0.502
224,34,0.676
224,35,0.378
224,36,0.276
224,37,0.321
224,38,0.281
224,39,0.354
224,40,0.461
224,41,0.625
224,42,0.431
224,43,0.672
224,44,1.678
224,45,2.618
224,46,1.778
224,47,0.791
224,48,0.997
225,1,0.858
225,2,0.859
225,3,0.854
225,4,0.851
225,5,0.85
225,6,0.851
225,7,0.857
225,8,0.813
225,9,0.362
225,10,0.327
225,11,0.244
225,12,0.24
225,13,0.332
225,14,0.265
225,15,0.246
225,16,0.209
225,17,0.138
225,18,0.242
225,19,0.532
225,20,1.291
225,21,0.724
225,22,0.19
225,23,0.061
225,24,0.118
225,25,0.172
225,26,0.169
225,27,0.172
225,28,0.167
225,29,0.098
225,30,0.079
225,31,0.185
225,32,0.175
225,33,0.173
225,34,0.156
225,35,0.551
225,36,0.196
225,37,0.165
225,38,0.318
225,39,0.395
225,40,0.717
225,41,3.096
225,42,1.33
225,43,0.311
225,44,0.666
225,45,1.221
225,46,0.944
225,47,0.689
225,48,0.714
226,1,0.738
226,2,0.741
226,3,0.737
226,4,0.723
226,5,0.728
226,6,0.718
226,7,0.723
226,8,0.733
226,9,0.644
226,10,0.643
226,11,0.743
226,12,0.611
226,13,0.184
226,14,0.165
226,15,0.108
226,16,0.055
226,17,0.21
226,18,0.342
226,19,0.341
226,20,0.488
226,21,0.592
226,22,0.182
226,23,0.12
226,24,0.272
226,25,0.607
226,26,0.685
226,27,0.335
226,28,0.38
226,29,0.331
226,30,1.03
226,31,1.526
226,32,0.642
226,33,0.345
226,34,0.757
226,35,1.35
226,36,0.509
226,37,0.765
226,38,0.736
226,39,0.546
226,40,0.642
226,41,0.741
226,42,1.514
226,43,1.362
226,44,0.983
226,45,2.731
226,46,1.952
226,47,2.064
226,48,1.344
227,1,1.408
227,2,1.451
227,3,1.386
227,4,1.391
227,5,1.444
227,6,1.363
227,7,1.016
227,8,0.376
227,9,0.287
227,10,0.339
227,11,0.38
227,12,0.123
227,13,0.182
227,14,0.214
227,15,0.102
227,16,0.2
227,17,0.184
227,18,0.101
227,19,0.21
227,20,0.197
227,21,0.15
227,22,0.475
227,23,0.547
227,24,0.492
227,25,2.098
227,26,0.378
227,27,0.338
227,28,0.254
227,29,0.217
227,30,0.197
227,31,0.504
227,32,0.383
227,33,0.123
227,34,0.141
227,35,0.166
227,36,0.961
227,37,2.593
227,38,1.929
227,39,1.766
227,40,1.475
227,41,1.338
227,42,1.32
227,43,1.69
227,44,3.026
227,45,1.48
227,46,1.203
227,47,0.733
227,48,0.686
228,1,0.582
228,2,0.709
228,3,0.681
228,4,0.573
228,5,0.688
228,6,0.56
228,7,0.356
228,8,0.342
228,9,0.285
228,10,0.265
228,11,0.338
228,12,0.242
228,13,0.222
228,14,0.272
228,15,0.176
228,16,0.245
228,17,0.279
228,18,0.222
228,19,0.494
228,20,0.351
228,21,0.26
228,22,0.5
228,23,1.891
228,24,0.38
228,25,0.485
228,26,0.219
228,27,0.182
228,28,0.327
228,29,0.758
228,30,1.449
228,31,0.763
228,32,0.404
228,33,1.286
228,34,0.496
228,35,0.448
228,36,0.765
228,37,0.413
228,38,0.363
228,39,0.44
228,40,0.49
228,41,0.421
228,42,0.642
228,43,0.871
228,44,1.243
228,45,3.23
228,46,1.725
228,47,0.475
228,48,0.283
229,1,0.424
229,2,0.442
229,3,0.299
229,4,0.401
229,5,0.399
229,6,0.326
229,7,0.383
229,8,0.393
229,9,0.292
229,10,0.529
229,11,0.572
229,12,0.539
229,13,0.67
229,14,0.264
229,15,0.092
229,16,0.18
229,17,0.105
229,18,0.114
229,19,0.177
229,20,0.152
229,21,0.273
229,22,0.176
229,23,0.068
229,24,1.452
229,25,3.445
229,26,2.189
229,27,0.304
229,28,1.587
229,29,0.303
229,30,0.285
229,31,0.143
229,32,0.108
229,33,0.195
229,34,0.125
229,35,0.124
229,36,0.415
229,37,0.877
229,38,0.452
229,39,0.356
229,40,0.132
229,41,0.255
229,42,0.358
229,43,0.772
229,44,0.768
229,45,0.753
229,46,0.622
229,47,0.64
229,48,0.694
230,1,0.582
230,2,0.678
230,3,0.663
230,4,0.58
230,5,0.682
230,6,0.645
230,7,0.652
230,8,0.781
230,9,0.608
230,10,0.613
230,11,0.706
230,12,0.602
230,13,0.644
230,14,0.664
230,15,0.555
230,16,0.657
230,17,0.612
230,18,0.363
230,19,0.212
230,20,0.08
230,21,0.121
230,22,0.16
230,23,0.053
230,24,1.85
230,25,2.972
230,26,1.634
230,27,0.974
230,28,0.7
230,29,1.0
230,30,0.3
230,31,0.154
230,32,0.286
230,33,0.173
230,34,0.097
230,35,0.109
230,36,0.168
230,37,1.299
230,38,0.849
230,39,0.398
230,40,0.347
230,41,0.374
230,42,0.772
230,43,0.704
230,44,2.371
230,45,1.81
230,46,0.772
230,47,0.648
230,48,0.659
231,1,0.641
231,2,0.657
231,3,0.68
231,4,0.554
231,5,0.605
231,6,0.661
231,7,0.653
231,8,0.661
231,9,0.664
231,10,0.655
231,11,0.656
231,12,0.654
231,13,0.654
231,14,0.561
231,15,0.584
231,16,0.639
231,17,0.256
231,18,0.162
231,19,0.152
231,20,2.299
231,21,0.918
231,22,0.163
231,23,0.16
231,24,0.583
231,25,1.469
231,26,1.182
231,27,1.411
231,28,3.49
231,29,1.918
231,30,1.223
231,31,0.861
231,32,0.391
231,33,0.341
231,34,0.207
231,35,0.425
231,36,0.299
231,37,0.271
231,38,0.535
231,39,0.357
231,40,0.344
231,41,0.58
231,42,0.6
231,43,2.371
231,44,1.704
231,45,0.598
231,46,0.494
231,47,0.587
231,48,0.624
232,1,0.683
232,2,0.57
232,3,0.569
232,4,0.567
232,5,0.618
232,6,0.542
232,7,0.478
232,8,0.591
232,9,0.582
232,10,0.556
232,11,0.565
232,12,0.456
232,13,0.549
232,14,0.564
232,15,0.552
232,16,0.555
232,17,0.478
232,18,0.516
232,19,0.567
232,20,0.74
232,21,2.828
232,22,0.614
232,23,0.281
232,24,0.277
232,25,1.15
232,26,1.813
232,27,0.569
232,28,0.548
232,29,0.296
232,30,0.174
232,31,0.173
232,32,0.189
232,33,0.169
232,34,0.068
232,35,0.112
232,36,0.439
232,37,0.416
232,38,0.688
232,39,0.643
232,40,0.43
232,41,0.404
232,42,0.539
232,43,1.071
232,44,2.228
232,45,1.804
232,46,0.642
232,47,0.558
232,48,0.451
233,1,0.495
233,2,0.57
233,3,0.541
233,4,0.5
233,5,0.534
233,6,0.527
233,7,0.506
233,8,0.523
233,9,0.407
233,10,0.471
233,11,0.523
233,12,0.496
233,13,0.46
233,14,0.391
233,15,0.492
233,16,0.678
233,17,0.688
233,18,0.627
233,19,0.568
233,20,0.52
233,21,0.754
233,22,0.785
233,23,1.639
233,24,0.503
233,25,0.276
233,26,0.558
233,27,0.371
233,28,0.165
233,29,0.163
233,30,0.145
233,31,0.057
233,32,1.478
233,33,0.354
233,34,0.191
233,35,0.134
233,36,0.378
233,37,0.376
233,38,0.4
233,39,0.629
233,40,0.462
233,41,0.421
233,42,0.944
233,43,0.9
233,44,0.875
233,45,1.012
233,46,0.946
233,47,0.899
233,48,0.833
234,1,0.793
234,2,0.577
234,3,0.362
234,4,0.354
234,5,0.292
234,6,0.327
234,7,0.362
234,8,0.381
234,9,0.321
234,10,0.252
234,11,0.388
234,12,0.363
234,13,0.359
234,14,0.254
234,15,0.429
234,16,1.912
234,17,1.422
234,18,0.359
234,19,0.358
234,20,0.415
234,21,0.42
234,22,0.36
234,23,0.46
234,24,0.361
234,25,0.409
234,26,0.422
234,27,0.352
234,28,0.465
234,29,0.377
234,30,0.415
234,31,0.436
234,32,0.338
234,33,0.456
234,34,0.367
234,35,0.387
234,36,0.439
234,37,0.338
234,38,0.453
234,39,0.391
234,40,0.386
234,41,0.442
234,42,0.319
234,43,0.459
234,44,0.432
234,45,0.41
234,46,0.488
234,47,0.354
234,48,0.432
235,1,0.441
235,2,0.386
235,3,0.467
235,4,0.373
235,5,0.465
235,6,0.441
235,7,0.364
235,8,0.49
235,9,0.391
235,10,0.415
235,11,0.451
235,12,0.35
235,13,0.478
235,14,0.38
235,15,0.413
235,16,0.447
235,17,0.34
235,18,0.462
235,19,0.39
235,20,0.398
235,21,0.448
235,22,0.341
235,23,0.44
235,24,0.393
235,25,0.367
235,26,0.446
235,27,0.335
235,28,0.423
235,29,0.401
235,30,0.365
235,31,0.452
235,32,0.348
235,33,0.427
235,34,0.402
235,35,0.358
235,36,0.449
235,37,0.35
235,38,0.418
235,39,0.413
235,40,0.358
235,41,0.455
235,42,0.363
235,43,0.435
235,44,0.456
235,45,0.385
235,46,0.49
235,47,0.368
235,48,0.414
236,1,0.453
236,2,0.361
236,3,0.466
236,4,0.381
236,5,0.435
236,6,0.435
236,7,0.347
236,8,0.481
236,9,0.385
236,10,0.406
236,11,0.448
236,12,0.349
236,13,0.476
236,14,0.373
236,15,0.411
236,16,0.435
236,17,0.343
236,18,0.454
236,19,0.374
236,20,0.384
236,21,0.432
236,22,0.344
236,23,0.457
236,24,0.371
236,25,0.397
236,26,0.433
236,27,0.341
236,28,0.446
236,29,0.375
236,30,0.386
236,31,0.436
236,32,0.342
236,33,0.447
236,34,0.385
236,35,0.318
236,36,0.337
236,37,0.234
236,38,0.331
236,39,0.302
236,40,0.258
236,41,0.351
236,42,0.247
236,43,0.327
236,44,0.348
236,45,0.281
236,46,0.395
236,47,0.259
236,48,0.32
237,1,0.344
237,2,0.261
237,3,0.364
237,4,0.27
237,5,0.353
237,6,0.334
237,7,0.253
237,8,0.391
237,9,0.275
237,10,0.317
237,11,0.339
237,12,0.256
237,13,0.376
237,14,0.263
237,15,0.317
237,16,0.325
237,17,0.237
237,18,0.356
237,19,0.267
237,20,0.285
237,21,0.322
237,22,0.236
237,23,0.339
237,24,0.268
237,25,0.28
237,26,0.333
237,27,0.233
237,28,0.336
237,29,0.28
237,30,0.277
237,31,0.341
237,32,0.237
237,33,0.339
237,34,0.286
237,35,0.272
237,36,0.342
237,37,0.232
237,38,0.325
237,39,0.3
237,40,0.266
237,41,0.354
237,42,0.24
237,43,0.339
237,44,0.333
237,45,0.299
237,46,0.385
237,47,0.251
237,48,0.318
238,1,0.34
238,2,0.268
238,3,0.361
238,4,0.269
238,5,0.348
238,6,0.336
238,7,0.242
238,8,0.385
238,9,0.279
238,10,0.305
238,11,0.358
238,12,0.253
238,13,0.361
238,14,0.282
238,15,0.292
238,16,0.353
238,17,0.235
238,18,0.328
238,19,0.293
238,20,0.254
238,21,0.351
238,22,0.248
238,23,0.308
238,24,0.313
238,25,0.236
238,26,0.353
238,27,0.275
238,28,0.286
238,29,0.34
238,30,0.239
238,31,0.331
238,32,0.289
238,33,0.266
238,34,0.351
238,35,0.248
238,36,0.305
238,37,0.306
238,38,0.24
238,39,0.347
238,40,0.254
238,41,0.289
238,42,0.316
238,43,0.259
238,44,0.383
238,45,0.306
238,46,0.321
238,47,0.338
238,48,0.237
239,1,0.371
239,2,0.289
239,3,0.284
239,4,0.35
239,5,0.282
239,6,0.356
239,7,0.289
239,8,0.311
239,9,0.356
239,10,0.239
239,11,0.353
239,12,0.295
239,13,0.281
239,14,0.346
239,15,0.246
239,16,0.336
239,17,0.292
239,18,0.269
239,19,0.344
239,20,0.239
239,21,0.326
239,22,0.282
239,23,0.267
239,24,0.343
239,25,0.24
239,26,0.331
239,27,0.292
239,28,0.266
239,29,0.348
239,30,0.238
239,31,0.32
239,32,0.297
239,33,0.25
239,34,0.355
239,35,0.257
239,36,0.302
239,37,0.319
239,38,0.235
239,39,0.35
239,40,0.264
239,41,0.287
239,42,0.318
239,43,0.261
239,44,0.377
239,45,0.308
239,46,0.314
239,47,0.323
239,48,0.239
240,1,0.374
240,2,0.291
240,3,0.286
240,4,0.347
240,5,0.281
240,6,0.355
240,7,0.294
240,8,0.298
240,9,0.373
240,10,0.244
240,11,0.348
240,12,0.302
240,13,0.272
240,14,0.348
240,15,0.248
240,16,0.325
240,17,0.292
240,18,0.26
240,19,0.344
240,20,0.235
240,21,0.317
240,22,0.298
240,23,0.253
240,24,0.35
240,25,0.238
240,26,0.314
240,27,0.291
240,28,0.256
240,29,0.346
240,30,0.236
240,31,0.321
240,32,0.287
240,33,0.273
240,34,0.342
240,35,0.238
240,36,0.327
240,37,0.283
240,38,0.269
240,39,0.34
240,40,0.235
240,41,0.332
240,42,0.275
240,43,0.313
240,44,0.362
240,45,0.285
240,46,0.364
240,47,0.295
240,48,0.295
388,1,0.991
388,2,0.85
388,3,0.76
388,4,0.854
388,5,0.878
388,6,0.865
388,7,0.595
388,8,0.328
388,9,0.299
388,10,0.237
388,11,0.178
388,12,0.246
388,13,0.216
388,14,0.126
388,15,0.195
388,16,0.23
388,17,0.176
388,18,0.464
388,19,0.487
388,20,0.247
388,21,0.579
388,22,0.647
388,23,0.624
388,24,3.903
388,25,3.143
388,26,1.034
388,27,0.679
388,28,0.692
388,29,0.477
388,30,0.249
388,31,0.175
388,32,0.129
388,33,0.275
388,34,0.658
388,35,0.577
388,36,1.138
388,37,2.054
388,38,1.409
388,39,1.361
388,40,1.225
388,41,1.231
388,42,1.107
388,43,1.081
388,44,1.233
388,45,1.345
388,46,1.233
388,47,0.979
388,48,0.705
389,1,0.647
389,2,0.597
389,3,0.715
389,4,0.695
389,5,0.614
389,6,0.615
389,7,0.692
389,8,0.624
389,9,0.256
389,10,0.316
389,11,0.181
389,12,0.084
389,13,0.137
389,14,0.184
389,15,0.108
389,16,0.091
389,17,0.197
389,18,0.461
389,19,0.414
389,20,0.545
389,21,0.522
389,22,1.615
389,23,2.946
389,24,2.183
389,25,2.875
389,26,0.62
389,27,0.579
389,28,0.93
389,29,2.155
389,30,0.817
389,31,0.677
389,32,0.607
389,33,0.108
389,34,0.071
389,35,0.183
389,36,0.162
389,37,0.067
389,38,0.174
389,39,0.341
389,40,0.189
389,41,1.839
389,42,3.681
389,43,2.463
389,44,0.862
389,45,1.167
389,46,0.958
389,47,0.92
389,48,0.858
390,1,0.979
390,2,0.966
390,3,0.87
390,4,0.706
390,5,0.349
390,6,0.376
390,7,0.203
390,8,0.309
390,9,0.262
390,10,0.188
390,11,0.274
390,12,0.292
390,13,0.357
390,14,0.536
390,15,0.572
390,16,0.486
390,17,0.494
390,18,0.862
390,19,0.17
390,20,0.063
390,21,0.123
390,22,0.173
390,23,0.089
390,24,0.079
390,25,0.211
390,26,0.291
390,27,0.211
390,28,0.272
390,29,2.531
390,30,0.893
390,31,1.11
390,32,0.174
390,33,0.296
390,34,0.625
390,35,0.813
390,36,1.15
390,37,1.101
390,38,0.793
390,39,0.66
390,40,0.566
390,41,0.453
390,42,0.559
390,43,1.364
390,44,1.247
390,45,0.959
390,46,0.767
390,47,0.519
390,48,0.456
391,1,0.559
391,2,0.555
391,3,0.456
391,4,0.497
391,5,0.598
391,6,0.642
391,7,0.458
391,8,0.578
391,9,0.523
391,10,0.332
391,11,0.326
391,12,0.305
391,13,0.337
391,14,0.365
391,15,0.324
391,16,0.234
391,17,0.295
391,18,1.095
391,19,0.22
391,20,0.108
391,21,0.63
391,22,0.622
391,23,0.402
391,24,0.432
391,25,0.53
391,26,0.435
391,27,0.476
391,28,0.809
391,29,0.405
391,30,0.617
391,31,0.759
391,32,0.535
391,33,1.32
391,34,3.034
391,35,0.957
391,36,1.211
391,37,0.954
391,38,1.011
391,39,1.109
391,40,2.86
391,41,1.633
391,42,2.483
391,43,1.311
391,44,0.979
391,45,0.795
391,46,0.87
391,47,0.781
391,48,0.715
392,1,0.506
392,2,0.328
392,3,0.31
392,4,0.201
392,5,0.27
392,6,0.4
392,7,0.173
392,8,0.289
392,9,0.196
392,10,0.232
392,11,0.254
392,12,0.169
392,13,0.426
392,14,0.349
392,15,0.474
392,16,0.492
392,17,0.53
392,18,0.911
392,19,0.315
392,20,0.274
392,21,0.321
392,22,0.224
392,23,0.327
392,24,0.254
392,25,0.319
392,26,0.489
392,27,0.382
392,28,0.436
392,29,0.158
392,30,0.16
392,31,1.003
392,32,1.281
392,33,0.637
392,34,0.677
392,35,0.896
392,36,1.185
392,37,1.046
392,38,1.163
392,39,1.299
392,40,1.763
392,41,1.569
392,42,1.353
392,43,1.34
392,44,1.135
392,45,1.05
392,46,0.909
392,47,0.849
392,48,0.837
393,1,0.905
393,2,0.806
393,3,0.893
393,4,0.841
393,5,0.88
393,6,1.031
393,7,0.797
393,8,0.528
393,9,0.307
393,10,0.327
393,11,0.376
393,12,0.269
393,13,0.506
393,14,0.438
393,15,0.647
393,16,0.624
393,17,0.535
393,18,0.85
393,19,2.17
393,20,0.901
393,21,1.022
393,22,0.164
393,23,0.276
393,24,0.188
393,25,0.262
393,26,0.404
393,27,0.319
393,28,0.395
393,29,0.176
393,30,0.24
393,31,0.218
393,32,0.066
393,33,0.802
393,34,0.367
393,35,0.32
393,36,0.677
393,37,1.01
393,38,1.339
393,39,1.269
393,40,1.203
393,41,0.887
393,42,1.135
393,43,2.226
393,44,5.335
393,45,1.481
393,46,1.078
393,47,0.996
393,48,0.921
394,1,0.79
394,2,0.86
394,3,0.85
394,4,0.786
394,5,0.547
394,6,0.35
394,7,0.227
394,8,0.266
394,9,0.171
394,10,0.278
394,11,0.2
394,12,0.235
394,13,0.37
394,14,0.277
394,15,0.35
394,16,0.224
394,17,0.348
394,18,0.454
394,19,0.255
394,20,0.16
394,21,0.173
394,22,0.189
394,23,0.132
394,24,0.224
394,25,0.147
394,26,0.384
394,27,0.349
394,28,0.763
394,29,0.618
394,30,2.862
394,31,0.954
394,32,0.434
394,33,0.579
394,34,1.569
394,35,0.906
394,36,1.014
394,37,0.771
394,38,0.814
394,39,0.988
394,40,1.463
394,41,1.911
394,42,1.058
394,43,1.324
394,44,2.915
394,45,1.644
394,46,1.928
394,47,0.854
394,48,0.961
395,1,0.847
395,2,0.945
395,3,0.888
395,4,0.9
395,5,0.916
395,6,0.874
395,7,0.949
395,8,0.469
395,9,0.343
395,10,0.139
395,11,0.149
395,12,0.109
395,13,0.133
395,14,0.145
395,15,0.078
395,16,0.174
395,17,0.066
395,18,0.179
395,19,0.451
395,20,0.655
395,21,0.547
395,22,0.341
395,23,0.493
395,24,0.41
395,25,1.077
395,26,0.528
395,27,0.565
395,28,0.708
395,29,0.685
395,30,0.664
395,31,0.528
395,32,0.496
395,33,0.451
395,34,0.575
395,35,0.529
395,36,0.962
395,37,1.324
395,38,1.178
395,39,2.76
395,40,0.991
395,41,0.742
395,42,0.769
395,43,0.675
395,44,1.139
395,45,2.996
395,46,1.512
395,47,1.812
395,48,0.97
396,1,1.0
396,2,0.932
396,3,1.026
396,4,0.914
396,5,1.022
396,6,0.928
396,7,1.012
396,8,0.97
396,9,0.997
396,10,0.963
396,11,0.563
396,12,0.55
396,13,0.516
396,14,0.461
396,15,0.239
396,16,0.26
396,17,0.072
396,18,0.174
396,19,0.164
396,20,0.485
396,21,0.537
396,22,0.564
396,23,1.15
396,24,2.958
396,25,1.867
396,26,0.856
396,27,3.433
396,28,1.18
396,29,0.653
396,30,0.574
396,31,0.471
396,32,0.665
396,33,0.549
396,34,0.799
396,35,0.558
396,36,0.693
396,37,1.473
396,38,2.715
396,39,1.592
396,40,0.885
396,41,0.853
396,42,1.141
396,43,1.558
396,44,1.099
396,45,0.894
396,46,0.827
396,47,0.773
396,48,0.873
397,1,0.811
397,2,0.843
397,3,0.835
397,4,0.761
397,5,0.374
397,6,0.225
397,7,0.209
397,8,0.086
397,9,0.171
397,10,0.123
397,11,0.136
397,12,0.149
397,13,0.228
397,14,0.287
397,15,0.526
397,16,0.646
397,17,0.482
397,18,0.481
397,19,0.163
397,20,0.105
397,21,0.155
397,22,0.068
397,23,0.189
397,24,0.081
397,25,0.193
397,26,0.277
397,27,0.246
397,28,1.028
397,29,1.57
397,30,1.585
397,31,0.189
397,32,1.135
397,33,2.056
397,34,0.712
397,35,0.847
397,36,0.876
397,37,0.956
397,38,2.241
397,39,1.562
397,40,1.0
397,41,0.914
397,42,0.995
397,43,1.076
397,44,1.159
397,45,1.218
397,46,0.917
397,47,0.793
397,48,0.825
398,1,0.722
398,2,0.808
398,3,0.743
398,4,0.333
398,5,0.285
398,6,0.368
398,7,0.278
398,8,0.192
398,9,0.402
398,10,0.304
398,11,0.409
398,12,0.315
398,13,0.516
398,14,0.431
398,15,0.401
398,16,0.5
398,17,0.45
398,18,0.587
398,19,0.103
398,20,0.119
398,21,0.131
398,22,0.091
398,23,0.163
398,24,0.062
398,25,0.176
398,26,0.072
398,27,0.149
398,28,0.419
398,29,0.305
398,30,0.274
398,31,0.39
398,32,0.552
398,33,0.629
398,34,0.619
398,35,0.679
398,36,1.079
398,37,1.313
398,38,1.166
398,39,1.088
398,40,1.265
398,41,1.199
398,42,1.2
398,43,2.072
398,44,1.562
398,45,1.027
398,46,1.024
398,47,0.934
398,48,0.996
399,1,0.952
399,2,0.961
399,3,0.932
399,4,0.379
399,5,0.31
399,6,0.326
399,7,0.297
399,8,0.175
399,9,0.268
399,10,0.228
399,11,0.532
399,12,0.457
399,13,0.436
399,14,0.414
399,15,0.299
399,16,0.36
399,17,0.268
399,18,1.319
399,19,1.468
399,20,1.763
399,21,0.404
399,22,0.192
399,23,0.138
399,24,0.077
399,25,0.204
399,26,0.22
399,27,0.594
399,28,0.552
399,29,0.282
399,30,0.394
399,31,0.648
399,32,0.577
399,33,0.628
399,34,0.669
399,35,0.635
399,36,0.613
399,37,0.608
399,38,0.7
399,39,0.827
399,40,0.892
399,41,1.063
399,42,0.986
399,43,1.044
399,44,1.144
399,45,1.143
399,46,1.024
399,47,0.772
399,48,0.856
400,1,0.833
400,2,0.557
400,3,0.12
400,4,0.227
400,5,0.161
400,6,0.373
400,7,0.135
400,8,0.211
400,9,0.14
400,10,0.198
400,11,0.147
400,12,0.193
400,13,0.278
400,14,0.266
400,15,0.315
400,16,0.497
400,17,0.462
400,18,0.605
400,19,0.382
400,20,0.271
400,21,0.304
400,22,0.257
400,23,0.303
400,24,0.254
400,25,0.344
400,26,0.416
400,27,0.455
400,28,0.716
400,29,1.628
400,30,0.3
400,31,0.361
400,32,0.568
400,33,0.615
400,34,0.067
400,35,0.174
400,36,0.399
400,37,1.061
400,38,1.615
400,39,1.325
400,40,1.355
400,41,1.797
400,42,2.888
400,43,1.991
400,44,2.809
400,45,0.987
400,46,0.961
400,47,0.864
400,48,0.862
401,1,0.752
401,2,0.519
401,3,0.159
401,4,0.194
401,5,0.116
401,6,0.304
401,7,0.16
401,8,0.061
401,9,0.192
401,10,0.133
401,11,0.091
401,12,0.184
401,13,0.214
401,14,0.239
401,15,0.416
401,16,0.465
401,17,0.546
401,18,0.85
401,19,0.231
401,20,0.069
401,21,0.156
401,22,0.099
401,23,0.126
401,24,0.127
401,25,0.128
401,26,0.313
401,27,0.21
401,28,1.936
401,29,1.784
401,30,0.233
401,31,0.108
401,32,0.341
401,33,1.954
401,34,0.494
401,35,0.509
401,36,0.592
401,37,1.405
401,38,1.1
401,39,1.525
401,40,1.02
401,41,2.151
401,42,1.186
401,43,1.206
401,44,0.94
401,45,0.926
401,46,0.693
401,47,0.863
401,48,1.066
402,1,1.007
402,2,0.919
402,3,0.911
402,4,0.907
402,5,0.85
402,6,0.725
402,7,0.242
402,8,0.227
402,9,0.173
402,10,0.161
402,11,0.241
402,12,0.211
402,13,0.122
402,14,0.227
402,15,0.227
402,16,0.141
402,17,0.18
402,18,0.332
402,19,0.468
402,20,0.535
402,21,2.21
402,22,1.15
402,23,1.551
402,24,0.327
402,25,0.31
402,26,3.234
402,27,0.936
402,28,0.863
402,29,0.593
402,30,0.474
402,31,0.261
402,32,0.502
402,33,0.401
402,34,0.353
402,35,0.203
402,36,0.183
402,37,1.612
402,38,2.305
402,39,2.038
402,40,2.076
402,41,2.053
402,42,2.023
402,43,1.708
402,44,1.665
402,45,1.718
402,46,0.898
402,47,0.765
402,48,0.791
403,1,0.693
403,2,0.752
403,3,0.715
403,4,0.716
403,5,0.762
403,6,0.78
403,7,0.863
403,8,0.679
403,9,0.707
403,10,0.626
403,11,0.643
403,12,0.491
403,13,0.96
403,14,0.743
403,15,0.562
403,16,0.656
403,17,0.371
403,18,0.515
403,19,0.423
403,20,0.525
403,21,0.477
403,22,0.63
403,23,0.95
403,24,0.534
403,25,0.534
403,26,0.432
403,27,0.548
403,28,0.794
403,29,0.606
403,30,0.505
403,31,0.407
403,32,1.271
403,33,1.832
403,34,1.23
403,35,0.907
403,36,0.717
403,37,0.947
403,38,2.176
403,39,1.832
403,40,2.663
403,41,0.781
403,42,0.786
403,43,0.851
403,44,1.209
403,45,1.616
403,46,1.035
403,47,1.059
403,48,0.925
404,1,1.009
404,2,0.664
404,3,0.405
404,4,0.258
404,5,0.237
404,6,0.431
404,7,0.189
404,8,0.247
404,9,0.098
404,10,0.179
404,11,0.118
404,12,0.117
404,13,0.302
404,14,0.175
404,15,0.379
404,16,0.266
404,17,0.377
404,18,0.526
404,19,0.138
404,20,0.097
404,21,0.103
404,22,0.127
404,23,0.072
404,24,0.161
404,25,0.089
404,26,0.328
404,27,0.22
404,28,0.245
404,29,0.125
404,30,0.091
404,31,0.655
404,32,2.245
404,33,2.198
404,34,0.428
404,35,0.928
404,36,1.351
404,37,1.087
404,38,1.381
404,39,1.378
404,40,1.271
404,41,1.281
404,42,0.955
404,43,3.578
404,44,2.408
404,45,1.707
404,46,2.329
404,47,0.891
404,48,0.834
405,1,0.871
405,2,0.884
405,3,1.091
405,4,0.993
405,5,0.974
405,6,0.87
405,7,0.664
405,8,0.732
405,9,0.214
405,10,0.25
405,11,0.264
405,12,0.193
405,13,0.422
405,14,0.286
405,15,0.255
405,16,0.25
405,17,0.272
405,18,0.775
405,19,0.336
405,20,0.363
405,21,0.286
405,22,0.382
405,23,0.453
405,24,0.579
405,25,0.393
405,26,0.263
405,27,0.311
405,28,0.204
405,29,0.732
405,30,0.281
405,31,0.497
405,32,1.16
405,33,1.235
405,34,1.746
405,35,0.479
405,36,0.846
405,37,1.114
405,38,1.05
405,39,1.223
405,40,0.958
405,41,0.996
405,42,1.122
405,43,0.949
405,44,2.612
405,45,2.703
405,46,2.172
405,47,1.442
405,48,0.993
406,1,0.962
406,2,0.975
406,3,0.963
406,4,0.573
406,5,0.415
406,6,0.448
406,7,0.409
406,8,0.29
406,9,0.402
406,10,0.349
406,11,0.354
406,12,0.359
406,13,0.456
406,14,0.462
406,15,0.323
406,16,0.385
406,17,0.613
406,18,0.945
406,19,0.18
406,20,0.121
406,21,0.132
406,22,0.095
406,23,0.157
406,24,0.068
406,25,0.221
406,26,0.234
406,27,0.287
406,28,0.202
406,29,0.421
406,30,0.233
406,31,0.091
406,32,1.312
406,33,1.531
406,34,0.616
406,35,0.255
406,36,0.345
406,37,0.806
406,38,0.665
406,39,0.872
406,40,1.497
406,41,2.819
406,42,1.115
406,43,1.369
406,44,1.182
406,45,1.476
406,46,1.09
406,47,0.944
406,48,1.022
407,1,0.91
407,2,1.137
407,3,1.047
407,4,0.974
407,5,0.252
407,6,0.276
407,7,0.168
407,8,0.108
407,9,0.191
407,10,0.086
407,11,0.194
407,12,0.081
407,13,0.307
407,14,0.199
407,15,0.251
407,16,0.317
407,17,0.28
407,18,0.355
407,19,1.963
407,20,0.791
407,21,0.891
407,22,0.151
407,23,0.081
407,24,0.125
407,25,0.145
407,26,0.264
407,27,0.264
407,28,0.308
407,29,0.563
407,30,0.16
407,31,0.316
407,32,1.039
407,33,0.382
407,34,0.142
407,35,0.083
407,36,0.354
407,37,0.748
407,38,2.498
407,39,1.469
407,40,1.178
407,41,1.098
407,42,1.022
407,43,1.284
407,44,4.187
407,45,0.97
407,46,0.946
407,47,0.84
407,48,0.864
408,1,0.896
408,2,0.815
408,3,0.933
408,4,0.829
408,5,0.919
408,6,0.452
408,7,0.231
408,8,0.292
408,9,0.192
408,10,0.31
408,11,0.208
408,12,0.265
408,13,0.369
408,14,0.307
408,15,0.467
408,16,0.47
408,17,0.502
408,18,0.569
408,19,0.285
408,20,0.315
408,21,0.228
408,22,0.348
408,23,0.239
408,24,0.31
408,25,0.314
408,26,0.435
408,27,0.461
408,28,0.212
408,29,0.176
408,30,0.086
408,31,0.391
408,32,0.159
408,33,1.013
408,34,1.581
408,35,1.359
408,36,1.299
408,37,1.699
408,38,1.461
408,39,1.284
408,40,1.208
408,41,1.386
408,42,1.197
408,43,1.812
408,44,1.953
408,45,1.654
408,46,1.702
408,47,1.742
408,48,2.108
409,1,0.72
409,2,0.801
409,3,0.735
409,4,0.974
409,5,0.959
409,6,0.961
409,7,0.988
409,8,0.392
409,9,0.341
409,10,0.177
409,11,0.246
409,12,0.152
409,13,0.198
409,14,0.186
409,15,0.177
409,16,0.237
409,17,0.134
409,18,0.283
409,19,0.53
409,20,0.575
409,21,0.564
409,22,0.554
409,23,0.692
409,24,0.779
409,25,1.45
409,26,1.8
409,27,2.286
409,28,0.741
409,29,0.602
409,30,0.249
409,31,0.702
409,32,0.756
409,33,0.775
409,34,0.671
409,35,0.414
409,36,0.275
409,37,1.288
409,38,0.779
409,39,1.185
409,40,1.102
409,41,0.915
409,42,1.007
409,43,1.105
409,44,1.144
409,45,2.144
409,46,2.122
409,47,2.244
409,48,0.91
410,1,0.302
410,2,0.273
410,3,0.172
410,4,0.282
410,5,0.208
410,6,0.259
410,7,0.236
410,8,0.121
410,9,0.166
410,10,0.078
410,11,0.197
410,12,0.082
410,13,0.158
410,14,0.116
410,15,0.116
410,16,0.163
410,17,0.065
410,18,0.197
410,19,0.286
410,20,0.519
410,21,0.483
410,22,0.48
410,23,0.519
410,24,0.596
410,25,0.712
410,26,0.547
410,27,0.47
410,28,2.011
410,29,1.103
410,30,0.91
410,31,0.602
410,32,0.656
410,33,0.658
410,34,0.782
410,35,0.521
410,36,0.457
410,37,0.65
410,38,0.919
410,39,0.791
410,40,1.095
410,41,0.971
410,42,1.049
410,43,0.83
410,44,0.853
410,45,0.967
410,46,1.083
410,47,1.306
410,48,2.137
411,1,0.966
411,2,0.314
411,3,0.236
411,4,0.233
411,5,0.451
411,6,0.31
411,7,0.184
411,8,0.17
411,9,0.169
411,10,0.168
411,11,0.168
411,12,0.167
411,13,0.166
411,14,0.166
411,15,0.169
411,16,0.166
411,17,0.166
411,18,0.293
411,19,0.667
411,20,0.609
411,21,0.495
411,22,0.486
411,23,0.661
411,24,1.096
411,25,0.541
411,26,0.655
411,27,0.646
411,28,1.632
411,29,1.248
411,30,1.013
411,31,0.489
411,32,0.483
411,33,0.506
411,34,0.599
411,35,3.605
411,36,3.028
411,37,2.142
411,38,1.39
411,39,3.296
411,40,1.881
411,41,2.271
411,42,1.667
411,43,1.318
411,44,1.515
411,45,1.184
411,46,0.554
411,47,0.463
411,48,0.514
412,1,0.593
412,2,0.593
412,3,0.508
412,4,0.179
412,5,0.203
412,6,0.312
412,7,0.166
412,8,0.166
412,9,0.166
412,10,0.166
412,11,0.166
412,12,0.166
412,13,0.291
412,14,0.241
412,15,0.163
412,16,0.163
412,17,0.162
412,18,0.149
412,19,0.567
412,20,0.595
412,21,0.935
412,22,4.008
412,23,2.673
412,24,1.829
412,25,0.334
412,26,0.473
412,27,0.305
412,28,0.272
412,29,0.172
412,30,0.17
412,31,0.169
412,32,0.168
412,33,0.398
412,34,0.717
412,35,1.048
412,36,0.659
412,37,1.201
412,38,1.34
412,39,1.573
412,40,1.296
412,41,1.477
412,42,1.31
412,43,1.568
412,44,1.256
412,45,2.007
412,46,2.03
412,47,2.195
412,48,0.889
413,1,0.696
413,2,0.701
413,3,0.621
413,4,0.564
413,5,0.594
413,6,0.458
413,7,0.294
413,8,0.294
413,9,0.291
413,10,0.279
413,11,0.279
413,12,0.28
413,13,0.423
413,14,0.371
413,15,0.288
413,16,0.285
413,17,0.298
413,18,0.648
413,19,0.185
413,20,0.154
413,21,0.155
413,22,0.155
413,23,0.155
413,24,0.154
413,25,0.201
413,26,0.254
413,27,0.202
413,28,0.163
413,29,0.825
413,30,0.483
413,31,0.753
413,32,2.622
413,33,1.187
413,34,0.561
413,35,0.518
413,36,0.525
413,37,1.256
413,38,1.212
413,39,1.306
413,40,1.547
413,41,1.314
413,42,1.527
413,43,1.516
413,44,2.73
413,45,3.352
413,46,3.104
413,47,0.798
413,48,0.772
414,1,0.762
414,2,0.743
414,3,0.744
414,4,0.741
414,5,0.783
414,6,0.885
414,7,0.743
414,8,0.744
414,9,0.744
414,10,0.744
414,11,0.725
414,12,0.495
414,13,0.434
414,14,0.349
414,15,0.21
414,16,0.162
414,17,0.106
414,18,0.561
414,19,0.364
414,20,0.346
414,21,0.337
414,22,0.334
414,23,0.332
414,24,0.331
414,25,0.402
414,26,0.577
414,27,0.371
414,28,0.624
414,29,0.519
414,30,0.383
414,31,0.798
414,32,1.652
414,33,1.183
414,34,0.345
414,35,0.256
414,36,0.279
414,37,0.6
414,38,1.322
414,39,1.174
414,40,1.302
414,41,1.456
414,42,1.232
414,43,1.2
414,44,1.376
414,45,0.941
414,46,1.689
414,47,2.039
414,48,2.192
415,1,0.865
415,2,0.832
415,3,0.837
415,4,0.828
415,5,0.866
415,6,0.96
415,7,0.821
415,8,0.696
415,9,0.416
415,10,0.369
415,11,0.253
415,12,0.252
415,13,0.367
415,14,0.311
415,15,0.211
415,16,0.14
415,17,0.199
415,18,0.613
415,19,0.298
415,20,0.174
415,21,0.171
415,22,0.17
415,23,0.169
415,24,0.166
415,25,0.201
415,26,0.334
415,27,0.86
415,28,1.755
415,29,0.665
415,30,0.447
415,31,0.406
415,32,1.526
415,33,1.519
415,34,1.68
415,35,1.575
415,36,1.618
415,37,0.803
415,38,1.148
415,39,0.811
415,40,0.783
415,41,0.799
415,42,0.916
415,43,0.797
415,44,0.84
415,45,1.009
415,46,0.69
415,47,0.839
415,48,0.82
