213,1,0.256
213,2,0.114
213,3,0.134
213,4,0.187
213,5,0.121
213,6,0.115
213,7,0.115
213,8,0.239
213,9,0.362
213,10,0.284
213,11,0.277
213,12,0.276
213,13,0.246
213,14,0.216
213,15,0.119
213,16,0.115
213,17,0.114
213,18,0.76
213,19,0.198
213,20,0.936
213,21,1.25
213,22,0.285
213,23,0.278
213,24,0.347
213,25,0.298
213,26,0.764
213,27,0.336
213,28,0.306
213,29,0.584
213,30,0.521
213,31,0.218
213,32,0.22
213,33,1.378
213,34,0.473
213,35,0.322
213,36,0.271
213,37,0.272
213,38,0.297
213,39,0.341
213,40,0.307
213,41,0.175
213,42,0.166
213,43,0.162
213,44,0.186
213,45,0.13
213,46,0.114
213,47,0.114
213,48,0.322
214,1,0.357
214,2,0.281
214,3,0.277
214,4,0.276
214,5,0.335
214,6,0.307
214,7,0.115
214,8,0.115
214,9,0.115
214,10,0.185
214,11,0.145
214,12,0.115
214,13,0.114
214,14,0.224
214,15,0.36
214,16,0.302
214,17,0.273
214,18,0.268
214,19,0.228
214,20,0.181
214,21,0.14
214,22,0.112
214,23,0.145
214,24,0.118
214,25,0.173
214,26,0.196
214,27,0.294
214,28,0.278
214,29,0.275
214,30,0.338
214,31,0.315
214,32,0.27
214,33,0.27
214,34,0.27
214,35,0.335
214,36,0.31
214,37,0.129
214,38,0.113
214,39,0.113
214,40,0.189
214,41,0.145
214,42,0.113
214,43,0.171
214,44,0.3
214,45,0.349
214,46,0.292
214,47,0.271
214,48,0.27
215,1,0.257
215,2,0.186
215,3,0.122
215,4,0.155
215,5,0.128
215,6,0.145
215,7,0.185
215,8,0.114
215,9,0.293
215,10,0.29
215,11,0.322
215,12,0.341
215,13,0.278
215,14,0.276
215,15,0.177
215,16,0.159
215,17,0.169
215,18,0.114
215,19,0.112
215,20,0.111
215,21,0.158
215,22,0.256
215,23,0.289
215,24,0.277
215,25,0.272
215,26,0.323
215,27,0.323
215,28,0.778
215,29,0.214
215,30,0.265
215,31,0.28
215,32,0.219
215,33,0.27
215,34,1.678
215,35,0.35
215,36,0.907
215,37,0.707
215,38,0.325
215,39,0.312
215,40,0.352
215,41,0.288
215,42,0.275
215,43,0.357
215,44,0.387
215,45,0.351
215,46,0.307
215,47,0.281
215,48,0.181
216,1,0.147
216,2,0.188
216,3,0.303
216,4,0.289
216,5,0.284
216,6,0.34
216,7,0.331
216,8,0.278
216,9,0.236
216,10,0.116
216,11,0.19
216,12,0.145
216,13,0.122
216,14,0.142
216,15,0.141
216,16,0.187
216,17,0.177
216,18,0.297
216,19,0.284
216,20,0.754
216,21,0.345
216,22,0.275
216,23,0.273
216,24,0.271
216,25,0.327
216,26,0.233
216,27,0.114
216,28,0.114
216,29,0.601
216,30,0.187
216,31,0.27
216,32,0.164
216,33,0.345
216,34,0.513
216,35,1.16
216,36,0.456
216,37,0.696
216,38,0.465
216,39,0.437
216,40,0.435
216,41,0.44
216,42,0.855
216,43,1.608
216,44,1.002
216,45,1.159
216,46,1.33
216,47,0.824
216,48,0.596
217,1,0.406
217,2,0.127
217,3,0.195
217,4,0.159
217,5,0.117
217,6,0.117
217,7,0.121
217,8,0.312
217,9,0.33
217,10,0.282
217,11,0.278
217,12,0.277
217,13,0.348
217,14,0.25
217,15,0.142
217,16,0.214
217,17,0.568
217,18,0.439
217,19,0.261
217,20,0.204
217,21,0.705
217,22,0.78
217,23,0.373
217,24,1.19
217,25,0.895
217,26,0.303
217,27,0.351
217,28,0.323
217,29,0.598
217,30,0.302
217,31,0.523
217,32,0.462
217,33,0.382
217,34,1.969
217,35,0.722
217,36,0.544
217,37,0.564
217,38,0.334
217,39,2.431
217,40,0.416
217,41,0.504
217,42,0.438
217,43,2.345
217,44,1.313
217,45,1.637
217,46,0.79
217,47,0.795
217,48,0.484
218,1,0.386
218,2,0.197
218,3,0.186
218,4,0.159
218,5,0.133
218,6,0.12
218,7,0.187
218,8,0.311
218,9,0.3
218,10,0.34
218,11,0.519
218,12,0.358
218,13,0.308
218,14,0.274
218,15,0.197
218,16,0.12
218,17,0.191
218,18,0.151
218,19,0.116
218,20,0.115
218,21,0.227
218,22,0.928
218,23,1.375
218,24,0.459
218,25,0.472
218,26,0.482
218,27,0.858
218,28,0.451
218,29,0.394
218,30,0.302
218,31,0.268
218,32,0.23
218,33,0.222
218,34,0.166
218,35,0.212
218,36,0.29
218,37,0.279
218,38,0.458
218,39,1.441
218,40,0.791
218,41,0.274
218,42,0.271
218,43,0.306
218,44,0.34
218,45,0.301
218,46,0.171
218,47,0.427
218,48,0.679
219,1,0.244
219,2,0.126
219,3,0.115
219,4,0.243
219,5,0.34
219,6,0.348
219,7,0.277
219,8,0.275
219,9,0.273
219,10,0.18
219,11,0.168
219,12,0.113
219,13,0.113
219,14,0.144
219,15,0.173
219,16,0.163
219,17,0.198
219,18,0.292
219,19,0.28
219,20,0.676
219,21,0.335
219,22,0.607
219,23,1.112
219,24,0.546
219,25,0.512
219,26,0.445
219,27,0.348
219,28,0.643
219,29,0.271
219,30,0.237
219,31,0.414
219,32,0.454
219,33,0.727
219,34,0.443
219,35,2.057
219,36,0.793
219,37,0.678
219,38,0.615
219,39,0.446
219,40,0.35
219,41,0.307
219,42,1.767
219,43,0.578
219,44,0.773
219,45,1.122
219,46,1.239
219,47,1.442
219,48,1.116
220,1,1.504
220,2,0.642
220,3,0.637
220,4,0.284
220,5,0.239
220,6,0.195
220,7,0.15
220,8,0.118
220,9,0.118
220,10,0.147
220,11,0.318
220,12,0.31
220,13,0.285
220,14,0.281
220,15,0.27
220,16,0.187
220,17,0.121
220,18,0.444
220,19,0.182
220,20,0.193
220,21,0.641
220,22,0.487
220,23,0.447
220,24,0.399
220,25,0.496
220,26,0.461
220,27,1.301
220,28,0.56
220,29,0.492
220,30,0.401
220,31,0.403
220,32,0.454
220,33,0.422
220,34,0.689
220,35,0.593
220,36,2.245
220,37,0.507
220,38,0.703
220,39,1.177
220,40,1.768
220,41,0.856
220,42,0.846
220,43,0.848
220,44,0.801
220,45,0.934
220,46,1.102
220,47,0.581
220,48,0.465
221,1,0.585
221,2,0.61
221,3,0.588
221,4,0.718
221,5,0.419
221,6,0.357
221,7,0.365
221,8,0.289
221,9,0.286
221,10,0.284
221,11,0.335
221,12,0.351
221,13,0.238
221,14,0.117
221,15,0.116
221,16,0.147
221,17,0.187
221,18,0.141
221,19,0.134
221,20,0.33
221,21,0.392
221,22,1.049
221,23,1.341
221,24,0.48
221,25,3.345
221,26,0.718
221,27,0.426
221,28,0.887
221,29,0.814
221,30,0.257
221,31,0.569
221,32,0.504
221,33,1.669
221,34,0.935
221,35,0.554
221,36,0.417
221,37,0.78
221,38,0.517
221,39,0.857
221,40,0.794
221,41,0.829
221,42,0.662
221,43,0.712
221,44,0.746
221,45,0.762
221,46,0.828
221,47,0.319
221,48,0.36
222,1,0.401
222,2,0.418
222,3,0.319
222,4,0.222
222,5,0.118
222,6,0.168
222,7,0.19
222,8,0.125
222,9,0.149
222,10,0.252
222,11,0.348
222,12,0.349
222,13,0.281
222,14,0.262
222,15,0.182
222,16,0.36
222,17,0.341
222,18,0.274
222,19,0.147
222,20,0.115
222,21,0.543
222,22,0.465
222,23,0.271
222,24,1.157
222,25,1.252
222,26,0.479
222,27,0.51
222,28,0.763
222,29,0.331
222,30,0.23
222,31,0.194
222,32,0.247
222,33,0.267
222,34,0.95
222,35,0.437
222,36,0.629
222,37,0.475
222,38,1.064
222,39,1.054
222,40,0.277
222,41,0.276
222,42,0.318
222,43,0.214
222,44,0.196
222,45,0.117
222,46,0.116
222,47,0.324
222,48,0.562
223,1,0.535
223,2,0.509
223,3,0.323
223,4,0.356
223,5,0.295
223,6,0.231
223,7,0.119
223,8,0.168
223,9,0.182
223,10,0.12
223,11,0.119
223,12,0.229
223,13,0.347
223,14,0.328
223,15,0.28
223,16,0.161
223,17,0.115
223,18,0.172
223,19,0.164
223,20,0.429
223,21,0.167
223,22,0.306
223,23,0.36
223,24,0.269
223,25,0.205
223,26,0.301
223,27,0.298
223,28,0.554
223,29,0.635
223,30,0.35
223,31,0.264
223,32,0.369
223,33,1.362
223,34,0.485
223,35,0.482
223,36,1.817
223,37,0.456
223,38,0.414
223,39,0.327
223,40,0.275
223,41,0.273
223,42,0.257
223,43,0.211
223,44,0.45
223,45,0.339
223,46,0.332
223,47,0.434
223,48,0.609
224,1,0.503
224,2,0.498
224,3,0.545
224,4,0.512
224,5,0.273
224,6,0.219
224,7,0.295
224,8,0.319
224,9,0.35
224,10,0.186
224,11,0.116
224,12,0.115
224,13,0.167
224,14,0.182
224,15,0.116
224,16,0.276
224,17,0.284
224,18,0.341
224,19,0.326
224,20,0.384
224,21,0.414
224,22,0.154
224,23,0.189
224,24,0.125
224,25,0.152
224,26,0.297
224,27,0.697
224,28,2.083
224,29,0.418
224,30,0.773
224,31,0.275
224,32,0.17
224,33,0.189
224,34,0.165
224,35,0.4
224,36,0.416
224,37,0.292
224,38,0.38
224,39,0.308
224,40,0.284
224,41,0.281
224,42,0.332
224,43,0.344
224,44,0.297
224,45,0.471
224,46,0.288
224,47,0.351
224,48,0.371
225,1,0.295
225,2,0.409
225,3,0.368
225,4,0.352
225,5,0.329
225,6,0.278
225,7,0.217
225,8,0.133
225,9,0.192
225,10,0.139
225,11,0.117
225,12,0.116
225,13,0.259
225,14,0.362
225,15,0.208
225,16,0.248
225,17,0.289
225,18,0.319
225,19,0.339
225,20,0.484
225,21,0.115
225,22,1.6
225,23,0.174
225,24,0.162
225,25,0.13
225,26,0.299
225,27,0.285
225,28,0.853
225,29,0.387
225,30,0.278
225,31,0.142
225,32,0.119
225,33,0.189
225,34,0.585
225,35,1.53
225,36,0.683
225,37,0.502
225,38,0.422
225,39,0.3
225,40,0.273
225,41,0.209
225,42,0.305
225,43,0.289
225,44,0.314
225,45,0.281
225,46,0.364
225,47,0.277
225,48,0.297
226,1,0.285
226,2,0.282
226,3,0.34
226,4,0.328
226,5,0.27
226,6,0.121
226,7,0.117
226,8,0.189
226,9,0.152
226,10,0.118
226,11,0.121
226,12,0.308
226,13,0.363
226,14,0.305
226,15,0.248
226,16,0.115
226,17,0.123
226,18,0.19
226,19,0.136
226,20,0.115
226,21,0.846
226,22,0.386
226,23,0.315
226,24,0.314
226,25,0.265
226,26,0.651
226,27,0.693
226,28,0.472
226,29,0.361
226,30,0.341
226,31,0.201
226,32,0.276
226,33,0.251
226,34,0.207
226,35,0.556
226,36,0.728
226,37,0.522
226,38,0.296
226,39,0.276
226,40,0.275
226,41,0.34
226,42,0.197
226,43,0.321
226,44,0.346
226,45,0.422
226,46,0.416
226,47,0.542
226,48,0.514
227,1,0.446
227,2,0.305
227,3,0.352
227,4,0.294
227,5,0.13
227,6,0.169
227,7,0.132
227,8,0.193
227,9,0.152
227,10,0.221
227,11,0.303
227,12,0.321
227,13,0.359
227,14,0.297
227,15,0.28
227,16,0.277
227,17,0.22
227,18,0.186
227,19,0.169
227,20,0.593
227,21,0.136
227,22,0.191
227,23,0.292
227,24,0.286
227,25,0.987
227,26,0.775
227,27,0.516
227,28,0.438
227,29,0.436
227,30,0.453
227,31,0.362
227,32,0.732
227,33,0.212
227,34,0.485
227,35,0.54
227,36,0.345
227,37,0.306
227,38,0.301
227,39,0.291
227,40,0.354
227,41,0.342
227,42,0.288
227,43,0.405
227,44,0.435
227,45,0.529
227,46,0.5
227,47,0.306
227,48,0.27
228,1,0.112
228,2,0.186
228,3,0.158
228,4,0.111
228,5,0.259
228,6,0.295
228,7,0.349
228,8,0.299
228,9,0.269
228,10,0.267
228,11,0.136
228,12,0.182
228,13,0.12
228,14,0.11
228,15,0.141
228,16,0.151
228,17,0.18
228,18,0.135
228,19,0.293
228,20,0.833
228,21,1.496
228,22,0.31
228,23,0.426
228,24,0.384
228,25,0.268
228,26,0.458
228,27,0.412
228,28,0.524
228,29,1.19
228,30,0.185
228,31,0.235
228,32,0.285
228,33,0.296
228,34,0.362
228,35,0.399
228,36,0.349
228,37,0.318
228,38,0.168
228,39,0.21
228,40,0.24
228,41,0.184
228,42,0.167
228,43,0.241
228,44,0.347
228,45,0.323
228,46,0.355
228,47,0.334
228,48,0.33
229,1,0.381
229,2,0.391
229,3,0.328
229,4,0.171
229,5,0.171
229,6,0.231
229,7,0.223
229,8,0.172
229,9,0.172
229,10,0.353
229,11,0.406
229,12,0.38
229,13,0.332
229,14,0.328
229,15,0.192
229,16,0.232
229,17,0.21
229,18,0.166
229,19,0.165
229,20,0.164
229,21,0.374
229,22,0.383
229,23,0.322
229,24,0.325
229,25,0.28
229,26,0.323
229,27,0.403
229,28,0.333
229,29,0.33
229,30,0.327
229,31,0.242
229,32,0.236
229,33,0.169
229,34,0.169
229,35,0.168
229,36,0.272
229,37,0.418
229,38,0.341
229,39,0.33
229,40,0.329
229,41,0.393
229,42,0.389
229,43,0.206
229,44,0.168
229,45,0.167
229,46,0.22
229,47,0.238
229,48,0.242
230,1,0.352
230,2,0.341
230,3,0.397
230,4,0.402
230,5,0.334
230,6,0.277
230,7,0.284
230,8,0.41
230,9,0.383
230,10,0.327
230,11,0.296
230,12,0.174
230,13,0.246
230,14,0.206
230,15,0.172
230,16,0.172
230,17,0.186
230,18,0.365
230,19,0.365
230,20,0.328
230,21,0.328
230,22,0.353
230,23,0.4
230,24,0.192
230,25,0.17
230,26,0.17
230,27,0.662
230,28,0.226
230,29,0.248
230,30,0.395
230,31,0.383
230,32,1.22
230,33,1.179
230,34,0.764
230,35,0.816
230,36,0.619
230,37,0.482
230,38,0.33
230,39,0.267
230,40,0.176
230,41,0.119
230,42,0.185
230,43,0.209
230,44,0.446
230,45,0.323
230,46,0.393
230,47,0.525
230,48,0.523
231,1,0.431
231,2,0.269
231,3,0.301
231,4,0.237
231,5,0.124
231,6,0.11
231,7,0.11
231,8,0.16
231,9,0.18
231,10,0.223
231,11,0.286
231,12,0.277
231,13,0.333
231,14,0.329
231,15,0.247
231,16,0.164
231,17,0.125
231,18,0.174
231,19,0.811
231,20,0.336
231,21,0.263
231,22,0.479
231,23,0.38
231,24,0.323
231,25,0.274
231,26,0.272
231,27,0.282
231,28,0.343
231,29,0.321
231,30,0.265
231,31,0.265
231,32,0.275
231,33,0.218
231,34,0.163
231,35,0.106
231,36,0.428
231,37,0.459
231,38,0.242
231,39,0.303
231,40,0.28
231,41,0.272
231,42,0.291
231,43,0.47
231,44,0.391
231,45,0.228
231,46,0.395
231,47,0.465
231,48,0.51
232,1,0.371
232,2,0.267
232,3,0.209
232,4,0.111
232,5,0.189
232,6,0.156
232,7,0.111
232,8,0.111
232,9,0.115
232,10,0.37
232,11,0.323
232,12,0.274
232,13,0.271
232,14,0.272
232,15,0.29
232,16,0.146
232,17,0.106
232,18,0.106
232,19,0.106
232,20,0.18
232,21,0.165
232,22,0.776
232,23,0.382
232,24,0.328
232,25,0.328
232,26,0.187
232,27,0.288
232,28,0.77
232,29,0.457
232,30,0.372
232,31,0.155
232,32,0.107
232,33,0.215
232,34,0.808
232,35,0.857
232,36,0.446
232,37,0.332
232,38,0.348
232,39,0.336
232,40,0.267
232,41,0.267
232,42,0.208
232,43,0.241
232,44,0.215
232,45,0.169
232,46,0.394
232,47,0.483
232,48,0.598
233,1,0.558
233,2,0.272
233,3,0.298
233,4,0.261
233,5,0.112
233,6,0.132
233,7,0.138
233,8,0.155
233,9,0.161
233,10,0.107
233,11,0.274
233,12,0.282
233,13,0.32
233,14,0.318
233,15,0.238
233,16,0.106
233,17,0.105
233,18,0.14
233,19,1.487
233,20,1.574
233,21,0.277
233,22,0.395
233,23,0.308
233,24,0.335
233,25,0.266
233,26,0.293
233,27,0.689
233,28,0.181
233,29,0.135
233,30,0.176
233,31,0.121
233,32,0.206
233,33,0.349
233,34,0.276
233,35,0.232
233,36,0.178
233,37,0.322
233,38,0.334
233,39,0.264
233,40,0.26
233,41,0.163
233,42,0.166
233,43,0.146
233,44,0.101
233,45,0.102
233,46,0.102
233,47,0.592
233,48,0.611
234,1,0.485
234,2,0.452
234,3,0.256
234,4,0.177
234,5,0.117
234,6,0.103
234,7,0.103
234,8,0.121
234,9,0.177
234,10,0.255
234,11,0.275
234,12,0.267
234,13,0.277
234,14,0.241
234,15,0.11
234,16,0.142
234,17,0.114
234,18,0.099
234,19,0.17
234,20,0.138
234,21,0.287
234,22,0.76
234,23,0.271
234,24,0.341
234,25,0.284
234,26,0.264
234,27,1.064
234,28,0.815
234,29,0.524
234,30,0.456
234,31,0.496
234,32,0.341
234,33,0.342
234,34,0.218
234,35,0.417
234,36,0.537
234,37,0.338
234,38,0.268
234,39,0.28
234,40,0.272
234,41,0.27
234,42,0.372
234,43,0.53
234,44,0.494
234,45,0.413
234,46,0.379
234,47,0.413
234,48,0.364
235,1,0.373
235,2,0.343
235,3,0.388
235,4,0.349
235,5,0.279
235,6,0.275
235,7,0.273
235,8,0.333
235,9,0.318
235,10,0.268
235,11,0.266
235,12,0.131
235,13,0.176
235,14,0.147
235,15,0.108
235,16,0.108
235,17,0.107
235,18,0.176
235,19,0.245
235,20,0.28
235,21,0.815
235,22,0.398
235,23,0.668
235,24,1.498
235,25,0.618
235,26,0.674
235,27,0.504
235,28,1.078
235,29,0.626
235,30,0.26
235,31,0.126
235,32,0.142
235,33,0.178
235,34,0.458
235,35,0.191
235,36,0.104
235,37,0.258
235,38,0.348
235,39,0.278
235,40,0.266
235,41,0.264
235,42,0.304
235,43,0.328
235,44,0.114
235,45,0.105
235,46,0.105
235,47,0.151
235,48,0.175
236,1,0.107
236,2,0.19
236,3,0.285
236,4,0.319
236,5,0.331
236,6,0.266
236,7,0.191
236,8,0.246
236,9,0.323
236,10,0.328
236,11,0.222
236,12,0.107
236,13,0.107
236,14,0.14
236,15,0.169
236,16,0.104
236,17,0.104
236,18,0.105
236,19,0.295
236,20,0.347
236,21,0.277
236,22,0.265
236,23,0.261
236,24,0.26
236,25,0.329
236,26,0.266
236,27,0.104
236,28,0.103
236,29,0.103
236,30,0.156
236,31,0.163
236,32,0.104
236,33,0.279
236,34,0.27
236,35,0.307
236,36,0.236
236,37,0.267
236,38,0.27
236,39,0.264
236,40,0.31
236,41,0.331
236,42,0.244
236,43,0.105
236,44,0.104
236,45,0.152
236,46,0.174
236,47,0.106
236,48,0.105
237,1,0.198
237,2,0.326
237,3,0.34
237,4,0.271
237,5,0.267
237,6,0.265
237,7,0.231
237,8,0.171
237,9,0.107
237,10,0.107
237,11,0.107
237,12,0.138
237,13,0.176
237,14,0.145
237,15,0.282
237,16,0.263
237,17,0.174
237,18,0.346
237,19,0.286
237,20,0.263
237,21,0.263
237,22,0.26
237,23,0.316
237,24,0.3
237,25,0.116
237,26,0.452
237,27,0.439
237,28,0.2
237,29,0.205
237,30,0.171
237,31,0.295
237,32,0.345
237,33,0.412
237,34,3.615
237,35,0.911
237,36,0.78
237,37,0.365
237,38,0.328
237,39,0.267
237,40,0.261
237,41,0.26
237,42,0.253
237,43,0.17
237,44,0.108
237,45,0.124
237,46,0.14
237,47,0.328
237,48,0.331
238,1,0.508
238,2,0.361
238,3,0.282
238,4,0.343
238,5,0.293
238,6,0.17
238,7,0.11
238,8,0.133
238,9,0.187
238,10,0.125
238,11,0.109
238,12,0.125
238,13,0.313
238,14,0.347
238,15,0.278
238,16,0.265
238,17,0.261
238,18,0.268
238,19,0.494
238,20,0.482
238,21,0.298
238,22,1.376
238,23,0.465
238,24,0.174
238,25,0.195
238,26,0.246
238,27,0.166
238,28,0.596
238,29,0.378
238,30,0.309
238,31,0.265
238,32,0.261
238,33,0.266
238,34,0.404
238,35,0.673
238,36,0.217
238,37,0.166
238,38,0.186
238,39,0.16
238,40,0.111
238,41,0.111
238,42,0.193
238,43,0.519
238,44,0.474
238,45,0.436
238,46,0.433
238,47,0.459
238,48,0.328
239,1,0.128
239,2,0.11
239,3,0.11
239,4,0.146
239,5,0.179
239,6,0.109
239,7,0.135
239,8,0.107
239,9,0.189
239,10,0.355
239,11,0.278
239,12,0.271
239,13,0.271
239,14,0.309
239,15,0.324
239,16,0.219
239,17,0.105
239,18,0.105
239,19,0.14
239,20,0.564
239,21,0.124
239,22,1.254
239,23,0.222
239,24,0.415
239,25,0.437
239,26,0.375
239,27,0.413
239,28,0.927
239,29,0.535
239,30,0.328
239,31,0.457
239,32,0.189
239,33,0.207
239,34,0.206
239,35,0.327
239,36,0.205
239,37,0.151
239,38,0.175
239,39,0.251
239,40,0.308
239,41,0.28
239,42,0.271
239,43,0.416
239,44,0.547
239,45,0.486
239,46,0.485
239,47,0.495
239,48,0.195
240,1,0.118
240,2,0.108
240,3,0.109
240,4,0.118
240,5,0.183
240,6,0.13
240,7,0.288
240,8,0.277
240,9,0.27
240,10,0.318
240,11,0.319
240,12,0.12
240,13,0.106
240,14,0.106
240,15,0.105
240,16,0.169
240,17,0.175
240,18,0.104
240,19,0.441
240,20,0.327
240,21,0.304
240,22,0.334
240,23,0.26
240,24,0.254
240,25,0.252
240,26,0.252
240,27,0.168
240,28,0.168
240,29,0.107
240,30,0.097
240,31,0.098
240,32,0.097
240,33,0.158
240,34,0.308
240,35,0.266
240,36,0.258
240,37,0.253
240,38,0.288
240,39,0.198
240,40,0.11
240,41,0.098
240,42,0.097
240,43,0.11
240,44,0.768
240,45,0.36
240,46,0.408
240,47,0.442
240,48,0.504
388,1,0.341
388,2,0.193
388,3,0.232
388,4,0.198
388,5,0.197
388,6,0.196
388,7,0.238
388,8,0.367
388,9,0.266
388,10,0.196
388,11,0.226
388,12,0.195
388,13,0.198
388,14,0.19
388,15,0.229
388,16,0.318
388,17,0.274
388,18,0.203
388,19,0.214
388,20,0.197
388,21,0.225
388,22,0.711
388,23,0.198
388,24,0.192
388,25,0.366
388,26,0.396
388,27,1.283
388,28,0.603
388,29,0.522
388,30,0.386
388,31,0.331
388,32,0.232
388,33,0.22
388,34,0.58
388,35,1.012
388,36,0.897
388,37,0.783
388,38,0.57
388,39,0.493
388,40,0.496
388,41,0.384
388,42,0.382
388,43,0.396
388,44,0.554
388,45,0.398
388,46,0.353
388,47,0.251
388,48,0.187
389,1,0.208
389,2,0.244
389,3,0.198
389,4,0.219
389,5,0.377
389,6,0.403
389,7,0.369
389,8,0.358
389,9,0.354
389,10,0.245
389,11,0.197
389,12,0.194
389,13,0.195
389,14,0.222
389,15,0.194
389,16,0.192
389,17,0.191
389,18,0.217
389,19,0.352
389,20,0.305
389,21,0.192
389,22,0.958
389,23,0.215
389,24,0.199
389,25,0.199
389,26,2.28
389,27,0.244
389,28,2.645
389,29,0.63
389,30,0.567
389,31,0.418
389,32,0.36
389,33,0.291
389,34,0.312
389,35,0.232
389,36,0.099
389,37,0.244
389,38,0.287
389,39,0.274
389,40,0.266
389,41,0.286
389,42,0.122
389,43,0.101
389,44,0.1
389,45,0.126
389,46,0.1
389,47,0.1
389,48,0.101
390,1,0.102
390,2,0.13
390,3,0.103
390,4,0.104
390,5,0.102
390,6,0.103
390,7,0.135
390,8,0.272
390,9,0.265
390,10,0.115
390,11,0.138
390,12,0.111
390,13,0.101
390,14,0.1
390,15,0.101
390,16,0.1
390,17,0.101
390,18,0.1
390,19,0.099
390,20,0.1
390,21,0.099
390,22,0.099
390,23,0.099
390,24,0.099
390,25,0.258
390,26,0.267
390,27,0.263
390,28,0.257
390,29,0.252
390,30,0.098
390,31,0.098
390,32,0.098
390,33,0.098
390,34,0.146
390,35,0.824
390,36,0.547
390,37,0.696
390,38,0.973
390,39,0.553
390,40,0.185
390,41,0.215
390,42,0.328
390,43,0.355
390,44,0.32
390,45,0.316
390,46,0.25
390,47,0.161
390,48,0.183
391,1,0.163
391,2,0.161
391,3,0.162
391,4,0.163
391,5,0.164
391,6,0.191
391,7,0.165
391,8,0.164
391,9,0.148
391,10,0.101
391,11,0.101
391,12,0.128
391,13,0.099
391,14,0.24
391,15,0.258
391,16,0.166
391,17,0.096
391,18,0.098
391,19,0.096
391,20,0.095
391,21,0.134
391,22,0.095
391,23,0.096
391,24,1.322
391,25,1.141
391,26,0.472
391,27,0.279
391,28,0.353
391,29,0.456
391,30,0.441
391,31,0.429
391,32,0.441
391,33,0.419
391,34,0.281
391,35,1.461
391,36,1.335
391,37,1.006
391,38,1.025
391,39,1.444
391,40,1.593
391,41,0.344
391,42,0.501
391,43,0.595
391,44,0.444
391,45,0.349
391,46,0.361
391,47,1.968
391,48,1.766
392,1,0.196
392,2,0.262
392,3,0.21
392,4,0.299
392,5,0.419
392,6,0.404
392,7,0.384
392,8,0.362
392,9,0.202
392,10,0.2
392,11,0.227
392,12,0.194
392,13,0.192
392,14,0.22
392,15,0.207
392,16,0.305
392,17,0.354
392,18,0.227
392,19,0.188
392,20,0.191
392,21,0.189
392,22,0.222
392,23,0.629
392,24,0.431
392,25,0.474
392,26,0.234
392,27,0.201
392,28,0.204
392,29,0.226
392,30,0.203
392,31,0.237
392,32,0.221
392,33,0.294
392,34,1.044
392,35,0.713
392,36,0.737
392,37,0.548
392,38,0.384
392,39,0.392
392,40,0.395
392,41,0.379
392,42,0.445
392,43,0.437
392,44,0.559
392,45,0.423
392,46,0.371
392,47,0.454
392,48,0.401
393,1,0.212
393,2,0.19
393,3,0.357
393,4,0.237
393,5,0.191
393,6,0.191
393,7,0.187
393,8,0.216
393,9,0.19
393,10,0.31
393,11,0.265
393,12,0.269
393,13,0.188
393,14,0.188
393,15,0.19
393,16,0.215
393,17,0.191
393,18,0.335
393,19,0.997
393,20,0.398
393,21,2.091
393,22,0.385
393,23,0.653
393,24,0.227
393,25,0.193
393,26,0.191
393,27,0.581
393,28,0.232
393,29,0.362
393,30,0.296
393,31,0.297
393,32,0.308
393,33,0.299
393,34,0.351
393,35,0.97
393,36,0.745
393,37,0.455
393,38,0.354
393,39,0.314
393,40,0.401
393,41,0.718
393,42,0.411
393,43,0.598
393,44,0.56
393,45,0.535
393,46,0.536
393,47,0.354
393,48,0.188
394,1,0.246
394,2,0.225
394,3,0.194
394,4,0.195
394,5,0.232
394,6,0.368
394,7,0.233
394,8,0.229
394,9,0.206
394,10,0.196
394,11,0.197
394,12,0.196
394,13,0.356
394,14,0.265
394,15,0.194
394,16,0.189
394,17,0.186
394,18,0.217
394,19,0.187
394,20,0.933
394,21,0.3
394,22,0.29
394,23,0.2
394,24,0.19
394,25,0.19
394,26,0.221
394,27,0.191
394,28,0.35
394,29,0.368
394,30,0.392
394,31,0.349
394,32,0.62
394,33,0.248
394,34,0.355
394,35,1.152
394,36,0.773
394,37,0.547
394,38,0.375
394,39,0.479
394,40,0.543
394,41,0.727
394,42,0.282
394,43,0.277
394,44,0.297
394,45,0.32
394,46,0.282
394,47,0.343
394,48,0.476
395,1,0.287
395,2,0.517
395,3,0.462
395,4,0.188
395,5,0.189
395,6,0.189
395,7,0.222
395,8,0.305
395,9,0.366
395,10,0.362
395,11,0.356
395,12,0.354
395,13,0.189
395,14,0.19
395,15,0.188
395,16,0.212
395,17,0.187
395,18,0.187
395,19,0.185
395,20,0.731
395,21,0.237
395,22,0.236
395,23,0.377
395,24,0.323
395,25,0.204
395,26,0.418
395,27,0.28
395,28,0.281
395,29,0.386
395,30,1.307
395,31,0.299
395,32,0.294
395,33,0.3
395,34,0.387
395,35,0.594
395,36,0.557
395,37,1.259
395,38,0.758
395,39,0.437
395,40,0.329
395,41,0.399
395,42,0.461
395,43,0.425
395,44,0.417
395,45,0.434
395,46,0.33
395,47,0.283
395,48,0.365
396,1,0.264
396,2,0.202
396,3,0.202
396,4,0.219
396,5,0.218
396,6,0.203
396,7,0.202
396,8,0.22
396,9,0.24
396,10,0.37
396,11,0.25
396,12,0.263
396,13,0.217
396,14,0.203
396,15,0.2
396,16,0.199
396,17,0.227
396,18,0.198
396,19,0.201
396,20,0.252
396,21,0.374
396,22,1.134
396,23,0.374
396,24,0.329
396,25,2.122
396,26,0.235
396,27,0.98
396,28,1.271
396,29,0.434
396,30,0.307
396,31,2.524
396,32,3.885
396,33,0.488
396,34,0.386
396,35,1.007
396,36,0.131
396,37,0.132
396,38,0.104
396,39,0.105
396,40,0.103
396,41,0.164
396,42,0.184
396,43,0.273
396,44,0.271
396,45,0.295
396,46,0.239
396,47,0.104
396,48,0.104
397,1,0.105
397,2,0.133
397,3,0.107
397,4,0.106
397,5,0.104
397,6,0.104
397,7,0.104
397,8,0.104
397,9,0.104
397,10,0.122
397,11,0.114
397,12,0.105
397,13,0.235
397,14,0.265
397,15,0.189
397,16,0.103
397,17,0.104
397,18,0.103
397,19,0.103
397,20,0.102
397,21,0.101
397,22,0.139
397,23,0.103
397,24,0.102
397,25,0.102
397,26,0.102
397,27,0.102
397,28,0.103
397,29,0.103
397,30,0.103
397,31,0.103
397,32,0.203
397,33,0.271
397,34,0.264
397,35,0.258
397,36,0.251
397,37,0.169
397,38,0.1
397,39,0.101
397,40,0.102
397,41,0.103
397,42,0.103
397,43,0.103
397,44,0.103
397,45,0.102
397,46,0.103
397,47,0.102
397,48,0.103
398,1,0.104
398,2,0.105
398,3,0.137
398,4,0.105
398,5,0.103
398,6,0.103
398,7,0.103
398,8,0.129
398,9,0.274
398,10,0.271
398,11,0.287
398,12,0.276
398,13,0.258
398,14,0.202
398,15,0.105
398,16,0.103
398,17,0.102
398,18,0.103
398,19,0.103
398,20,0.101
398,21,0.102
398,22,0.133
398,23,0.102
398,24,0.103
398,25,0.104
398,26,0.385
398,27,0.487
398,28,0.176
398,29,0.407
398,30,0.288
398,31,0.298
398,32,0.207
398,33,0.442
398,34,0.57
398,35,0.544
398,36,0.446
398,37,1.166
398,38,0.838
398,39,0.525
398,40,0.369
398,41,0.366
398,42,0.384
398,43,0.496
398,44,0.495
398,45,0.58
398,46,0.664
398,47,0.507
398,48,0.563
399,1,0.184
399,2,0.108
399,3,0.109
399,4,0.109
399,5,0.149
399,6,0.109
399,7,0.215
399,8,0.252
399,9,0.148
399,10,0.109
399,11,0.108
399,12,0.118
399,13,0.165
399,14,0.108
399,15,0.108
399,16,0.108
399,17,0.175
399,18,0.327
399,19,0.305
399,20,0.825
399,21,0.326
399,22,0.212
399,23,2.003
399,24,0.287
399,25,0.239
399,26,0.266
399,27,0.394
399,28,0.304
399,29,0.294
399,30,0.577
399,31,0.296
399,32,0.299
399,33,0.315
399,34,0.198
399,35,0.31
399,36,1.034
399,37,0.74
399,38,0.894
399,39,0.627
399,40,0.347
399,41,0.366
399,42,0.375
399,43,0.376
399,44,0.432
399,45,0.356
399,46,0.385
399,47,0.173
399,48,0.109
400,1,0.11
400,2,0.111
400,3,0.112
400,4,0.194
400,5,0.22
400,6,0.108
400,7,0.108
400,8,0.108
400,9,0.137
400,10,0.108
400,11,0.107
400,12,0.234
400,13,0.172
400,14,0.112
400,15,0.108
400,16,0.107
400,17,0.153
400,18,0.239
400,19,0.203
400,20,0.348
400,21,1.082
400,22,0.384
400,23,0.265
400,24,0.368
400,25,0.368
400,26,0.386
400,27,0.357
400,28,0.204
400,29,0.217
400,30,0.207
400,31,0.207
400,32,0.388
400,33,0.539
400,34,0.714
400,35,1.498
400,36,0.862
400,37,1.04
400,38,0.454
400,39,0.41
400,40,0.367
400,41,0.369
400,42,0.366
400,43,0.534
400,44,0.405
400,45,0.302
400,46,0.341
400,47,0.114
400,48,0.111
401,1,0.112
401,2,0.192
401,3,0.24
401,4,0.221
401,5,0.288
401,6,0.279
401,7,0.216
401,8,0.11
401,9,0.142
401,10,0.11
401,11,0.109
401,12,0.109
401,13,0.141
401,14,0.108
401,15,0.14
401,16,0.276
401,17,0.197
401,18,0.246
401,19,0.211
401,20,0.629
401,21,0.493
401,22,0.216
401,23,0.21
401,24,2.364
401,25,0.358
401,26,0.195
401,27,0.199
401,28,0.202
401,29,0.776
401,30,0.205
401,31,0.202
401,32,0.294
401,33,0.327
401,34,0.44
401,35,0.402
401,36,0.774
401,37,0.544
401,38,0.501
401,39,1.453
401,40,0.367
401,41,0.343
401,42,0.414
401,43,0.526
401,44,0.363
401,45,1.282
401,46,0.289
401,47,0.11
401,48,0.11
402,1,0.126
402,2,0.128
402,3,0.245
402,4,0.132
402,5,0.108
402,6,0.138
402,7,0.109
402,8,0.109
402,9,0.111
402,10,0.139
402,11,0.208
402,12,0.175
402,13,0.149
402,14,0.115
402,15,0.13
402,16,0.107
402,17,0.144
402,18,0.21
402,19,0.523
402,20,0.614
402,21,0.378
402,22,0.364
402,23,0.257
402,24,0.199
402,25,0.203
402,26,0.211
402,27,1.419
402,28,0.334
402,29,0.359
402,30,0.609
402,31,0.489
402,32,0.374
402,33,0.335
402,34,0.339
402,35,0.701
402,36,0.968
402,37,0.657
402,38,0.6
402,39,0.392
402,40,0.357
402,41,0.41
402,42,0.415
402,43,0.349
402,44,0.347
402,45,0.347
402,46,0.447
402,47,0.431
402,48,0.465
403,1,0.291
403,2,0.293
403,3,0.253
403,4,0.264
403,5,0.267
403,6,0.275
403,7,0.248
403,8,0.155
403,9,0.274
403,10,0.113
403,11,0.139
403,12,0.108
403,13,0.108
403,14,0.108
403,15,0.128
403,16,0.114
403,17,0.143
403,18,0.305
403,19,0.312
403,20,0.229
403,21,0.196
403,22,0.201
403,23,0.233
403,24,0.2
403,25,0.218
403,26,0.647
403,27,0.3
403,28,0.643
403,29,0.498
403,30,2.058
403,31,0.72
403,32,0.587
403,33,0.414
403,34,0.689
403,35,0.317
403,36,0.103
403,37,0.103
403,38,0.15
403,39,0.282
403,40,0.146
403,41,0.105
403,42,0.136
403,43,0.105
403,44,0.106
403,45,0.106
403,46,0.138
403,47,0.107
403,48,0.242
404,1,0.184
404,2,0.135
404,3,0.111
404,4,0.144
404,5,0.108
404,6,0.136
404,7,0.107
404,8,0.105
404,9,0.106
404,10,0.227
404,11,0.272
404,12,0.27
404,13,0.232
404,14,0.135
404,15,0.107
404,16,0.106
404,17,0.105
404,18,0.105
404,19,0.131
404,20,0.104
404,21,0.104
404,22,0.104
404,23,0.103
404,24,0.131
404,25,0.262
404,26,0.229
404,27,0.104
404,28,0.103
404,29,0.106
404,30,0.129
404,31,0.104
404,32,0.115
404,33,0.124
404,34,0.105
404,35,0.131
404,36,0.1
404,37,0.1
404,38,0.102
404,39,0.247
404,40,0.147
404,41,0.131
404,42,0.104
404,43,0.102
404,44,0.104
404,45,0.105
404,46,0.104
404,47,0.104
404,48,0.133
405,1,0.105
405,2,0.156
405,3,0.229
405,4,0.107
405,5,0.107
405,6,0.107
405,7,0.106
405,8,0.135
405,9,0.106
405,10,0.107
405,11,0.106
405,12,0.106
405,13,0.127
405,14,0.118
405,15,0.263
405,16,0.125
405,17,0.123
405,18,0.111
405,19,0.103
405,20,0.104
405,21,0.103
405,22,0.103
405,23,0.103
405,24,0.128
405,25,0.591
405,26,2.065
405,27,0.377
405,28,0.284
405,29,0.283
405,30,0.266
405,31,0.269
405,32,0.248
405,33,0.249
405,34,0.887
405,35,0.605
405,36,0.451
405,37,0.35
405,38,0.483
405,39,0.442
405,40,0.44
405,41,0.506
405,42,0.425
405,43,0.437
405,44,0.626
405,45,0.517
405,46,0.487
405,47,0.463
405,48,0.164
406,1,0.109
406,2,0.109
406,3,0.126
406,4,0.124
406,5,0.114
406,6,0.11
406,7,0.131
406,8,0.118
406,9,0.11
406,10,0.278
406,11,0.241
406,12,0.136
406,13,0.11
406,14,0.108
406,15,0.106
406,16,0.106
406,17,0.169
406,18,0.216
406,19,0.207
406,20,0.206
406,21,0.507
406,22,0.446
406,23,0.744
406,24,0.384
406,25,1.728
406,26,0.491
406,27,0.436
406,28,0.684
406,29,0.364
406,30,0.215
406,31,0.2
406,32,0.218
406,33,0.197
406,34,0.46
406,35,0.667
406,36,0.688
406,37,0.387
406,38,0.492
406,39,0.411
406,40,0.365
406,41,0.368
406,42,0.352
406,43,0.394
406,44,0.348
406,45,0.633
406,46,0.248
406,47,0.108
406,48,0.148
407,1,0.271
407,2,0.186
407,3,0.108
407,4,0.149
407,5,0.122
407,6,0.121
407,7,0.108
407,8,0.108
407,9,0.125
407,10,0.12
407,11,0.108
407,12,0.107
407,13,0.106
407,14,0.156
407,15,0.264
407,16,0.13
407,17,0.142
407,18,0.219
407,19,0.209
407,20,0.819
407,21,0.351
407,22,0.214
407,23,0.202
407,24,0.197
407,25,0.217
407,26,0.387
407,27,0.206
407,28,0.504
407,29,0.202
407,30,0.201
407,31,0.23
407,32,0.205
407,33,0.218
407,34,0.197
407,35,0.203
407,36,0.394
407,37,1.251
407,38,0.932
407,39,0.517
407,40,0.427
407,41,0.437
407,42,0.411
407,43,0.456
407,44,0.43
407,45,0.445
407,46,0.391
407,47,0.217
407,48,0.108
408,1,0.109
408,2,0.137
408,3,0.108
408,4,0.107
408,5,0.107
408,6,0.168
408,7,0.25
408,8,0.106
408,9,0.108
408,10,0.129
408,11,0.113
408,12,0.107
408,13,0.107
408,14,0.131
408,15,0.107
408,16,0.135
408,17,0.143
408,18,0.307
408,19,0.314
408,20,0.208
408,21,0.826
408,22,0.504
408,23,2.057
408,24,0.275
408,25,0.219
408,26,0.219
408,27,0.307
408,28,0.501
408,29,0.45
408,30,0.906
408,31,0.356
408,32,0.225
408,33,0.205
408,34,0.246
408,35,0.352
408,36,0.202
408,37,1.007
408,38,0.461
408,39,0.448
408,40,0.36
408,41,0.404
408,42,0.508
408,43,0.398
408,44,0.387
408,45,0.306
408,46,0.263
408,47,0.278
408,48,0.264
409,1,0.352
409,2,0.281
409,3,0.278
409,4,0.3
409,5,0.181
409,6,0.111
409,7,0.111
409,8,0.14
409,9,0.11
409,10,0.109
409,11,0.107
409,12,0.135
409,13,0.108
409,14,0.191
409,15,0.269
409,16,0.18
409,17,0.143
409,18,0.214
409,19,0.2
409,20,0.201
409,21,0.228
409,22,0.76
409,23,0.21
409,24,0.233
409,25,0.376
409,26,0.37
409,27,0.619
409,28,1.257
409,29,0.502
409,30,0.399
409,31,0.38
409,32,0.43
409,33,0.374
409,34,0.415
409,35,0.39
409,36,0.591
409,37,0.589
409,38,0.457
409,39,0.47
409,40,0.389
409,41,0.361
409,42,0.386
409,43,1.198
409,44,0.551
409,45,0.429
409,46,0.273
409,47,0.168
409,48,0.11
410,1,0.152
410,2,0.111
410,3,0.109
410,4,0.126
410,5,0.169
410,6,0.278
410,7,0.277
410,8,0.271
410,9,0.181
410,10,0.108
410,11,0.108
410,12,0.108
410,13,0.136
410,14,0.107
410,15,0.107
410,16,0.107
410,17,0.148
410,18,0.272
410,19,0.375
410,20,0.311
410,21,0.2
410,22,0.224
410,23,0.204
410,24,0.874
410,25,0.301
410,26,0.232
410,27,0.282
410,28,0.413
410,29,0.409
410,30,0.273
410,31,0.21
410,32,2.296
410,33,0.783
410,34,0.316
410,35,0.127
410,36,0.144
410,37,0.155
410,38,0.269
410,39,0.269
410,40,0.273
410,41,0.105
410,42,0.106
410,43,0.106
410,44,0.105
410,45,0.144
410,46,0.106
410,47,0.106
410,48,0.152
411,1,0.308
411,2,0.182
411,3,0.106
411,4,0.106
411,5,0.113
411,6,0.128
411,7,0.106
411,8,0.106
411,9,0.106
411,10,0.156
411,11,0.27
411,12,0.172
411,13,0.106
411,14,0.15
411,15,0.128
411,16,0.104
411,17,0.104
411,18,0.105
411,19,0.125
411,20,0.113
411,21,0.137
411,22,0.273
411,23,0.268
411,24,0.243
411,25,0.128
411,26,0.105
411,27,0.104
411,28,0.104
411,29,0.109
411,30,0.127
411,31,0.104
411,32,0.104
411,33,0.109
411,34,0.288
411,35,0.223
411,36,0.102
411,37,0.102
411,38,0.101
411,39,0.132
411,40,0.103
411,41,0.104
411,42,0.105
411,43,0.134
411,44,0.122
411,45,0.111
411,46,0.119
411,47,0.273
411,48,0.27
412,1,0.266
412,2,0.192
412,3,0.107
412,4,0.107
412,5,0.104
412,6,0.104
412,7,0.104
412,8,0.104
412,9,0.105
412,10,0.104
412,11,0.104
412,12,0.133
412,13,0.104
412,14,0.105
412,15,0.105
412,16,0.104
412,17,0.116
412,18,0.264
412,19,0.26
412,20,0.128
412,21,0.103
412,22,0.102
412,23,0.104
412,24,0.277
412,25,2.376
412,26,0.518
412,27,1.528
412,28,0.348
412,29,0.305
412,30,0.356
412,31,0.371
412,32,0.444
412,33,0.371
412,34,0.667
412,35,0.876
412,36,0.499
412,37,0.401
412,38,0.42
412,39,0.441
412,40,0.377
412,41,0.385
412,42,0.467
412,43,0.538
412,44,0.539
412,45,0.368
412,46,0.32
412,47,0.263
412,48,0.148
413,1,0.147
413,2,0.141
413,3,0.128
413,4,0.128
413,5,0.168
413,6,0.264
413,7,0.296
413,8,0.291
413,9,0.197
413,10,0.157
413,11,0.128
413,12,0.147
413,13,0.126
413,14,0.135
413,15,0.143
413,16,0.125
413,17,0.177
413,18,0.234
413,19,0.225
413,20,0.836
413,21,0.309
413,22,0.378
413,23,1.816
413,24,0.564
413,25,2.13
413,26,0.856
413,27,0.273
413,28,0.334
413,29,0.208
413,30,0.23
413,31,0.358
413,32,2.542
413,33,0.499
413,34,0.315
413,35,0.669
413,36,1.209
413,37,0.743
413,38,0.82
413,39,0.497
413,40,0.512
413,41,1.008
413,42,0.462
413,43,0.382
413,44,0.389
413,45,0.471
413,46,0.529
413,47,0.321
413,48,0.135
414,1,0.131
414,2,0.11
414,3,0.11
414,4,0.111
414,5,0.148
414,6,0.11
414,7,0.11
414,8,0.199
414,9,0.295
414,10,0.121
414,11,0.109
414,12,0.108
414,13,0.107
414,14,0.137
414,15,0.141
414,16,0.104
414,17,0.213
414,18,0.216
414,19,0.862
414,20,0.729
414,21,0.36
414,22,0.355
414,23,0.333
414,24,0.206
414,25,0.202
414,26,0.212
414,27,0.479
414,28,0.259
414,29,0.223
414,30,0.242
414,31,0.254
414,32,0.333
414,33,0.28
414,34,0.239
414,35,0.731
414,36,0.935
414,37,0.596
414,38,0.692
414,39,0.407
414,40,0.47
414,41,0.407
414,42,0.37
414,43,0.474
414,44,0.351
414,45,0.29
414,46,0.273
414,47,0.269
414,48,0.302
415,1,0.441
415,2,0.436
415,3,0.353
415,4,0.136
415,5,0.109
415,6,0.11
415,7,0.11
415,8,0.109
415,9,0.137
415,10,0.109
415,11,0.109
415,12,0.109
415,13,0.108
415,14,0.149
415,15,0.266
415,16,0.246
415,17,0.213
415,18,0.218
415,19,0.213
415,20,0.214
415,21,0.227
415,22,0.227
415,23,0.862
415,24,0.233
415,25,1.89
415,26,0.206
415,27,0.314
415,28,0.373
415,29,0.385
415,30,0.362
415,31,0.235
415,32,0.208
415,33,0.207
415,34,0.206
415,35,0.698
415,36,0.546
415,37,0.393
415,38,0.473
415,39,0.589
415,40,0.409
415,41,0.4
415,42,0.428
415,43,0.449
415,44,0.322
415,45,0.324
415,46,0.304
415,47,0.371
415,48,0.395
