213,1,1.101
213,2,1.103
213,3,1.093
213,4,0.935
213,5,0.919
213,6,0.917
213,7,0.912
213,8,0.914
213,9,0.937
213,10,0.915
213,11,0.857
213,12,0.871
213,13,1.017
213,14,0.742
213,15,0.308
213,16,0.301
213,17,0.24
213,18,0.21
213,19,0.212
213,20,0.212
213,21,0.214
213,22,0.21
213,23,0.225
213,24,0.196
213,25,0.662
213,26,2.476
213,27,0.556
213,28,0.169
213,29,0.168
213,30,0.395
213,31,0.141
213,32,0.09
213,33,0.165
213,34,0.35
213,35,0.408
213,36,0.402
213,37,0.407
213,38,1.314
213,39,1.541
213,40,1.032
213,41,0.79
213,42,0.917
213,43,1.075
213,44,1.069
213,45,1.096
213,46,1.165
213,47,1.013
213,48,1.036
214,1,0.873
214,2,1.142
214,3,0.676
214,4,0.225
214,5,1.194
214,6,0.189
214,7,0.13
214,8,0.111
214,9,0.205
214,10,0.093
214,11,0.111
214,12,0.139
214,13,0.164
214,14,0.232
214,15,0.199
214,16,0.199
214,17,0.254
214,18,0.108
214,19,0.114
214,20,0.175
214,21,0.192
214,22,0.627
214,23,0.842
214,24,1.306
214,25,2.316
214,26,1.796
214,27,1.056
214,28,1.05
214,29,0.301
214,30,1.081
214,31,0.224
214,32,0.086
214,33,0.067
214,34,0.164
214,35,0.066
214,36,0.097
214,37,0.369
214,38,0.073
214,39,0.129
214,40,0.116
214,41,0.067
214,42,0.149
214,43,0.08
214,44,0.072
214,45,0.156
214,46,0.065
214,47,0.573
214,48,0.127
215,1,0.065
215,2,0.128
215,3,0.103
215,4,0.066
215,5,0.15
215,6,0.081
215,7,0.066
215,8,0.604
215,9,0.066
215,10,0.087
215,11,0.143
215,12,0.066
215,13,0.118
215,14,0.123
215,15,0.072
215,16,0.616
215,17,0.089
215,18,0.066
215,19,0.162
215,20,0.065
215,21,0.085
215,22,0.141
215,23,0.523
215,24,0.108
215,25,0.123
215,26,0.065
215,27,0.128
215,28,0.103
215,29,0.066
215,30,0.21
215,31,0.466
215,32,0.069
215,33,0.165
215,34,0.066
215,35,0.089
215,36,0.142
215,37,0.187
215,38,0.483
215,39,0.13
215,40,0.073
215,41,0.129
215,42,0.109
215,43,0.066
215,44,0.142
215,45,0.565
215,46,0.065
215,47,0.164
215,48,0.066
216,1,0.083
216,2,0.15
216,3,0.066
216,4,0.106
216,5,0.603
216,6,0.066
216,7,0.129
216,8,0.1
216,9,0.066
216,10,0.157
216,11,0.074
216,12,0.076
216,13,0.671
216,14,0.072
216,15,0.103
216,16,0.138
216,17,0.066
216,18,0.118
216,19,0.108
216,20,0.067
216,21,0.677
216,22,0.09
216,23,0.065
216,24,0.161
216,25,0.073
216,26,0.076
216,27,0.162
216,28,0.066
216,29,0.505
216,30,0.146
216,31,0.065
216,32,0.109
216,33,0.126
216,34,0.065
216,35,0.13
216,36,0.536
216,37,0.075
216,38,0.159
216,39,0.09
216,40,0.073
216,41,0.17
216,42,0.064
216,43,0.084
216,44,0.584
216,45,0.066
216,46,0.103
216,47,0.133
216,48,0.065
217,1,0.122
217,2,0.111
217,3,0.551
217,4,0.145
217,5,0.089
217,6,0.067
217,7,0.168
217,8,0.068
217,9,0.083
217,10,0.151
217,11,0.44
217,12,0.107
217,13,0.135
217,14,0.073
217,15,0.132
217,16,0.11
217,17,0.468
217,18,0.151
217,19,0.076
217,20,0.075
217,21,0.157
217,22,0.066
217,23,0.102
217,24,0.531
217,25,0.065
217,26,0.127
217,27,0.112
217,28,0.066
217,29,0.145
217,30,0.095
217,31,0.505
217,32,0.162
217,33,0.077
217,34,0.075
217,35,0.165
217,36,0.066
217,37,0.097
217,38,0.531
217,39,0.072
217,40,0.113
217,41,0.132
217,42,0.066
217,43,0.126
217,44,0.108
217,45,0.484
217,46,0.147
217,47,0.084
217,48,0.065
218,1,0.168
218,2,0.066
218,3,0.089
218,4,0.509
218,5,0.067
218,6,0.118
218,7,0.117
218,8,0.067
218,9,0.142
218,10,0.499
218,11,0.067
218,12,0.166
218,13,0.076
218,14,0.087
218,15,0.156
218,16,0.114
218,17,0.647
218,18,0.128
218,19,0.066
218,20,0.127
218,21,0.108
218,22,0.066
218,23,0.151
218,24,0.092
218,25,0.065
218,26,0.732
218,27,0.071
218,28,0.088
218,29,0.153
218,30,0.067
218,31,0.112
218,32,0.13
218,33,0.067
218,34,0.132
218,35,0.106
218,36,0.381
218,37,0.159
218,38,0.093
218,39,0.073
218,40,0.175
218,41,0.067
218,42,0.46
218,43,0.241
218,44,0.065
218,45,0.105
218,46,0.13
218,47,0.065
218,48,0.124
219,1,0.109
219,2,0.102
219,3,0.55
219,4,0.087
219,5,0.066
219,6,0.166
219,7,0.068
219,8,0.08
219,9,0.153
219,10,0.315
219,11,0.239
219,12,0.132
219,13,0.072
219,14,0.127
219,15,0.114
219,16,0.071
219,17,0.647
219,18,0.084
219,19,0.066
219,20,0.162
219,21,0.065
219,22,0.091
219,23,0.145
219,24,0.065
219,25,0.249
219,26,0.465
219,27,0.065
219,28,0.125
219,29,0.116
219,30,0.066
219,31,0.144
219,32,0.095
219,33,0.066
219,34,1.778
219,35,0.253
219,36,0.083
219,37,0.162
219,38,0.073
219,39,0.112
219,40,0.136
219,41,0.066
219,42,0.127
219,43,0.108
219,44,0.064
219,45,0.145
219,46,0.091
219,47,0.064
219,48,0.16
220,1,0.071
220,2,0.077
220,3,0.159
220,4,0.066
220,5,0.095
220,6,0.138
220,7,0.066
220,8,0.117
220,9,0.118
220,10,0.066
220,11,0.138
220,12,0.095
220,13,0.5
220,14,0.171
220,15,0.076
220,16,0.088
220,17,0.15
220,18,0.065
220,19,0.105
220,20,0.128
220,21,1.179
220,22,2.962
220,23,1.944
220,24,0.065
220,25,0.152
220,26,0.073
220,27,0.08
220,28,0.152
220,29,0.065
220,30,0.102
220,31,0.131
220,32,0.065
220,33,0.124
220,34,0.109
220,35,0.065
220,36,0.145
220,37,0.094
220,38,0.072
220,39,0.173
220,40,0.074
220,41,0.085
220,42,0.149
220,43,0.065
220,44,0.108
220,45,0.126
220,46,0.065
220,47,0.128
220,48,0.104
221,1,0.066
221,2,0.152
221,3,0.083
221,4,0.067
221,5,0.168
221,6,0.067
221,7,0.091
221,8,0.145
221,9,0.066
221,10,0.113
221,11,0.121
221,12,0.066
221,13,0.144
221,14,0.101
221,15,0.073
221,16,0.17
221,17,0.071
221,18,0.077
221,19,0.158
221,20,0.066
221,21,0.095
221,22,0.136
221,23,0.065
221,24,0.119
221,25,0.112
221,26,0.065
221,27,0.145
221,28,0.09
221,29,0.066
221,30,0.165
221,31,0.07
221,32,0.082
221,33,0.152
221,34,0.066
221,35,0.108
221,36,0.128
221,37,0.072
221,38,0.135
221,39,0.112
221,40,0.072
221,41,0.618
221,42,0.083
221,43,0.069
221,44,0.162
221,45,0.065
221,46,0.093
221,47,0.139
221,48,0.065
222,1,0.117
222,2,0.114
222,3,0.637
222,4,0.141
222,5,0.092
222,6,0.066
222,7,0.245
222,8,0.1
222,9,0.103
222,10,0.178
222,11,0.066
222,12,0.09
222,13,0.208
222,14,0.148
222,15,0.203
222,16,0.188
222,17,0.08
222,18,0.13
222,19,0.08
222,20,0.052
222,21,0.15
222,22,0.061
222,23,0.147
222,24,0.237
222,25,0.204
222,26,1.009
222,27,1.882
222,28,1.165
222,29,0.987
222,30,0.275
222,31,0.093
222,32,0.131
222,33,0.562
222,34,0.091
222,35,0.131
222,36,0.172
222,37,0.18
222,38,0.994
222,39,1.659
222,40,1.404
222,41,1.734
222,42,1.315
222,43,1.429
222,44,1.08
222,45,1.072
222,46,0.862
222,47,0.201
222,48,0.174
223,1,0.087
223,2,0.146
223,3,0.153
223,4,0.071
223,5,0.148
223,6,0.104
223,7,0.07
223,8,0.16
223,9,0.089
223,10,0.071
223,11,0.174
223,12,0.072
223,13,0.163
223,14,0.254
223,15,0.155
223,16,0.463
223,17,1.126
223,18,0.064
223,19,0.095
223,20,0.144
223,21,0.285
223,22,0.202
223,23,0.692
223,24,0.341
223,25,0.152
223,26,0.063
223,27,0.261
223,28,0.64
223,29,0.723
223,30,0.431
223,31,0.155
223,32,0.185
223,33,0.077
223,34,0.074
223,35,0.163
223,36,0.078
223,37,0.321
223,38,1.709
223,39,3.063
223,40,1.999
223,41,4.859
223,42,2.195
223,43,2.005
223,44,2.017
223,45,1.186
223,46,1.152
223,47,0.934
223,48,0.33
224,1,0.167
224,2,0.167
224,3,0.167
224,4,0.168
224,5,0.168
224,6,0.168
224,7,0.168
224,8,0.121
224,9,0.075
224,10,0.393
224,11,0.18
224,12,0.175
224,13,0.257
224,14,0.266
224,15,0.99
224,16,0.455
224,17,2.199
224,18,0.356
224,19,0.244
224,20,0.803
224,21,1.12
224,22,0.765
224,23,0.993
224,24,0.65
224,25,0.167
224,26,0.16
224,27,0.16
224,28,0.155
224,29,0.067
224,30,0.067
224,31,0.12
224,32,0.169
224,33,0.164
224,34,0.095
224,35,0.063
224,36,0.149
224,37,0.267
224,38,0.321
224,39,0.665
224,40,1.023
224,41,1.233
224,42,0.794
224,43,1.176
224,44,0.42
224,45,0.162
224,46,0.118
224,47,0.163
224,48,0.234
225,1,0.087
225,2,0.153
225,3,0.178
225,4,0.12
225,5,0.174
225,6,0.216
225,7,0.117
225,8,0.153
225,9,0.195
225,10,0.087
225,11,0.108
225,12,0.194
225,13,0.18
225,14,0.184
225,15,0.96
225,16,0.205
225,17,0.097
225,18,1.724
225,19,0.137
225,20,0.063
225,21,0.313
225,22,0.162
225,23,0.062
225,24,0.094
225,25,0.172
225,26,0.077
225,27,0.069
225,28,0.173
225,29,0.1
225,30,0.062
225,31,0.155
225,32,0.395
225,33,0.165
225,34,0.128
225,35,0.148
225,36,0.062
225,37,0.195
225,38,0.265
225,39,0.155
225,40,0.174
225,41,0.298
225,42,1.093
225,43,1.11
225,44,1.137
225,45,1.584
225,46,1.436
225,47,2.274
225,48,0.666
226,1,1.581
226,2,0.261
226,3,0.628
226,4,0.817
226,5,0.176
226,6,0.175
226,7,0.169
226,8,0.085
226,9,0.085
226,10,0.134
226,11,0.184
226,12,0.102
226,13,0.167
226,14,0.257
226,15,2.0
226,16,0.635
226,17,0.148
226,18,0.149
226,19,0.064
226,20,0.081
226,21,0.167
226,22,0.078
226,23,0.065
226,24,0.154
226,25,0.108
226,26,0.065
226,27,0.122
226,28,0.139
226,29,0.065
226,30,0.09
226,31,0.168
226,32,0.065
226,33,0.065
226,34,0.168
226,35,0.088
226,36,0.065
226,37,0.247
226,38,0.458
226,39,0.482
226,40,0.273
226,41,0.171
226,42,0.064
226,43,0.09
226,44,0.173
226,45,0.074
226,46,0.07
226,47,0.169
226,48,0.104
227,1,0.069
227,2,0.137
227,3,0.13
227,4,0.016
227,5,0.0
227,6,0.082
227,7,0.175
227,8,0.09
227,9,0.071
227,10,0.152
227,11,0.126
227,12,0.07
227,13,0.197
227,14,0.251
227,15,0.159
227,16,0.165
227,17,0.216
227,18,0.082
227,19,0.063
227,20,0.146
227,21,0.115
227,22,0.064
227,23,0.113
227,24,0.145
227,25,0.064
227,26,0.087
227,27,0.236
227,28,0.339
227,29,0.353
227,30,0.44
227,31,0.437
227,32,0.64
227,33,0.692
227,34,0.363
227,35,0.286
227,36,1.629
227,37,1.244
227,38,0.566
227,39,0.462
227,40,0.486
227,41,0.41
227,42,0.612
227,43,0.868
227,44,0.887
227,45,1.669
227,46,1.342
227,47,1.086
227,48,0.782
228,1,0.39
228,2,0.39
228,3,0.393
228,4,0.393
228,5,0.394
228,6,0.397
228,7,0.329
228,8,0.32
228,9,0.113
228,10,0.129
228,11,0.174
228,12,0.169
228,13,0.251
228,14,0.256
228,15,0.255
228,16,0.252
228,17,0.19
228,18,0.086
228,19,0.111
228,20,0.177
228,21,0.188
228,22,0.311
228,23,1.252
228,24,0.511
228,25,0.451
228,26,0.439
228,27,0.427
228,28,0.414
228,29,0.441
228,30,1.238
228,31,2.645
228,32,1.633
228,33,1.26
228,34,0.925
228,35,0.161
228,36,0.16
228,37,0.531
228,38,0.156
228,39,0.185
228,40,0.264
228,41,0.345
228,42,1.023
228,43,0.886
228,44,0.903
228,45,0.979
228,46,1.23
228,47,0.838
228,48,0.251
229,1,0.241
229,2,0.142
229,3,0.113
229,4,0.114
229,5,0.197
229,6,0.223
229,7,0.224
229,8,0.162
229,9,0.112
229,10,0.112
229,11,0.122
229,12,0.222
229,13,0.3
229,14,0.329
229,15,0.273
229,16,0.23
229,17,0.405
229,18,1.015
229,19,0.219
229,20,0.331
229,21,0.257
229,22,0.979
229,23,2.619
229,24,0.683
229,25,0.825
229,26,1.632
229,27,0.502
229,28,1.051
229,29,0.563
229,30,0.749
229,31,0.846
229,32,0.737
229,33,0.532
229,34,0.526
229,35,0.485
229,36,0.14
229,37,0.299
229,38,0.515
229,39,0.681
229,40,0.813
229,41,1.179
229,42,1.877
229,43,1.128
229,44,0.965
229,45,0.981
229,46,0.734
229,47,0.194
229,48,0.181
230,1,0.18
230,2,0.179
230,3,0.177
230,4,0.177
230,5,0.177
230,6,0.177
230,7,0.177
230,8,0.176
230,9,0.141
230,10,0.088
230,11,0.088
230,12,0.143
230,13,0.269
230,14,0.269
230,15,0.599
230,16,0.972
230,17,0.197
230,18,0.157
230,19,0.194
230,20,0.239
230,21,0.162
230,22,0.232
230,23,1.177
230,24,0.164
230,25,0.164
230,26,0.154
230,27,0.426
230,28,0.308
230,29,0.338
230,30,0.56
230,31,0.316
230,32,0.082
230,33,0.069
230,34,0.069
230,35,0.292
230,36,0.435
230,37,0.516
230,38,1.119
230,39,1.146
230,40,1.544
230,41,1.516
230,42,1.088
230,43,2.206
230,44,0.868
230,45,1.015
230,46,1.023
230,47,1.002
230,48,0.214
231,1,0.203
231,2,0.18
231,3,0.174
231,4,0.175
231,5,0.175
231,6,0.146
231,7,0.085
231,8,0.085
231,9,0.093
231,10,0.189
231,11,0.185
231,12,0.181
231,13,0.263
231,14,0.266
231,15,1.101
231,16,0.224
231,17,0.143
231,18,2.006
231,19,0.848
231,20,1.35
231,21,0.33
231,22,0.925
231,23,0.505
231,24,0.166
231,25,0.162
231,26,0.101
231,27,0.063
231,28,0.063
231,29,0.162
231,30,0.165
231,31,0.132
231,32,0.064
231,33,0.064
231,34,0.128
231,35,0.168
231,36,0.156
231,37,0.459
231,38,0.707
231,39,2.351
231,40,1.99
231,41,2.155
231,42,1.214
231,43,1.236
231,44,1.058
231,45,1.0
231,46,0.992
231,47,0.436
231,48,0.206
232,1,0.126
232,2,0.104
232,3,0.104
232,4,0.195
232,5,0.206
232,6,0.2
232,7,0.104
232,8,0.103
232,9,0.174
232,10,0.205
232,11,0.2
232,12,0.119
232,13,0.188
232,14,1.229
232,15,1.94
232,16,0.476
232,17,0.191
232,18,0.068
232,19,0.063
232,20,0.108
232,21,0.168
232,22,0.162
232,23,0.089
232,24,0.063
232,25,0.079
232,26,0.169
232,27,0.163
232,28,0.125
232,29,0.064
232,30,0.064
232,31,0.15
232,32,0.166
232,33,0.13
232,34,0.064
232,35,0.064
232,36,0.456
232,37,0.253
232,38,0.222
232,39,0.182
232,40,0.47
232,41,0.893
232,42,0.94
232,43,0.873
232,44,0.846
232,45,1.306
232,46,0.818
232,47,1.21
232,48,0.698
233,1,0.245
233,2,1.238
233,3,0.177
233,4,0.176
233,5,0.176
233,6,0.176
233,7,0.176
233,8,0.176
233,9,0.175
233,10,0.175
233,11,0.123
233,12,0.486
233,13,0.176
233,14,0.179
233,15,1.176
233,16,0.262
233,17,0.659
233,18,1.304
233,19,0.16
233,20,0.334
233,21,0.064
233,22,0.079
233,23,0.164
233,24,0.16
233,25,0.069
233,26,0.063
233,27,0.395
233,28,0.163
233,29,0.074
233,30,0.064
233,31,0.145
233,32,0.163
233,33,0.085
233,34,0.064
233,35,0.128
233,36,0.164
233,37,0.157
233,38,0.609
233,39,1.143
233,40,0.903
233,41,1.4
233,42,2.744
233,43,1.147
233,44,1.764
233,45,2.349
233,46,1.625
233,47,1.249
233,48,2.057
234,1,1.07
234,2,1.067
234,3,0.635
234,4,0.388
234,5,0.37
234,6,0.361
234,7,0.171
234,8,0.171
234,9,0.107
234,10,0.086
234,11,0.086
234,12,0.086
234,13,0.172
234,14,0.187
234,15,0.275
234,16,0.267
234,17,0.155
234,18,0.079
234,19,0.084
234,20,0.088
234,21,0.272
234,22,2.001
234,23,0.447
234,24,1.892
234,25,1.791
234,26,1.042
234,27,0.639
234,28,0.149
234,29,0.179
234,30,0.119
234,31,0.082
234,32,0.458
234,33,0.18
234,34,0.118
234,35,0.082
234,36,0.136
234,37,1.049
234,38,1.058
234,39,1.115
234,40,1.046
234,41,1.197
234,42,1.259
234,43,1.195
234,44,1.194
234,45,1.22
234,46,1.214
234,47,1.219
234,48,1.2
235,1,1.159
235,2,1.118
235,3,1.138
235,4,1.162
235,5,1.154
235,6,1.222
235,7,1.314
235,8,1.39
235,9,1.392
235,10,0.723
235,11,0.272
235,12,0.261
235,13,0.182
235,14,0.177
235,15,0.221
235,16,0.274
235,17,0.208
235,18,0.173
235,19,0.094
235,20,0.086
235,21,0.128
235,22,0.112
235,23,0.17
235,24,0.204
235,25,0.407
235,26,0.852
235,27,0.874
235,28,0.418
235,29,0.394
235,30,0.431
235,31,0.441
235,32,0.74
235,33,0.38
235,34,0.391
235,35,0.393
235,36,0.461
235,37,0.501
235,38,0.529
235,39,0.527
235,40,0.535
235,41,1.056
235,42,0.967
235,43,1.205
235,44,2.504
235,45,1.708
235,46,2.731
235,47,2.793
235,48,1.815
236,1,1.365
236,2,2.342
236,3,0.59
236,4,0.557
236,5,0.556
236,6,0.55
236,7,0.551
236,8,1.271
236,9,1.003
236,10,0.55
236,11,0.544
236,12,0.214
236,13,0.273
236,14,0.276
236,15,0.223
236,16,0.191
236,17,0.128
236,18,0.132
236,19,2.162
236,20,0.125
236,21,0.278
236,22,0.184
236,23,0.156
236,24,0.219
236,25,0.146
236,26,1.209
236,27,1.809
236,28,0.547
236,29,0.312
236,30,0.217
236,31,0.615
236,32,0.358
236,33,0.211
236,34,0.083
236,35,0.123
236,36,0.188
236,37,0.421
236,38,2.177
236,39,1.745
236,40,1.052
236,41,0.985
236,42,0.791
236,43,0.402
236,44,0.325
236,45,0.201
236,46,0.208
236,47,0.19
236,48,0.194
237,1,0.156
237,2,0.156
237,3,0.157
237,4,0.157
237,5,0.157
237,6,0.157
237,7,0.157
237,8,0.157
237,9,0.107
237,10,0.075
237,11,0.074
237,12,0.074
237,13,0.16
237,14,0.166
237,15,0.254
237,16,1.23
237,17,0.611
237,18,0.155
237,19,0.155
237,20,0.171
237,21,0.239
237,22,0.152
237,23,0.187
237,24,0.167
237,25,0.151
237,26,0.15
237,27,0.163
237,28,0.648
237,29,0.41
237,30,2.393
237,31,1.723
237,32,0.133
237,33,0.41
237,34,0.209
237,35,0.13
237,36,0.113
237,37,3.064
237,38,3.104
237,39,2.194
237,40,1.251
237,41,0.593
237,42,0.075
237,43,0.711
237,44,0.397
237,45,0.224
237,46,0.22
237,47,0.201
237,48,0.175
238,1,0.173
238,2,0.172
238,3,0.172
238,4,0.171
238,5,0.112
238,6,0.084
238,7,0.128
238,8,0.146
238,9,0.084
238,10,0.155
238,11,0.109
238,12,0.093
238,13,0.246
238,14,1.906
238,15,1.265
238,16,0.3
238,17,0.102
238,18,0.128
238,19,0.755
238,20,0.94
238,21,0.812
238,22,2.387
238,23,2.694
238,24,0.311
238,25,0.109
238,26,0.129
238,27,0.326
238,28,0.064
238,29,0.162
238,30,0.08
238,31,0.064
238,32,0.1
238,33,0.143
238,34,0.51
238,35,0.064
238,36,0.177
238,37,0.697
238,38,0.96
238,39,1.596
238,40,1.56
238,41,1.307
238,42,1.176
238,43,1.199
238,44,1.188
238,45,0.873
238,46,0.809
238,47,0.878
238,48,0.752
239,1,0.161
239,2,0.204
239,3,0.122
239,4,0.21
239,5,0.142
239,6,0.159
239,7,0.199
239,8,0.121
239,9,0.203
239,10,0.155
239,11,0.122
239,12,0.229
239,13,0.209
239,14,0.232
239,15,1.221
239,16,0.275
239,17,1.569
239,18,0.112
239,19,0.248
239,20,0.156
239,21,0.085
239,22,0.067
239,23,0.169
239,24,0.076
239,25,0.067
239,26,0.171
239,27,0.075
239,28,0.067
239,29,0.165
239,30,0.08
239,31,0.067
239,32,0.329
239,33,0.228
239,34,0.067
239,35,0.15
239,36,0.095
239,37,0.156
239,38,0.233
239,39,0.206
239,40,0.358
239,41,0.923
239,42,0.902
239,43,1.813
239,44,1.669
239,45,2.244
239,46,1.104
239,47,0.417
239,48,1.117
240,1,0.264
240,2,0.17
240,3,0.093
240,4,0.14
240,5,0.149
240,6,0.094
240,7,0.134
240,8,0.27
240,9,0.094
240,10,0.118
240,11,0.558
240,12,0.093
240,13,0.178
240,14,1.651
240,15,1.208
240,16,0.285
240,17,0.21
240,18,0.076
240,19,0.072
240,20,0.161
240,21,0.092
240,22,0.072
240,23,0.149
240,24,0.106
240,25,0.072
240,26,0.13
240,27,0.126
240,28,0.072
240,29,0.11
240,30,0.146
240,31,0.073
240,32,0.079
240,33,0.177
240,34,0.073
240,35,0.127
240,36,1.417
240,37,0.808
240,38,0.707
240,39,0.744
240,40,0.974
240,41,0.886
240,42,1.419
240,43,1.182
240,44,1.129
240,45,1.102
240,46,0.238
240,47,0.141
240,48,0.205
388,1,1.253
388,2,0.779
388,3,0.647
388,4,0.653
388,5,0.658
388,6,0.556
388,7,0.375
388,8,0.375
388,9,0.36
388,10,0.291
388,11,0.293
388,12,0.294
388,13,0.409
388,14,0.501
388,15,0.431
388,16,0.401
388,17,0.367
388,18,0.397
388,19,1.61
388,20,0.777
388,21,0.382
388,22,1.889
388,23,0.473
388,24,0.426
388,25,2.661
388,26,2.248
388,27,1.851
388,28,0.48
388,29,0.067
388,30,0.156
388,31,0.429
388,32,0.856
388,33,0.916
388,34,1.214
388,35,1.594
388,36,1.018
388,37,0.854
388,38,1.019
388,39,1.06
388,40,1.064
388,41,1.057
388,42,1.166
388,43,1.242
388,44,1.206
388,45,1.16
388,46,1.099
388,47,1.007
388,48,1.035
389,1,1.072
389,2,0.971
389,3,0.926
389,4,0.93
389,5,1.041
389,6,1.022
389,7,0.852
389,8,0.464
389,9,0.567
389,10,0.586
389,11,0.491
389,12,0.408
389,13,0.293
389,14,0.289
389,15,0.22
389,16,0.219
389,17,0.224
389,18,0.147
389,19,0.067
389,20,0.101
389,21,0.171
389,22,0.358
389,23,0.88
389,24,1.354
389,25,0.833
389,26,0.456
389,27,0.444
389,28,0.337
389,29,1.037
389,30,0.486
389,31,1.029
389,32,0.444
389,33,1.298
389,34,1.512
389,35,0.948
389,36,0.894
389,37,0.79
389,38,0.693
389,39,0.994
389,40,0.903
389,41,0.94
389,42,0.869
389,43,1.142
389,44,0.964
389,45,0.57
389,46,0.221
389,47,0.279
389,48,0.214
390,1,0.11
390,2,0.083
390,3,0.156
390,4,0.184
390,5,0.086
390,6,0.083
390,7,0.14
390,8,0.184
390,9,0.091
390,10,0.083
390,11,0.13
390,12,0.184
390,13,0.189
390,14,0.198
390,15,0.273
390,16,0.466
390,17,0.389
390,18,2.118
390,19,0.829
390,20,0.6
390,21,0.259
390,22,0.972
390,23,1.806
390,24,2.446
390,25,0.702
390,26,1.07
390,27,1.339
390,28,0.168
390,29,0.077
390,30,0.07
390,31,0.119
390,32,0.151
390,33,0.069
390,34,0.069
390,35,0.162
390,36,1.297
390,37,2.176
390,38,1.329
390,39,2.243
390,40,3.366
390,41,1.195
390,42,1.307
390,43,1.056
390,44,1.001
390,45,0.767
390,46,0.238
390,47,0.192
390,48,0.189
391,1,0.187
391,2,0.186
391,3,0.186
391,4,0.187
391,5,0.187
391,6,0.187
391,7,0.187
391,8,0.294
391,9,0.253
391,10,0.253
391,11,0.252
391,12,0.251
391,13,0.348
391,14,0.416
391,15,0.463
391,16,0.46
391,17,0.368
391,18,2.229
391,19,0.436
391,20,0.177
391,21,0.397
391,22,0.085
391,23,0.723
391,24,3.092
391,25,3.036
391,26,0.675
391,27,1.238
391,28,1.632
391,29,1.587
391,30,0.675
391,31,0.399
391,32,0.668
391,33,0.833
391,34,0.966
391,35,1.536
391,36,1.068
391,37,1.089
391,38,1.777
391,39,2.342
391,40,1.542
391,41,2.14
391,42,1.413
391,43,1.043
391,44,0.896
391,45,0.904
391,46,0.46
391,47,0.227
391,48,0.222
392,1,0.195
392,2,0.187
392,3,0.189
392,4,0.188
392,5,0.189
392,6,0.187
392,7,0.189
392,8,0.187
392,9,0.187
392,10,0.187
392,11,0.186
392,12,0.185
392,13,0.407
392,14,2.996
392,15,2.94
392,16,2.077
392,17,0.114
392,18,0.09
392,19,0.161
392,20,0.157
392,21,0.673
392,22,0.855
392,23,0.864
392,24,1.964
392,25,1.453
392,26,0.636
392,27,0.486
392,28,1.315
392,29,0.068
392,30,0.067
392,31,0.102
392,32,0.163
392,33,0.136
392,34,0.065
392,35,0.069
392,36,0.104
392,37,0.838
392,38,1.679
392,39,1.554
392,40,1.174
392,41,0.937
392,42,1.408
392,43,1.512
392,44,1.585
392,45,0.69
392,46,0.641
392,47,0.675
392,48,0.212
393,1,0.182
393,2,0.131
393,3,0.081
393,4,0.085
393,5,0.134
393,6,0.181
393,7,0.12
393,8,0.23
393,9,0.225
393,10,0.248
393,11,0.323
393,12,0.275
393,13,0.324
393,14,2.112
393,15,0.425
393,16,0.463
393,17,0.449
393,18,0.142
393,19,0.061
393,20,0.161
393,21,0.344
393,22,0.06
393,23,0.672
393,24,0.062
393,25,0.129
393,26,0.158
393,27,0.082
393,28,0.063
393,29,1.347
393,30,2.852
393,31,2.925
393,32,2.783
393,33,2.41
393,34,0.298
393,35,0.065
393,36,0.116
393,37,0.267
393,38,0.235
393,39,1.045
393,40,1.338
393,41,1.091
393,42,1.428
393,43,1.465
393,44,1.019
393,45,0.718
393,46,0.239
393,47,0.182
393,48,0.181
394,1,0.18
394,2,0.18
394,3,0.18
394,4,0.18
394,5,0.134
394,6,0.093
394,7,0.093
394,8,0.093
394,9,0.168
394,10,0.174
394,11,0.093
394,12,0.095
394,13,0.209
394,14,0.482
394,15,0.664
394,16,0.444
394,17,0.099
394,18,0.064
394,19,0.114
394,20,0.16
394,21,0.061
394,22,0.063
394,23,0.063
394,24,0.156
394,25,0.117
394,26,0.063
394,27,0.063
394,28,0.099
394,29,0.162
394,30,0.078
394,31,0.064
394,32,0.064
394,33,0.148
394,34,0.126
394,35,0.066
394,36,0.069
394,37,0.73
394,38,2.886
394,39,1.536
394,40,2.536
394,41,2.226
394,42,1.053
394,43,1.041
394,44,1.064
394,45,1.055
394,46,1.056
394,47,1.024
394,48,1.032
395,1,1.037
395,2,0.497
395,3,0.322
395,4,0.294
395,5,0.23
395,6,0.232
395,7,0.235
395,8,0.235
395,9,0.236
395,10,0.325
395,11,0.277
395,12,0.234
395,13,0.336
395,14,0.352
395,15,0.424
395,16,0.437
395,17,0.284
395,18,0.27
395,19,0.297
395,20,0.979
395,21,0.779
395,22,0.468
395,23,1.037
395,24,2.546
395,25,1.487
395,26,0.263
395,27,0.089
395,28,0.152
395,29,0.158
395,30,0.089
395,31,1.212
395,32,2.903
395,33,2.969
395,34,2.802
395,35,0.445
395,36,0.083
395,37,0.231
395,38,0.299
395,39,0.208
395,40,0.2
395,41,0.148
395,42,0.182
395,43,0.116
395,44,0.082
395,45,0.084
395,46,0.184
395,47,0.134
395,48,0.084
396,1,0.085
396,2,0.137
396,3,0.32
396,4,0.39
396,5,0.03
396,6,0.031
396,7,0.031
396,8,0.031
396,9,0.031
396,10,0.031
396,11,0.031
396,12,0.031
396,13,0.131
396,14,0.148
396,15,0.147
396,16,0.147
396,17,0.103
396,18,0.03
396,19,0.111
396,20,0.441
396,21,0.489
396,22,0.199
396,23,0.193
396,24,0.182
396,25,0.18
396,26,0.082
396,27,0.392
396,28,0.956
396,29,0.126
396,30,0.065
396,31,0.104
396,32,0.141
396,33,1.247
396,34,1.005
396,35,0.943
396,36,1.146
396,37,1.338
396,38,1.05
396,39,1.031
396,40,1.45
396,41,1.346
396,42,1.289
396,43,1.226
396,44,1.094
396,45,1.157
396,46,1.042
396,47,0.951
396,48,1.0
397,1,0.479
397,2,0.115
397,3,0.173
397,4,0.153
397,5,0.082
397,6,0.107
397,7,0.166
397,8,0.083
397,9,0.084
397,10,0.173
397,11,0.11
397,12,0.085
397,13,0.24
397,14,0.247
397,15,0.261
397,16,0.444
397,17,1.277
397,18,0.96
397,19,1.859
397,20,0.85
397,21,0.434
397,22,2.297
397,23,3.221
397,24,0.344
397,25,1.388
397,26,0.517
397,27,0.135
397,28,0.064
397,29,0.064
397,30,0.372
397,31,0.098
397,32,0.064
397,33,0.079
397,34,0.158
397,35,0.096
397,36,1.069
397,37,1.502
397,38,1.3
397,39,2.71
397,40,3.019
397,41,1.506
397,42,1.169
397,43,1.187
397,44,1.178
397,45,0.955
397,46,0.849
397,47,0.76
397,48,0.513
398,1,0.237
398,2,0.24
398,3,0.227
398,4,0.187
398,5,0.166
398,6,0.166
398,7,0.103
398,8,0.086
398,9,0.086
398,10,0.086
398,11,0.171
398,12,0.174
398,13,1.656
398,14,0.364
398,15,0.265
398,16,0.264
398,17,0.219
398,18,0.625
398,19,0.366
398,20,0.253
398,21,0.234
398,22,0.234
398,23,0.121
398,24,0.741
398,25,2.405
398,26,0.571
398,27,0.357
398,28,0.401
398,29,0.747
398,30,0.836
398,31,0.073
398,32,0.14
398,33,0.158
398,34,0.072
398,35,0.066
398,36,0.069
398,37,0.168
398,38,0.968
398,39,1.357
398,40,2.364
398,41,1.965
398,42,1.8
398,43,0.525
398,44,0.27
398,45,0.245
398,46,0.229
398,47,0.212
398,48,0.21
399,1,0.207
399,2,0.131
399,3,0.132
399,4,0.224
399,5,0.324
399,6,0.255
399,7,0.231
399,8,0.231
399,9,0.314
399,10,0.966
399,11,0.231
399,12,0.229
399,13,1.252
399,14,1.52
399,15,1.524
399,16,0.423
399,17,0.293
399,18,0.162
399,19,0.088
399,20,0.301
399,21,1.085
399,22,1.484
399,23,1.588
399,24,0.845
399,25,0.064
399,26,0.064
399,27,0.158
399,28,0.132
399,29,0.065
399,30,0.065
399,31,0.065
399,32,0.16
399,33,0.381
399,34,0.065
399,35,0.064
399,36,0.654
399,37,1.915
399,38,1.967
399,39,2.528
399,40,1.376
399,41,0.737
399,42,2.241
399,43,0.835
399,44,0.702
399,45,0.289
399,46,0.297
399,47,0.463
399,48,0.115
400,1,0.083
400,2,0.085
400,3,0.15
400,4,0.168
400,5,0.085
400,6,0.084
400,7,0.093
400,8,0.148
400,9,0.179
400,10,0.085
400,11,0.083
400,12,0.083
400,13,0.226
400,14,2.589
400,15,2.038
400,16,0.844
400,17,0.152
400,18,0.15
400,19,0.061
400,20,0.063
400,21,0.102
400,22,0.161
400,23,0.075
400,24,0.064
400,25,0.064
400,26,0.131
400,27,0.157
400,28,0.065
400,29,0.065
400,30,0.065
400,31,0.135
400,32,0.157
400,33,0.064
400,34,0.064
400,35,0.068
400,36,0.128
400,37,0.264
400,38,0.198
400,39,0.188
400,40,0.187
400,41,0.183
400,42,2.044
400,43,1.498
400,44,1.596
400,45,1.117
400,46,1.205
400,47,0.586
400,48,0.083
401,1,0.094
401,2,0.366
401,3,0.136
401,4,0.084
401,5,0.107
401,6,0.18
401,7,0.1
401,8,0.084
401,9,0.153
401,10,0.137
401,11,0.084
401,12,0.126
401,13,0.692
401,14,2.112
401,15,1.332
401,16,1.053
401,17,0.097
401,18,0.101
401,19,0.137
401,20,0.063
401,21,0.066
401,22,0.163
401,23,0.071
401,24,0.064
401,25,0.126
401,26,0.119
401,27,0.064
401,28,0.066
401,29,0.163
401,30,0.081
401,31,0.065
401,32,0.096
401,33,0.155
401,34,0.064
401,35,0.064
401,36,0.118
401,37,0.69
401,38,1.698
401,39,2.152
401,40,1.4
401,41,1.192
401,42,1.214
401,43,1.348
401,44,1.521
401,45,1.317
401,46,1.092
401,47,0.464
401,48,0.247
402,1,0.22
402,2,0.131
402,3,0.105
402,4,0.202
402,5,0.112
402,6,0.101
402,7,0.179
402,8,0.134
402,9,0.103
402,10,0.144
402,11,0.173
402,12,0.109
402,13,0.218
402,14,0.308
402,15,0.241
402,16,0.217
402,17,0.188
402,18,0.188
402,19,0.24
402,20,0.453
402,21,1.197
402,22,1.51
402,23,2.121
402,24,3.384
402,25,0.774
402,26,0.29
402,27,0.174
402,28,0.182
402,29,0.535
402,30,0.589
402,31,1.779
402,32,0.677
402,33,0.183
402,34,1.346
402,35,0.068
402,36,0.167
402,37,0.206
402,38,0.189
402,39,0.523
402,40,1.557
402,41,1.892
402,42,1.327
402,43,1.476
402,44,1.433
402,45,1.298
402,46,1.369
402,47,1.333
402,48,1.269
403,1,0.395
403,2,0.149
403,3,0.148
403,4,0.183
403,5,0.59
403,6,0.169
403,7,0.191
403,8,0.397
403,9,0.313
403,10,0.252
403,11,0.234
403,12,0.234
403,13,0.334
403,14,0.423
403,15,0.439
403,16,0.422
403,17,0.264
403,18,0.964
403,19,0.623
403,20,0.489
403,21,0.507
403,22,0.251
403,23,2.258
403,24,1.089
403,25,0.866
403,26,0.975
403,27,1.195
403,28,1.264
403,29,1.047
403,30,0.995
403,31,0.879
403,32,0.847
403,33,1.714
403,34,1.396
403,35,0.653
403,36,1.248
403,37,1.192
403,38,1.44
403,39,1.826
403,40,1.246
403,41,1.304
403,42,0.767
403,43,1.514
403,44,0.804
403,45,0.204
403,46,1.366
403,47,0.213
403,48,0.117
404,1,0.117
404,2,0.184
404,3,0.165
404,4,0.124
404,5,0.147
404,6,0.193
404,7,1.828
404,8,3.007
404,9,3.105
404,10,2.249
404,11,0.292
404,12,0.125
404,13,0.245
404,14,0.199
404,15,0.204
404,16,0.294
404,17,0.433
404,18,0.409
404,19,0.334
404,20,0.262
404,21,0.524
404,22,1.114
404,23,0.965
404,24,0.333
404,25,0.274
404,26,0.352
404,27,0.384
404,28,0.501
404,29,0.981
404,30,0.216
404,31,0.428
404,32,0.949
404,33,1.224
404,34,0.93
404,35,0.923
404,36,0.806
404,37,0.995
404,38,1.044
404,39,0.953
404,40,0.987
404,41,1.298
404,42,0.955
404,43,1.098
404,44,1.344
404,45,0.898
404,46,0.297
404,47,0.194
404,48,0.105
405,1,0.076
405,2,0.076
405,3,0.116
405,4,0.138
405,5,0.078
405,6,0.078
405,7,0.125
405,8,0.173
405,9,0.08
405,10,0.079
405,11,0.079
405,12,0.1
405,13,0.272
405,14,0.242
405,15,0.196
405,16,1.468
405,17,0.557
405,18,0.779
405,19,0.477
405,20,0.444
405,21,0.095
405,22,0.166
405,23,1.596
405,24,0.818
405,25,1.064
405,26,0.673
405,27,0.84
405,28,0.736
405,29,0.308
405,30,0.098
405,31,0.152
405,32,0.064
405,33,0.341
405,34,1.394
405,35,1.612
405,36,0.946
405,37,0.852
405,38,1.118
405,39,1.26
405,40,1.032
405,41,0.919
405,42,0.808
405,43,0.872
405,44,2.138
405,45,0.835
405,46,0.849
405,47,1.564
405,48,0.421
406,1,0.424
406,2,0.43
406,3,0.526
406,4,0.508
406,5,0.431
406,6,0.434
406,7,0.435
406,8,0.462
406,9,0.534
406,10,0.489
406,11,0.421
406,12,0.423
406,13,0.522
406,14,0.598
406,15,1.559
406,16,0.875
406,17,0.102
406,18,0.286
406,19,1.472
406,20,1.717
406,21,1.19
406,22,1.86
406,23,0.847
406,24,0.07
406,25,0.153
406,26,0.145
406,27,0.07
406,28,0.07
406,29,0.073
406,30,0.169
406,31,0.125
406,32,0.07
406,33,0.07
406,34,0.154
406,35,2.88
406,36,3.211
406,37,1.899
406,38,2.993
406,39,2.064
406,40,1.821
406,41,1.461
406,42,1.121
406,43,0.849
406,44,0.867
406,45,0.774
406,46,0.738
406,47,0.789
406,48,1.192
407,1,0.64
407,2,0.094
407,3,0.112
407,4,0.17
407,5,0.087
407,6,0.09
407,7,0.14
407,8,0.143
407,9,0.089
407,10,0.09
407,11,0.172
407,12,0.132
407,13,0.225
407,14,0.669
407,15,2.904
407,16,0.544
407,17,0.145
407,18,0.126
407,19,0.07
407,20,0.096
407,21,0.145
407,22,0.07
407,23,0.07
407,24,0.16
407,25,0.084
407,26,0.07
407,27,0.111
407,28,0.137
407,29,0.07
407,30,0.072
407,31,0.145
407,32,0.106
407,33,0.07
407,34,0.072
407,35,0.164
407,36,0.084
407,37,0.177
407,38,0.218
407,39,0.283
407,40,1.91
407,41,1.649
407,42,0.847
407,43,0.711
407,44,0.709
407,45,0.792
407,46,0.703
407,47,0.982
407,48,0.343
408,1,0.259
408,2,0.233
408,3,0.314
408,4,0.26
408,5,0.236
408,6,0.317
408,7,0.271
408,8,0.236
408,9,0.318
408,10,0.282
408,11,0.243
408,12,0.307
408,13,0.297
408,14,0.231
408,15,0.296
408,16,1.176
408,17,0.127
408,18,0.095
408,19,0.153
408,20,0.06
408,21,0.067
408,22,0.163
408,23,0.061
408,24,0.061
408,25,0.158
408,26,0.072
408,27,0.064
408,28,0.147
408,29,0.081
408,30,0.064
408,31,0.133
408,32,0.099
408,33,0.064
408,34,0.105
408,35,0.869
408,36,1.038
408,37,1.25
408,38,1.905
408,39,1.315
408,40,1.204
408,41,1.253
408,42,0.993
408,43,1.746
408,44,1.841
408,45,0.782
408,46,0.504
408,47,0.535
408,48,0.457
409,1,0.481
409,2,0.539
409,3,0.456
409,4,0.459
409,5,0.561
409,6,0.476
409,7,0.222
409,8,0.202
409,9,0.167
409,10,0.129
409,11,0.158
409,12,0.214
409,13,0.231
409,14,0.248
409,15,0.326
409,16,0.277
409,17,0.157
409,18,0.524
409,19,0.767
409,20,1.05
409,21,0.838
409,22,1.133
409,23,0.769
409,24,1.706
409,25,0.785
409,26,0.741
409,27,1.092
409,28,0.759
409,29,0.738
409,30,1.829
409,31,1.21
409,32,0.812
409,33,1.487
409,34,1.823
409,35,0.428
409,36,1.286
409,37,0.363
409,38,0.203
409,39,0.205
409,40,0.207
409,41,0.819
409,42,0.986
409,43,0.96
409,44,0.708
409,45,0.579
409,46,2.044
409,47,0.812
409,48,0.233
410,1,0.125
410,2,0.134
410,3,0.133
410,4,0.133
410,5,0.134
410,6,0.132
410,7,0.131
410,8,0.128
410,9,0.122
410,10,0.125
410,11,0.099
410,12,0.088
410,13,0.187
410,14,0.204
410,15,0.201
410,16,0.198
410,17,0.125
410,18,0.122
410,19,0.453
410,20,0.717
410,21,0.904
410,22,0.991
410,23,1.61
410,24,0.488
410,25,0.062
410,26,0.062
410,27,0.062
410,28,0.062
410,29,0.971
410,30,1.138
410,31,1.098
410,32,0.194
410,33,0.194
410,34,0.19
410,35,0.191
410,36,0.194
410,37,0.197
410,38,1.476
410,39,1.27
410,40,1.172
410,41,0.733
410,42,0.471
410,43,0.46
410,44,0.428
410,45,0.355
410,46,0.164
410,47,0.132
410,48,0.12
411,1,0.12
411,2,0.121
411,3,0.121
411,4,0.122
411,5,0.122
411,6,0.125
411,7,0.122
411,8,0.121
411,9,0.121
411,10,0.155
411,11,0.127
411,12,0.12
411,13,0.219
411,14,0.245
411,15,2.662
411,16,0.83
411,17,0.278
411,18,0.244
411,19,0.159
411,20,0.153
411,21,0.151
411,22,0.149
411,23,0.151
411,24,0.15
411,25,0.147
411,26,0.146
411,27,0.146
411,28,0.146
411,29,0.146
411,30,0.145
411,31,0.07
411,32,0.063
411,33,0.117
411,34,0.153
411,35,0.111
411,36,0.067
411,37,0.342
411,38,1.924
411,39,2.951
411,40,2.026
411,41,1.332
411,42,0.912
411,43,0.994
411,44,0.77
411,45,0.612
411,46,0.37
411,47,0.191
411,48,0.221
412,1,0.181
412,2,0.129
412,3,0.158
412,4,0.222
412,5,0.148
412,6,0.13
412,7,0.194
412,8,0.2
412,9,0.128
412,10,0.136
412,11,0.22
412,12,0.151
412,13,0.227
412,14,0.29
412,15,0.33
412,16,1.7
412,17,0.716
412,18,1.695
412,19,0.621
412,20,0.138
412,21,1.389
412,22,0.164
412,23,0.33
412,24,1.289
412,25,0.255
412,26,0.171
412,27,0.073
412,28,0.121
412,29,0.133
412,30,0.071
412,31,0.09
412,32,0.159
412,33,0.072
412,34,0.27
412,35,0.437
412,36,1.289
412,37,1.795
412,38,2.331
412,39,1.592
412,40,1.291
412,41,0.924
412,42,0.633
412,43,0.558
412,44,0.628
412,45,1.077
412,46,0.675
412,47,0.428
412,48,0.298
413,1,0.285
413,2,0.22
413,3,0.239
413,4,0.322
413,5,0.242
413,6,0.22
413,7,0.28
413,8,0.303
413,9,0.22
413,10,0.246
413,11,0.33
413,12,0.271
413,13,0.215
413,14,0.241
413,15,0.318
413,16,0.299
413,17,1.411
413,18,0.395
413,19,0.161
413,20,0.069
413,21,0.069
413,22,0.149
413,23,0.132
413,24,0.07
413,25,0.085
413,26,0.167
413,27,0.094
413,28,0.072
413,29,0.131
413,30,0.141
413,31,0.073
413,32,0.085
413,33,0.167
413,34,0.341
413,35,0.198
413,36,0.137
413,37,0.767
413,38,3.584
413,39,3.014
413,40,1.344
413,41,1.31
413,42,1.279
413,43,0.938
413,44,0.671
413,45,0.613
413,46,0.497
413,47,0.565
413,48,1.142
414,1,0.233
414,2,0.16
414,3,0.195
414,4,0.255
414,5,0.163
414,6,0.162
414,7,0.242
414,8,0.203
414,9,0.162
414,10,0.202
414,11,0.247
414,12,0.151
414,13,0.25
414,14,0.367
414,15,0.282
414,16,0.257
414,17,1.612
414,18,0.862
414,19,0.418
414,20,0.088
414,21,0.165
414,22,0.082
414,23,0.072
414,24,0.141
414,25,0.127
414,26,0.073
414,27,0.096
414,28,0.165
414,29,0.074
414,30,0.072
414,31,0.151
414,32,0.353
414,33,0.072
414,34,0.245
414,35,0.813
414,36,1.764
414,37,1.38
414,38,3.446
414,39,1.727
414,40,4.112
414,41,2.424
414,42,2.324
414,43,0.965
414,44,0.566
414,45,0.97
414,46,0.823
414,47,0.143
414,48,0.15
415,1,0.222
415,2,0.114
415,3,0.109
415,4,0.182
415,5,0.137
415,6,0.235
415,7,0.386
415,8,0.152
415,9,0.106
415,10,0.139
415,11,0.176
415,12,0.106
415,13,0.222
415,14,0.464
415,15,0.926
415,16,2.56
415,17,0.351
415,18,0.171
415,19,0.088
415,20,0.225
415,21,0.159
415,22,0.156
415,23,0.088
415,24,0.089
415,25,0.174
415,26,0.129
415,27,0.089
415,28,0.106
415,29,0.181
415,30,0.103
415,31,0.089
415,32,0.135
415,33,0.16
415,34,0.372
415,35,0.089
415,36,0.172
415,37,0.22
415,38,1.355
415,39,1.902
415,40,1.306
415,41,1.199
415,42,1.175
415,43,2.098
415,44,0.828
415,45,0.697
415,46,1.034
415,47,1.73
415,48,0.357
