213,1,0.116
213,2,0.134
213,3,0.132
213,4,0.214
213,5,0.201
213,6,0.163
213,7,0.073
213,8,0.073
213,9,0.129
213,10,0.234
213,11,0.258
213,12,0.177
213,13,0.073
213,14,0.185
213,15,0.326
213,16,2.353
213,17,4.759
213,18,0.402
213,19,0.202
213,20,0.375
213,21,0.288
213,22,0.33
213,23,0.088
213,24,0.244
213,25,0.193
213,26,0.162
213,27,0.066
213,28,0.099
213,29,0.198
213,30,0.192
213,31,0.107
213,32,0.065
213,33,0.133
213,34,0.63
213,35,0.526
213,36,0.47
213,37,0.257
213,38,0.696
213,39,0.565
213,40,0.579
213,41,0.603
213,42,0.281
213,43,0.411
213,44,0.526
213,45,0.741
213,46,0.632
213,47,0.688
213,48,0.763
214,1,0.404
214,2,0.094
214,3,0.156
214,4,0.225
214,5,0.22
214,6,0.127
214,7,0.101
214,8,0.158
214,9,0.223
214,10,0.173
214,11,0.092
214,12,0.101
214,13,0.231
214,14,0.319
214,15,0.306
214,16,0.417
214,17,0.249
214,18,0.307
214,19,0.305
214,20,0.278
214,21,0.062
214,22,0.062
214,23,0.161
214,24,0.19
214,25,0.13
214,26,0.07
214,27,0.122
214,28,0.195
214,29,0.189
214,30,0.106
214,31,0.061
214,32,0.063
214,33,0.199
214,34,0.189
214,35,0.435
214,36,0.237
214,37,0.703
214,38,0.685
214,39,0.474
214,40,0.401
214,41,0.287
214,42,0.369
214,43,0.496
214,44,0.451
214,45,1.362
214,46,0.864
214,47,0.151
214,48,0.232
215,1,0.215
215,2,0.192
215,3,0.065
215,4,0.065
215,5,0.106
215,6,0.203
215,7,0.182
215,8,0.066
215,9,0.065
215,10,0.216
215,11,0.193
215,12,0.157
215,13,0.065
215,14,0.16
215,15,0.367
215,16,0.501
215,17,0.745
215,18,0.454
215,19,0.251
215,20,0.252
215,21,0.595
215,22,0.545
215,23,0.169
215,24,0.124
215,25,0.15
215,26,0.389
215,27,0.567
215,28,0.584
215,29,0.601
215,30,0.492
215,31,0.367
215,32,2.521
215,33,0.301
215,34,0.279
215,35,0.423
215,36,1.13
215,37,2.421
215,38,0.573
215,39,0.46
215,40,0.477
215,41,0.39
215,42,0.341
215,43,0.452
215,44,0.35
215,45,0.215
215,46,0.144
215,47,0.067
215,48,0.14
216,1,0.197
216,2,0.193
216,3,0.147
216,4,0.068
216,5,0.087
216,6,0.204
216,7,0.196
216,8,0.135
216,9,0.069
216,10,0.123
216,11,0.2
216,12,0.212
216,13,0.144
216,14,0.163
216,15,1.757
216,16,0.674
216,17,1.259
216,18,1.099
216,19,0.204
216,20,0.28
216,21,0.185
216,22,0.122
216,23,0.059
216,24,0.177
216,25,0.338
216,26,0.435
216,27,0.184
216,28,0.155
216,29,0.298
216,30,0.293
216,31,0.284
216,32,0.417
216,33,0.135
216,34,0.36
216,35,0.334
216,36,0.127
216,37,0.069
216,38,0.263
216,39,0.677
216,40,0.813
216,41,0.725
216,42,0.638
216,43,0.455
216,44,0.455
216,45,0.366
216,46,0.113
216,47,0.148
216,48,0.2
217,1,0.192
217,2,0.07
217,3,0.07
217,4,0.195
217,5,0.197
217,6,0.149
217,7,0.07
217,8,0.092
217,9,0.204
217,10,0.196
217,11,0.117
217,12,0.07
217,13,0.117
217,14,0.543
217,15,1.116
217,16,0.966
217,17,0.133
217,18,0.543
217,19,0.297
217,20,0.221
217,21,0.063
217,22,0.063
217,23,0.198
217,24,0.19
217,25,0.102
217,26,0.063
217,27,0.14
217,28,0.192
217,29,0.171
217,30,0.06
217,31,0.061
217,32,0.193
217,33,0.189
217,34,0.117
217,35,0.152
217,36,0.151
217,37,0.45
217,38,0.482
217,39,0.546
217,40,0.312
217,41,0.991
217,42,0.526
217,43,0.447
217,44,0.535
217,45,0.576
217,46,0.409
217,47,0.225
217,48,0.176
218,1,0.061
218,2,0.07
218,3,0.197
218,4,0.189
218,5,0.123
218,6,0.061
218,7,0.104
218,8,0.192
218,9,0.186
218,10,0.085
218,11,0.06
218,12,0.134
218,13,0.19
218,14,0.275
218,15,0.594
218,16,0.855
218,17,1.048
218,18,0.933
218,19,0.134
218,20,0.164
218,21,0.227
218,22,0.307
218,23,0.199
218,24,0.183
218,25,0.414
218,26,0.231
218,27,0.241
218,28,0.517
218,29,0.16
218,30,0.162
218,31,0.369
218,32,0.351
218,33,0.246
218,34,0.164
218,35,0.457
218,36,0.237
218,37,0.226
218,38,0.172
218,39,0.525
218,40,0.47
218,41,0.43
218,42,0.326
218,43,0.395
218,44,0.29
218,45,0.351
218,46,0.308
218,47,0.098
218,48,0.06
219,1,0.154
219,2,0.187
219,3,0.152
219,4,0.056
219,5,0.063
219,6,0.193
219,7,0.184
219,8,0.11
219,9,0.057
219,10,0.103
219,11,0.189
219,12,0.139
219,13,0.057
219,14,0.171
219,15,0.286
219,16,0.514
219,17,0.446
219,18,0.285
219,19,1.155
219,20,1.018
219,21,0.38
219,22,0.245
219,23,0.072
219,24,0.072
219,25,0.163
219,26,0.261
219,27,0.255
219,28,0.206
219,29,0.098
219,30,0.151
219,31,0.188
219,32,0.158
219,33,0.059
219,34,0.066
219,35,0.289
219,36,0.23
219,37,0.301
219,38,0.816
219,39,2.036
219,40,0.911
219,41,0.42
219,42,0.204
219,43,0.183
219,44,0.474
219,45,0.416
219,46,2.216
219,47,1.659
219,48,0.306
220,1,0.205
220,2,0.201
220,3,0.121
220,4,0.069
220,5,0.13
220,6,0.202
220,7,0.197
220,8,0.078
220,9,0.07
220,10,0.171
220,11,0.2
220,12,0.165
220,13,0.07
220,14,0.163
220,15,0.238
220,16,0.191
220,17,0.836
220,18,4.18
220,19,0.787
220,20,1.149
220,21,0.405
220,22,0.233
220,23,0.07
220,24,0.065
220,25,0.179
220,26,0.195
220,27,0.131
220,28,0.064
220,29,0.108
220,30,0.196
220,31,0.189
220,32,0.094
220,33,0.202
220,34,0.302
220,35,0.422
220,36,1.3
220,37,1.934
220,38,0.642
220,39,2.124
220,40,1.362
220,41,0.483
220,42,1.044
220,43,0.814
220,44,1.816
220,45,1.583
220,46,0.572
220,47,0.51
220,48,0.491
221,1,0.427
221,2,0.203
221,3,0.203
221,4,0.203
221,5,0.203
221,6,0.203
221,7,0.201
221,8,0.199
221,9,0.199
221,10,0.174
221,11,0.059
221,12,0.085
221,13,0.118
221,14,0.29
221,15,0.854
221,16,0.5
221,17,0.899
221,18,0.301
221,19,0.244
221,20,0.382
221,21,1.804
221,22,1.708
221,23,1.68
221,24,2.007
221,25,1.508
221,26,0.655
221,27,0.466
221,28,0.542
221,29,1.241
221,30,0.739
221,31,0.124
221,32,0.26
221,33,0.255
221,34,0.252
221,35,0.347
221,36,0.335
221,37,0.167
221,38,0.229
221,39,0.672
221,40,0.432
221,41,0.42
221,42,0.425
221,43,0.726
221,44,0.186
221,45,0.229
221,46,0.386
221,47,0.251
221,48,0.2
222,1,0.171
222,2,0.067
222,3,0.08
222,4,0.206
222,5,0.201
222,6,0.198
222,7,0.081
222,8,0.067
222,9,0.17
222,10,0.2
222,11,0.197
222,12,0.1
222,13,0.074
222,14,0.234
222,15,0.273
222,16,2.778
222,17,0.371
222,18,0.154
222,19,0.218
222,20,0.208
222,21,0.191
222,22,0.147
222,23,0.055
222,24,0.078
222,25,0.186
222,26,0.182
222,27,0.101
222,28,0.054
222,29,0.124
222,30,0.185
222,31,0.18
222,32,0.055
222,33,0.055
222,34,0.174
222,35,0.278
222,36,0.233
222,37,0.2
222,38,0.22
222,39,0.792
222,40,0.378
222,41,0.598
222,42,0.248
222,43,3.197
222,44,0.573
222,45,0.374
222,46,0.252
222,47,0.145
222,48,0.203
223,1,0.198
223,2,0.142
223,3,0.067
223,4,0.12
223,5,0.198
223,6,0.195
223,7,0.088
223,8,0.066
223,9,0.198
223,10,0.255
223,11,0.251
223,12,0.131
223,13,0.125
223,14,1.319
223,15,0.63
223,16,1.054
223,17,0.968
223,18,0.722
223,19,0.197
223,20,0.243
223,21,0.184
223,22,0.075
223,23,0.057
223,24,0.143
223,25,0.197
223,26,0.277
223,27,0.086
223,28,0.094
223,29,0.415
223,30,0.644
223,31,0.399
223,32,0.4
223,33,0.241
223,34,0.434
223,35,0.652
223,36,0.899
223,37,0.237
223,38,0.241
223,39,0.712
223,40,0.545
223,41,0.858
223,42,0.904
223,43,2.666
223,44,2.342
223,45,1.546
223,46,0.197
223,47,0.066
223,48,0.103
224,1,0.199
224,2,0.196
224,3,0.123
224,4,0.066
224,5,0.119
224,6,0.197
224,7,0.195
224,8,0.085
224,9,0.067
224,10,0.156
224,11,0.196
224,12,0.174
224,13,0.066
224,14,0.161
224,15,3.084
224,16,0.245
224,17,0.342
224,18,0.327
224,19,0.331
224,20,0.2
224,21,0.246
224,22,0.308
224,23,0.51
224,24,0.379
224,25,0.347
224,26,0.672
224,27,0.831
224,28,0.325
224,29,1.362
224,30,2.194
224,31,1.529
224,32,0.258
224,33,0.103
224,34,0.055
224,35,0.17
224,36,0.204
224,37,0.489
224,38,0.876
224,39,1.889
224,40,1.216
224,41,1.06
224,42,0.315
224,43,0.272
224,44,0.31
224,45,0.226
224,46,0.202
224,47,0.15
224,48,0.058
225,1,0.058
225,2,0.124
225,3,0.184
225,4,0.181
225,5,0.171
225,6,0.057
225,7,0.057
225,8,0.138
225,9,0.184
225,10,0.181
225,11,0.18
225,12,0.199
225,13,0.161
225,14,1.243
225,15,0.58
225,16,0.19
225,17,0.18
225,18,0.179
225,19,0.178
225,20,0.31
225,21,0.166
225,22,0.079
225,23,0.057
225,24,0.157
225,25,0.184
225,26,0.261
225,27,0.188
225,28,0.088
225,29,0.834
225,30,1.035
225,31,0.295
225,32,0.413
225,33,0.221
225,34,0.388
225,35,0.32
225,36,0.304
225,37,0.727
225,38,1.039
225,39,0.379
225,40,0.263
225,41,0.413
225,42,0.396
225,43,0.411
225,44,0.414
225,45,0.649
225,46,0.717
225,47,0.801
225,48,0.801
226,1,0.87
226,2,0.824
226,3,0.098
226,4,0.067
226,5,0.066
226,6,0.192
226,7,0.191
226,8,0.189
226,9,0.187
226,10,0.086
226,11,0.066
226,12,0.066
226,13,0.185
226,14,0.284
226,15,0.3
226,16,0.441
226,17,0.363
226,18,0.118
226,19,0.1
226,20,0.23
226,21,0.279
226,22,0.269
226,23,0.237
226,24,0.078
226,25,0.055
226,26,0.13
226,27,0.218
226,28,0.326
226,29,0.315
226,30,0.231
226,31,0.144
226,32,0.113
226,33,0.384
226,34,0.253
226,35,0.362
226,36,0.28
226,37,0.327
226,38,0.888
226,39,0.383
226,40,0.424
226,41,0.549
226,42,0.706
226,43,2.412
226,44,1.249
226,45,0.592
226,46,0.547
226,47,0.797
226,48,1.446
227,1,0.851
227,2,0.159
227,3,0.057
227,4,0.081
227,5,0.189
227,6,0.186
227,7,0.184
227,8,0.11
227,9,0.058
227,10,0.144
227,11,0.258
227,12,0.254
227,13,0.252
227,14,1.537
227,15,0.318
227,16,0.304
227,17,0.468
227,18,1.523
227,19,0.715
227,20,0.866
227,21,0.613
227,22,0.09
227,23,0.628
227,24,0.256
227,25,0.398
227,26,0.447
227,27,5.432
227,28,0.151
227,29,0.135
227,30,1.942
227,31,0.666
227,32,0.062
227,33,0.062
227,34,0.189
227,35,0.277
227,36,0.155
227,37,0.167
227,38,1.207
227,39,2.435
227,40,1.199
227,41,0.35
227,42,0.384
227,43,0.508
227,44,0.244
227,45,0.308
227,46,0.202
227,47,0.174
227,48,0.066
228,1,0.093
228,2,0.196
228,3,0.193
228,4,0.124
228,5,0.067
228,6,0.136
228,7,0.196
228,8,0.194
228,9,0.11
228,10,0.068
228,11,0.094
228,12,0.2
228,13,0.188
228,14,0.161
228,15,0.147
228,16,0.48
228,17,0.644
228,18,0.595
228,19,0.408
228,20,0.534
228,21,2.577
228,22,1.067
228,23,2.273
228,24,1.372
228,25,0.283
228,26,0.196
228,27,1.115
228,28,3.03
228,29,1.954
228,30,1.01
228,31,1.381
228,32,1.247
228,33,2.522
228,34,1.858
228,35,1.362
228,36,0.521
228,37,2.774
228,38,1.867
228,39,1.27
228,40,0.698
228,41,0.541
228,42,0.826
228,43,1.733
228,44,2.017
228,45,1.176
228,46,0.497
228,47,0.486
228,48,0.28
229,1,0.073
229,2,0.191
229,3,0.177
229,4,0.056
229,5,0.056
229,6,0.171
229,7,0.183
229,8,0.133
229,9,0.056
229,10,0.067
229,11,0.188
229,12,0.183
229,13,0.088
229,14,0.15
229,15,2.053
229,16,0.27
229,17,0.476
229,18,0.244
229,19,0.206
229,20,1.148
229,21,0.281
229,22,0.552
229,23,0.641
229,24,0.418
229,25,0.514
229,26,0.326
229,27,0.364
229,28,0.488
229,29,0.423
229,30,0.398
229,31,0.254
229,32,0.225
229,33,0.346
229,34,0.695
229,35,0.389
229,36,0.346
229,37,0.265
229,38,0.317
229,39,0.508
229,40,0.223
229,41,0.298
229,42,0.445
229,43,0.45
229,44,1.46
229,45,0.982
229,46,0.125
229,47,0.226
229,48,0.209
230,1,0.186
230,2,0.185
230,3,0.183
230,4,0.077
230,5,0.058
230,6,0.067
230,7,0.193
230,8,0.185
230,9,0.184
230,10,0.139
230,11,0.058
230,12,0.095
230,13,0.19
230,14,0.337
230,15,0.355
230,16,0.334
230,17,0.223
230,18,0.206
230,19,0.134
230,20,0.469
230,21,0.259
230,22,0.207
230,23,0.177
230,24,0.137
230,25,0.178
230,26,0.197
230,27,0.202
230,28,0.555
230,29,0.373
230,30,0.172
230,31,0.057
230,32,0.069
230,33,0.244
230,34,0.201
230,35,0.279
230,36,0.342
230,37,0.61
230,38,0.255
230,39,3.234
230,40,0.507
230,41,0.244
230,42,0.63
230,43,0.404
230,44,0.366
230,45,0.269
230,46,0.215
230,47,0.115
230,48,0.065
231,1,0.065
231,2,0.171
231,3,0.192
231,4,0.191
231,5,0.19
231,6,0.189
231,7,0.1
231,8,0.066
231,9,0.066
231,10,0.175
231,11,0.194
231,12,0.191
231,13,0.163
231,14,0.162
231,15,1.22
231,16,2.129
231,17,1.158
231,18,2.143
231,19,1.667
231,20,1.033
231,21,0.831
231,22,0.187
231,23,0.184
231,24,0.181
231,25,0.06
231,26,0.059
231,27,0.112
231,28,0.188
231,29,0.185
231,30,0.183
231,31,0.182
231,32,0.134
231,33,0.06
231,34,0.06
231,35,0.219
231,36,0.237
231,37,0.184
231,38,0.182
231,39,0.252
231,40,1.312
231,41,1.663
231,42,0.887
231,43,0.389
231,44,0.407
231,45,0.385
231,46,0.213
231,47,0.118
231,48,0.124
232,1,0.185
232,2,0.252
232,3,0.256
232,4,0.254
232,5,0.175
232,6,0.131
232,7,0.131
232,8,0.256
232,9,0.257
232,10,0.253
232,11,0.162
232,12,0.109
232,13,0.134
232,14,0.309
232,15,0.31
232,16,0.279
232,17,1.288
232,18,0.647
232,19,0.25
232,20,2.413
232,21,1.882
232,22,1.19
232,23,0.22
232,24,1.789
232,25,1.204
232,26,0.174
232,27,0.082
232,28,0.145
232,29,0.246
232,30,0.184
232,31,0.085
232,32,0.057
232,33,0.137
232,34,0.185
232,35,0.677
232,36,0.22
232,37,0.3
232,38,0.414
232,39,0.241
232,40,1.065
232,41,1.234
232,42,0.59
232,43,0.498
232,44,0.72
232,45,0.73
232,46,0.619
232,47,0.619
232,48,0.735
233,1,0.527
233,2,0.123
233,3,0.069
233,4,0.12
233,5,0.201
233,6,0.161
233,7,0.07
233,8,0.069
233,9,0.203
233,10,0.195
233,11,0.13
233,12,0.069
233,13,0.068
233,14,0.249
233,15,0.208
233,16,0.693
233,17,0.386
233,18,0.303
233,19,0.222
233,20,0.173
233,21,0.326
233,22,0.309
233,23,0.347
233,24,0.426
233,25,0.16
233,26,0.131
233,27,0.202
233,28,0.403
233,29,0.207
233,30,0.118
233,31,0.135
233,32,0.417
233,33,0.472
233,34,0.222
233,35,0.171
233,36,0.197
233,37,0.699
233,38,0.337
233,39,0.316
233,40,0.268
233,41,0.263
233,42,0.419
233,43,0.356
233,44,0.333
233,45,0.101
233,46,0.068
233,47,0.088
233,48,0.197
234,1,0.19
234,2,0.138
234,3,0.066
234,4,0.088
234,5,0.195
234,6,0.192
234,7,0.105
234,8,0.066
234,9,0.066
234,10,0.187
234,11,0.193
234,12,0.159
234,13,0.067
234,14,0.163
234,15,0.159
234,16,0.918
234,17,0.405
234,18,0.356
234,19,0.526
234,20,0.193
234,21,0.51
234,22,0.849
234,23,0.962
234,24,0.267
234,25,2.522
234,26,0.381
234,27,0.796
234,28,0.76
234,29,1.21
234,30,1.311
234,31,0.393
234,32,0.279
234,33,0.288
234,34,0.279
234,35,0.264
234,36,0.536
234,37,0.204
234,38,2.755
234,39,1.134
234,40,0.389
234,41,0.325
234,42,0.278
234,43,0.381
234,44,0.441
234,45,0.42
234,46,0.415
234,47,0.287
234,48,0.204
235,1,0.154
235,2,0.194
235,3,0.192
235,4,0.151
235,5,0.066
235,6,0.066
235,7,0.196
235,8,0.195
235,9,0.191
235,10,0.127
235,11,0.066
235,12,0.066
235,13,0.193
235,14,0.29
235,15,0.262
235,16,0.076
235,17,0.649
235,18,1.009
235,19,1.74
235,20,0.413
235,21,0.057
235,22,0.056
235,23,0.188
235,24,0.185
235,25,0.316
235,26,0.75
235,27,2.157
235,28,2.679
235,29,1.655
235,30,0.186
235,31,0.136
235,32,0.057
235,33,0.122
235,34,0.186
235,35,0.276
235,36,0.146
235,37,0.244
235,38,0.977
235,39,0.806
235,40,1.225
235,41,0.377
235,42,0.629
235,43,0.369
235,44,0.429
235,45,0.629
235,46,0.33
235,47,0.231
235,48,0.169
236,1,0.247
236,2,0.251
236,3,0.144
236,4,0.126
236,5,0.214
236,6,0.255
236,7,0.251
236,8,0.13
236,9,0.125
236,10,0.203
236,11,0.253
236,12,0.249
236,13,0.136
236,14,0.208
236,15,1.048
236,16,1.063
236,17,0.603
236,18,1.727
236,19,2.138
236,20,0.705
236,21,3.063
236,22,0.375
236,23,1.766
236,24,1.69
236,25,1.368
236,26,0.544
236,27,0.233
236,28,0.602
236,29,0.411
236,30,0.411
236,31,0.349
236,32,0.338
236,33,0.408
236,34,0.471
236,35,0.851
236,36,0.837
236,37,0.472
236,38,0.315
236,39,0.569
236,40,0.337
236,41,0.354
236,42,1.186
236,43,2.371
236,44,1.677
236,45,0.597
236,46,1.486
236,47,0.89
236,48,0.191
237,1,0.189
237,2,0.092
237,3,0.066
237,4,0.128
237,5,0.193
237,6,0.19
237,7,0.188
237,8,0.095
237,9,0.068
237,10,0.066
237,11,0.17
237,12,0.19
237,13,0.245
237,14,0.252
237,15,0.192
237,16,0.108
237,17,0.573
237,18,0.38
237,19,0.33
237,20,0.401
237,21,0.184
237,22,0.409
237,23,0.372
237,24,0.341
237,25,0.46
237,26,0.382
237,27,0.318
237,28,1.795
237,29,2.167
237,30,0.345
237,31,0.235
237,32,0.536
237,33,0.369
237,34,0.197
237,35,1.54
237,36,1.843
237,37,1.296
237,38,0.511
237,39,1.62
237,40,0.274
237,41,0.626
237,42,0.451
237,43,0.625
237,44,0.531
237,45,0.494
237,46,0.283
237,47,0.119
237,48,0.201
238,1,0.193
238,2,0.111
238,3,0.068
238,4,0.105
238,5,0.198
238,6,0.194
238,7,0.098
238,8,0.068
238,9,0.113
238,10,0.197
238,11,0.234
238,12,0.142
238,13,0.126
238,14,0.275
238,15,0.353
238,16,0.228
238,17,0.534
238,18,0.363
238,19,0.481
238,20,0.511
238,21,1.614
238,22,1.107
238,23,0.154
238,24,0.394
238,25,0.934
238,26,0.521
238,27,0.288
238,28,0.605
238,29,0.326
238,30,0.305
238,31,0.289
238,32,0.201
238,33,1.49
238,34,2.067
238,35,1.515
238,36,2.183
238,37,4.319
238,38,0.404
238,39,0.536
238,40,0.418
238,41,0.5
238,42,0.247
238,43,0.275
238,44,0.383
238,45,0.25
238,46,0.185
238,47,0.108
238,48,0.087
239,1,0.198
239,2,0.194
239,3,0.109
239,4,0.067
239,5,0.11
239,6,0.198
239,7,0.192
239,8,0.073
239,9,0.066
239,10,0.136
239,11,0.193
239,12,0.19
239,13,0.069
239,14,0.162
239,15,0.126
239,16,0.205
239,17,0.224
239,18,0.196
239,19,0.404
239,20,0.381
239,21,1.615
239,22,1.297
239,23,0.456
239,24,0.41
239,25,0.715
239,26,0.198
239,27,0.292
239,28,0.319
239,29,0.108
239,30,0.084
239,31,0.32
239,32,0.366
239,33,0.579
239,34,0.851
239,35,0.489
239,36,0.625
239,37,0.596
239,38,0.283
239,39,0.229
239,40,0.108
239,41,0.148
239,42,0.45
239,43,0.453
239,44,0.468
239,45,0.286
239,46,0.2
239,47,0.087
239,48,0.202
240,1,0.194
240,2,0.182
240,3,0.067
240,4,0.068
240,5,0.088
240,6,0.202
240,7,0.195
240,8,0.162
240,9,0.067
240,10,0.067
240,11,0.093
240,12,0.197
240,13,0.192
240,14,0.184
240,15,0.436
240,16,0.187
240,17,0.244
240,18,0.203
240,19,3.323
240,20,0.516
240,21,0.387
240,22,0.761
240,23,1.549
240,24,1.572
240,25,0.34
240,26,0.449
240,27,0.277
240,28,1.419
240,29,0.4
240,30,0.407
240,31,0.111
240,32,0.057
240,33,0.093
240,34,0.186
240,35,0.276
240,36,0.37
240,37,0.421
240,38,0.214
240,39,2.146
240,40,1.264
240,41,0.825
240,42,0.37
240,43,2.278
240,44,1.54
240,45,0.25
240,46,0.351
240,47,0.216
240,48,0.172
388,1,0.214
388,2,0.308
388,3,0.205
388,4,0.079
388,5,0.068
388,6,0.068
388,7,0.106
388,8,0.199
388,9,0.191
388,10,0.188
388,11,0.187
388,12,0.114
388,13,0.067
388,14,0.195
388,15,0.7
388,16,0.799
388,17,1.078
388,18,2.657
388,19,1.402
388,20,0.401
388,21,1.178
388,22,0.229
388,23,0.409
388,24,1.889
388,25,1.316
388,26,1.909
388,27,0.732
388,28,0.198
388,29,0.255
388,30,0.226
388,31,0.789
388,32,0.481
388,33,2.712
388,34,1.255
388,35,0.16
388,36,2.44
388,37,2.367
388,38,1.836
388,39,1.622
388,40,0.752
388,41,2.804
388,42,2.159
388,43,0.706
388,44,0.658
388,45,0.632
388,46,0.555
388,47,0.879
388,48,0.242
389,1,0.241
389,2,0.312
389,3,0.299
389,4,0.137
389,5,0.071
389,6,0.07
389,7,0.069
389,8,0.069
389,9,0.173
389,10,0.194
389,11,0.19
389,12,0.187
389,13,0.186
389,14,0.279
389,15,0.186
389,16,0.172
389,17,0.521
389,18,0.311
389,19,0.584
389,20,0.306
389,21,0.56
389,22,2.892
389,23,1.102
389,24,2.624
389,25,0.366
389,26,0.144
389,27,0.066
389,28,0.066
389,29,0.067
389,30,0.144
389,31,0.299
389,32,0.899
389,33,0.496
389,34,0.474
389,35,0.426
389,36,0.541
389,37,0.629
389,38,0.671
389,39,0.705
389,40,0.7
389,41,0.659
389,42,0.668
389,43,0.699
389,44,0.757
389,45,0.666
389,46,0.78
389,47,0.184
389,48,0.18
390,1,0.084
390,2,0.128
390,3,0.196
390,4,0.192
390,5,0.188
390,6,0.18
390,7,0.07
390,8,0.07
390,9,0.07
390,10,0.07
390,11,0.069
390,12,0.069
390,13,0.153
390,14,0.321
390,15,1.371
390,16,0.92
390,17,0.419
390,18,1.301
390,19,0.316
390,20,1.087
390,21,1.862
390,22,1.318
390,23,0.142
390,24,0.167
390,25,0.203
390,26,0.189
390,27,2.046
390,28,0.574
390,29,0.289
390,30,0.067
390,31,0.067
390,32,0.157
390,33,0.624
390,34,0.518
390,35,0.413
390,36,0.344
390,37,0.732
390,38,0.806
390,39,0.511
390,40,0.328
390,41,2.567
390,42,2.706
390,43,0.761
390,44,0.995
390,45,2.393
390,46,1.917
390,47,1.102
390,48,0.134
391,1,0.074
391,2,0.071
391,3,0.084
391,4,0.203
391,5,0.2
391,6,0.12
391,7,0.071
391,8,0.07
391,9,0.071
391,10,0.2
391,11,0.199
391,12,0.195
391,13,0.095
391,14,0.222
391,15,3.141
391,16,1.436
391,17,0.617
391,18,0.275
391,19,0.198
391,20,0.182
391,21,0.087
391,22,0.244
391,23,0.172
391,24,0.196
391,25,0.187
391,26,0.295
391,27,0.29
391,28,0.186
391,29,0.183
391,30,1.007
391,31,1.049
391,32,1.856
391,33,1.864
391,34,0.883
391,35,0.697
391,36,0.456
391,37,0.731
391,38,0.746
391,39,0.528
391,40,0.913
391,41,0.604
391,42,0.573
391,43,0.608
391,44,0.777
391,45,0.696
391,46,0.266
391,47,0.085
391,48,0.071
392,1,0.09
392,2,0.203
392,3,0.197
392,4,0.194
392,5,0.192
392,6,0.147
392,7,0.071
392,8,0.071
392,9,0.071
392,10,0.072
392,11,0.071
392,12,0.164
392,13,0.194
392,14,0.317
392,15,1.684
392,16,0.505
392,17,0.436
392,18,0.194
392,19,0.145
392,20,0.124
392,21,0.059
392,22,0.076
392,23,0.532
392,24,0.369
392,25,0.21
392,26,0.25
392,27,0.443
392,28,0.25
392,29,0.256
392,30,0.062
392,31,0.062
392,32,0.164
392,33,0.186
392,34,0.276
392,35,1.932
392,36,1.258
392,37,0.698
392,38,0.488
392,39,0.576
392,40,0.673
392,41,1.13
392,42,0.697
392,43,1.11
392,44,0.748
392,45,0.495
392,46,0.33
392,47,0.088
392,48,0.059
393,1,0.059
393,2,0.059
393,3,0.151
393,4,0.186
393,5,0.183
393,6,0.18
393,7,0.094
393,8,0.06
393,9,0.061
393,10,0.06
393,11,0.06
393,12,0.135
393,13,0.185
393,14,0.307
393,15,1.843
393,16,1.39
393,17,0.331
393,18,0.097
393,19,0.093
393,20,0.209
393,21,0.236
393,22,0.626
393,23,0.247
393,24,0.761
393,25,0.208
393,26,0.075
393,27,0.075
393,28,0.115
393,29,0.259
393,30,0.488
393,31,0.304
393,32,0.253
393,33,0.294
393,34,0.72
393,35,0.635
393,36,0.514
393,37,0.899
393,38,0.765
393,39,0.423
393,40,0.487
393,41,0.437
393,42,0.363
393,43,0.597
393,44,0.428
393,45,0.4
393,46,0.318
393,47,0.083
393,48,0.07
394,1,0.069
394,2,0.163
394,3,0.193
394,4,0.19
394,5,0.189
394,6,0.127
394,7,0.07
394,8,0.07
394,9,0.07
394,10,0.069
394,11,0.162
394,12,0.195
394,13,0.189
394,14,0.535
394,15,1.481
394,16,0.339
394,17,0.851
394,18,1.032
394,19,0.285
394,20,0.197
394,21,0.493
394,22,3.232
394,23,1.901
394,24,0.804
394,25,1.33
394,26,1.144
394,27,1.89
394,28,0.688
394,29,3.023
394,30,1.748
394,31,0.834
394,32,0.775
394,33,0.317
394,34,0.755
394,35,0.449
394,36,0.337
394,37,1.129
394,38,0.49
394,39,0.217
394,40,0.198
394,41,0.194
394,42,0.738
394,43,1.983
394,44,0.819
394,45,0.258
394,46,0.211
394,47,0.095
394,48,0.201
395,1,0.193
395,2,0.19
395,3,0.188
395,4,0.07
395,5,0.07
395,6,0.071
395,7,0.071
395,8,0.071
395,9,0.187
395,10,0.196
395,11,0.192
395,12,0.19
395,13,0.074
395,14,0.198
395,15,0.185
395,16,0.192
395,17,0.868
395,18,0.415
395,19,0.392
395,20,1.265
395,21,0.468
395,22,0.402
395,23,0.405
395,24,2.135
395,25,0.37
395,26,0.703
395,27,0.61
395,28,2.377
395,29,1.163
395,30,0.299
395,31,0.451
395,32,0.324
395,33,0.184
395,34,0.244
395,35,0.19
395,36,0.994
395,37,2.389
395,38,0.886
395,39,1.085
395,40,0.747
395,41,1.264
395,42,0.857
395,43,0.908
395,44,2.433
395,45,0.787
395,46,2.314
395,47,2.051
395,48,1.256
396,1,0.2
396,2,0.194
396,3,0.193
396,4,0.198
396,5,0.133
396,6,0.081
396,7,0.081
396,8,0.08
396,9,0.081
396,10,0.081
396,11,0.202
396,12,0.204
396,13,0.2
396,14,0.318
396,15,0.199
396,16,0.214
396,17,0.496
396,18,1.771
396,19,6.083
396,20,1.3
396,21,2.019
396,22,0.39
396,23,0.387
396,24,0.414
396,25,0.305
396,26,0.101
396,27,0.056
396,28,0.057
396,29,0.057
396,30,0.057
396,31,0.057
396,32,0.092
396,33,0.183
396,34,0.656
396,35,0.519
396,36,0.597
396,37,0.644
396,38,0.978
396,39,3.124
396,40,0.818
396,41,1.086
396,42,0.813
396,43,0.571
396,44,0.406
396,45,0.363
396,46,0.326
396,47,0.208
396,48,0.193
397,1,0.153
397,2,0.071
397,3,0.071
397,4,0.072
397,5,0.072
397,6,0.071
397,7,0.071
397,8,0.203
397,9,0.196
397,10,0.193
397,11,0.191
397,12,0.189
397,13,0.133
397,14,0.196
397,15,0.227
397,16,0.881
397,17,0.308
397,18,0.196
397,19,0.075
397,20,0.676
397,21,0.368
397,22,0.262
397,23,1.247
397,24,0.5
397,25,0.179
397,26,0.071
397,27,0.061
397,28,0.061
397,29,0.06
397,30,0.06
397,31,0.066
397,32,0.192
397,33,0.258
397,34,0.926
397,35,1.026
397,36,2.896
397,37,2.125
397,38,0.863
397,39,0.29
397,40,0.315
397,41,0.338
397,42,0.34
397,43,0.482
397,44,0.57
397,45,1.053
397,46,2.124
397,47,0.158
397,48,0.07
398,1,0.07
398,2,0.07
398,3,0.069
398,4,0.094
398,5,0.198
398,6,0.192
398,7,0.189
398,8,0.188
398,9,0.085
398,10,0.07
398,11,0.07
398,12,0.07
398,13,0.069
398,14,0.196
398,15,1.129
398,16,0.985
398,17,0.377
398,18,0.27
398,19,0.18
398,20,0.14
398,21,0.252
398,22,0.815
398,23,0.313
398,24,0.229
398,25,0.072
398,26,0.152
398,27,0.194
398,28,0.522
398,29,0.229
398,30,0.206
398,31,0.066
398,32,0.062
398,33,0.504
398,34,0.311
398,35,0.332
398,36,0.533
398,37,1.055
398,38,1.041
398,39,0.45
398,40,0.463
398,41,0.556
398,42,0.707
398,43,0.7
398,44,1.05
398,45,0.344
398,46,0.343
398,47,0.22
398,48,0.164
399,1,0.07
399,2,0.07
399,3,0.071
399,4,0.071
399,5,0.104
399,6,0.208
399,7,0.197
399,8,0.193
399,9,0.167
399,10,0.072
399,11,0.072
399,12,0.071
399,13,0.071
399,14,0.194
399,15,0.286
399,16,0.897
399,17,0.496
399,18,0.28
399,19,0.624
399,20,0.191
399,21,0.06
399,22,0.06
399,23,0.06
399,24,0.06
399,25,0.174
399,26,0.183
399,27,0.619
399,28,0.291
399,29,0.419
399,30,0.3
399,31,0.095
399,32,0.379
399,33,0.219
399,34,2.629
399,35,0.567
399,36,1.422
399,37,1.335
399,38,0.809
399,39,0.88
399,40,4.245
399,41,2.111
399,42,1.318
399,43,0.951
399,44,1.61
399,45,1.097
399,46,0.447
399,47,0.257
399,48,0.089
400,1,0.072
400,2,0.07
400,3,0.07
400,4,0.07
400,5,0.201
400,6,0.198
400,7,0.195
400,8,0.193
400,9,0.116
400,10,0.071
400,11,0.071
400,12,0.07
400,13,0.07
400,14,0.196
400,15,2.469
400,16,0.451
400,17,0.793
400,18,0.734
400,19,0.969
400,20,0.446
400,21,0.202
400,22,0.233
400,23,2.302
400,24,1.062
400,25,0.818
400,26,1.223
400,27,0.401
400,28,1.276
400,29,1.698
400,30,0.885
400,31,0.104
400,32,0.067
400,33,0.677
400,34,2.433
400,35,0.794
400,36,0.324
400,37,0.263
400,38,2.251
400,39,0.511
400,40,0.423
400,41,0.365
400,42,0.343
400,43,0.343
400,44,0.826
400,45,0.543
400,46,0.576
400,47,0.359
400,48,0.262
401,1,0.135
401,2,0.073
401,3,0.073
401,4,0.073
401,5,0.089
401,6,0.203
401,7,0.195
401,8,0.193
401,9,0.143
401,10,0.072
401,11,0.072
401,12,0.072
401,13,0.071
401,14,0.197
401,15,0.355
401,16,0.371
401,17,0.738
401,18,0.251
401,19,0.128
401,20,0.352
401,21,0.091
401,22,0.065
401,23,0.075
401,24,0.194
401,25,0.186
401,26,0.183
401,27,0.183
401,28,0.07
401,29,0.123
401,30,0.432
401,31,0.315
401,32,0.605
401,33,0.14
401,34,0.326
401,35,0.362
401,36,0.704
401,37,0.681
401,38,0.605
401,39,1.593
401,40,1.068
401,41,1.056
401,42,1.822
401,43,0.657
401,44,0.64
401,45,0.915
401,46,0.302
401,47,0.102
401,48,0.071
402,1,0.071
402,2,0.071
402,3,0.196
402,4,0.197
402,5,0.194
402,6,0.191
402,7,0.074
402,8,0.072
402,9,0.072
402,10,0.072
402,11,0.072
402,12,0.186
402,13,0.197
402,14,0.324
402,15,0.316
402,16,1.513
402,17,1.455
402,18,1.681
402,19,1.892
402,20,1.846
402,21,0.618
402,22,0.395
402,23,0.385
402,24,0.383
402,25,0.668
402,26,0.266
402,27,0.313
402,28,0.397
402,29,0.166
402,30,0.068
402,31,0.16
402,32,0.184
402,33,0.18
402,34,0.28
402,35,0.17
402,36,0.156
402,37,0.069
402,38,0.058
402,39,0.063
402,40,0.19
402,41,0.181
402,42,0.179
402,43,0.145
402,44,0.059
402,45,0.174
402,46,0.164
402,47,0.071
402,48,0.058
403,1,0.192
403,2,0.182
403,3,0.179
403,4,0.109
403,5,0.059
403,6,0.059
403,7,0.06
403,8,0.06
403,9,0.114
403,10,0.186
403,11,0.181
403,12,0.178
403,13,0.176
403,14,0.184
403,15,0.173
403,16,0.171
403,17,0.171
403,18,0.071
403,19,0.058
403,20,0.144
403,21,0.183
403,22,0.178
403,23,0.175
403,24,0.161
403,25,0.158
403,26,0.667
403,27,0.303
403,28,0.301
403,29,0.225
403,30,0.388
403,31,0.421
403,32,0.749
403,33,0.448
403,34,1.108
403,35,3.124
403,36,0.907
403,37,0.469
403,38,0.388
403,39,0.735
403,40,0.26
403,41,0.289
403,42,0.342
403,43,0.422
403,44,0.239
403,45,0.302
403,46,0.179
403,47,0.083
403,48,0.069
404,1,0.069
404,2,0.114
404,3,0.197
404,4,0.193
404,5,0.19
404,6,0.185
404,7,0.071
404,8,0.071
404,9,0.071
404,10,0.071
404,11,0.071
404,12,0.07
404,13,0.167
404,14,1.813
404,15,0.749
404,16,1.233
404,17,0.382
404,18,0.137
404,19,0.074
404,20,0.074
404,21,0.408
404,22,0.504
404,23,0.412
404,24,0.262
404,25,1.237
404,26,0.337
404,27,0.649
404,28,1.834
404,29,1.925
404,30,1.313
404,31,1.761
404,32,0.335
404,33,0.35
404,34,0.458
404,35,0.572
404,36,0.652
404,37,0.551
404,38,0.509
404,39,0.985
404,40,0.44
404,41,1.806
404,42,0.459
404,43,0.425
404,44,0.486
404,45,0.528
404,46,0.408
404,47,0.246
404,48,0.115
405,1,0.076
405,2,0.076
405,3,0.076
405,4,0.076
405,5,0.084
405,6,0.208
405,7,0.2
405,8,0.196
405,9,0.195
405,10,0.133
405,11,0.076
405,12,0.076
405,13,0.076
405,14,0.201
405,15,0.32
405,16,2.54
405,17,0.686
405,18,0.481
405,19,0.698
405,20,0.857
405,21,0.293
405,22,0.22
405,23,0.98
405,24,0.39
405,25,0.903
405,26,2.464
405,27,0.185
405,28,0.2
405,29,0.336
405,30,2.314
405,31,2.103
405,32,0.861
405,33,1.295
405,34,0.449
405,35,0.288
405,36,0.434
405,37,1.191
405,38,1.933
405,39,1.426
405,40,0.822
405,41,1.905
405,42,1.823
405,43,0.564
405,44,0.443
405,45,0.346
405,46,0.242
405,47,0.148
405,48,0.136
406,1,0.258
406,2,0.262
406,3,0.257
406,4,0.265
406,5,0.145
406,6,0.146
406,7,0.146
406,8,0.139
406,9,0.135
406,10,0.167
406,11,0.263
406,12,0.256
406,13,0.251
406,14,0.375
406,15,1.206
406,16,0.868
406,17,0.258
406,18,0.685
406,19,1.102
406,20,1.644
406,21,1.572
406,22,2.631
406,23,0.772
406,24,0.884
406,25,2.5
406,26,1.304
406,27,0.502
406,28,0.345
406,29,0.306
406,30,2.117
406,31,1.312
406,32,0.69
406,33,0.552
406,34,0.456
406,35,0.882
406,36,0.528
406,37,0.495
406,38,0.457
406,39,0.418
406,40,0.734
406,41,0.494
406,42,0.516
406,43,0.648
406,44,0.601
406,45,0.589
406,46,0.299
406,47,0.159
406,48,0.146
407,1,0.148
407,2,0.148
407,3,0.156
407,4,0.281
407,5,0.274
407,6,0.27
407,7,0.265
407,8,0.209
407,9,0.148
407,10,0.148
407,11,0.148
407,12,0.241
407,13,0.646
407,14,0.773
407,15,0.521
407,16,0.424
407,17,0.354
407,18,0.329
407,19,0.186
407,20,0.113
407,21,0.459
407,22,0.376
407,23,0.243
407,24,0.348
407,25,0.285
407,26,0.308
407,27,0.321
407,28,0.302
407,29,0.504
407,30,0.228
407,31,0.189
407,32,0.229
407,33,0.542
407,34,0.344
407,35,0.306
407,36,0.248
407,37,0.394
407,38,0.381
407,39,0.53
407,40,0.555
407,41,0.626
407,42,5.034
407,43,0.687
407,44,0.528
407,45,0.601
407,46,0.225
407,47,0.176
407,48,0.202
408,1,0.195
408,2,0.075
408,3,0.076
408,4,0.076
408,5,0.075
408,6,0.191
408,7,0.203
408,8,0.195
408,9,0.193
408,10,0.162
408,11,0.075
408,12,0.075
408,13,0.074
408,14,0.2
408,15,0.823
408,16,0.314
408,17,0.471
408,18,1.221
408,19,0.466
408,20,0.635
408,21,0.68
408,22,1.554
408,23,1.83
408,24,0.323
408,25,0.067
408,26,0.112
408,27,0.378
408,28,0.735
408,29,0.366
408,30,0.703
408,31,0.717
408,32,0.158
408,33,0.146
408,34,0.277
408,35,1.344
408,36,2.408
408,37,0.684
408,38,1.95
408,39,0.732
408,40,0.775
408,41,0.793
408,42,0.72
408,43,1.078
408,44,0.521
408,45,0.233
408,46,0.224
408,47,0.104
408,48,0.145
409,1,0.204
409,2,0.202
409,3,0.202
409,4,0.2
409,5,0.2
409,6,0.199
409,7,0.154
409,8,0.072
409,9,0.072
409,10,0.072
409,11,0.072
409,12,0.072
409,13,0.071
409,14,0.395
409,15,0.933
409,16,0.599
409,17,0.539
409,18,1.691
409,19,1.535
409,20,0.613
409,21,0.322
409,22,1.293
409,23,2.101
409,24,1.681
409,25,0.284
409,26,0.272
409,27,0.266
409,28,0.196
409,29,0.456
409,30,0.405
409,31,0.307
409,32,0.516
409,33,0.603
409,34,0.611
409,35,0.443
409,36,1.353
409,37,1.984
409,38,0.527
409,39,0.487
409,40,0.711
409,41,1.36
409,42,0.753
409,43,0.664
409,44,0.666
409,45,0.282
409,46,0.224
409,47,0.135
409,48,0.131
410,1,0.118
410,2,0.159
410,3,0.199
410,4,0.195
410,5,0.194
410,6,0.161
410,7,0.072
410,8,0.074
410,9,0.08
410,10,0.075
410,11,0.084
410,12,0.202
410,13,0.208
410,14,0.333
410,15,0.332
410,16,0.645
410,17,0.437
410,18,0.137
410,19,0.169
410,20,0.237
410,21,0.343
410,22,0.485
410,23,0.321
410,24,1.453
410,25,1.768
410,26,1.144
410,27,2.644
410,28,1.783
410,29,1.785
410,30,0.539
410,31,0.499
410,32,0.574
410,33,0.279
410,34,2.717
410,35,2.769
410,36,0.88
410,37,2.739
410,38,1.94
410,39,0.926
410,40,1.456
410,41,2.191
410,42,0.878
410,43,2.125
410,44,1.592
410,45,0.577
410,46,0.321
410,47,0.227
410,48,0.192
411,1,0.108
411,2,0.07
411,3,0.07
411,4,0.071
411,5,0.186
411,6,0.207
411,7,0.194
411,8,0.08
411,9,0.08
411,10,0.081
411,11,0.082
411,12,0.213
411,13,0.202
411,14,0.364
411,15,2.175
411,16,1.968
411,17,0.26
411,18,0.073
411,19,1.358
411,20,0.626
411,21,0.196
411,22,1.059
411,23,1.194
411,24,0.25
411,25,0.727
411,26,0.081
411,27,0.276
411,28,0.441
411,29,0.363
411,30,0.341
411,31,3.104
411,32,2.002
411,33,0.748
411,34,1.267
411,35,0.6
411,36,0.317
411,37,0.396
411,38,0.527
411,39,1.234
411,40,1.023
411,41,0.888
411,42,0.776
411,43,0.681
411,44,0.829
411,45,0.284
411,46,0.258
411,47,0.307
411,48,0.303
412,1,0.106
412,2,0.07
412,3,0.07
412,4,0.135
412,5,0.197
412,6,0.194
412,7,0.121
412,8,0.071
412,9,0.081
412,10,0.081
412,11,0.172
412,12,0.206
412,13,0.201
412,14,0.29
412,15,0.271
412,16,0.741
412,17,0.372
412,18,1.278
412,19,0.392
412,20,0.334
412,21,0.726
412,22,1.492
412,23,1.027
412,24,0.192
412,25,0.186
412,26,0.09
412,27,0.198
412,28,0.188
412,29,0.183
412,30,0.064
412,31,0.064
412,32,0.064
412,33,0.064
412,34,0.239
412,35,0.346
412,36,0.495
412,37,0.418
412,38,0.603
412,39,0.595
412,40,1.214
412,41,1.652
412,42,0.691
412,43,0.772
412,44,0.684
412,45,1.069
412,46,0.277
412,47,0.085
412,48,0.072
413,1,0.071
413,2,0.18
413,3,0.194
413,4,0.192
413,5,0.12
413,6,0.071
413,7,0.071
413,8,0.071
413,9,0.146
413,10,0.196
413,11,0.197
413,12,0.197
413,13,0.08
413,14,0.205
413,15,1.44
413,16,2.908
413,17,1.465
413,18,0.966
413,19,0.183
413,20,0.19
413,21,0.086
413,22,0.056
413,23,0.28
413,24,0.228
413,25,0.158
413,26,0.239
413,27,0.21
413,28,0.189
413,29,0.182
413,30,0.429
413,31,0.63
413,32,0.288
413,33,0.07
413,34,1.964
413,35,1.178
413,36,0.257
413,37,0.241
413,38,0.462
413,39,1.346
413,40,1.324
413,41,0.568
413,42,0.459
413,43,0.407
413,44,0.414
413,45,0.868
413,46,0.254
413,47,0.071
413,48,0.06
414,1,0.061
414,2,0.061
414,3,0.061
414,4,0.122
414,5,0.191
414,6,0.186
414,7,0.184
414,8,0.182
414,9,0.128
414,10,0.061
414,11,0.062
414,12,0.061
414,13,0.077
414,14,0.218
414,15,0.447
414,16,0.914
414,17,2.356
414,18,1.718
414,19,0.236
414,20,0.137
414,21,0.057
414,22,0.235
414,23,0.457
414,24,0.297
414,25,1.297
414,26,1.076
414,27,0.37
414,28,0.228
414,29,0.212
414,30,1.152
414,31,0.36
414,32,0.15
414,33,0.188
414,34,0.171
414,35,0.194
414,36,0.424
414,37,0.453
414,38,0.442
414,39,0.415
414,40,0.564
414,41,0.672
414,42,0.597
414,43,0.571
414,44,0.93
414,45,0.226
414,46,0.193
414,47,0.202
414,48,0.184
415,1,0.182
415,2,0.132
415,3,0.06
415,4,0.06
415,5,0.059
415,6,0.059
415,7,0.091
415,8,0.188
415,9,0.183
415,10,0.18
415,11,0.173
415,12,0.076
415,13,0.13
415,14,0.217
415,15,0.782
415,16,0.672
415,17,0.182
415,18,0.217
415,19,0.375
415,20,0.645
415,21,0.871
415,22,0.154
415,23,0.059
415,24,0.059
415,25,0.059
415,26,0.101
415,27,0.302
415,28,1.859
415,29,1.91
415,30,0.439
415,31,1.334
415,32,0.177
415,33,0.426
415,34,1.812
415,35,2.087
415,36,1.532
415,37,0.348
415,38,2.76
415,39,1.252
415,40,0.757
415,41,0.728
415,42,0.637
415,43,0.604
415,44,0.604
415,45,0.686
415,46,0.641
415,47,0.509
415,48,0.593
