213,1,0.252
213,2,0.278
213,3,0.25
213,4,0.298
213,5,0.213
213,6,0.248
213,7,0.156
213,8,0.137
213,9,0.138
213,10,0.139
213,11,0.165
213,12,0.183
213,13,0.311
213,14,0.229
213,15,0.252
213,16,0.236
213,17,0.291
213,18,0.19
213,19,1.028
213,20,0.355
213,21,0.305
213,22,0.112
213,23,0.134
213,24,0.141
213,25,0.132
213,26,0.267
213,27,0.28
213,28,0.339
213,29,0.469
213,30,3.198
213,31,1.495
213,32,0.37
213,33,2.471
213,34,2.127
213,35,1.482
213,36,0.672
213,37,0.707
213,38,0.806
213,39,0.392
213,40,0.394
213,41,0.39
213,42,0.389
213,43,0.468
213,44,0.433
213,45,0.79
213,46,0.508
213,47,0.487
213,48,0.413
214,1,0.415
214,2,0.339
214,3,0.187
214,4,0.171
214,5,0.186
214,6,0.217
214,7,0.116
214,8,0.277
214,9,0.282
214,10,0.293
214,11,0.265
214,12,0.334
214,13,0.22
214,14,0.273
214,15,0.157
214,16,0.152
214,17,0.168
214,18,0.2
214,19,0.177
214,20,0.372
214,21,0.396
214,22,0.284
214,23,1.859
214,24,2.627
214,25,1.361
214,26,0.264
214,27,0.146
214,28,0.125
214,29,0.337
214,30,1.1
214,31,0.311
214,32,0.342
214,33,0.239
214,34,0.273
214,35,0.23
214,36,0.266
214,37,0.252
214,38,0.334
214,39,0.146
214,40,0.152
214,41,0.219
214,42,0.418
214,43,1.66
214,44,1.281
214,45,0.966
214,46,0.706
214,47,0.771
214,48,0.36
215,1,0.216
215,2,0.143
215,3,0.106
215,4,0.159
215,5,0.134
215,6,0.261
215,7,0.251
215,8,0.286
215,9,0.195
215,10,0.297
215,11,0.211
215,12,0.247
215,13,0.129
215,14,0.146
215,15,0.096
215,16,0.501
215,17,1.48
215,18,0.328
215,19,0.41
215,20,1.076
215,21,1.42
215,22,0.318
215,23,0.371
215,24,0.316
215,25,0.404
215,26,0.495
215,27,1.105
215,28,1.341
215,29,0.35
215,30,0.334
215,31,1.093
215,32,1.447
215,33,0.358
215,34,0.234
215,35,0.171
215,36,0.279
215,37,0.375
215,38,0.416
215,39,0.211
215,40,0.958
215,41,0.285
215,42,0.339
215,43,0.325
215,44,0.914
215,45,0.897
215,46,0.526
215,47,0.254
215,48,0.301
216,1,0.278
216,2,0.269
216,3,0.236
216,4,0.307
216,5,0.131
216,6,0.158
216,7,0.129
216,8,0.167
216,9,0.119
216,10,0.262
216,11,0.265
216,12,0.229
216,13,0.275
216,14,0.242
216,15,0.249
216,16,0.185
216,17,0.241
216,18,0.316
216,19,0.267
216,20,0.433
216,21,0.483
216,22,0.364
216,23,0.358
216,24,2.244
216,25,0.347
216,26,0.401
216,27,0.496
216,28,0.195
216,29,0.303
216,30,0.307
216,31,2.064
216,32,1.733
216,33,0.436
216,34,0.39
216,35,0.309
216,36,0.42
216,37,0.281
216,38,1.658
216,39,1.102
216,40,0.465
216,41,0.375
216,42,0.336
216,43,0.495
216,44,0.52
216,45,0.512
216,46,0.407
216,47,0.263
216,48,0.266
217,1,0.359
217,2,0.341
217,3,0.309
217,4,0.32
217,5,0.335
217,6,0.272
217,7,0.169
217,8,0.227
217,9,0.222
217,10,0.216
217,11,0.163
217,12,0.347
217,13,0.325
217,14,0.32
217,15,0.275
217,16,0.316
217,17,0.332
217,18,0.42
217,19,0.348
217,20,0.278
217,21,0.319
217,22,0.449
217,23,0.715
217,24,1.564
217,25,1.714
217,26,1.193
217,27,0.351
217,28,0.265
217,29,0.217
217,30,0.287
217,31,1.764
217,32,1.449
217,33,1.01
217,34,0.839
217,35,0.275
217,36,0.32
217,37,0.136
217,38,0.243
217,39,0.17
217,40,0.307
217,41,0.256
217,42,0.268
217,43,1.036
217,44,2.379
217,45,0.611
217,46,0.457
217,47,0.165
217,48,0.205
218,1,0.082
218,2,0.335
218,3,0.256
218,4,0.26
218,5,0.262
218,6,0.285
218,7,0.159
218,8,0.114
218,9,0.172
218,10,0.152
218,11,0.138
218,12,0.265
218,13,0.294
218,14,0.187
218,15,0.296
218,16,0.221
218,17,0.37
218,18,0.444
218,19,0.403
218,20,0.226
218,21,1.242
218,22,1.383
218,23,0.251
218,24,0.349
218,25,0.237
218,26,0.84
218,27,0.321
218,28,0.277
218,29,0.459
218,30,0.546
218,31,0.35
218,32,0.317
218,33,0.212
218,34,0.466
218,35,1.454
218,36,0.605
218,37,0.468
218,38,1.241
218,39,0.282
218,40,0.431
218,41,0.391
218,42,0.324
218,43,1.028
218,44,2.053
218,45,0.745
218,46,0.622
218,47,0.399
218,48,0.317
219,1,0.344
219,2,0.208
219,3,0.234
219,4,0.173
219,5,0.251
219,6,0.164
219,7,0.341
219,8,0.29
219,9,0.356
219,10,0.286
219,11,0.333
219,12,0.244
219,13,0.297
219,14,0.159
219,15,0.167
219,16,0.169
219,17,0.27
219,18,0.406
219,19,0.363
219,20,0.336
219,21,0.316
219,22,0.375
219,23,0.348
219,24,1.097
219,25,1.374
219,26,0.536
219,27,0.435
219,28,1.71
219,29,0.364
219,30,1.719
219,31,0.684
219,32,0.403
219,33,0.244
219,34,0.376
219,35,0.271
219,36,0.258
219,37,2.006
219,38,1.333
219,39,0.351
219,40,0.392
219,41,0.542
219,42,0.675
219,43,0.595
219,44,1.0
219,45,0.406
219,46,0.341
219,47,0.275
219,48,0.105
220,1,0.231
220,2,0.26
220,3,0.269
220,4,0.248
220,5,0.301
220,6,0.213
220,7,0.233
220,8,0.109
220,9,0.175
220,10,0.126
220,11,0.149
220,12,0.217
220,13,0.308
220,14,0.201
220,15,0.297
220,16,0.96
220,17,0.503
220,18,0.346
220,19,1.707
220,20,0.545
220,21,0.214
220,22,0.318
220,23,0.192
220,24,0.198
220,25,0.175
220,26,0.23
220,27,0.241
220,28,0.278
220,29,0.191
220,30,0.537
220,31,0.212
220,32,0.302
220,33,2.092
220,34,2.953
220,35,0.251
220,36,0.614
220,37,0.323
220,38,0.362
220,39,0.343
220,40,0.185
220,41,0.249
220,42,0.241
220,43,0.51
220,44,0.502
220,45,0.598
220,46,0.551
220,47,0.365
220,48,0.242
221,1,0.258
221,2,0.214
221,3,0.256
221,4,0.25
221,5,0.351
221,6,0.308
221,7,0.318
221,8,0.322
221,9,0.297
221,10,0.217
221,11,0.157
221,12,0.225
221,13,0.149
221,14,0.222
221,15,0.294
221,16,0.329
221,17,0.291
221,18,0.311
221,19,0.253
221,20,0.372
221,21,0.421
221,22,0.508
221,23,0.704
221,24,1.952
221,25,0.403
221,26,0.368
221,27,0.543
221,28,0.654
221,29,0.307
221,30,0.258
221,31,0.898
221,32,0.325
221,33,0.151
221,34,0.309
221,35,0.243
221,36,0.478
221,37,0.387
221,38,0.394
221,39,0.399
221,40,2.089
221,41,0.867
221,42,0.738
221,43,0.467
221,44,0.371
221,45,0.525
221,46,0.628
221,47,0.329
221,48,0.265
222,1,0.264
222,2,0.232
222,3,0.147
222,4,0.187
222,5,0.114
222,6,0.192
222,7,0.132
222,8,0.256
222,9,0.262
222,10,0.269
222,11,0.272
222,12,0.212
222,13,0.189
222,14,0.114
222,15,0.257
222,16,0.194
222,17,0.517
222,18,0.65
222,19,2.292
222,20,0.653
222,21,0.442
222,22,1.993
222,23,0.423
222,24,0.4
222,25,0.405
222,26,0.44
222,27,0.235
222,28,0.294
222,29,0.271
222,30,0.282
222,31,0.384
222,32,2.179
222,33,0.884
222,34,0.279
222,35,0.462
222,36,0.233
222,37,0.473
222,38,0.347
222,39,0.537
222,40,0.449
222,41,0.469
222,42,0.508
222,43,0.599
222,44,0.845
222,45,0.554
222,46,0.513
222,47,0.506
222,48,0.344
223,1,0.312
223,2,0.223
223,3,0.282
223,4,0.248
223,5,0.227
223,6,0.128
223,7,0.152
223,8,0.165
223,9,0.149
223,10,0.271
223,11,0.209
223,12,0.307
223,13,0.228
223,14,0.27
223,15,0.197
223,16,0.263
223,17,0.242
223,18,1.313
223,19,0.373
223,20,1.409
223,21,1.707
223,22,0.443
223,23,0.545
223,24,0.554
223,25,0.541
223,26,0.239
223,27,0.397
223,28,1.242
223,29,1.528
223,30,0.433
223,31,0.368
223,32,2.099
223,33,0.752
223,34,0.395
223,35,0.527
223,36,0.213
223,37,0.316
223,38,0.373
223,39,0.574
223,40,0.579
223,41,2.127
223,42,1.779
223,43,0.396
223,44,0.356
223,45,1.714
223,46,0.459
223,47,0.359
223,48,0.327
224,1,0.24
224,2,0.257
224,3,0.131
224,4,0.184
224,5,0.127
224,6,0.119
224,7,0.147
224,8,0.233
224,9,0.257
224,10,0.231
224,11,0.282
224,12,0.226
224,13,0.246
224,14,0.117
224,15,0.177
224,16,0.156
224,17,0.363
224,18,0.321
224,19,1.41
224,20,2.098
224,21,0.663
224,22,0.56
224,23,0.321
224,24,0.306
224,25,2.07
224,26,0.725
224,27,1.117
224,28,0.358
224,29,1.099
224,30,0.404
224,31,0.316
224,32,0.395
224,33,1.924
224,34,0.276
224,35,1.993
224,36,1.045
224,37,1.203
224,38,0.287
224,39,0.874
224,40,0.364
224,41,0.578
224,42,2.259
224,43,2.051
224,44,0.689
224,45,0.627
224,46,0.545
224,47,0.422
224,48,0.461
225,1,0.304
225,2,0.286
225,3,0.285
225,4,0.265
225,5,0.247
225,6,0.133
225,7,0.195
225,8,0.119
225,9,0.197
225,10,0.206
225,11,0.273
225,12,0.228
225,13,0.282
225,14,0.257
225,15,0.256
225,16,0.414
225,17,0.337
225,18,0.447
225,19,0.213
225,20,0.222
225,21,0.209
225,22,0.237
225,23,0.63
225,24,0.314
225,25,0.361
225,26,0.639
225,27,0.814
225,28,1.716
225,29,2.741
225,30,0.545
225,31,0.319
225,32,1.319
225,33,0.367
225,34,1.398
225,35,0.825
225,36,0.888
225,37,0.352
225,38,0.336
225,39,0.121
225,40,0.152
225,41,0.314
225,42,0.382
225,43,0.37
225,44,0.424
225,45,0.554
225,46,0.48
225,47,0.365
225,48,0.205
226,1,0.233
226,2,0.137
226,3,0.138
226,4,0.245
226,5,0.287
226,6,0.289
226,7,0.215
226,8,0.304
226,9,0.244
226,10,0.157
226,11,0.115
226,12,0.183
226,13,0.135
226,14,0.142
226,15,0.257
226,16,0.328
226,17,0.385
226,18,0.285
226,19,1.275
226,20,0.326
226,21,0.391
226,22,0.193
226,23,0.2
226,24,0.146
226,25,0.135
226,26,0.734
226,27,0.409
226,28,0.445
226,29,1.463
226,30,0.45
226,31,0.305
226,32,1.369
226,33,1.173
226,34,0.403
226,35,1.157
226,36,1.814
226,37,1.409
226,38,0.357
226,39,0.497
226,40,0.689
226,41,0.444
226,42,0.563
226,43,0.732
226,44,0.887
226,45,0.686
226,46,0.99
226,47,0.614
226,48,0.441
227,1,0.38
227,2,0.256
227,3,0.165
227,4,0.158
227,5,0.13
227,6,0.21
227,7,0.247
227,8,0.255
227,9,0.299
227,10,0.267
227,11,0.289
227,12,0.215
227,13,0.315
227,14,0.17
227,15,0.134
227,16,3.369
227,17,1.207
227,18,0.308
227,19,1.48
227,20,0.449
227,21,0.349
227,22,0.341
227,23,0.686
227,24,0.198
227,25,0.63
227,26,0.238
227,27,0.259
227,28,0.269
227,29,0.228
227,30,0.291
227,31,1.41
227,32,2.935
227,33,0.632
227,34,1.109
227,35,0.858
227,36,1.72
227,37,0.428
227,38,0.334
227,39,0.229
227,40,0.291
227,41,0.232
227,42,0.303
227,43,0.534
227,44,0.472
227,45,0.987
227,46,0.508
227,47,0.555
227,48,0.284
228,1,0.273
228,2,0.28
228,3,0.242
228,4,0.248
228,5,0.109
228,6,0.185
228,7,0.132
228,8,0.157
228,9,0.177
228,10,0.261
228,11,0.29
228,12,0.215
228,13,0.293
228,14,0.231
228,15,0.29
228,16,0.248
228,17,0.229
228,18,0.15
228,19,0.102
228,20,0.117
228,21,0.131
228,22,0.244
228,23,0.225
228,24,0.356
228,25,1.768
228,26,1.633
228,27,0.386
228,28,0.706
228,29,1.816
228,30,0.295
228,31,0.214
228,32,0.225
228,33,0.239
228,34,0.191
228,35,0.167
228,36,0.304
228,37,0.246
228,38,0.621
228,39,0.349
228,40,0.291
228,41,0.224
228,42,2.154
228,43,1.06
228,44,0.688
228,45,0.582
228,46,0.57
228,47,0.341
228,48,0.337
229,1,0.214
229,2,0.16
229,3,0.139
229,4,0.154
229,5,0.162
229,6,0.158
229,7,0.282
229,8,0.229
229,9,0.305
229,10,0.236
229,11,0.217
229,12,0.162
229,13,0.137
229,14,0.119
229,15,0.109
229,16,0.227
229,17,0.293
229,18,0.382
229,19,0.345
229,20,0.341
229,21,0.389
229,22,1.005
229,23,1.684
229,24,0.287
229,25,0.301
229,26,0.658
229,27,0.179
229,28,1.652
229,29,0.513
229,30,1.763
229,31,2.738
229,32,1.441
229,33,0.395
229,34,0.367
229,35,0.843
229,36,0.32
229,37,0.162
229,38,0.178
229,39,0.169
229,40,0.146
229,41,0.248
229,42,0.384
229,43,0.63
229,44,0.764
229,45,0.725
229,46,1.237
229,47,0.514
229,48,0.189
230,1,0.239
230,2,0.208
230,3,0.364
230,4,0.293
230,5,0.345
230,6,0.339
230,7,0.266
230,8,0.272
230,9,0.176
230,10,0.19
230,11,0.214
230,12,0.202
230,13,0.304
230,14,0.286
230,15,0.454
230,16,0.361
230,17,1.884
230,18,1.209
230,19,1.862
230,20,2.816
230,21,0.232
230,22,0.351
230,23,0.667
230,24,0.323
230,25,0.385
230,26,0.916
230,27,0.377
230,28,1.533
230,29,0.491
230,30,0.233
230,31,0.247
230,32,0.318
230,33,0.479
230,34,0.35
230,35,0.451
230,36,0.347
230,37,0.993
230,38,0.595
230,39,1.453
230,40,0.681
230,41,0.328
230,42,0.539
230,43,0.632
230,44,0.577
230,45,0.517
230,46,0.534
230,47,0.319
230,48,0.195
231,1,0.232
231,2,0.201
231,3,0.154
231,4,0.325
231,5,0.27
231,6,0.277
231,7,0.28
231,8,0.218
231,9,0.315
231,10,0.211
231,11,0.172
231,12,0.123
231,13,0.129
231,14,0.233
231,15,0.235
231,16,0.491
231,17,0.442
231,18,0.793
231,19,0.443
231,20,0.707
231,21,2.829
231,22,0.377
231,23,0.318
231,24,0.256
231,25,0.533
231,26,0.303
231,27,0.265
231,28,0.335
231,29,0.45
231,30,0.263
231,31,0.295
231,32,0.43
231,33,2.293
231,34,1.168
231,35,0.261
231,36,0.338
231,37,0.453
231,38,0.296
231,39,0.599
231,40,0.218
231,41,0.334
231,42,0.389
231,43,0.478
231,44,0.566
231,45,1.595
231,46,1.554
231,47,0.473
231,48,0.243
232,1,0.265
232,2,0.128
232,3,0.195
232,4,0.278
232,5,0.281
232,6,0.306
232,7,0.242
232,8,0.314
232,9,0.214
232,10,0.168
232,11,0.179
232,12,0.127
232,13,0.19
232,14,0.202
232,15,0.29
232,16,0.276
232,17,1.584
232,18,0.906
232,19,0.438
232,20,0.388
232,21,0.34
232,22,0.273
232,23,0.273
232,24,0.199
232,25,0.313
232,26,0.149
232,27,0.255
232,28,0.405
232,29,0.334
232,30,0.291
232,31,0.334
232,32,3.234
232,33,1.377
232,34,0.252
232,35,0.208
232,36,0.809
232,37,0.124
232,38,0.175
232,39,0.272
232,40,0.235
232,41,0.408
232,42,0.373
232,43,0.518
232,44,0.527
232,45,0.746
232,46,0.503
232,47,0.193
232,48,0.219
233,1,0.162
233,2,0.105
233,3,0.218
233,4,0.254
233,5,0.319
233,6,0.228
233,7,0.267
233,8,0.281
233,9,0.261
233,10,0.206
233,11,0.128
233,12,0.193
233,13,0.101
233,14,0.142
233,15,0.139
233,16,0.257
233,17,1.131
233,18,1.105
233,19,0.571
233,20,1.454
233,21,0.394
233,22,1.7
233,23,1.552
233,24,0.302
233,25,0.829
233,26,1.732
233,27,0.347
233,28,1.103
233,29,0.965
233,30,0.617
233,31,2.657
233,32,1.101
233,33,0.339
233,34,0.282
233,35,0.29
233,36,0.129
233,37,1.074
233,38,0.609
233,39,0.34
233,40,0.301
233,41,0.37
233,42,0.211
233,43,0.288
233,44,0.127
233,45,0.088
233,46,0.276
233,47,0.379
233,48,0.204
234,1,0.202
234,2,0.271
234,3,0.265
234,4,0.232
234,5,0.242
234,6,0.217
234,7,0.282
234,8,0.216
234,9,0.106
234,10,0.156
234,11,0.115
234,12,0.141
234,13,0.075
234,14,0.165
234,15,0.203
234,16,0.222
234,17,0.258
234,18,0.227
234,19,0.222
234,20,0.208
234,21,0.282
234,22,0.192
234,23,0.353
234,24,0.275
234,25,0.116
234,26,0.131
234,27,0.146
234,28,0.299
234,29,5.243
234,30,1.938
234,31,0.598
234,32,0.279
234,33,0.298
234,34,0.249
234,35,0.256
234,36,0.423
234,37,0.28
234,38,0.906
234,39,0.114
234,40,1.864
234,41,0.661
234,42,0.598
234,43,0.663
234,44,1.029
234,45,0.756
234,46,0.437
234,47,0.223
234,48,0.17
235,1,0.088
235,2,0.248
235,3,0.239
235,4,0.304
235,5,0.227
235,6,0.267
235,7,0.292
235,8,0.15
235,9,0.146
235,10,0.127
235,11,0.168
235,12,0.146
235,13,0.126
235,14,0.301
235,15,0.223
235,16,0.291
235,17,0.202
235,18,0.261
235,19,0.277
235,20,0.132
235,21,0.162
235,22,0.445
235,23,1.806
235,24,0.475
235,25,1.458
235,26,1.043
235,27,0.401
235,28,0.348
235,29,0.336
235,30,0.338
235,31,0.615
235,32,0.207
235,33,0.524
235,34,0.923
235,35,0.225
235,36,0.304
235,37,0.225
235,38,0.49
235,39,1.175
235,40,0.514
235,41,0.518
235,42,0.693
235,43,2.397
235,44,2.797
235,45,0.838
235,46,0.984
235,47,2.49
235,48,1.896
236,1,0.291
236,2,0.235
236,3,0.186
236,4,0.122
236,5,0.121
236,6,0.187
236,7,0.184
236,8,0.255
236,9,0.272
236,10,0.259
236,11,0.268
236,12,0.168
236,13,0.171
236,14,0.13
236,15,3.137
236,16,0.617
236,17,0.699
236,18,0.735
236,19,0.257
236,20,0.24
236,21,0.286
236,22,0.224
236,23,0.297
236,24,0.299
236,25,0.294
236,26,0.283
236,27,0.223
236,28,0.242
236,29,0.173
236,30,0.105
236,31,0.168
236,32,0.172
236,33,0.108
236,34,0.292
236,35,0.286
236,36,0.212
236,37,0.29
236,38,0.278
236,39,0.214
236,40,0.368
236,41,0.249
236,42,0.192
236,43,0.463
236,44,0.43
236,45,0.473
236,46,0.762
236,47,0.467
236,48,0.35
237,1,0.269
237,2,0.272
237,3,0.3
237,4,0.228
237,5,0.193
237,6,0.157
237,7,0.129
237,8,0.138
237,9,0.121
237,10,0.193
237,11,0.255
237,12,0.228
237,13,0.293
237,14,0.22
237,15,0.265
237,16,0.339
237,17,0.332
237,18,0.4
237,19,0.337
237,20,0.805
237,21,0.255
237,22,0.352
237,23,0.129
237,24,0.107
237,25,0.284
237,26,0.216
237,27,0.26
237,28,0.205
237,29,0.219
237,30,0.232
237,31,0.106
237,32,0.123
237,33,0.113
237,34,0.105
237,35,0.165
237,36,0.151
237,37,0.237
237,38,0.259
237,39,0.22
237,40,0.264
237,41,0.184
237,42,0.199
237,43,0.22
237,44,1.385
237,45,0.63
237,46,0.376
237,47,0.326
237,48,0.268
238,1,0.252
238,2,0.301
238,3,0.196
238,4,0.221
238,5,0.149
238,6,0.137
238,7,0.137
238,8,0.111
238,9,0.178
238,10,0.171
238,11,0.259
238,12,0.29
238,13,0.211
238,14,0.246
238,15,0.242
238,16,0.25
238,17,0.224
238,18,0.217
238,19,0.403
238,20,0.212
238,21,1.052
238,22,4.567
238,23,0.474
238,24,0.387
238,25,0.241
238,26,0.263
238,27,0.517
238,28,0.31
238,29,0.753
238,30,1.364
238,31,0.272
238,32,0.227
238,33,0.226
238,34,0.305
238,35,0.193
238,36,0.15
238,37,0.609
238,38,1.856
238,39,0.348
238,40,1.413
238,41,1.861
238,42,1.713
238,43,0.792
238,44,0.643
238,45,0.566
238,46,0.38
238,47,0.255
238,48,0.183
239,1,0.3
239,2,0.314
239,3,0.362
239,4,0.314
239,5,0.288
239,6,0.353
239,7,0.198
239,8,0.2
239,9,0.199
239,10,0.226
239,11,0.162
239,12,0.275
239,13,0.348
239,14,0.237
239,15,0.358
239,16,0.288
239,17,0.282
239,18,0.463
239,19,0.386
239,20,0.371
239,21,0.447
239,22,0.42
239,23,0.478
239,24,1.797
239,25,0.766
239,26,0.247
239,27,0.296
239,28,0.184
239,29,0.258
239,30,2.028
239,31,0.778
239,32,0.399
239,33,0.35
239,34,0.365
239,35,1.404
239,36,3.246
239,37,3.327
239,38,1.658
239,39,3.06
239,40,0.452
239,41,0.319
239,42,0.371
239,43,0.615
239,44,2.337
239,45,1.084
239,46,0.525
239,47,0.406
239,48,0.135
240,1,0.214
240,2,0.174
240,3,0.166
240,4,0.273
240,5,0.26
240,6,0.321
240,7,0.292
240,8,0.275
240,9,0.323
240,10,0.172
240,11,0.2
240,12,0.162
240,13,0.155
240,14,0.168
240,15,0.27
240,16,0.408
240,17,0.315
240,18,0.559
240,19,0.954
240,20,0.459
240,21,0.367
240,22,0.189
240,23,0.269
240,24,0.306
240,25,0.309
240,26,0.295
240,27,0.324
240,28,0.401
240,29,0.353
240,30,0.331
240,31,0.499
240,32,0.515
240,33,0.377
240,34,0.204
240,35,1.116
240,36,1.87
240,37,1.761
240,38,0.73
240,39,0.247
240,40,0.279
240,41,0.189
240,42,0.23
240,43,0.186
240,44,0.167
240,45,0.184
240,46,0.245
240,47,0.258
240,48,0.343
388,1,0.235
388,2,0.158
388,3,0.212
388,4,0.203
388,5,0.191
388,6,0.144
388,7,0.243
388,8,0.151
388,9,0.184
388,10,0.223
388,11,0.118
388,12,0.226
388,13,0.217
388,14,0.133
388,15,0.469
388,16,0.656
388,17,0.215
388,18,0.133
388,19,0.197
388,20,0.147
388,21,0.165
388,22,1.951
388,23,0.149
388,24,0.142
388,25,0.214
388,26,0.065
388,27,0.139
388,28,0.182
388,29,0.122
388,30,0.166
388,31,0.293
388,32,2.724
388,33,0.477
388,34,0.618
388,35,2.405
388,36,2.808
388,37,0.727
388,38,0.431
388,39,0.29
388,40,0.287
388,41,0.357
388,42,1.457
388,43,1.847
388,44,0.771
388,45,0.608
388,46,0.439
388,47,0.194
388,48,0.236
389,1,0.153
389,2,0.106
389,3,0.199
389,4,0.175
389,5,0.105
389,6,0.152
389,7,0.201
389,8,0.126
389,9,0.153
389,10,0.137
389,11,0.183
389,12,0.126
389,13,0.163
389,14,0.15
389,15,0.56
389,16,0.594
389,17,0.278
389,18,0.126
389,19,0.15
389,20,0.174
389,21,0.6
389,22,1.345
389,23,2.093
389,24,1.521
389,25,1.429
389,26,0.997
389,27,0.248
389,28,1.584
389,29,1.547
389,30,0.336
389,31,0.348
389,32,0.219
389,33,0.366
389,34,0.352
389,35,0.451
389,36,0.372
389,37,0.517
389,38,0.5
389,39,0.363
389,40,0.464
389,41,0.49
389,42,0.32
389,43,0.423
389,44,0.504
389,45,0.368
389,46,0.487
389,47,0.232
389,48,0.271
390,1,0.154
390,2,0.115
390,3,0.233
390,4,0.137
390,5,0.106
390,6,0.228
390,7,0.293
390,8,0.189
390,9,0.202
390,10,0.195
390,11,0.113
390,12,0.181
390,13,0.162
390,14,0.169
390,15,0.451
390,16,0.563
390,17,0.457
390,18,0.584
390,19,0.549
390,20,0.377
390,21,0.18
390,22,0.228
390,23,0.278
390,24,0.171
390,25,0.244
390,26,0.24
390,27,0.216
390,28,1.05
390,29,1.033
390,30,0.229
390,31,0.309
390,32,1.414
390,33,1.67
390,34,1.34
390,35,1.022
390,36,0.699
390,37,0.777
390,38,0.624
390,39,0.63
390,40,0.748
390,41,0.931
390,42,1.481
390,43,0.553
390,44,0.631
390,45,0.355
390,46,0.37
390,47,0.218
390,48,0.123
391,1,0.192
391,2,0.187
391,3,0.125
391,4,0.203
391,5,0.183
391,6,0.123
391,7,0.177
391,8,0.213
391,9,0.133
391,10,0.147
391,11,0.197
391,12,0.162
391,13,0.146
391,14,0.363
391,15,0.678
391,16,0.846
391,17,1.812
391,18,0.401
391,19,0.566
391,20,0.709
391,21,0.378
391,22,0.239
391,23,0.24
391,24,0.307
391,25,1.174
391,26,1.626
391,27,0.367
391,28,0.317
391,29,0.367
391,30,0.316
391,31,0.359
391,32,3.986
391,33,1.446
391,34,0.714
391,35,0.771
391,36,0.859
391,37,0.741
391,38,0.605
391,39,0.64
391,40,0.892
391,41,0.692
391,42,1.761
391,43,2.976
391,44,1.188
391,45,0.704
391,46,0.581
391,47,0.45
391,48,0.248
392,1,0.117
392,2,0.173
392,3,0.212
392,4,0.158
392,5,0.146
392,6,0.213
392,7,0.12
392,8,0.202
392,9,0.157
392,10,0.15
392,11,0.173
392,12,0.179
392,13,0.124
392,14,0.195
392,15,0.4
392,16,0.5
392,17,0.526
392,18,0.851
392,19,0.524
392,20,0.605
392,21,0.348
392,22,0.459
392,23,0.472
392,24,0.603
392,25,0.439
392,26,1.146
392,27,2.846
392,28,1.333
392,29,0.375
392,30,0.299
392,31,0.201
392,32,0.3
392,33,0.394
392,34,0.647
392,35,0.898
392,36,0.77
392,37,0.712
392,38,0.71
392,39,0.98
392,40,0.455
392,41,0.459
392,42,0.641
392,43,0.615
392,44,0.53
392,45,0.474
392,46,0.426
392,47,0.313
392,48,0.21
393,1,0.2
393,2,0.196
393,3,0.19
393,4,0.246
393,5,0.126
393,6,0.249
393,7,0.152
393,8,0.224
393,9,0.163
393,10,0.19
393,11,0.217
393,12,0.157
393,13,0.178
393,14,0.237
393,15,0.336
393,16,0.455
393,17,0.675
393,18,0.35
393,19,0.348
393,20,0.85
393,21,2.106
393,22,0.711
393,23,0.394
393,24,0.417
393,25,0.472
393,26,0.286
393,27,0.837
393,28,0.262
393,29,0.212
393,30,0.363
393,31,0.466
393,32,2.386
393,33,1.718
393,34,0.477
393,35,0.606
393,36,0.835
393,37,2.333
393,38,0.409
393,39,0.436
393,40,0.563
393,41,0.489
393,42,2.068
393,43,1.31
393,44,0.586
393,45,1.362
393,46,0.85
393,47,0.334
393,48,0.308
394,1,0.266
394,2,0.232
394,3,0.196
394,4,0.214
394,5,0.152
394,6,0.246
394,7,0.175
394,8,0.163
394,9,0.277
394,10,0.133
394,11,0.19
394,12,0.259
394,13,0.138
394,14,0.264
394,15,0.514
394,16,0.46
394,17,1.413
394,18,0.559
394,19,0.37
394,20,0.202
394,21,0.341
394,22,0.306
394,23,0.439
394,24,0.243
394,25,0.253
394,26,0.248
394,27,0.305
394,28,0.288
394,29,0.268
394,30,0.347
394,31,0.592
394,32,2.158
394,33,0.644
394,34,0.858
394,35,1.92
394,36,0.998
394,37,0.687
394,38,0.745
394,39,0.506
394,40,2.184
394,41,2.291
394,42,0.581
394,43,0.384
394,44,0.472
394,45,0.284
394,46,0.342
394,47,0.217
394,48,0.222
395,1,0.197
395,2,0.232
395,3,0.159
395,4,0.226
395,5,0.213
395,6,0.168
395,7,0.217
395,8,0.205
395,9,0.2
395,10,0.167
395,11,0.208
395,12,0.314
395,13,0.287
395,14,0.24
395,15,0.4
395,16,0.303
395,17,0.526
395,18,0.475
395,19,0.159
395,20,0.148
395,21,0.138
395,22,1.831
395,23,1.293
395,24,0.275
395,25,0.11
395,26,0.124
395,27,0.207
395,28,0.784
395,29,1.668
395,30,0.321
395,31,0.136
395,32,0.487
395,33,1.61
395,34,1.056
395,35,0.442
395,36,0.58
395,37,0.86
395,38,0.683
395,39,1.089
395,40,1.709
395,41,0.53
395,42,0.54
395,43,0.467
395,44,0.471
395,45,0.363
395,46,0.303
395,47,0.17
395,48,0.21
396,1,0.19
396,2,0.137
396,3,0.216
396,4,0.206
396,5,0.123
396,6,0.203
396,7,0.216
396,8,0.144
396,9,0.172
396,10,0.179
396,11,0.204
396,12,0.143
396,13,0.141
396,14,0.233
396,15,0.356
396,16,0.211
396,17,0.18
396,18,0.44
396,19,1.395
396,20,1.212
396,21,1.328
396,22,2.028
396,23,2.229
396,24,2.453
396,25,2.038
396,26,0.344
396,27,0.217
396,28,0.315
396,29,0.263
396,30,0.234
396,31,1.161
396,32,0.381
396,33,0.25
396,34,0.288
396,35,0.323
396,36,0.453
396,37,0.442
396,38,0.46
396,39,0.481
396,40,0.771
396,41,0.638
396,42,0.549
396,43,0.625
396,44,0.593
396,45,0.533
396,46,0.196
396,47,0.233
396,48,0.128
397,1,0.177
397,2,0.238
397,3,0.131
397,4,0.165
397,5,0.196
397,6,0.187
397,7,0.137
397,8,0.162
397,9,0.228
397,10,0.139
397,11,0.123
397,12,0.231
397,13,0.169
397,14,0.128
397,15,0.355
397,16,0.482
397,17,0.536
397,18,0.438
397,19,0.638
397,20,0.666
397,21,0.312
397,22,0.274
397,23,1.193
397,24,2.279
397,25,1.014
397,26,1.337
397,27,0.386
397,28,0.162
397,29,0.232
397,30,1.922
397,31,0.191
397,32,0.61
397,33,1.848
397,34,1.313
397,35,0.693
397,36,1.173
397,37,0.811
397,38,0.779
397,39,1.765
397,40,1.8
397,41,0.58
397,42,0.554
397,43,0.534
397,44,0.471
397,45,0.529
397,46,0.47
397,47,0.328
397,48,0.178
398,1,0.189
398,2,0.241
398,3,0.134
398,4,0.231
398,5,0.214
398,6,0.138
398,7,0.235
398,8,0.206
398,9,0.157
398,10,0.209
398,11,0.226
398,12,0.158
398,13,0.168
398,14,0.287
398,15,0.319
398,16,0.357
398,17,0.504
398,18,0.337
398,19,0.289
398,20,0.65
398,21,0.509
398,22,0.543
398,23,0.217
398,24,0.738
398,25,0.416
398,26,0.196
398,27,0.266
398,28,0.241
398,29,0.21
398,30,0.257
398,31,0.681
398,32,1.709
398,33,0.344
398,34,0.23
398,35,0.361
398,36,0.822
398,37,2.351
398,38,0.874
398,39,0.507
398,40,0.529
398,41,0.421
398,42,0.447
398,43,0.512
398,44,0.405
398,45,0.826
398,46,0.326
398,47,0.296
398,48,0.182
399,1,0.211
399,2,0.185
399,3,0.202
399,4,0.203
399,5,0.374
399,6,0.21
399,7,0.2
399,8,0.194
399,9,0.178
399,10,0.208
399,11,0.132
399,12,0.242
399,13,0.133
399,14,0.18
399,15,0.42
399,16,0.536
399,17,0.708
399,18,0.63
399,19,0.207
399,20,0.251
399,21,0.333
399,22,0.252
399,23,0.343
399,24,0.332
399,25,0.239
399,26,0.283
399,27,0.278
399,28,0.31
399,29,0.322
399,30,0.56
399,31,0.476
399,32,1.223
399,33,1.95
399,34,0.43
399,35,1.659
399,36,2.455
399,37,2.382
399,38,0.894
399,39,0.801
399,40,0.722
399,41,0.517
399,42,2.019
399,43,1.583
399,44,0.76
399,45,0.439
399,46,0.285
399,47,0.227
399,48,0.301
400,1,0.273
400,2,0.227
400,3,0.301
400,4,0.28
400,5,0.226
400,6,0.274
400,7,0.299
400,8,0.244
400,9,0.248
400,10,0.276
400,11,0.277
400,12,0.222
400,13,0.259
400,14,0.316
400,15,0.417
400,16,0.459
400,17,0.56
400,18,0.496
400,19,0.435
400,20,1.742
400,21,1.114
400,22,0.137
400,23,0.231
400,24,0.12
400,25,0.128
400,26,0.136
400,27,0.211
400,28,0.098
400,29,0.277
400,30,0.3
400,31,0.214
400,32,1.384
400,33,1.441
400,34,0.307
400,35,0.497
400,36,0.473
400,37,0.591
400,38,0.333
400,39,0.558
400,40,1.491
400,41,0.474
400,42,1.574
400,43,2.128
400,44,1.598
400,45,0.881
400,46,0.341
400,47,0.189
400,48,0.17
401,1,0.256
401,2,0.132
401,3,0.225
401,4,0.222
401,5,0.15
401,6,0.19
401,7,0.215
401,8,0.17
401,9,0.203
401,10,0.152
401,11,0.245
401,12,0.137
401,13,0.177
401,14,0.242
401,15,0.354
401,16,0.533
401,17,0.489
401,18,0.421
401,19,0.125
401,20,0.592
401,21,0.255
401,22,0.25
401,23,0.83
401,24,1.973
401,25,0.348
401,26,0.308
401,27,0.169
401,28,0.292
401,29,1.247
401,30,2.013
401,31,0.442
401,32,0.369
401,33,0.319
401,34,0.331
401,35,0.43
401,36,0.663
401,37,0.894
401,38,1.979
401,39,0.955
401,40,0.902
401,41,0.567
401,42,0.59
401,43,0.568
401,44,0.471
401,45,0.428
401,46,0.216
401,47,0.183
401,48,0.169
402,1,0.226
402,2,0.127
402,3,0.214
402,4,0.188
402,5,0.175
402,6,0.155
402,7,0.239
402,8,0.136
402,9,0.145
402,10,0.248
402,11,0.145
402,12,0.162
402,13,0.192
402,14,0.228
402,15,0.276
402,16,0.28
402,17,0.476
402,18,0.36
402,19,0.185
402,20,0.149
402,21,0.215
402,22,0.146
402,23,0.215
402,24,0.55
402,25,1.663
402,26,0.348
402,27,0.242
402,28,0.147
402,29,0.194
402,30,0.147
402,31,0.174
402,32,0.208
402,33,0.161
402,34,0.357
402,35,0.6
402,36,3.647
402,37,3.445
402,38,0.692
402,39,0.357
402,40,0.255
402,41,0.272
402,42,0.93
402,43,0.868
402,44,0.463
402,45,0.74
402,46,0.294
402,47,0.274
402,48,0.226
403,1,0.164
403,2,0.245
403,3,0.14
403,4,0.201
403,5,0.21
403,6,0.15
403,7,0.214
403,8,0.189
403,9,0.165
403,10,0.184
403,11,0.172
403,12,0.206
403,13,0.154
403,14,0.176
403,15,0.402
403,16,0.255
403,17,0.124
403,18,0.518
403,19,0.248
403,20,4.064
403,21,1.332
403,22,1.605
403,23,3.755
403,24,3.897
403,25,1.448
403,26,0.181
403,27,0.188
403,28,2.495
403,29,1.361
403,30,1.443
403,31,1.2
403,32,0.181
403,33,0.276
403,34,0.243
403,35,0.223
403,36,0.624
403,37,0.659
403,38,0.558
403,39,0.61
403,40,0.717
403,41,0.491
403,42,0.456
403,43,0.408
403,44,0.415
403,45,0.378
403,46,0.229
403,47,0.206
403,48,0.161
404,1,0.205
404,2,0.148
404,3,0.159
404,4,0.241
404,5,0.118
404,6,0.16
404,7,0.224
404,8,0.159
404,9,0.195
404,10,0.287
404,11,0.234
404,12,0.197
404,13,0.155
404,14,0.213
404,15,0.312
404,16,0.565
404,17,0.413
404,18,2.283
404,19,1.0
404,20,0.543
404,21,0.269
404,22,0.258
404,23,0.206
404,24,1.061
404,25,0.403
404,26,0.204
404,27,0.299
404,28,0.192
404,29,0.261
404,30,0.26
404,31,0.289
404,32,1.468
404,33,3.372
404,34,3.77
404,35,1.366
404,36,0.807
404,37,0.649
404,38,0.666
404,39,0.534
404,40,0.373
404,41,0.261
404,42,0.261
404,43,0.727
404,44,0.749
404,45,0.506
404,46,0.351
404,47,0.291
404,48,0.138
405,1,0.244
405,2,0.16
405,3,0.186
405,4,0.204
405,5,0.158
405,6,0.226
405,7,0.152
405,8,0.19
405,9,0.205
405,10,0.134
405,11,0.224
405,12,0.182
405,13,0.149
405,14,0.358
405,15,1.285
405,16,1.847
405,17,1.994
405,18,0.873
405,19,0.905
405,20,2.492
405,21,0.583
405,22,0.368
405,23,0.357
405,24,0.418
405,25,1.376
405,26,0.322
405,27,0.175
405,28,0.22
405,29,0.164
405,30,2.439
405,31,0.344
405,32,1.92
405,33,0.919
405,34,0.357
405,35,0.442
405,36,0.557
405,37,0.551
405,38,0.675
405,39,0.51
405,40,0.429
405,41,0.545
405,42,0.554
405,43,0.522
405,44,0.651
405,45,0.45
405,46,0.456
405,47,0.216
405,48,0.262
406,1,0.265
406,2,0.117
406,3,0.285
406,4,0.171
406,5,0.187
406,6,0.244
406,7,0.177
406,8,0.173
406,9,0.264
406,10,0.115
406,11,0.241
406,12,0.213
406,13,0.16
406,14,0.313
406,15,0.85
406,16,0.775
406,17,0.62
406,18,0.718
406,19,0.147
406,20,0.535
406,21,0.19
406,22,0.144
406,23,0.275
406,24,1.163
406,25,1.233
406,26,0.247
406,27,0.147
406,28,0.193
406,29,0.159
406,30,0.246
406,31,1.168
406,32,2.063
406,33,0.727
406,34,0.351
406,35,0.206
406,36,0.706
406,37,2.271
406,38,1.207
406,39,0.837
406,40,0.713
406,41,0.703
406,42,0.953
406,43,0.613
406,44,0.733
406,45,0.633
406,46,0.545
406,47,0.319
406,48,0.258
407,1,0.256
407,2,0.246
407,3,0.224
407,4,0.264
407,5,0.186
407,6,0.267
407,7,0.233
407,8,0.185
407,9,0.304
407,10,0.183
407,11,0.232
407,12,0.274
407,13,0.193
407,14,0.386
407,15,1.362
407,16,2.298
407,17,1.782
407,18,0.813
407,19,0.484
407,20,0.279
407,21,0.253
407,22,0.91
407,23,1.501
407,24,1.274
407,25,0.246
407,26,0.232
407,27,0.241
407,28,0.246
407,29,0.433
407,30,0.218
407,31,0.47
407,32,2.595
407,33,1.396
407,34,0.514
407,35,0.356
407,36,0.604
407,37,0.68
407,38,0.827
407,39,0.831
407,40,0.637
407,41,0.486
407,42,0.555
407,43,0.64
407,44,0.492
407,45,0.61
407,46,0.282
407,47,0.202
407,48,0.209
408,1,0.202
408,2,0.396
408,3,0.194
408,4,0.259
408,5,0.2
408,6,0.168
408,7,0.205
408,8,0.195
408,9,0.178
408,10,0.17
408,11,0.212
408,12,0.156
408,13,0.182
408,14,0.227
408,15,0.442
408,16,0.581
408,17,0.587
408,18,0.359
408,19,0.266
408,20,0.456
408,21,0.225
408,22,0.24
408,23,0.094
408,24,0.144
408,25,0.167
408,26,0.12
408,27,1.493
408,28,1.01
408,29,1.254
408,30,2.713
408,31,2.742
408,32,1.848
408,33,1.944
408,34,0.963
408,35,0.314
408,36,0.816
408,37,2.054
408,38,0.73
408,39,0.665
408,40,0.487
408,41,1.076
408,42,0.416
408,43,0.423
408,44,0.409
408,45,0.597
408,46,0.398
408,47,0.334
408,48,0.183
409,1,0.218
409,2,0.164
409,3,0.2
409,4,0.195
409,5,0.144
409,6,0.21
409,7,0.19
409,8,0.142
409,9,0.207
409,10,0.205
409,11,0.137
409,12,0.17
409,13,0.24
409,14,0.186
409,15,0.476
409,16,0.627
409,17,0.298
409,18,0.12
409,19,0.183
409,20,0.204
409,21,0.162
409,22,0.238
409,23,0.478
409,24,1.674
409,25,0.258
409,26,0.277
409,27,0.231
409,28,0.179
409,29,0.367
409,30,1.66
409,31,1.477
409,32,1.437
409,33,0.364
409,34,0.245
409,35,0.362
409,36,0.364
409,37,0.445
409,38,0.435
409,39,0.348
409,40,0.236
409,41,0.551
409,42,0.758
409,43,0.425
409,44,0.514
409,45,0.579
409,46,0.424
409,47,0.406
409,48,0.218
410,1,0.202
410,2,0.182
410,3,0.16
410,4,0.168
410,5,0.227
410,6,0.092
410,7,0.219
410,8,0.186
410,9,0.094
410,10,0.237
410,11,0.154
410,12,0.138
410,13,0.182
410,14,0.185
410,15,0.329
410,16,0.286
410,17,0.476
410,18,0.177
410,19,0.097
410,20,0.185
410,21,0.535
410,22,1.402
410,23,1.64
410,24,2.346
410,25,2.214
410,26,2.149
410,27,0.646
410,28,0.406
410,29,0.249
410,30,0.284
410,31,0.263
410,32,0.2
410,33,0.851
410,34,0.226
410,35,0.179
410,36,0.222
410,37,0.392
410,38,0.554
410,39,0.718
410,40,0.661
410,41,0.841
410,42,0.718
410,43,0.725
410,44,0.824
410,45,0.458
410,46,0.359
410,47,0.26
410,48,0.201
411,1,0.212
411,2,0.148
411,3,0.148
411,4,0.208
411,5,0.147
411,6,0.179
411,7,0.207
411,8,0.142
411,9,0.167
411,10,0.157
411,11,0.196
411,12,0.122
411,13,0.154
411,14,0.382
411,15,2.198
411,16,2.186
411,17,0.64
411,18,0.258
411,19,0.334
411,20,0.236
411,21,0.268
411,22,0.207
411,23,0.314
411,24,0.19
411,25,0.831
411,26,0.257
411,27,0.232
411,28,0.944
411,29,2.079
411,30,0.766
411,31,2.154
411,32,1.07
411,33,0.665
411,34,0.131
411,35,0.229
411,36,0.327
411,37,0.433
411,38,2.716
411,39,0.735
411,40,0.528
411,41,0.589
411,42,0.666
411,43,0.64
411,44,0.56
411,45,0.559
411,46,0.439
411,47,0.241
411,48,0.24
412,1,0.155
412,2,0.257
412,3,0.107
412,4,0.243
412,5,0.161
412,6,0.159
412,7,0.213
412,8,0.168
412,9,0.151
412,10,0.233
412,11,0.138
412,12,0.186
412,13,0.189
412,14,0.927
412,15,1.875
412,16,1.426
412,17,0.533
412,18,2.217
412,19,0.738
412,20,0.249
412,21,0.381
412,22,0.159
412,23,0.299
412,24,1.203
412,25,0.454
412,26,0.339
412,27,0.404
412,28,0.247
412,29,0.218
412,30,0.43
412,31,0.197
412,32,0.196
412,33,1.009
412,34,1.322
412,35,0.555
412,36,0.611
412,37,0.749
412,38,0.959
412,39,0.767
412,40,0.719
412,41,0.747
412,42,0.644
412,43,1.242
412,44,1.44
412,45,0.557
412,46,0.551
412,47,0.316
412,48,0.187
413,1,0.203
413,2,0.12
413,3,0.237
413,4,0.11
413,5,0.175
413,6,0.216
413,7,0.199
413,8,0.275
413,9,0.198
413,10,0.168
413,11,0.159
413,12,0.178
413,13,0.191
413,14,0.155
413,15,0.376
413,16,0.614
413,17,0.406
413,18,0.427
413,19,1.531
413,20,0.945
413,21,2.251
413,22,0.448
413,23,0.311
413,24,0.54
413,25,0.843
413,26,0.37
413,27,0.27
413,28,0.104
413,29,1.407
413,30,1.355
413,31,1.519
413,32,1.485
413,33,1.321
413,34,0.253
413,35,0.758
413,36,0.477
413,37,0.531
413,38,1.106
413,39,0.679
413,40,0.39
413,41,0.528
413,42,0.576
413,43,0.495
413,44,0.542
413,45,0.554
413,46,0.49
413,47,0.388
413,48,0.276
414,1,0.258
414,2,0.171
414,3,0.273
414,4,0.168
414,5,0.254
414,6,0.195
414,7,0.21
414,8,0.237
414,9,0.176
414,10,0.232
414,11,0.199
414,12,0.193
414,13,0.219
414,14,0.244
414,15,0.441
414,16,0.83
414,17,0.391
414,18,0.296
414,19,0.267
414,20,0.444
414,21,0.648
414,22,0.33
414,23,0.286
414,24,1.321
414,25,2.14
414,26,0.786
414,27,0.245
414,28,0.185
414,29,0.211
414,30,0.289
414,31,1.751
414,32,0.57
414,33,0.345
414,34,0.398
414,35,0.3
414,36,0.757
414,37,0.53
414,38,0.669
414,39,0.595
414,40,0.804
414,41,0.556
414,42,0.384
414,43,0.475
414,44,0.468
414,45,0.45
414,46,0.397
414,47,0.192
414,48,0.209
415,1,0.165
415,2,0.215
415,3,0.205
415,4,0.185
415,5,0.173
415,6,0.169
415,7,0.183
415,8,0.148
415,9,0.229
415,10,0.129
415,11,0.214
415,12,0.177
415,13,0.146
415,14,0.417
415,15,0.608
415,16,0.744
415,17,0.525
415,18,1.755
415,19,1.452
415,20,1.023
415,21,0.249
415,22,0.249
415,23,0.408
415,24,0.475
415,25,0.233
415,26,0.306
415,27,0.388
415,28,0.922
415,29,2.001
415,30,0.597
415,31,0.4
415,32,0.304
415,33,0.291
415,34,0.27
415,35,0.325
415,36,0.473
415,37,1.732
415,38,0.755
415,39,0.533
415,40,0.436
415,41,0.448
415,42,0.385
415,43,0.514
415,44,0.587
415,45,0.519
415,46,0.562
415,47,0.361
415,48,0.143
