213,1,0.29
213,2,0.279
213,3,0.258
213,4,0.288
213,5,0.247
213,6,0.3
213,7,0.256
213,8,0.302
213,9,0.246
213,10,0.3
213,11,0.234
213,12,0.296
213,13,0.235
213,14,0.315
213,15,0.337
213,16,0.383
213,17,0.365
213,18,0.954
213,19,0.28
213,20,0.252
213,21,0.207
213,22,0.27
213,23,0.287
213,24,0.277
213,25,0.233
213,26,0.619
213,27,0.411
213,28,0.92
213,29,1.3
213,30,0.327
213,31,0.392
213,32,0.337
213,33,0.464
213,34,0.4
213,35,0.458
213,36,1.387
213,37,2.549
213,38,2.62
213,39,0.701
213,40,0.467
213,41,1.955
213,42,2.053
213,43,0.473
213,44,0.814
213,45,2.088
213,46,1.934
213,47,0.537
213,48,0.464
214,1,0.327
214,2,0.296
214,3,0.291
214,4,0.313
214,5,0.324
214,6,0.294
214,7,0.3
214,8,0.335
214,9,0.382
214,10,0.375
214,11,0.308
214,12,0.265
214,13,0.303
214,14,0.284
214,15,0.388
214,16,0.326
214,17,0.356
214,18,0.349
214,19,0.741
214,20,1.265
214,21,1.026
214,22,1.171
214,23,0.583
214,24,0.325
214,25,0.246
214,26,0.238
214,27,0.235
214,28,0.235
214,29,0.235
214,30,0.232
214,31,1.236
214,32,0.313
214,33,0.458
214,34,0.392
214,35,0.433
214,36,0.496
214,37,0.472
214,38,1.089
214,39,0.683
214,40,1.992
214,41,0.504
214,42,0.498
214,43,0.878
214,44,0.943
214,45,0.838
214,46,1.051
214,47,0.974
214,48,0.961
215,1,0.664
215,2,0.62
215,3,0.487
215,4,0.428
215,5,0.303
215,6,0.332
215,7,0.303
215,8,0.318
215,9,0.308
215,10,0.313
215,11,0.309
215,12,0.304
215,13,0.312
215,14,0.316
215,15,0.427
215,16,0.338
215,17,0.366
215,18,0.314
215,19,0.72
215,20,0.613
215,21,0.647
215,22,0.484
215,23,0.325
215,24,1.42
215,25,1.215
215,26,0.548
215,27,0.423
215,28,0.414
215,29,0.387
215,30,0.315
215,31,0.583
215,32,0.255
215,33,0.483
215,34,0.45
215,35,0.452
215,36,0.392
215,37,0.851
215,38,1.528
215,39,1.861
215,40,0.681
215,41,0.736
215,42,1.374
215,43,1.503
215,44,0.802
215,45,0.648
215,46,0.569
215,47,0.314
215,48,0.299
216,1,0.282
216,2,0.297
216,3,0.283
216,4,0.312
216,5,0.265
216,6,0.305
216,7,0.265
216,8,0.311
216,9,0.251
216,10,0.32
216,11,0.249
216,12,0.309
216,13,0.241
216,14,0.331
216,15,0.341
216,16,0.389
216,17,0.307
216,18,0.427
216,19,0.868
216,20,0.575
216,21,0.672
216,22,1.31
216,23,0.209
216,24,0.191
216,25,0.183
216,26,0.206
216,27,0.5
216,28,0.313
216,29,0.306
216,30,0.346
216,31,0.342
216,32,0.318
216,33,0.388
216,34,0.425
216,35,0.4
216,36,0.798
216,37,2.58
216,38,2.259
216,39,0.374
216,40,0.426
216,41,1.242
216,42,1.23
216,43,0.54
216,44,0.711
216,45,0.804
216,46,0.655
216,47,0.442
216,48,0.458
217,1,0.265
217,2,0.298
217,3,0.239
217,4,0.308
217,5,0.234
217,6,0.299
217,7,0.235
217,8,0.298
217,9,0.248
217,10,0.306
217,11,0.235
217,12,0.296
217,13,0.235
217,14,0.299
217,15,0.296
217,16,0.331
217,17,0.281
217,18,0.333
217,19,1.026
217,20,1.003
217,21,0.268
217,22,0.233
217,23,0.185
217,24,0.244
217,25,0.279
217,26,0.387
217,27,0.541
217,28,0.633
217,29,0.419
217,30,0.353
217,31,0.377
217,32,0.375
217,33,0.459
217,34,0.384
217,35,0.474
217,36,1.16
217,37,1.378
217,38,0.911
217,39,0.412
217,40,0.394
217,41,0.467
217,42,0.386
217,43,0.789
217,44,0.632
217,45,0.758
217,46,0.583
217,47,0.499
217,48,0.419
218,1,0.489
218,2,0.286
218,3,0.322
218,4,0.261
218,5,0.3
218,6,0.269
218,7,0.289
218,8,0.274
218,9,0.29
218,10,0.291
218,11,0.267
218,12,0.29
218,13,0.258
218,14,0.314
218,15,0.314
218,16,0.334
218,17,0.288
218,18,0.335
218,19,0.671
218,20,0.258
218,21,0.167
218,22,0.509
218,23,0.361
218,24,0.246
218,25,0.157
218,26,0.318
218,27,2.154
218,28,0.436
218,29,0.288
218,30,0.488
218,31,0.446
218,32,0.439
218,33,0.441
218,34,0.554
218,35,0.368
218,36,0.978
218,37,1.549
218,38,0.923
218,39,0.61
218,40,1.331
218,41,1.006
218,42,0.44
218,43,0.515
218,44,0.738
218,45,0.805
218,46,0.77
218,47,0.514
218,48,0.579
219,1,0.325
219,2,0.315
219,3,0.258
219,4,0.305
219,5,0.259
219,6,0.326
219,7,0.287
219,8,0.302
219,9,0.297
219,10,0.286
219,11,0.272
219,12,0.279
219,13,0.276
219,14,0.293
219,15,0.378
219,16,0.307
219,17,0.325
219,18,0.285
219,19,1.46
219,20,0.543
219,21,0.315
219,22,0.227
219,23,0.247
219,24,0.185
219,25,0.25
219,26,0.184
219,27,0.611
219,28,0.434
219,29,1.032
219,30,1.232
219,31,0.408
219,32,0.312
219,33,0.475
219,34,0.433
219,35,0.479
219,36,0.444
219,37,1.669
219,38,1.299
219,39,0.42
219,40,0.436
219,41,0.487
219,42,0.485
219,43,0.68
219,44,0.715
219,45,0.574
219,46,0.752
219,47,0.426
219,48,0.407
220,1,0.294
220,2,0.291
220,3,0.227
220,4,0.28
220,5,0.221
220,6,0.284
220,7,0.22
220,8,0.356
220,9,0.27
220,10,0.326
220,11,0.291
220,12,0.323
220,13,0.26
220,14,0.343
220,15,0.359
220,16,0.399
220,17,0.343
220,18,0.497
220,19,0.562
220,20,0.433
220,21,0.703
220,22,1.479
220,23,0.389
220,24,0.261
220,25,0.491
220,26,0.643
220,27,0.392
220,28,0.307
220,29,0.25
220,30,0.308
220,31,0.548
220,32,0.517
220,33,0.576
220,34,0.845
220,35,0.461
220,36,1.004
220,37,2.619
220,38,0.435
220,39,0.476
220,40,0.48
220,41,1.604
220,42,0.856
220,43,0.676
220,44,0.728
220,45,0.641
220,46,0.585
220,47,0.468
220,48,0.458
221,1,0.493
221,2,0.344
221,3,0.278
221,4,0.283
221,5,0.274
221,6,0.284
221,7,0.277
221,8,0.285
221,9,0.275
221,10,0.283
221,11,0.285
221,12,0.279
221,13,0.275
221,14,0.295
221,15,0.397
221,16,0.359
221,17,0.328
221,18,0.303
221,19,0.387
221,20,0.611
221,21,1.101
221,22,1.632
221,23,0.474
221,24,1.796
221,25,1.163
221,26,0.248
221,27,0.241
221,28,0.241
221,29,0.248
221,30,0.242
221,31,0.795
221,32,0.342
221,33,0.449
221,34,0.417
221,35,0.503
221,36,0.388
221,37,0.44
221,38,0.367
221,39,1.258
221,40,0.823
221,41,0.738
221,42,1.213
221,43,1.605
221,44,0.697
221,45,0.764
221,46,1.644
221,47,2.138
221,48,0.541
222,1,0.418
222,2,0.241
222,3,0.315
222,4,0.301
222,5,0.317
222,6,0.309
222,7,0.313
222,8,0.3
222,9,0.272
222,10,0.302
222,11,0.262
222,12,0.312
222,13,0.252
222,14,0.331
222,15,0.347
222,16,0.388
222,17,0.286
222,18,0.339
222,19,0.542
222,20,1.962
222,21,0.321
222,22,0.236
222,23,0.247
222,24,0.208
222,25,0.283
222,26,0.671
222,27,1.571
222,28,0.506
222,29,0.406
222,30,0.422
222,31,0.377
222,32,0.43
222,33,0.433
222,34,0.482
222,35,0.474
222,36,0.924
222,37,2.1
222,38,0.786
222,39,0.429
222,40,1.212
222,41,1.412
222,42,0.401
222,43,0.521
222,44,0.992
222,45,0.605
222,46,0.519
222,47,0.524
222,48,0.411
223,1,0.484
223,2,0.292
223,3,0.31
223,4,0.251
223,5,0.306
223,6,0.252
223,7,0.329
223,8,0.269
223,9,0.286
223,10,0.327
223,11,0.27
223,12,0.277
223,13,0.258
223,14,0.304
223,15,0.345
223,16,0.384
223,17,0.306
223,18,0.329
223,19,0.663
223,20,0.351
223,21,0.422
223,22,0.23
223,23,0.23
223,24,0.207
223,25,0.245
223,26,0.185
223,27,0.73
223,28,0.383
223,29,1.257
223,30,0.907
223,31,0.32
223,32,0.323
223,33,0.399
223,34,0.427
223,35,0.406
223,36,0.679
223,37,1.219
223,38,0.985
223,39,0.334
223,40,0.48
223,41,1.236
223,42,1.154
223,43,0.595
223,44,0.762
223,45,0.581
223,46,0.524
223,47,0.456
223,48,0.423
224,1,0.478
224,2,0.572
224,3,0.475
224,4,0.313
224,5,0.335
224,6,0.255
224,7,0.303
224,8,0.269
224,9,0.293
224,10,0.282
224,11,0.272
224,12,0.271
224,13,0.257
224,14,0.3
224,15,0.302
224,16,0.331
224,17,0.268
224,18,0.328
224,19,0.31
224,20,0.617
224,21,0.161
224,22,0.213
224,23,0.184
224,24,1.012
224,25,1.817
224,26,0.417
224,27,0.555
224,28,0.473
224,29,0.31
224,30,0.383
224,31,0.289
224,32,0.369
224,33,0.381
224,34,0.477
224,35,0.482
224,36,1.601
224,37,2.15
224,38,0.557
224,39,0.516
224,40,1.053
224,41,1.593
224,42,0.541
224,43,0.81
224,44,0.741
224,45,0.78
224,46,0.57
224,47,0.513
224,48,0.435
225,1,0.424
225,2,0.274
225,3,0.245
225,4,0.229
225,5,0.273
225,6,0.317
225,7,0.272
225,8,0.296
225,9,0.263
225,10,0.304
225,11,0.229
225,12,0.309
225,13,0.202
225,14,0.296
225,15,0.336
225,16,0.397
225,17,0.282
225,18,0.338
225,19,0.69
225,20,0.323
225,21,0.403
225,22,0.219
225,23,0.167
225,24,0.23
225,25,0.155
225,26,0.246
225,27,0.577
225,28,0.653
225,29,0.402
225,30,0.38
225,31,0.312
225,32,0.379
225,33,0.352
225,34,0.427
225,35,1.537
225,36,1.432
225,37,2.278
225,38,2.02
225,39,0.354
225,40,0.499
225,41,0.478
225,42,1.766
225,43,1.068
225,44,0.725
225,45,0.684
225,46,0.55
225,47,0.588
225,48,0.559
226,1,0.773
226,2,0.405
226,3,0.436
226,4,0.354
226,5,0.393
226,6,0.336
226,7,0.428
226,8,0.34
226,9,0.398
226,10,0.33
226,11,0.455
226,12,0.351
226,13,0.388
226,14,0.349
226,15,0.498
226,16,0.415
226,17,0.433
226,18,0.366
226,19,0.897
226,20,0.48
226,21,0.445
226,22,1.361
226,23,0.393
226,24,0.181
226,25,0.211
226,26,0.352
226,27,0.321
226,28,0.838
226,29,0.379
226,30,0.274
226,31,0.4
226,32,0.333
226,33,0.49
226,34,0.433
226,35,0.555
226,36,0.51
226,37,2.248
226,38,0.891
226,39,0.971
226,40,1.578
226,41,0.567
226,42,0.536
226,43,0.822
226,44,0.729
226,45,0.72
226,46,0.754
226,47,0.495
226,48,0.424
227,1,0.473
227,2,0.373
227,3,0.293
227,4,0.199
227,5,0.261
227,6,0.232
227,7,0.307
227,8,0.235
227,9,0.306
227,10,0.235
227,11,0.304
227,12,0.24
227,13,0.308
227,14,0.258
227,15,0.403
227,16,0.305
227,17,0.34
227,18,0.286
227,19,0.336
227,20,0.672
227,21,0.679
227,22,0.203
227,23,0.23
227,24,0.184
227,25,1.031
227,26,1.243
227,27,0.836
227,28,0.39
227,29,0.378
227,30,0.337
227,31,0.41
227,32,0.277
227,33,0.43
227,34,0.434
227,35,4.554
227,36,1.412
227,37,2.396
227,38,0.357
227,39,0.444
227,40,1.017
227,41,1.347
227,42,0.425
227,43,0.753
227,44,0.665
227,45,0.67
227,46,0.584
227,47,0.44
227,48,0.413
228,1,0.375
228,2,0.259
228,3,0.29
228,4,0.264
228,5,0.287
228,6,0.272
228,7,0.282
228,8,0.268
228,9,0.274
228,10,0.272
228,11,0.273
228,12,0.265
228,13,0.271
228,14,0.289
228,15,0.379
228,16,0.349
228,17,0.309
228,18,0.316
228,19,0.321
228,20,0.629
228,21,0.757
228,22,0.255
228,23,0.199
228,24,1.072
228,25,0.926
228,26,0.386
228,27,0.289
228,28,0.317
228,29,0.204
228,30,0.249
228,31,0.509
228,32,0.335
228,33,0.412
228,34,0.404
228,35,1.08
228,36,1.083
228,37,1.191
228,38,0.487
228,39,0.652
228,40,0.508
228,41,0.539
228,42,0.421
228,43,0.446
228,44,1.477
228,45,1.482
228,46,0.629
228,47,0.558
228,48,0.582
229,1,0.539
229,2,0.571
229,3,0.414
229,4,0.369
229,5,0.236
229,6,0.266
229,7,0.218
229,8,0.256
229,9,0.216
229,10,0.295
229,11,0.259
229,12,0.294
229,13,0.254
229,14,0.317
229,15,0.337
229,16,0.345
229,17,0.276
229,18,0.336
229,19,1.745
229,20,1.653
229,21,1.762
229,22,1.09
229,23,0.749
229,24,0.229
229,25,0.185
229,26,0.235
229,27,0.188
229,28,0.226
229,29,0.185
229,30,0.228
229,31,0.184
229,32,0.239
229,33,0.265
229,34,0.331
229,35,0.375
229,36,0.424
229,37,0.614
229,38,1.189
229,39,0.504
229,40,1.273
229,41,1.139
229,42,0.494
229,43,0.685
229,44,0.742
229,45,0.648
229,46,0.591
229,47,0.425
229,48,0.505
230,1,0.364
230,2,0.352
230,3,0.27
230,4,0.351
230,5,0.302
230,6,0.365
230,7,0.294
230,8,0.364
230,9,0.256
230,10,0.321
230,11,0.242
230,12,0.312
230,13,0.25
230,14,0.329
230,15,0.335
230,16,0.39
230,17,0.273
230,18,0.349
230,19,0.466
230,20,0.5
230,21,0.177
230,22,0.564
230,23,0.204
230,24,0.194
230,25,0.229
230,26,0.331
230,27,1.039
230,28,0.577
230,29,1.344
230,30,0.804
230,31,0.352
230,32,0.318
230,33,0.479
230,34,0.395
230,35,0.47
230,36,0.548
230,37,2.128
230,38,1.067
230,39,0.535
230,40,0.537
230,41,0.492
230,42,0.777
230,43,0.785
230,44,0.828
230,45,0.461
230,46,1.333
230,47,0.429
230,48,0.493
231,1,0.423
231,2,0.504
231,3,0.306
231,4,0.303
231,5,0.258
231,6,0.287
231,7,0.267
231,8,0.281
231,9,0.261
231,10,0.273
231,11,0.278
231,12,0.264
231,13,0.27
231,14,0.282
231,15,0.383
231,16,0.338
231,17,0.369
231,18,0.309
231,19,0.508
231,20,0.508
231,21,0.437
231,22,0.255
231,23,1.493
231,24,0.501
231,25,0.357
231,26,0.323
231,27,0.795
231,28,0.392
231,29,1.352
231,30,0.399
231,31,0.313
231,32,0.249
231,33,0.433
231,34,0.355
231,35,0.42
231,36,2.225
231,37,2.038
231,38,0.541
231,39,0.436
231,40,0.499
231,41,0.622
231,42,0.614
231,43,0.755
231,44,0.661
231,45,0.614
231,46,0.568
231,47,0.519
231,48,0.436
232,1,0.545
232,2,0.278
232,3,0.328
232,4,0.239
232,5,0.278
232,6,0.221
232,7,0.279
232,8,0.237
232,9,0.302
232,10,0.236
232,11,0.308
232,12,0.234
232,13,0.302
232,14,0.255
232,15,0.402
232,16,0.327
232,17,0.357
232,18,0.285
232,19,0.349
232,20,0.713
232,21,0.309
232,22,0.41
232,23,1.531
232,24,0.453
232,25,0.707
232,26,0.902
232,27,0.512
232,28,0.359
232,29,0.395
232,30,0.355
232,31,0.437
232,32,0.36
232,33,0.505
232,34,0.424
232,35,1.15
232,36,1.528
232,37,0.696
232,38,0.404
232,39,0.411
232,40,1.067
232,41,1.318
232,42,0.586
232,43,0.861
232,44,0.882
232,45,0.686
232,46,0.738
232,47,0.475
232,48,0.516
233,1,0.39
233,2,0.331
233,3,0.244
233,4,0.317
233,5,0.236
233,6,0.256
233,7,0.22
233,8,0.245
233,9,0.225
233,10,0.239
233,11,0.23
233,12,0.232
233,13,0.232
233,14,0.252
233,15,0.347
233,16,0.312
233,17,0.358
233,18,0.313
233,19,0.702
233,20,0.231
233,21,0.51
233,22,0.215
233,23,1.115
233,24,0.396
233,25,0.218
233,26,0.227
233,27,0.187
233,28,0.811
233,29,0.42
233,30,0.409
233,31,1.447
233,32,1.074
233,33,1.621
233,34,0.578
233,35,0.427
233,36,1.049
233,37,2.984
233,38,1.644
233,39,0.451
233,40,0.443
233,41,0.579
233,42,0.604
233,43,0.764
233,44,0.782
233,45,0.711
233,46,0.725
233,47,0.493
233,48,0.509
234,1,0.398
234,2,0.338
234,3,0.278
234,4,0.228
234,5,0.292
234,6,0.245
234,7,0.323
234,8,0.236
234,9,0.316
234,10,0.235
234,11,0.312
234,12,0.235
234,13,0.309
234,14,0.257
234,15,0.419
234,16,0.306
234,17,0.395
234,18,0.28
234,19,0.368
234,20,0.579
234,21,0.26
234,22,0.535
234,23,0.412
234,24,0.311
234,25,0.437
234,26,0.355
234,27,0.437
234,28,0.774
234,29,0.584
234,30,1.694
234,31,0.777
234,32,0.387
234,33,0.405
234,34,0.495
234,35,0.422
234,36,0.49
234,37,1.039
234,38,0.602
234,39,0.678
234,40,0.847
234,41,0.85
234,42,0.815
234,43,0.717
234,44,0.8
234,45,0.859
234,46,0.654
234,47,0.597
234,48,0.544
235,1,0.535
235,2,0.424
235,3,0.398
235,4,0.256
235,5,0.312
235,6,0.238
235,7,0.32
235,8,0.237
235,9,0.305
235,10,0.239
235,11,0.31
235,12,0.255
235,13,0.286
235,14,0.281
235,15,0.39
235,16,0.359
235,17,0.344
235,18,0.335
235,19,0.693
235,20,0.253
235,21,1.59
235,22,0.253
235,23,1.184
235,24,1.774
235,25,0.241
235,26,0.263
235,27,0.191
235,28,0.269
235,29,0.192
235,30,0.261
235,31,0.543
235,32,0.448
235,33,0.477
235,34,0.426
235,35,0.537
235,36,1.08
235,37,1.038
235,38,0.598
235,39,0.533
235,40,0.607
235,41,0.586
235,42,0.761
235,43,0.917
235,44,0.643
235,45,0.566
235,46,0.771
235,47,0.492
235,48,0.455
236,1,0.344
236,2,0.258
236,3,0.304
236,4,0.252
236,5,0.304
236,6,0.269
236,7,0.293
236,8,0.285
236,9,0.269
236,10,0.304
236,11,0.25
236,12,0.302
236,13,0.273
236,14,0.331
236,15,0.365
236,16,0.353
236,17,0.361
236,18,0.312
236,19,0.358
236,20,0.231
236,21,0.637
236,22,0.175
236,23,0.996
236,24,0.237
236,25,0.92
236,26,1.226
236,27,0.259
236,28,0.684
236,29,0.692
236,30,0.41
236,31,0.391
236,32,0.365
236,33,0.507
236,34,0.483
236,35,0.513
236,36,0.545
236,37,2.146
236,38,0.477
236,39,0.449
236,40,0.429
236,41,1.205
236,42,1.267
236,43,0.664
236,44,0.832
236,45,1.25
236,46,0.75
236,47,0.459
236,48,0.495
237,1,0.432
237,2,0.365
237,3,0.269
237,4,0.298
237,5,0.219
237,6,0.302
237,7,0.246
237,8,0.312
237,9,0.245
237,10,0.319
237,11,0.244
237,12,0.313
237,13,0.251
237,14,0.331
237,15,0.348
237,16,0.378
237,17,0.321
237,18,0.374
237,19,0.312
237,20,0.419
237,21,0.417
237,22,0.612
237,23,0.185
237,24,0.235
237,25,0.228
237,26,0.406
237,27,0.566
237,28,0.454
237,29,1.17
237,30,1.128
237,31,0.324
237,32,0.354
237,33,0.402
237,34,0.429
237,35,0.4
237,36,1.37
237,37,2.142
237,38,0.487
237,39,0.352
237,40,0.55
237,41,1.247
237,42,1.558
237,43,0.816
237,44,0.841
237,45,1.165
237,46,0.687
237,47,0.459
237,48,0.538
238,1,0.333
238,2,0.351
238,3,0.272
238,4,0.347
238,5,0.262
238,6,0.314
238,7,0.252
238,8,0.318
238,9,0.244
238,10,0.307
238,11,0.256
238,12,0.305
238,13,0.246
238,14,0.323
238,15,0.345
238,16,0.398
238,17,0.331
238,18,0.387
238,19,0.309
238,20,1.363
238,21,0.69
238,22,0.235
238,23,0.248
238,24,0.376
238,25,0.321
238,26,0.654
238,27,0.598
238,28,0.763
238,29,1.715
238,30,0.437
238,31,0.389
238,32,0.294
238,33,0.473
238,34,0.375
238,35,0.598
238,36,1.54
238,37,1.279
238,38,0.449
238,39,0.471
238,40,0.994
238,41,1.013
238,42,1.249
238,43,0.658
238,44,0.726
238,45,0.538
238,46,0.6
238,47,0.453
238,48,0.501
239,1,0.351
239,2,0.317
239,3,0.242
239,4,0.319
239,5,0.242
239,6,0.304
239,7,0.247
239,8,0.305
239,9,0.238
239,10,0.305
239,11,0.243
239,12,0.31
239,13,0.237
239,14,0.334
239,15,0.34
239,16,0.389
239,17,0.32
239,18,0.373
239,19,0.417
239,20,0.646
239,21,0.177
239,22,0.331
239,23,0.352
239,24,0.417
239,25,0.356
239,26,0.981
239,27,0.397
239,28,1.058
239,29,1.652
239,30,1.047
239,31,0.382
239,32,0.383
239,33,0.424
239,34,0.61
239,35,0.599
239,36,1.99
239,37,1.68
239,38,0.486
239,39,1.122
239,40,1.241
239,41,1.45
239,42,2.225
239,43,1.814
239,44,1.371
239,45,1.539
239,46,0.641
239,47,0.858
239,48,0.539
240,1,0.435
240,2,0.423
240,3,0.262
240,4,0.301
240,5,0.248
240,6,0.24
240,7,0.225
240,8,0.247
240,9,0.246
240,10,0.237
240,11,0.217
240,12,0.274
240,13,0.215
240,14,0.273
240,15,0.345
240,16,0.355
240,17,0.325
240,18,0.353
240,19,0.319
240,20,0.714
240,21,0.239
240,22,0.808
240,23,0.25
240,24,0.201
240,25,0.226
240,26,0.153
240,27,0.228
240,28,0.788
240,29,0.315
240,30,0.357
240,31,0.297
240,32,0.401
240,33,0.402
240,34,0.513
240,35,0.489
240,36,0.645
240,37,2.208
240,38,1.331
240,39,0.455
240,40,0.484
240,41,1.924
240,42,1.041
240,43,0.914
240,44,0.843
240,45,0.524
240,46,0.701
240,47,0.573
240,48,0.614
388,1,0.406
388,2,0.348
388,3,0.284
388,4,0.347
388,5,0.281
388,6,0.345
388,7,0.304
388,8,0.319
388,9,0.341
388,10,0.288
388,11,0.35
388,12,0.28
388,13,0.331
388,14,0.3
388,15,0.458
388,16,0.397
388,17,0.385
388,18,0.402
388,19,0.711
388,20,0.408
388,21,0.314
388,22,0.375
388,23,1.517
388,24,0.611
388,25,0.237
388,26,0.508
388,27,0.405
388,28,0.364
388,29,0.377
388,30,0.42
388,31,0.503
388,32,0.562
388,33,0.603
388,34,0.64
388,35,0.943
388,36,1.404
388,37,1.267
388,38,1.033
388,39,0.927
388,40,0.983
388,41,0.732
388,42,0.721
388,43,0.692
388,44,0.713
388,45,0.655
388,46,0.681
388,47,0.632
388,48,0.781
389,1,0.622
389,2,0.656
389,3,0.65
389,4,0.645
389,5,0.646
389,6,0.363
389,7,0.349
389,8,0.29
389,9,0.419
389,10,0.415
389,11,0.423
389,12,0.303
389,13,0.348
389,14,0.315
389,15,0.502
389,16,0.413
389,17,0.471
389,18,0.373
389,19,0.857
389,20,0.25
389,21,0.277
389,22,0.579
389,23,0.304
389,24,1.86
389,25,0.373
389,26,0.213
389,27,0.984
389,28,0.364
389,29,0.521
389,30,0.489
389,31,0.411
389,32,0.494
389,33,0.504
389,34,0.598
389,35,0.655
389,36,1.866
389,37,0.825
389,38,0.744
389,39,0.627
389,40,0.71
389,41,0.633
389,42,0.628
389,43,0.758
389,44,0.653
389,45,0.683
389,46,0.632
389,47,0.688
389,48,0.508
390,1,0.366
390,2,0.286
390,3,0.348
390,4,0.291
390,5,0.331
390,6,0.306
390,7,0.329
390,8,0.319
390,9,0.324
390,10,0.33
390,11,0.301
390,12,0.332
390,13,0.285
390,14,0.347
390,15,0.444
390,16,0.445
390,17,0.402
390,18,0.407
390,19,0.527
390,20,1.445
390,21,0.803
390,22,1.046
390,23,2.074
390,24,0.85
390,25,0.316
390,26,0.302
390,27,0.76
390,28,1.815
390,29,1.398
390,30,0.489
390,31,0.466
390,32,0.501
390,33,1.028
390,34,1.068
390,35,1.841
390,36,1.422
390,37,2.541
390,38,1.838
390,39,0.83
390,40,1.039
390,41,2.678
390,42,1.835
390,43,0.803
390,44,0.827
390,45,1.791
390,46,0.745
390,47,0.893
390,48,0.778
391,1,0.773
391,2,0.418
391,3,0.418
391,4,0.381
391,5,0.402
391,6,0.386
391,7,0.379
391,8,0.404
391,9,0.366
391,10,0.404
391,11,0.355
391,12,0.422
391,13,0.35
391,14,0.408
391,15,0.492
391,16,0.511
391,17,0.461
391,18,0.474
391,19,0.934
391,20,0.397
391,21,1.152
391,22,1.134
391,23,1.257
391,24,0.34
391,25,0.361
391,26,1.376
391,27,0.77
391,28,0.476
391,29,0.413
391,30,0.451
391,31,0.405
391,32,0.479
391,33,0.433
391,34,0.564
391,35,0.951
391,36,2.772
391,37,2.494
391,38,0.717
391,39,0.768
391,40,1.076
391,41,2.208
391,42,0.771
391,43,0.88
391,44,0.828
391,45,0.832
391,46,0.552
391,47,0.419
391,48,0.295
392,1,0.315
392,2,0.287
392,3,0.262
392,4,0.291
392,5,0.249
392,6,0.289
392,7,0.237
392,8,0.298
392,9,0.236
392,10,0.287
392,11,0.237
392,12,0.285
392,13,0.273
392,14,0.34
392,15,0.432
392,16,0.431
392,17,0.398
392,18,0.505
392,19,0.823
392,20,0.381
392,21,0.341
392,22,0.371
392,23,0.39
392,24,0.329
392,25,0.39
392,26,0.817
392,27,0.471
392,28,0.395
392,29,1.153
392,30,1.666
392,31,0.508
392,32,0.549
392,33,0.482
392,34,0.522
392,35,0.505
392,36,1.483
392,37,2.46
392,38,0.765
392,39,0.824
392,40,0.796
392,41,0.832
392,42,0.724
392,43,0.816
392,44,0.816
392,45,0.855
392,46,0.804
392,47,0.633
392,48,0.67
393,1,0.608
393,2,0.561
393,3,0.296
393,4,0.336
393,5,0.273
393,6,0.32
393,7,0.283
393,8,0.318
393,9,0.283
393,10,0.315
393,11,0.315
393,12,0.312
393,13,0.315
393,14,0.29
393,15,0.475
393,16,0.519
393,17,0.89
393,18,0.618
393,19,0.6
393,20,1.096
393,21,1.328
393,22,0.205
393,23,0.256
393,24,0.221
393,25,0.25
393,26,0.231
393,27,0.234
393,28,0.256
393,29,0.215
393,30,0.254
393,31,0.206
393,32,0.256
393,33,0.329
393,34,0.374
393,35,0.321
393,36,0.374
393,37,0.327
393,38,0.411
393,39,1.447
393,40,0.812
393,41,0.813
393,42,0.825
393,43,0.737
393,44,0.67
393,45,0.731
393,46,0.76
393,47,0.76
393,48,0.548
394,1,0.431
394,2,0.328
394,3,0.355
394,4,0.337
394,5,0.349
394,6,0.355
394,7,0.331
394,8,0.352
394,9,0.315
394,10,0.353
394,11,0.303
394,12,0.355
394,13,0.325
394,14,0.351
394,15,0.439
394,16,0.45
394,17,0.409
394,18,0.43
394,19,0.836
394,20,2.135
394,21,0.42
394,22,0.442
394,23,0.338
394,24,0.267
394,25,0.211
394,26,0.415
394,27,1.163
394,28,0.54
394,29,0.494
394,30,0.449
394,31,0.549
394,32,0.471
394,33,0.538
394,34,0.471
394,35,0.729
394,36,1.728
394,37,1.874
394,38,0.802
394,39,0.762
394,40,1.519
394,41,1.813
394,42,0.748
394,43,0.741
394,44,1.179
394,45,0.703
394,46,0.656
394,47,0.732
394,48,0.637
395,1,0.459
395,2,0.295
395,3,0.353
395,4,0.336
395,5,0.351
395,6,0.323
395,7,0.342
395,8,0.338
395,9,0.313
395,10,0.351
395,11,0.314
395,12,0.352
395,13,0.301
395,14,0.35
395,15,0.476
395,16,0.456
395,17,0.397
395,18,0.874
395,19,0.327
395,20,1.485
395,21,0.364
395,22,0.294
395,23,0.262
395,24,0.286
395,25,0.254
395,26,0.268
395,27,0.509
395,28,0.315
395,29,0.518
395,30,0.456
395,31,0.515
395,32,0.441
395,33,0.5
395,34,0.494
395,35,0.658
395,36,1.775
395,37,2.316
395,38,0.892
395,39,0.745
395,40,1.567
395,41,1.536
395,42,0.677
395,43,0.728
395,44,0.872
395,45,0.701
395,46,0.831
395,47,0.587
395,48,0.612
396,1,0.487
396,2,0.561
396,3,0.339
396,4,0.333
396,5,0.275
396,6,0.328
396,7,0.286
396,8,0.304
396,9,0.296
396,10,0.307
396,11,0.302
396,12,0.286
396,13,0.306
396,14,0.292
396,15,0.466
396,16,0.393
396,17,0.462
396,18,0.812
396,19,0.435
396,20,0.697
396,21,0.485
396,22,0.439
396,23,2.224
396,24,0.655
396,25,0.539
396,26,0.452
396,27,1.107
396,28,2.191
396,29,0.904
396,30,0.504
396,31,0.484
396,32,0.539
396,33,0.482
396,34,0.52
396,35,0.594
396,36,0.773
396,37,2.46
396,38,1.934
396,39,0.805
396,40,1.43
396,41,3.878
396,42,2.032
396,43,0.762
396,44,0.721
396,45,0.808
396,46,0.663
396,47,0.571
396,48,0.54
397,1,0.564
397,2,0.352
397,3,0.378
397,4,0.344
397,5,0.51
397,6,0.429
397,7,0.387
397,8,0.339
397,9,0.368
397,10,0.369
397,11,0.356
397,12,0.359
397,13,0.357
397,14,0.36
397,15,0.5
397,16,0.484
397,17,0.459
397,18,0.558
397,19,0.825
397,20,1.86
397,21,1.449
397,22,0.462
397,23,0.319
397,24,0.327
397,25,0.294
397,26,0.324
397,27,0.318
397,28,0.303
397,29,0.31
397,30,0.292
397,31,0.336
397,32,0.28
397,33,0.439
397,34,0.427
397,35,0.474
397,36,0.486
397,37,3.239
397,38,0.882
397,39,0.97
397,40,1.627
397,41,1.461
397,42,0.609
397,43,0.916
397,44,0.96
397,45,0.981
397,46,0.846
397,47,0.659
397,48,0.719
398,1,0.607
398,2,0.576
398,3,0.326
398,4,0.336
398,5,0.27
398,6,0.319
398,7,0.282
398,8,0.318
398,9,0.275
398,10,0.319
398,11,0.274
398,12,0.328
398,13,0.279
398,14,0.309
398,15,0.435
398,16,0.427
398,17,0.407
398,18,0.524
398,19,0.689
398,20,0.392
398,21,0.406
398,22,0.498
398,23,0.313
398,24,0.291
398,25,1.078
398,26,1.03
398,27,0.544
398,28,0.41
398,29,0.48
398,30,0.412
398,31,0.447
398,32,0.431
398,33,0.5
398,34,0.498
398,35,0.538
398,36,0.611
398,37,1.339
398,38,3.162
398,39,1.03
398,40,0.646
398,41,0.756
398,42,2.268
398,43,1.112
398,44,0.821
398,45,0.781
398,46,0.772
398,47,0.711
398,48,0.648
399,1,0.348
399,2,0.344
399,3,0.278
399,4,0.332
399,5,0.345
399,6,0.326
399,7,0.3
399,8,0.305
399,9,0.307
399,10,0.312
399,11,0.297
399,12,0.311
399,13,0.313
399,14,0.304
399,15,0.463
399,16,0.403
399,17,0.423
399,18,0.402
399,19,0.874
399,20,0.256
399,21,0.25
399,22,0.447
399,23,0.455
399,24,0.369
399,25,1.27
399,26,1.22
399,27,0.927
399,28,0.513
399,29,0.381
399,30,0.448
399,31,0.446
399,32,0.486
399,33,0.436
399,34,0.477
399,35,0.441
399,36,0.862
399,37,2.399
399,38,3.126
399,39,2.213
399,40,0.861
399,41,0.754
399,42,0.753
399,43,1.36
399,44,1.735
399,45,0.733
399,46,0.811
399,47,0.745
399,48,0.883
400,1,0.477
400,2,0.334
400,3,0.296
400,4,0.313
400,5,0.324
400,6,0.316
400,7,0.309
400,8,0.315
400,9,0.322
400,10,0.299
400,11,0.307
400,12,0.311
400,13,0.311
400,14,0.298
400,15,0.476
400,16,0.409
400,17,0.421
400,18,0.385
400,19,0.871
400,20,0.52
400,21,0.271
400,22,0.537
400,23,1.113
400,24,0.544
400,25,0.507
400,26,1.03
400,27,0.625
400,28,0.594
400,29,0.506
400,30,0.381
400,31,0.662
400,32,2.537
400,33,2.232
400,34,0.446
400,35,0.668
400,36,1.026
400,37,2.863
400,38,0.987
400,39,0.793
400,40,3.262
400,41,2.198
400,42,0.654
400,43,0.712
400,44,0.791
400,45,0.83
400,46,1.049
400,47,0.663
400,48,0.604
401,1,0.527
401,2,0.301
401,3,0.325
401,4,0.294
401,5,0.31
401,6,0.308
401,7,0.327
401,8,0.31
401,9,0.311
401,10,0.31
401,11,0.311
401,12,0.323
401,13,0.308
401,14,0.311
401,15,0.457
401,16,0.418
401,17,0.417
401,18,0.427
401,19,0.692
401,20,0.285
401,21,2.641
401,22,1.072
401,23,0.279
401,24,0.267
401,25,0.198
401,26,0.25
401,27,0.446
401,28,0.9
401,29,0.405
401,30,0.456
401,31,0.411
401,32,0.486
401,33,0.567
401,34,0.519
401,35,0.573
401,36,0.667
401,37,0.793
401,38,0.682
401,39,0.871
401,40,2.011
401,41,1.246
401,42,0.83
401,43,0.857
401,44,0.972
401,45,0.828
401,46,0.779
401,47,0.847
401,48,0.743
402,1,0.377
402,2,0.334
402,3,0.293
402,4,0.339
402,5,0.278
402,6,0.332
402,7,0.288
402,8,0.337
402,9,0.274
402,10,0.324
402,11,0.275
402,12,0.337
402,13,0.277
402,14,0.32
402,15,0.447
402,16,0.58
402,17,0.471
402,18,0.468
402,19,0.791
402,20,2.349
402,21,0.207
402,22,0.385
402,23,0.282
402,24,0.35
402,25,0.575
402,26,0.739
402,27,0.601
402,28,1.934
402,29,0.526
402,30,0.473
402,31,0.563
402,32,1.034
402,33,1.293
402,34,1.637
402,35,2.191
402,36,1.783
402,37,1.518
402,38,0.75
402,39,0.795
402,40,1.422
402,41,1.752
402,42,0.727
402,43,0.634
402,44,0.656
402,45,0.578
402,46,0.946
402,47,0.655
402,48,0.677
403,1,0.485
403,2,0.387
403,3,0.294
403,4,0.266
403,5,0.303
403,6,0.242
403,7,0.305
403,8,0.295
403,9,0.341
403,10,0.274
403,11,0.326
403,12,0.283
403,13,0.317
403,14,0.294
403,15,0.473
403,16,0.42
403,17,0.408
403,18,0.465
403,19,0.704
403,20,0.296
403,21,0.217
403,22,0.373
403,23,0.624
403,24,0.35
403,25,0.346
403,26,0.804
403,27,0.412
403,28,0.448
403,29,0.998
403,30,1.131
403,31,1.008
403,32,0.923
403,33,0.881
403,34,1.213
403,35,2.256
403,36,1.331
403,37,1.081
403,38,1.433
403,39,2.633
403,40,0.974
403,41,0.696
403,42,1.02
403,43,0.707
403,44,0.649
403,45,0.721
403,46,0.903
403,47,0.644
403,48,0.619
404,1,0.453
404,2,0.36
404,3,0.293
404,4,0.33
404,5,0.279
404,6,0.327
404,7,0.276
404,8,0.341
404,9,0.277
404,10,0.328
404,11,0.277
404,12,0.326
404,13,0.275
404,14,0.327
404,15,0.451
404,16,0.448
404,17,0.401
404,18,0.432
404,19,0.93
404,20,0.322
404,21,0.578
404,22,0.362
404,23,0.565
404,24,0.285
404,25,0.345
404,26,0.758
404,27,0.658
404,28,0.614
404,29,0.815
404,30,0.835
404,31,0.827
404,32,0.876
404,33,0.984
404,34,1.24
404,35,1.14
404,36,1.174
404,37,2.149
404,38,3.081
404,39,1.43
404,40,1.525
404,41,3.038
404,42,1.492
404,43,1.315
404,44,1.258
404,45,1.545
404,46,1.425
404,47,1.207
404,48,0.868
405,1,0.629
405,2,0.337
405,3,0.347
405,4,0.275
405,5,0.327
405,6,0.275
405,7,0.325
405,8,0.29
405,9,0.33
405,10,0.354
405,11,0.325
405,12,0.292
405,13,0.32
405,14,0.28
405,15,0.475
405,16,0.395
405,17,0.437
405,18,0.398
405,19,1.358
405,20,2.211
405,21,0.502
405,22,0.412
405,23,0.341
405,24,0.382
405,25,0.334
405,26,0.726
405,27,0.617
405,28,1.447
405,29,1.277
405,30,1.101
405,31,1.096
405,32,0.977
405,33,0.487
405,34,0.893
405,35,0.756
405,36,0.809
405,37,2.628
405,38,2.625
405,39,1.146
405,40,1.131
405,41,1.027
405,42,0.987
405,43,1.07
405,44,1.002
405,45,1.238
405,46,1.128
405,47,1.025
405,48,0.299
406,1,0.342
406,2,0.278
406,3,0.329
406,4,0.277
406,5,0.619
406,6,0.321
406,7,0.326
406,8,0.292
406,9,0.327
406,10,0.279
406,11,0.326
406,12,0.28
406,13,0.337
406,14,0.282
406,15,0.35
406,16,0.44
406,17,0.434
406,18,0.4
406,19,0.862
406,20,0.321
406,21,0.429
406,22,0.323
406,23,0.291
406,24,0.285
406,25,0.586
406,26,2.036
406,27,0.758
406,28,0.522
406,29,1.106
406,30,1.898
406,31,0.801
406,32,1.157
406,33,1.104
406,34,2.574
406,35,1.688
406,36,3.3
406,37,2.185
406,38,1.262
406,39,2.607
406,40,3.76
406,41,2.712
406,42,1.56
406,43,1.623
406,44,1.22
406,45,2.228
406,46,0.983
406,47,0.831
406,48,0.665
407,1,0.684
407,2,0.522
407,3,0.391
407,4,0.326
407,5,0.275
407,6,0.34
407,7,0.274
407,8,0.322
407,9,0.273
407,10,0.322
407,11,0.278
407,12,0.34
407,13,0.298
407,14,0.365
407,15,0.338
407,16,0.464
407,17,0.431
407,18,0.431
407,19,0.997
407,20,0.332
407,21,0.28
407,22,0.191
407,23,0.24
407,24,0.226
407,25,0.269
407,26,0.538
407,27,0.485
407,28,0.476
407,29,0.489
407,30,0.434
407,31,0.465
407,32,0.455
407,33,1.45
407,34,1.446
407,35,1.486
407,36,2.348
407,37,2.793
407,38,2.53
407,39,1.64
407,40,2.541
407,41,1.315
407,42,1.075
407,43,1.028
407,44,1.04
407,45,0.994
407,46,1.056
407,47,0.784
407,48,0.675
408,1,0.605
408,2,0.65
408,3,0.601
408,4,0.654
408,5,0.59
408,6,0.608
408,7,0.398
408,8,0.34
408,9,0.317
408,10,0.333
408,11,0.309
408,12,0.382
408,13,0.31
408,14,0.336
408,15,0.322
408,16,0.973
408,17,1.393
408,18,0.445
408,19,0.351
408,20,0.283
408,21,0.237
408,22,0.193
408,23,0.211
408,24,0.177
408,25,0.211
408,26,0.192
408,27,0.21
408,28,0.179
408,29,0.212
408,30,0.176
408,31,0.227
408,32,0.173
408,33,0.213
408,34,0.279
408,35,1.59
408,36,1.51
408,37,1.262
408,38,1.284
408,39,1.778
408,40,1.574
408,41,1.53
408,42,2.801
408,43,1.416
408,44,1.443
408,45,1.054
408,46,0.843
408,47,1.251
408,48,1.211
409,1,0.545
409,2,0.31
409,3,0.284
409,4,0.295
409,5,0.235
409,6,0.262
409,7,0.241
409,8,0.265
409,9,0.224
409,10,0.266
409,11,0.221
409,12,0.28
409,13,0.251
409,14,0.316
409,15,0.263
409,16,0.468
409,17,0.389
409,18,0.92
409,19,1.361
409,20,1.295
409,21,0.57
409,22,0.226
409,23,0.19
409,24,0.293
409,25,0.31
409,26,0.804
409,27,1.739
409,28,1.578
409,29,1.535
409,30,1.454
409,31,1.491
409,32,1.416
409,33,2.032
409,34,1.688
409,35,1.817
409,36,1.891
409,37,3.817
409,38,3.004
409,39,1.814
409,40,1.404
409,41,1.569
409,42,1.542
409,43,0.646
409,44,1.497
409,45,0.986
409,46,1.076
409,47,1.152
409,48,0.982
410,1,0.689
410,2,0.287
410,3,0.324
410,4,0.268
410,5,0.321
410,6,0.283
410,7,0.323
410,8,0.276
410,9,0.314
410,10,0.295
410,11,0.404
410,12,0.403
410,13,0.308
410,14,0.306
410,15,0.303
410,16,0.484
410,17,0.4
410,18,0.586
410,19,0.644
410,20,0.365
410,21,0.975
410,22,0.32
410,23,0.222
410,24,0.928
410,25,0.334
410,26,0.372
410,27,0.329
410,28,0.366
410,29,0.315
410,30,1.351
410,31,1.46
410,32,1.43
410,33,1.381
410,34,1.507
410,35,1.453
410,36,1.803
410,37,2.951
410,38,1.951
410,39,1.465
410,40,1.514
410,41,2.816
410,42,1.302
410,43,1.105
410,44,1.094
410,45,0.995
410,46,0.854
410,47,0.693
410,48,0.704
411,1,0.593
411,2,0.368
411,3,0.326
411,4,0.276
411,5,0.318
411,6,0.265
411,7,0.329
411,8,0.266
411,9,0.316
411,10,0.265
411,11,0.316
411,12,0.265
411,13,0.33
411,14,0.266
411,15,0.323
411,16,0.442
411,17,0.436
411,18,0.395
411,19,0.848
411,20,0.329
411,21,1.09
411,22,1.184
411,23,0.254
411,24,0.256
411,25,0.216
411,26,0.186
411,27,0.633
411,28,0.57
411,29,1.614
411,30,0.855
411,31,0.549
411,32,0.584
411,33,0.504
411,34,1.152
411,35,1.107
411,36,1.3
411,37,2.402
411,38,1.878
411,39,1.34
411,40,1.334
411,41,1.93
411,42,1.61
411,43,0.966
411,44,1.064
411,45,0.824
411,46,0.797
411,47,0.628
411,48,0.585
412,1,0.46
412,2,0.311
412,3,0.317
412,4,0.305
412,5,0.288
412,6,0.322
412,7,0.301
412,8,0.333
412,9,0.27
412,10,0.331
412,11,0.266
412,12,0.315
412,13,0.266
412,14,0.317
412,15,0.291
412,16,0.479
412,17,0.378
412,18,0.431
412,19,0.802
412,20,0.476
412,21,1.195
412,22,1.374
412,23,0.291
412,24,0.775
412,25,0.801
412,26,3.264
412,27,0.464
412,28,0.784
412,29,0.57
412,30,0.279
412,31,0.346
412,32,1.059
412,33,1.489
412,34,0.954
412,35,0.781
412,36,0.866
412,37,2.776
412,38,2.119
412,39,0.931
412,40,2.193
412,41,3.405
412,42,1.195
412,43,1.018
412,44,0.883
412,45,0.648
412,46,0.993
412,47,0.591
412,48,0.921
413,1,0.324
413,2,0.322
413,3,0.282
413,4,0.32
413,5,0.264
413,6,0.32
413,7,0.282
413,8,0.321
413,9,0.27
413,10,0.323
413,11,0.255
413,12,0.307
413,13,0.257
413,14,0.32
413,15,0.28
413,16,0.494
413,17,0.403
413,18,0.442
413,19,0.892
413,20,0.483
413,21,0.306
413,22,0.309
413,23,0.368
413,24,0.287
413,25,0.382
413,26,0.382
413,27,0.79
413,28,0.488
413,29,0.436
413,30,0.397
413,31,0.443
413,32,0.488
413,33,1.029
413,34,1.445
413,35,1.503
413,36,2.327
413,37,3.022
413,38,1.569
413,39,1.933
413,40,1.645
413,41,1.352
413,42,1.898
413,43,2.031
413,44,0.996
413,45,1.109
413,46,1.148
413,47,1.077
413,48,0.554
414,1,0.321
414,2,0.317
414,3,0.321
414,4,0.336
414,5,0.303
414,6,0.331
414,7,0.275
414,8,0.305
414,9,0.26
414,10,0.323
414,11,0.258
414,12,0.306
414,13,0.256
414,14,0.32
414,15,0.264
414,16,0.46
414,17,0.372
414,18,0.438
414,19,0.799
414,20,0.479
414,21,0.219
414,22,0.239
414,23,0.167
414,24,0.497
414,25,1.429
414,26,1.064
414,27,0.307
414,28,0.246
414,29,0.334
414,30,0.401
414,31,0.412
414,32,0.632
414,33,0.772
414,34,0.804
414,35,0.794
414,36,3.574
414,37,2.573
414,38,1.2
414,39,1.002
414,40,1.093
414,41,1.02
414,42,1.147
414,43,2.695
414,44,1.086
414,45,1.108
414,46,1.067
414,47,1.212
414,48,1.0
415,1,0.765
415,2,0.526
415,3,0.302
415,4,0.313
415,5,0.275
415,6,0.333
415,7,0.269
415,8,0.322
415,9,0.269
415,10,0.337
415,11,0.269
415,12,0.319
415,13,0.284
415,14,0.317
415,15,0.278
415,16,0.476
415,17,0.404
415,18,0.428
415,19,0.5
415,20,1.356
415,21,0.407
415,22,0.288
415,23,0.204
415,24,0.221
415,25,0.182
415,26,0.304
415,27,0.79
415,28,0.62
415,29,0.314
415,30,0.8
415,31,0.862
415,32,0.752
415,33,1.134
415,34,1.169
415,35,1.523
415,36,1.6
415,37,3.462
415,38,1.574
415,39,1.73
415,40,1.329
415,41,2.829
415,42,1.495
415,43,1.344
415,44,1.482
415,45,1.373
415,46,1.364
415,47,0.511
415,48,0.313
