213,1,0.583
213,2,0.487
213,3,0.527
213,4,0.314
213,5,0.259
213,6,0.275
213,7,0.258
213,8,0.259
213,9,0.269
213,10,0.264
213,11,0.256
213,12,0.26
213,13,0.271
213,14,0.256
213,15,0.256
213,16,0.268
213,17,0.253
213,18,0.246
213,19,0.264
213,20,1.35
213,21,4.075
213,22,6.308
213,23,4.772
213,24,1.873
213,25,2.314
213,26,1.479
213,27,0.935
213,28,0.289
213,29,0.287
213,30,0.885
213,31,0.29
213,32,0.591
213,33,0.576
213,34,0.302
213,35,0.843
213,36,0.282
213,37,0.284
213,38,0.844
213,39,0.283
213,40,0.301
213,41,0.861
213,42,0.294
213,43,0.543
213,44,1.272
213,45,0.813
213,46,0.914
213,47,1.487
213,48,0.415
214,1,0.24
214,2,0.242
214,3,0.243
214,4,0.243
214,5,0.242
214,6,0.244
214,7,0.243
214,8,0.244
214,9,0.245
214,10,0.245
214,11,0.245
214,12,0.245
214,13,0.243
214,14,0.242
214,15,0.239
214,16,0.24
214,17,0.238
214,18,0.237
214,19,0.236
214,20,0.238
214,21,1.966
214,22,3.053
214,23,3.291
214,24,2.72
214,25,0.747
214,26,0.355
214,27,0.431
214,28,0.456
214,29,0.456
214,30,0.46
214,31,0.466
214,32,0.453
214,33,0.484
214,34,0.506
214,35,0.634
214,36,0.64
214,37,0.668
214,38,0.703
214,39,0.682
214,40,0.675
214,41,0.708
214,42,0.734
214,43,0.731
214,44,0.699
214,45,0.824
214,46,0.919
214,47,1.053
214,48,1.027
215,1,0.991
215,2,0.755
215,3,0.703
215,4,0.246
215,5,0.246
215,6,0.247
215,7,0.247
215,8,0.247
215,9,0.247
215,10,0.247
215,11,0.246
215,12,0.247
215,13,0.243
215,14,0.243
215,15,0.241
215,16,0.239
215,17,0.238
215,18,0.236
215,19,0.234
215,20,0.292
215,21,0.323
215,22,0.321
215,23,0.295
215,24,0.271
215,25,2.102
215,26,2.5
215,27,3.301
215,28,3.298
215,29,4.042
215,30,2.102
215,31,1.655
215,32,1.138
215,33,2.628
215,34,0.758
215,35,0.968
215,36,0.929
215,37,0.293
215,38,0.888
215,39,0.293
215,40,0.293
215,41,0.876
215,42,0.292
215,43,0.846
215,44,0.328
215,45,0.294
215,46,0.873
215,47,0.642
215,48,0.539
216,1,0.298
216,2,0.265
216,3,0.266
216,4,0.268
216,5,0.262
216,6,0.262
216,7,0.262
216,8,0.262
216,9,0.262
216,10,0.262
216,11,0.262
216,12,0.262
216,13,0.265
216,14,0.262
216,15,0.227
216,16,0.219
216,17,0.217
216,18,0.214
216,19,0.213
216,20,0.209
216,21,0.21
216,22,0.337
216,23,0.618
216,24,0.471
216,25,0.48
216,26,0.788
216,27,1.484
216,28,0.586
216,29,0.588
216,30,0.61
216,31,1.374
216,32,1.517
216,33,0.53
216,34,0.411
216,35,1.407
216,36,0.418
216,37,0.418
216,38,0.438
216,39,0.34
216,40,0.344
216,41,0.345
216,42,0.347
216,43,0.345
216,44,0.441
216,45,0.834
216,46,0.718
216,47,0.347
216,48,0.319
217,1,0.263
217,2,0.299
217,3,0.305
217,4,0.295
217,5,0.296
217,6,0.294
217,7,0.295
217,8,0.287
217,9,0.277
217,10,0.287
217,11,0.265
217,12,0.284
217,13,0.274
217,14,0.272
217,15,0.261
217,16,0.286
217,17,0.251
217,18,0.258
217,19,0.248
217,20,0.396
217,21,2.062
217,22,1.141
217,23,2.029
217,24,0.622
217,25,0.399
217,26,0.349
217,27,0.336
217,28,0.338
217,29,0.339
217,30,0.352
217,31,0.331
217,32,0.402
217,33,0.744
217,34,2.46
217,35,2.986
217,36,1.758
217,37,1.392
217,38,0.723
217,39,0.723
217,40,0.633
217,41,1.285
217,42,0.704
217,43,0.694
217,44,0.763
217,45,0.73
217,46,0.708
217,47,0.714
217,48,0.73
218,1,0.82
218,2,0.751
218,3,0.759
218,4,0.704
218,5,0.257
218,6,0.262
218,7,0.262
218,8,0.263
218,9,0.272
218,10,0.277
218,11,0.267
218,12,0.26
218,13,0.26
218,14,0.256
218,15,0.254
218,16,0.269
218,17,0.255
218,18,0.248
218,19,0.246
218,20,0.26
218,21,1.106
218,22,2.84
218,23,2.519
218,24,1.622
218,25,2.968
218,26,0.642
218,27,0.805
218,28,0.619
218,29,0.625
218,30,0.655
218,31,0.653
218,32,0.656
218,33,0.648
218,34,2.308
218,35,1.236
218,36,1.107
218,37,2.279
218,38,2.554
218,39,1.683
218,40,2.41
218,41,1.98
218,42,1.004
218,43,0.522
218,44,0.508
218,45,1.04
218,46,0.686
218,47,1.26
218,48,0.567
219,1,0.959
219,2,0.768
219,3,0.571
219,4,0.405
219,5,0.269
219,6,0.252
219,7,0.253
219,8,0.265
219,9,0.273
219,10,0.27
219,11,0.269
219,12,0.269
219,13,0.273
219,14,0.274
219,15,0.271
219,16,0.267
219,17,0.263
219,18,0.263
219,19,0.256
219,20,0.256
219,21,0.239
219,22,0.222
219,23,0.631
219,24,0.5
219,25,0.536
219,26,0.684
219,27,0.669
219,28,1.265
219,29,0.823
219,30,1.984
219,31,1.507
219,32,1.315
219,33,1.915
219,34,0.488
219,35,0.464
219,36,0.483
219,37,0.474
219,38,0.453
219,39,0.638
219,40,0.64
219,41,0.66
219,42,0.626
219,43,0.644
219,44,0.645
219,45,0.63
219,46,0.645
219,47,0.633
219,48,0.657
220,1,0.642
220,2,0.671
220,3,0.599
220,4,0.457
220,5,0.243
220,6,0.272
220,7,0.263
220,8,0.255
220,9,0.257
220,10,0.271
220,11,0.256
220,12,0.26
220,13,0.265
220,14,0.258
220,15,0.265
220,16,0.267
220,17,0.251
220,18,0.216
220,19,1.858
220,20,2.355
220,21,0.924
220,22,1.98
220,23,2.495
220,24,2.302
220,25,0.82
220,26,2.687
220,27,2.872
220,28,2.419
220,29,0.263
220,30,0.825
220,31,0.339
220,32,0.269
220,33,0.879
220,34,0.265
220,35,0.856
220,36,0.273
220,37,0.259
220,38,0.848
220,39,0.259
220,40,0.901
220,41,0.263
220,42,0.263
220,43,0.862
220,44,0.255
220,45,0.255
220,46,0.852
220,47,0.265
220,48,0.281
221,1,0.855
221,2,0.289
221,3,0.532
221,4,0.613
221,5,0.293
221,6,0.334
221,7,0.252
221,8,0.274
221,9,0.252
221,10,0.272
221,11,0.254
221,12,0.275
221,13,0.252
221,14,0.277
221,15,0.248
221,16,0.262
221,17,0.253
221,18,0.263
221,19,0.245
221,20,0.265
221,21,0.241
221,22,0.246
221,23,0.349
221,24,0.294
221,25,0.429
221,26,0.475
221,27,0.615
221,28,2.498
221,29,0.85
221,30,0.367
221,31,0.441
221,32,0.479
221,33,0.469
221,34,0.501
221,35,0.489
221,36,0.372
221,37,0.292
221,38,0.308
221,39,0.296
221,40,0.294
221,41,0.312
221,42,0.294
221,43,0.314
221,44,0.289
221,45,0.292
221,46,0.809
221,47,0.793
221,48,0.56
222,1,0.57
222,2,0.555
222,3,0.381
222,4,0.267
222,5,0.25
222,6,0.268
222,7,0.27
222,8,0.264
222,9,0.273
222,10,0.268
222,11,0.27
222,12,0.272
222,13,0.265
222,14,0.271
222,15,0.264
222,16,0.266
222,17,0.258
222,18,0.257
222,19,0.255
222,20,0.271
222,21,0.263
222,22,0.845
222,23,2.694
222,24,3.206
222,25,3.003
222,26,1.364
222,27,1.587
222,28,2.768
222,29,3.013
222,30,2.877
222,31,2.882
222,32,3.32
222,33,3.231
222,34,0.806
222,35,1.365
222,36,0.679
222,37,1.482
222,38,1.927
222,39,2.264
222,40,0.655
222,41,1.291
222,42,0.633
222,43,0.639
222,44,3.462
222,45,0.805
222,46,1.344
222,47,0.752
222,48,1.333
223,1,0.711
223,2,0.607
223,3,0.31
223,4,0.285
223,5,0.283
223,6,0.288
223,7,0.269
223,8,0.285
223,9,0.288
223,10,0.288
223,11,0.279
223,12,0.289
223,13,0.261
223,14,0.281
223,15,0.283
223,16,0.271
223,17,0.259
223,18,0.267
223,19,0.268
223,20,0.28
223,21,0.265
223,22,0.379
223,23,0.751
223,24,1.433
223,25,0.738
223,26,0.94
223,27,1.034
223,28,0.735
223,29,0.658
223,30,0.685
223,31,0.637
223,32,0.643
223,33,1.93
223,34,1.535
223,35,0.844
223,36,0.815
223,37,0.866
223,38,0.715
223,39,0.716
223,40,2.778
223,41,2.468
223,42,1.382
223,43,0.759
223,44,1.442
223,45,1.153
223,46,0.973
223,47,0.847
223,48,0.782
224,1,0.817
224,2,0.795
224,3,0.585
224,4,0.246
224,5,0.243
224,6,0.243
224,7,0.242
224,8,0.243
224,9,0.283
224,10,0.243
224,11,0.26
224,12,0.242
224,13,0.26
224,14,0.259
224,15,0.242
224,16,0.262
224,17,0.233
224,18,0.255
224,19,0.233
224,20,0.252
224,21,0.344
224,22,0.426
224,23,0.933
224,24,2.492
224,25,1.678
224,26,0.299
224,27,0.797
224,28,0.396
224,29,0.292
224,30,0.868
224,31,0.293
224,32,0.306
224,33,0.857
224,34,0.292
224,35,0.973
224,36,0.888
224,37,1.636
224,38,2.705
224,39,2.284
224,40,2.365
224,41,2.613
224,42,2.662
224,43,2.597
224,44,3.145
224,45,3.091
224,46,1.276
224,47,1.019
224,48,1.645
225,1,0.929
225,2,0.601
225,3,0.243
225,4,0.245
225,5,0.245
225,6,0.262
225,7,0.255
225,8,0.246
225,9,0.258
225,10,0.264
225,11,0.252
225,12,0.252
225,13,0.258
225,14,0.259
225,15,0.259
225,16,0.261
225,17,0.235
225,18,0.258
225,19,0.496
225,20,0.313
225,21,0.291
225,22,0.375
225,23,0.741
225,24,0.648
225,25,0.643
225,26,0.681
225,27,0.693
225,28,0.498
225,29,0.575
225,30,0.69
225,31,0.766
225,32,1.511
225,33,0.635
225,34,0.632
225,35,0.621
225,36,0.636
225,37,0.605
225,38,0.92
225,39,0.579
225,40,0.628
225,41,0.631
225,42,0.624
225,43,0.569
225,44,0.63
225,45,0.779
225,46,0.776
225,47,0.773
225,48,0.954
226,1,0.374
226,2,0.282
226,3,0.28
226,4,0.319
226,5,0.29
226,6,0.263
226,7,0.289
226,8,0.284
226,9,0.289
226,10,0.277
226,11,0.28
226,12,0.285
226,13,0.292
226,14,0.282
226,15,0.282
226,16,0.281
226,17,0.277
226,18,0.273
226,19,0.271
226,20,0.271
226,21,0.277
226,22,0.278
226,23,0.458
226,24,0.786
226,25,0.536
226,26,0.518
226,27,0.51
226,28,0.51
226,29,0.535
226,30,0.502
226,31,0.498
226,32,0.494
226,33,0.461
226,34,0.498
226,35,0.472
226,36,0.757
226,37,0.507
226,38,0.655
226,39,0.737
226,40,0.823
226,41,0.816
226,42,0.827
226,43,0.811
226,44,0.933
226,45,1.076
226,46,1.886
226,47,1.609
226,48,1.252
227,1,1.219
227,2,0.906
227,3,0.872
227,4,0.382
227,5,0.285
227,6,0.265
227,7,0.286
227,8,0.282
227,9,0.269
227,10,0.287
227,11,0.289
227,12,0.291
227,13,0.267
227,14,0.281
227,15,0.275
227,16,0.29
227,17,0.271
227,18,0.275
227,19,0.262
227,20,0.268
227,21,0.275
227,22,0.345
227,23,0.449
227,24,0.514
227,25,0.646
227,26,0.608
227,27,0.678
227,28,0.662
227,29,0.956
227,30,0.682
227,31,0.76
227,32,0.888
227,33,0.755
227,34,0.804
227,35,2.357
227,36,1.092
227,37,0.719
227,38,0.712
227,39,1.059
227,40,0.703
227,41,0.691
227,42,0.694
227,43,0.675
227,44,0.656
227,45,1.087
227,46,0.826
227,47,0.52
227,48,0.514
228,1,0.514
228,2,0.527
228,3,0.533
228,4,0.526
228,5,0.526
228,6,0.53
228,7,0.53
228,8,0.46
228,9,0.441
228,10,0.42
228,11,0.42
228,12,0.413
228,13,0.413
228,14,0.439
228,15,0.414
228,16,0.409
228,17,0.4
228,18,0.422
228,19,0.401
228,20,0.393
228,21,0.479
228,22,0.468
228,23,1.188
228,24,2.3
228,25,2.649
228,26,2.439
228,27,1.319
228,28,0.759
228,29,1.863
228,30,2.478
228,31,0.642
228,32,0.479
228,33,0.453
228,34,0.428
228,35,0.347
228,36,0.349
228,37,0.35
228,38,0.397
228,39,0.568
228,40,0.548
228,41,0.54
228,42,0.538
228,43,0.951
228,44,1.292
228,45,1.183
228,46,1.263
228,47,1.075
228,48,0.755
229,1,0.443
229,2,0.441
229,3,0.444
229,4,0.445
229,5,0.442
229,6,0.441
229,7,0.443
229,8,0.442
229,9,0.449
229,10,0.449
229,11,0.436
229,12,0.443
229,13,0.441
229,14,0.438
229,15,0.451
229,16,0.431
229,17,0.427
229,18,0.416
229,19,0.444
229,20,0.425
229,21,0.709
229,22,1.84
229,23,1.949
229,24,1.834
229,25,1.432
229,26,0.506
229,27,0.39
229,28,0.31
229,29,0.288
229,30,0.285
229,31,0.284
229,32,0.286
229,33,0.284
229,34,0.302
229,35,0.274
229,36,0.273
229,37,0.27
229,38,0.272
229,39,0.272
229,40,0.291
229,41,0.39
229,42,0.761
229,43,1.503
229,44,1.499
229,45,0.783
229,46,0.642
229,47,0.563
229,48,0.544
230,1,0.328
230,2,0.331
230,3,0.31
230,4,0.326
230,5,0.335
230,6,0.333
230,7,0.313
230,8,0.336
230,9,0.332
230,10,0.326
230,11,0.328
230,12,0.321
230,13,0.33
230,14,0.321
230,15,0.252
230,16,0.242
230,17,0.244
230,18,0.216
230,19,1.434
230,20,2.313
230,21,2.321
230,22,2.428
230,23,1.044
230,24,2.356
230,25,2.885
230,26,3.324
230,27,2.811
230,28,1.843
230,29,0.717
230,30,1.156
230,31,2.991
230,32,3.421
230,33,1.92
230,34,2.491
230,35,2.455
230,36,2.223
230,37,1.076
230,38,0.566
230,39,1.134
230,40,0.502
230,41,0.988
230,42,0.658
230,43,2.051
230,44,1.129
230,45,1.113
230,46,1.531
230,47,2.594
230,48,2.125
231,1,0.8
231,2,0.312
231,3,0.303
231,4,0.302
231,5,0.326
231,6,0.298
231,7,0.331
231,8,0.301
231,9,0.322
231,10,0.304
231,11,0.334
231,12,0.3
231,13,0.322
231,14,0.302
231,15,0.291
231,16,0.222
231,17,0.237
231,18,0.247
231,19,0.213
231,20,0.239
231,21,0.374
231,22,0.689
231,23,0.646
231,24,0.614
231,25,0.491
231,26,0.509
231,27,0.499
231,28,0.502
231,29,0.543
231,30,1.205
231,31,1.483
231,32,0.932
231,33,1.412
231,34,1.029
231,35,0.87
231,36,0.772
231,37,0.615
231,38,0.491
231,39,0.627
231,40,0.645
231,41,0.617
231,42,0.69
231,43,0.863
231,44,0.98
231,45,0.99
231,46,0.992
231,47,0.992
231,48,0.719
232,1,0.641
232,2,0.496
232,3,0.303
232,4,0.28
232,5,0.291
232,6,0.328
232,7,0.284
232,8,0.281
232,9,0.281
232,10,0.303
232,11,0.289
232,12,0.299
232,13,0.281
232,14,0.317
232,15,0.277
232,16,0.293
232,17,0.301
232,18,0.27
232,19,0.261
232,20,0.777
232,21,0.517
232,22,0.445
232,23,0.405
232,24,0.289
232,25,0.321
232,26,0.046
232,27,0.21
232,28,0.301
232,29,0.375
232,30,0.401
232,31,0.467
232,32,0.47
232,33,0.472
232,34,2.233
232,35,3.402
232,36,0.756
232,37,0.716
232,38,0.73
232,39,1.434
232,40,1.978
232,41,2.107
232,42,2.139
232,43,2.254
232,44,1.947
232,45,0.938
232,46,0.729
232,47,0.362
232,48,0.314
233,1,0.314
233,2,0.34
233,3,0.334
233,4,0.309
233,5,0.336
233,6,0.333
233,7,0.329
233,8,0.325
233,9,0.333
233,10,0.348
233,11,0.306
233,12,0.341
233,13,0.307
233,14,0.327
233,15,0.318
233,16,0.326
233,17,0.306
233,18,0.245
233,19,0.0
233,20,0.0
233,21,0.0
233,22,0.0
233,23,0.0
233,24,0.0
233,25,0.0
233,26,2.029
233,27,2.92
233,28,2.586
233,29,2.429
233,30,2.746
233,31,3.198
233,32,2.888
233,33,0.909
233,34,1.146
233,35,1.014
233,36,0.537
233,37,1.306
233,38,0.444
233,39,1.066
233,40,0.329
233,41,0.3
233,42,0.875
233,43,0.347
233,44,1.005
233,45,0.978
233,46,0.69
233,47,0.791
233,48,0.766
234,1,0.762
234,2,0.66
234,3,0.31
234,4,0.286
234,5,0.297
234,6,0.322
234,7,0.3
234,8,0.302
234,9,0.306
234,10,0.305
234,11,0.325
234,12,0.309
234,13,0.293
234,14,0.319
234,15,0.306
234,16,0.247
234,17,0.22
234,18,0.223
234,19,0.233
234,20,0.667
234,21,0.484
234,22,0.604
234,23,0.283
234,24,0.35
234,25,0.475
234,26,0.486
234,27,0.502
234,28,0.42
234,29,0.302
234,30,0.302
234,31,0.296
234,32,0.307
234,33,0.307
234,34,0.288
234,35,0.307
234,36,0.304
234,37,0.281
234,38,0.307
234,39,0.306
234,40,0.284
234,41,0.324
234,42,0.28
234,43,0.288
234,44,0.294
234,45,0.304
234,46,0.345
234,47,0.583
234,48,0.297
235,1,0.267
235,2,0.274
235,3,0.274
235,4,0.242
235,5,0.269
235,6,0.263
235,7,0.263
235,8,0.266
235,9,0.259
235,10,0.271
235,11,0.262
235,12,0.266
235,13,0.263
235,14,0.262
235,15,0.269
235,16,0.26
235,17,0.268
235,18,0.227
235,19,0.223
235,20,0.499
235,21,0.506
235,22,0.514
235,23,0.501
235,24,0.515
235,25,1.566
235,26,1.071
235,27,2.352
235,28,2.351
235,29,0.877
235,30,0.271
235,31,0.907
235,32,0.27
235,33,0.886
235,34,0.362
235,35,0.659
235,36,2.033
235,37,1.281
235,38,2.939
235,39,1.379
235,40,0.912
235,41,2.946
235,42,2.743
235,43,1.217
235,44,1.015
235,45,1.665
235,46,0.912
235,47,1.456
235,48,0.285
236,1,0.24
236,2,0.257
236,3,0.265
236,4,0.263
236,5,0.263
236,6,0.264
236,7,0.261
236,8,0.262
236,9,0.263
236,10,0.269
236,11,0.255
236,12,0.265
236,13,0.267
236,14,0.264
236,15,0.259
236,16,0.215
236,17,0.223
236,18,0.216
236,19,0.21
236,20,1.211
236,21,2.195
236,22,1.884
236,23,3.557
236,24,2.721
236,25,3.425
236,26,2.812
236,27,0.987
236,28,1.848
236,29,2.714
236,30,1.815
236,31,2.318
236,32,1.016
236,33,0.632
236,34,0.639
236,35,0.68
236,36,0.681
236,37,0.677
236,38,0.685
236,39,1.158
236,40,0.616
236,41,0.965
236,42,0.844
236,43,0.83
236,44,0.758
236,45,0.757
236,46,1.062
236,47,0.774
236,48,0.591
237,1,0.479
237,2,0.241
237,3,0.266
237,4,0.261
237,5,0.25
237,6,0.262
237,7,0.264
237,8,0.265
237,9,0.262
237,10,0.25
237,11,0.258
237,12,0.259
237,13,0.261
237,14,0.269
237,15,0.268
237,16,0.259
237,17,0.246
237,18,0.254
237,19,0.252
237,20,0.258
237,21,0.328
237,22,1.684
237,23,0.548
237,24,0.509
237,25,0.513
237,26,0.613
237,27,1.174
237,28,0.545
237,29,0.487
237,30,0.599
237,31,2.286
237,32,0.382
237,33,0.361
237,34,3.321
237,35,2.511
237,36,3.066
237,37,2.664
237,38,1.622
237,39,2.289
237,40,1.604
237,41,1.82
237,42,0.835
237,43,0.63
237,44,0.69
237,45,0.719
237,46,0.618
237,47,0.449
237,48,0.356
238,1,0.372
238,2,0.376
238,3,0.279
238,4,0.243
238,5,0.266
238,6,0.265
238,7,0.261
238,8,0.271
238,9,0.275
238,10,0.269
238,11,0.267
238,12,0.267
238,13,0.261
238,14,0.266
238,15,0.258
238,16,0.263
238,17,0.255
238,18,0.264
238,19,0.248
238,20,0.565
238,21,1.145
238,22,1.187
238,23,0.644
238,24,0.279
238,25,0.304
238,26,0.284
238,27,0.287
238,28,0.358
238,29,0.484
238,30,0.481
238,31,0.322
238,32,0.292
238,33,0.29
238,34,0.311
238,35,0.288
238,36,0.287
238,37,0.285
238,38,0.315
238,39,0.288
238,40,0.286
238,41,0.291
238,42,0.31
238,43,0.282
238,44,0.296
238,45,0.384
238,46,0.722
238,47,0.719
238,48,0.684
239,1,0.641
239,2,0.456
239,3,0.26
239,4,0.252
239,5,0.254
239,6,0.267
239,7,0.26
239,8,0.291
239,9,0.239
239,10,0.276
239,11,0.24
239,12,0.262
239,13,0.269
239,14,0.256
239,15,0.256
239,16,0.257
239,17,1.635
239,18,2.423
239,19,1.548
239,20,0.338
239,21,0.931
239,22,0.27
239,23,0.891
239,24,0.279
239,25,0.47
239,26,2.843
239,27,3.18
239,28,1.489
239,29,0.505
239,30,1.122
239,31,0.498
239,32,0.92
239,33,0.674
239,34,0.5
239,35,1.078
239,36,1.878
239,37,3.875
239,38,3.806
239,39,2.742
239,40,0.735
239,41,0.771
239,42,0.826
239,43,0.934
239,44,1.049
239,45,1.01
239,46,0.793
239,47,0.798
239,48,0.63
240,1,0.316
240,2,0.288
240,3,0.293
240,4,0.29
240,5,0.278
240,6,0.274
240,7,0.279
240,8,0.285
240,9,0.285
240,10,0.281
240,11,0.28
240,12,0.292
240,13,0.291
240,14,0.28
240,15,0.251
240,16,0.241
240,17,0.234
240,18,0.246
240,19,0.239
240,20,0.236
240,21,0.237
240,22,0.52
240,23,0.809
240,24,0.483
240,25,1.952
240,26,1.954
240,27,1.964
240,28,1.948
240,29,1.974
240,30,0.926
240,31,2.263
240,32,1.958
240,33,1.959
240,34,1.904
240,35,1.802
240,36,0.753
240,37,0.333
240,38,0.31
240,39,0.446
240,40,0.531
240,41,0.487
240,42,0.675
240,43,0.828
240,44,0.947
240,45,0.992
240,46,1.042
240,47,0.717
240,48,0.6
388,1,0.677
388,2,0.391
388,3,0.336
388,4,0.334
388,5,0.349
388,6,0.341
388,7,0.332
388,8,0.355
388,9,0.341
388,10,0.345
388,11,0.342
388,12,0.343
388,13,0.337
388,14,0.349
388,15,0.333
388,16,0.332
388,17,0.325
388,18,0.343
388,19,0.486
388,20,0.525
388,21,0.724
388,22,6.07
388,23,3.756
388,24,0.817
388,25,0.825
388,26,0.704
388,27,0.737
388,28,0.841
388,29,0.544
388,30,0.339
388,31,0.335
388,32,0.348
388,33,0.339
388,34,0.348
388,35,0.343
388,36,0.337
388,37,0.326
388,38,0.414
388,39,1.09
388,40,1.091
388,41,1.105
388,42,1.089
388,43,1.137
388,44,1.134
388,45,1.111
388,46,1.44
388,47,1.017
388,48,0.899
389,1,0.91
389,2,0.815
389,3,0.401
389,4,0.325
389,5,0.313
389,6,0.309
389,7,0.323
389,8,0.331
389,9,0.317
389,10,0.342
389,11,0.315
389,12,0.326
389,13,0.337
389,14,0.313
389,15,0.859
389,16,0.351
389,17,0.348
389,18,0.333
389,19,0.338
389,20,0.353
389,21,0.514
389,22,0.658
389,23,0.637
389,24,0.553
389,25,0.316
389,26,0.33
389,27,0.321
389,28,0.317
389,29,0.334
389,30,0.326
389,31,0.318
389,32,0.332
389,33,0.338
389,34,0.589
389,35,2.089
389,36,2.719
389,37,2.082
389,38,1.899
389,39,2.005
389,40,1.502
389,41,1.925
389,42,0.766
389,43,0.424
389,44,0.439
389,45,0.458
389,46,0.429
389,47,0.349
389,48,0.33
390,1,0.351
390,2,0.331
390,3,0.351
390,4,0.354
390,5,0.338
390,6,0.353
390,7,0.343
390,8,0.347
390,9,0.351
390,10,0.337
390,11,0.351
390,12,0.346
390,13,0.334
390,14,0.348
390,15,0.483
390,16,0.426
390,17,0.436
390,18,0.739
390,19,2.197
390,20,1.797
390,21,2.684
390,22,0.686
390,23,0.461
390,24,0.344
390,25,0.344
390,26,0.359
390,27,0.353
390,28,0.335
390,29,0.409
390,30,0.635
390,31,0.623
390,32,0.431
390,33,0.362
390,34,0.35
390,35,0.717
390,36,0.947
390,37,2.091
390,38,1.138
390,39,1.013
390,40,0.996
390,41,0.948
390,42,0.927
390,43,2.084
390,44,2.616
390,45,0.781
390,46,0.692
390,47,0.696
390,48,0.674
391,1,0.692
391,2,0.464
391,3,0.354
391,4,0.343
391,5,0.337
391,6,0.334
391,7,0.348
391,8,0.332
391,9,0.336
391,10,0.35
391,11,0.329
391,12,0.354
391,13,0.324
391,14,0.358
391,15,0.416
391,16,0.518
391,17,0.528
391,18,1.238
391,19,1.774
391,20,1.602
391,21,1.602
391,22,1.448
391,23,1.102
391,24,0.33
391,25,0.329
391,26,0.333
391,27,0.34
391,28,0.343
391,29,0.337
391,30,1.973
391,31,2.036
391,32,0.845
391,33,0.86
391,34,0.804
391,35,0.759
391,36,2.193
391,37,1.607
391,38,0.956
391,39,3.232
391,40,1.132
391,41,1.395
391,42,1.098
391,43,0.848
391,44,0.692
391,45,0.701
391,46,0.741
391,47,0.801
391,48,0.776
392,1,0.73
392,2,0.742
392,3,0.627
392,4,0.307
392,5,0.313
392,6,0.311
392,7,0.327
392,8,0.325
392,9,0.312
392,10,0.319
392,11,0.318
392,12,0.336
392,13,0.308
392,14,0.32
392,15,0.328
392,16,0.317
392,17,0.585
392,18,0.832
392,19,1.327
392,20,1.46
392,21,0.888
392,22,0.347
392,23,0.339
392,24,0.344
392,25,0.34
392,26,0.346
392,27,0.345
392,28,0.355
392,29,0.34
392,30,0.333
392,31,0.341
392,32,0.343
392,33,0.344
392,34,0.333
392,35,0.337
392,36,0.325
392,37,0.334
392,38,0.344
392,39,1.935
392,40,1.95
392,41,1.433
392,42,0.716
392,43,0.84
392,44,0.838
392,45,0.813
392,46,0.819
392,47,0.775
392,48,0.711
393,1,0.735
393,2,0.832
393,3,0.814
393,4,0.839
393,5,0.591
393,6,0.335
393,7,0.332
393,8,0.319
393,9,0.313
393,10,0.343
393,11,0.319
393,12,0.326
393,13,0.328
393,14,0.32
393,15,0.324
393,16,0.311
393,17,0.537
393,18,0.571
393,19,0.524
393,20,0.343
393,21,0.355
393,22,0.361
393,23,0.339
393,24,0.338
393,25,0.343
393,26,0.352
393,27,0.352
393,28,0.34
393,29,0.45
393,30,1.034
393,31,1.067
393,32,2.037
393,33,1.394
393,34,0.788
393,35,1.546
393,36,2.547
393,37,3.187
393,38,2.18
393,39,0.913
393,40,0.854
393,41,0.821
393,42,0.759
393,43,0.771
393,44,1.637
393,45,0.908
393,46,0.866
393,47,0.907
393,48,0.893
394,1,0.9
394,2,0.885
394,3,0.908
394,4,0.757
394,5,0.472
394,6,0.313
394,7,0.321
394,8,0.315
394,9,0.322
394,10,0.328
394,11,0.344
394,12,0.3
394,13,0.331
394,14,0.304
394,15,0.33
394,16,0.32
394,17,0.456
394,18,0.922
394,19,1.06
394,20,2.442
394,21,1.797
394,22,1.595
394,23,0.571
394,24,0.323
394,25,0.338
394,26,0.313
394,27,0.325
394,28,0.339
394,29,0.498
394,30,0.558
394,31,0.571
394,32,0.571
394,33,4.244
394,34,2.941
394,35,1.63
394,36,1.213
394,37,0.985
394,38,0.815
394,39,0.601
394,40,0.455
394,41,0.454
394,42,0.449
394,43,0.45
394,44,0.45
394,45,0.454
394,46,0.647
394,47,0.747
394,48,0.75
395,1,0.742
395,2,0.77
395,3,0.719
395,4,0.458
395,5,0.341
395,6,0.339
395,7,0.351
395,8,0.358
395,9,0.343
395,10,0.341
395,11,0.344
395,12,0.356
395,13,0.351
395,14,0.337
395,15,0.357
395,16,0.342
395,17,0.354
395,18,0.343
395,19,0.349
395,20,0.675
395,21,0.682
395,22,0.528
395,23,0.756
395,24,0.515
395,25,0.517
395,26,0.527
395,27,0.86
395,28,3.64
395,29,3.032
395,30,2.188
395,31,1.605
395,32,0.746
395,33,1.689
395,34,4.152
395,35,2.461
395,36,3.174
395,37,1.083
395,38,1.174
395,39,0.881
395,40,0.539
395,41,0.735
395,42,0.708
395,43,0.471
395,44,0.477
395,45,0.503
395,46,0.489
395,47,0.49
395,48,0.514
396,1,0.499
396,2,0.507
396,3,0.517
396,4,0.517
396,5,0.617
396,6,0.656
396,7,0.443
396,8,0.356
396,9,0.268
396,10,0.269
396,11,0.263
396,12,0.264
396,13,0.27
396,14,0.269
396,15,0.278
396,16,0.271
396,17,0.26
396,18,0.276
396,19,0.271
396,20,0.262
396,21,0.343
396,22,0.365
396,23,0.342
396,24,0.369
396,25,0.436
396,26,1.534
396,27,1.466
396,28,1.444
396,29,0.688
396,30,0.683
396,31,0.711
396,32,0.706
396,33,0.725
396,34,0.833
396,35,1.801
396,36,1.79
396,37,2.045
396,38,1.945
396,39,1.948
396,40,1.202
396,41,0.714
396,42,0.555
396,43,0.572
396,44,0.717
396,45,0.71
396,46,1.068
396,47,1.044
396,48,0.726
397,1,0.431
397,2,0.335
397,3,0.342
397,4,0.332
397,5,0.348
397,6,0.339
397,7,0.353
397,8,0.353
397,9,0.342
397,10,0.368
397,11,0.359
397,12,0.354
397,13,0.346
397,14,0.332
397,15,0.395
397,16,0.48
397,17,0.833
397,18,0.952
397,19,1.044
397,20,1.515
397,21,1.433
397,22,1.628
397,23,1.214
397,24,0.65
397,25,1.816
397,26,1.993
397,27,0.964
397,28,1.5
397,29,0.713
397,30,1.492
397,31,0.761
397,32,0.566
397,33,1.27
397,34,2.286
397,35,2.489
397,36,1.618
397,37,1.623
397,38,1.01
397,39,0.51
397,40,0.523
397,41,0.544
397,42,0.544
397,43,0.825
397,44,0.89
397,45,0.832
397,46,0.786
397,47,0.349
397,48,0.31
398,1,0.317
398,2,0.312
398,3,0.339
398,4,0.312
398,5,0.348
398,6,0.333
398,7,0.326
398,8,0.324
398,9,0.345
398,10,0.322
398,11,0.335
398,12,0.323
398,13,0.333
398,14,0.336
398,15,0.312
398,16,0.328
398,17,0.324
398,18,0.305
398,19,0.388
398,20,2.204
398,21,2.737
398,22,0.639
398,23,0.597
398,24,1.006
398,25,3.1
398,26,1.826
398,27,0.643
398,28,2.12
398,29,1.858
398,30,2.427
398,31,1.075
398,32,0.871
398,33,0.648
398,34,1.481
398,35,1.49
398,36,0.417
398,37,0.329
398,38,0.333
398,39,0.46
398,40,0.779
398,41,0.733
398,42,0.719
398,43,0.72
398,44,0.72
398,45,0.718
398,46,0.761
398,47,0.812
398,48,0.816
399,1,0.686
399,2,0.679
399,3,0.453
399,4,0.354
399,5,0.338
399,6,0.338
399,7,0.355
399,8,0.345
399,9,0.339
399,10,0.355
399,11,0.346
399,12,0.346
399,13,0.34
399,14,0.361
399,15,0.354
399,16,0.333
399,17,0.339
399,18,0.633
399,19,0.536
399,20,0.637
399,21,0.611
399,22,4.722
399,23,0.646
399,24,1.935
399,25,1.242
399,26,1.366
399,27,1.523
399,28,1.224
399,29,2.112
399,30,2.053
399,31,0.558
399,32,2.758
399,33,1.06
399,34,0.536
399,35,0.571
399,36,0.916
399,37,1.436
399,38,0.612
399,39,0.603
399,40,0.634
399,41,0.525
399,42,0.527
399,43,0.507
399,44,0.535
399,45,0.525
399,46,0.522
399,47,0.777
399,48,0.769
400,1,0.72
400,2,0.537
400,3,0.342
400,4,0.322
400,5,0.318
400,6,0.331
400,7,0.335
400,8,0.32
400,9,0.318
400,10,0.342
400,11,0.32
400,12,0.342
400,13,0.31
400,14,0.331
400,15,0.325
400,16,0.311
400,17,0.327
400,18,0.914
400,19,0.508
400,20,0.318
400,21,0.305
400,22,0.299
400,23,0.296
400,24,0.455
400,25,0.554
400,26,0.624
400,27,0.931
400,28,0.805
400,29,0.671
400,30,0.602
400,31,0.607
400,32,1.069
400,33,0.985
400,34,1.246
400,35,1.085
400,36,1.052
400,37,0.993
400,38,0.953
400,39,0.925
400,40,1.062
400,41,1.124
400,42,1.124
400,43,2.436
400,44,3.962
400,45,1.056
400,46,0.839
400,47,0.796
400,48,0.719
401,1,0.65
401,2,0.43
401,3,0.34
401,4,0.342
401,5,0.345
401,6,0.339
401,7,0.344
401,8,0.341
401,9,0.36
401,10,0.336
401,11,0.334
401,12,0.355
401,13,0.33
401,14,0.346
401,15,0.333
401,16,0.273
401,17,0.272
401,18,0.364
401,19,0.584
401,20,0.481
401,21,0.354
401,22,0.352
401,23,0.358
401,24,0.337
401,25,0.343
401,26,0.348
401,27,0.345
401,28,0.349
401,29,0.395
401,30,0.424
401,31,0.97
401,32,0.874
401,33,2.72
401,34,2.368
401,35,1.614
401,36,1.205
401,37,0.439
401,38,0.374
401,39,0.375
401,40,0.377
401,41,0.371
401,42,0.382
401,43,0.371
401,44,0.372
401,45,0.385
401,46,0.378
401,47,0.379
401,48,0.379
402,1,0.383
402,2,0.512
402,3,0.882
402,4,0.708
402,5,0.664
402,6,0.3
402,7,0.255
402,8,0.258
402,9,0.262
402,10,0.289
402,11,0.254
402,12,0.286
402,13,0.253
402,14,0.282
402,15,0.254
402,16,0.265
402,17,0.268
402,18,0.273
402,19,0.253
402,20,0.26
402,21,0.96
402,22,1.353
402,23,1.366
402,24,1.538
402,25,0.828
402,26,0.519
402,27,0.932
402,28,1.462
402,29,1.315
402,30,1.322
402,31,0.416
402,32,0.349
402,33,0.348
402,34,0.486
402,35,0.791
402,36,0.782
402,37,0.865
402,38,0.847
402,39,0.979
402,40,1.828
402,41,3.012
402,42,2.721
402,43,1.772
402,44,1.403
402,45,1.632
402,46,1.664
402,47,1.507
402,48,0.99
403,1,0.969
403,2,0.994
403,3,0.831
403,4,0.844
403,5,0.73
403,6,0.616
403,7,0.332
403,8,0.343
403,9,0.352
403,10,0.332
403,11,0.346
403,12,0.351
403,13,0.335
403,14,0.364
403,15,0.328
403,16,0.35
403,17,0.325
403,18,0.351
403,19,0.319
403,20,0.315
403,21,0.555
403,22,1.0
403,23,1.507
403,24,2.25
403,25,5.922
403,26,0.807
403,27,3.862
403,28,1.701
403,29,1.559
403,30,1.557
403,31,1.608
403,32,0.984
403,33,0.682
403,34,0.668
403,35,0.841
403,36,1.298
403,37,0.843
403,38,3.695
403,39,1.831
403,40,1.55
403,41,0.758
403,42,0.809
403,43,0.835
403,44,0.796
403,45,0.715
403,46,0.725
403,47,0.351
403,48,0.331
404,1,0.34
404,2,0.339
404,3,0.329
404,4,0.357
404,5,0.336
404,6,0.351
404,7,0.331
404,8,0.354
404,9,0.341
404,10,0.357
404,11,0.29
404,12,0.288
404,13,0.28
404,14,0.286
404,15,0.275
404,16,0.29
404,17,0.295
404,18,0.629
404,19,0.396
404,20,1.25
404,21,0.541
404,22,0.989
404,23,0.78
404,24,0.52
404,25,0.427
404,26,0.43
404,27,0.41
404,28,0.347
404,29,0.414
404,30,2.824
404,31,2.007
404,32,1.896
404,33,1.872
404,34,2.354
404,35,2.983
404,36,2.337
404,37,2.092
404,38,2.148
404,39,4.442
404,40,4.104
404,41,1.575
404,42,0.756
404,43,0.677
404,44,0.717
404,45,0.7
404,46,0.752
404,47,0.713
404,48,0.69
405,1,0.45
405,2,0.333
405,3,0.334
405,4,0.328
405,5,0.351
405,6,0.33
405,7,0.345
405,8,0.338
405,9,0.345
405,10,0.345
405,11,0.352
405,12,0.339
405,13,0.358
405,14,0.338
405,15,0.346
405,16,0.329
405,17,0.352
405,18,0.844
405,19,0.556
405,20,0.509
405,21,0.464
405,22,0.511
405,23,2.074
405,24,2.945
405,25,2.02
405,26,2.02
405,27,1.824
405,28,1.05
405,29,0.348
405,30,1.199
405,31,1.711
405,32,0.724
405,33,2.736
405,34,1.774
405,35,0.672
405,36,0.704
405,37,0.716
405,38,1.818
405,39,1.046
405,40,1.316
405,41,1.395
405,42,0.772
405,43,0.689
405,44,0.709
405,45,0.915
405,46,0.752
405,47,0.735
405,48,0.704
406,1,0.749
406,2,0.699
406,3,0.349
406,4,0.319
406,5,0.345
406,6,0.345
406,7,0.336
406,8,0.337
406,9,0.364
406,10,0.341
406,11,0.34
406,12,0.358
406,13,0.33
406,14,0.348
406,15,0.317
406,16,0.28
406,17,0.292
406,18,0.773
406,19,0.539
406,20,0.498
406,21,0.508
406,22,0.476
406,23,0.444
406,24,1.405
406,25,1.628
406,26,0.808
406,27,0.582
406,28,0.482
406,29,0.513
406,30,1.492
406,31,1.849
406,32,2.727
406,33,0.898
406,34,0.524
406,35,0.308
406,36,0.878
406,37,1.086
406,38,0.947
406,39,0.918
406,40,0.947
406,41,0.999
406,42,0.749
406,43,1.343
406,44,1.58
406,45,1.0
406,46,0.807
406,47,0.738
406,48,0.707
407,1,0.687
407,2,0.378
407,3,0.315
407,4,0.331
407,5,0.348
407,6,0.341
407,7,0.343
407,8,0.347
407,9,0.373
407,10,0.342
407,11,0.347
407,12,0.337
407,13,0.306
407,14,0.328
407,15,0.354
407,16,0.273
407,17,0.295
407,18,0.812
407,19,0.399
407,20,0.327
407,21,0.299
407,22,0.329
407,23,0.316
407,24,0.298
407,25,0.302
407,26,0.31
407,27,0.335
407,28,0.449
407,29,0.554
407,30,0.598
407,31,0.541
407,32,0.532
407,33,0.529
407,34,1.202
407,35,3.626
407,36,1.983
407,37,1.826
407,38,0.924
407,39,1.105
407,40,1.044
407,41,1.012
407,42,0.728
407,43,0.817
407,44,0.791
407,45,0.721
407,46,0.739
407,47,0.746
407,48,0.85
408,1,0.784
408,2,0.344
408,3,0.346
408,4,0.334
408,5,0.35
408,6,0.356
408,7,0.339
408,8,0.361
408,9,0.345
408,10,0.344
408,11,0.334
408,12,0.355
408,13,0.371
408,14,0.352
408,15,0.353
408,16,0.313
408,17,0.279
408,18,0.55
408,19,1.457
408,20,0.946
408,21,1.455
408,22,0.518
408,23,0.502
408,24,0.44
408,25,0.436
408,26,0.874
408,27,1.72
408,28,0.651
408,29,1.625
408,30,1.676
408,31,2.175
408,32,4.379
408,33,1.977
408,34,0.634
408,35,1.428
408,36,1.75
408,37,1.486
408,38,0.74
408,39,0.647
408,40,0.699
408,41,0.782
408,42,0.927
408,43,1.01
408,44,0.906
408,45,0.915
408,46,0.856
408,47,0.839
408,48,0.849
409,1,0.641
409,2,0.385
409,3,0.347
409,4,0.334
409,5,0.343
409,6,0.353
409,7,0.347
409,8,0.35
409,9,0.335
409,10,0.37
409,11,0.336
409,12,0.357
409,13,0.34
409,14,0.336
409,15,0.356
409,16,0.327
409,17,0.362
409,18,0.322
409,19,0.419
409,20,0.839
409,21,0.443
409,22,0.321
409,23,0.349
409,24,0.329
409,25,0.327
409,26,0.318
409,27,0.323
409,28,0.337
409,29,3.776
409,30,2.133
409,31,1.401
409,32,0.732
409,33,0.672
409,34,0.692
409,35,0.629
409,36,0.802
409,37,2.177
409,38,0.737
409,39,0.736
409,40,1.809
409,41,1.706
409,42,1.018
409,43,3.123
409,44,0.626
409,45,0.512
409,46,0.537
409,47,0.54
409,48,0.512
410,1,0.544
410,2,0.551
410,3,0.557
410,4,0.36
410,5,0.331
410,6,0.338
410,7,0.346
410,8,0.341
410,9,0.366
410,10,0.334
410,11,0.369
410,12,0.337
410,13,0.35
410,14,0.344
410,15,0.342
410,16,0.337
410,17,0.367
410,18,0.353
410,19,0.341
410,20,0.349
410,21,0.381
410,22,0.927
410,23,0.637
410,24,0.441
410,25,0.347
410,26,0.503
410,27,0.628
410,28,1.18
410,29,1.248
410,30,0.849
410,31,0.845
410,32,0.79
410,33,0.706
410,34,0.668
410,35,0.724
410,36,0.954
410,37,0.926
410,38,0.891
410,39,0.951
410,40,1.172
410,41,1.596
410,42,1.024
410,43,1.033
410,44,1.009
410,45,0.772
410,46,0.743
410,47,0.787
410,48,0.668
411,1,0.687
411,2,0.788
411,3,0.687
411,4,0.326
411,5,0.338
411,6,0.317
411,7,0.347
411,8,0.309
411,9,0.335
411,10,0.313
411,11,0.317
411,12,0.332
411,13,0.32
411,14,0.32
411,15,0.323
411,16,0.266
411,17,0.268
411,18,1.423
411,19,0.668
411,20,1.678
411,21,1.288
411,22,0.811
411,23,0.424
411,24,0.909
411,25,0.754
411,26,0.419
411,27,0.885
411,28,2.609
411,29,0.868
411,30,0.596
411,31,0.683
411,32,0.584
411,33,0.506
411,34,1.464
411,35,1.558
411,36,0.945
411,37,0.928
411,38,0.881
411,39,0.847
411,40,0.876
411,41,1.19
411,42,0.784
411,43,0.973
411,44,0.703
411,45,0.813
411,46,0.75
411,47,0.757
411,48,0.826
412,1,1.074
412,2,0.413
412,3,0.332
412,4,0.345
412,5,0.338
412,6,0.338
412,7,0.347
412,8,0.366
412,9,0.347
412,10,0.344
412,11,0.337
412,12,0.355
412,13,0.336
412,14,0.345
412,15,0.344
412,16,0.273
412,17,0.263
412,18,0.735
412,19,0.527
412,20,0.497
412,21,0.934
412,22,2.406
412,23,1.335
412,24,1.47
412,25,1.853
412,26,1.701
412,27,1.695
412,28,1.624
412,29,1.59
412,30,1.446
412,31,1.55
412,32,1.48
412,33,0.718
412,34,0.609
412,35,0.521
412,36,0.418
412,37,0.413
412,38,0.412
412,39,0.409
412,40,2.892
412,41,1.428
412,42,0.997
412,43,0.884
412,44,0.879
412,45,0.831
412,46,0.853
412,47,0.789
412,48,0.333
413,1,0.341
413,2,0.314
413,3,0.326
413,4,0.326
413,5,0.311
413,6,0.322
413,7,0.322
413,8,0.332
413,9,0.336
413,10,0.343
413,11,0.316
413,12,0.315
413,13,0.33
413,14,0.32
413,15,0.308
413,16,0.338
413,17,0.319
413,18,0.329
413,19,0.333
413,20,0.806
413,21,0.618
413,22,0.584
413,23,0.432
413,24,0.423
413,25,0.621
413,26,0.582
413,27,0.43
413,28,0.426
413,29,0.428
413,30,0.409
413,31,0.456
413,32,0.555
413,33,0.66
413,34,0.629
413,35,0.857
413,36,1.277
413,37,2.293
413,38,1.901
413,39,2.428
413,40,0.823
413,41,3.912
413,42,0.689
413,43,0.749
413,44,0.821
413,45,0.785
413,46,0.805
413,47,0.863
413,48,0.925
414,1,0.882
414,2,0.409
414,3,0.358
414,4,0.333
414,5,0.334
414,6,0.349
414,7,0.354
414,8,0.33
414,9,0.355
414,10,0.342
414,11,0.339
414,12,0.36
414,13,0.601
414,14,0.434
414,15,0.39
414,16,0.39
414,17,0.378
414,18,0.379
414,19,1.45
414,20,1.304
414,21,0.651
414,22,0.392
414,23,0.402
414,24,0.297
414,25,0.294
414,26,0.296
414,27,0.325
414,28,0.305
414,29,0.335
414,30,0.321
414,31,1.655
414,32,1.978
414,33,1.88
414,34,0.727
414,35,1.786
414,36,0.637
414,37,0.606
414,38,0.519
414,39,0.522
414,40,0.536
414,41,0.537
414,42,0.709
414,43,0.934
414,44,0.877
414,45,0.802
414,46,0.707
414,47,0.474
414,48,0.325
415,1,0.317
415,2,0.321
415,3,0.322
415,4,0.33
415,5,0.321
415,6,0.314
415,7,0.344
415,8,0.316
415,9,0.324
415,10,0.331
415,11,0.335
415,12,0.334
415,13,0.324
415,14,0.337
415,15,0.34
415,16,0.314
415,17,0.319
415,18,0.312
415,19,0.348
415,20,0.941
415,21,2.043
415,22,1.898
415,23,0.404
415,24,0.346
415,25,3.276
415,26,1.856
415,27,0.711
415,28,0.681
415,29,0.63
415,30,0.602
415,31,0.575
415,32,0.565
415,33,0.407
415,34,0.552
415,35,0.514
415,36,0.656
415,37,0.655
415,38,0.384
415,39,0.362
415,40,0.364
415,41,0.389
415,42,0.365
415,43,0.397
415,44,0.386
415,45,0.384
415,46,0.404
415,47,0.384
415,48,0.503
