213,1,0.093
213,2,0.115
213,3,0.189
213,4,0.111
213,5,0.089
213,6,0.09
213,7,0.171
213,8,0.156
213,9,0.09
213,10,0.09
213,11,0.322
213,12,0.272
213,13,0.192
213,14,0.171
213,15,0.097
213,16,0.19
213,17,0.146
213,18,0.091
213,19,0.091
213,20,0.145
213,21,0.185
213,22,0.09
213,23,0.09
213,24,0.088
213,25,0.2
213,26,0.147
213,27,0.097
213,28,0.096
213,29,0.139
213,30,0.192
213,31,0.091
213,32,0.092
213,33,0.091
213,34,0.436
213,35,1.547
213,36,0.562
213,37,1.408
213,38,3.306
213,39,0.366
213,40,1.119
213,41,1.953
213,42,0.759
213,43,1.957
213,44,0.177
213,45,0.259
213,46,0.369
213,47,0.15
213,48,0.094
214,1,0.092
214,2,0.115
214,3,0.193
214,4,0.12
214,5,0.091
214,6,0.09
214,7,0.147
214,8,0.194
214,9,0.095
214,10,0.092
214,11,0.09
214,12,0.155
214,13,0.252
214,14,0.102
214,15,0.095
214,16,0.1
214,17,0.18
214,18,0.16
214,19,0.094
214,20,0.092
214,21,0.102
214,22,0.193
214,23,0.136
214,24,0.092
214,25,0.097
214,26,0.131
214,27,0.196
214,28,0.111
214,29,0.094
214,30,0.095
214,31,0.25
214,32,0.377
214,33,0.272
214,34,0.734
214,35,4.11
214,36,0.191
214,37,0.09
214,38,0.407
214,39,0.992
214,40,0.377
214,41,0.106
214,42,0.274
214,43,0.147
214,44,0.176
214,45,0.155
214,46,0.089
214,47,0.087
214,48,0.091
215,1,0.183
215,2,0.242
215,3,0.099
215,4,0.091
215,5,0.139
215,6,0.182
215,7,0.091
215,8,0.087
215,9,0.115
215,10,0.188
215,11,0.102
215,12,0.087
215,13,0.137
215,14,0.22
215,15,0.146
215,16,0.092
215,17,0.089
215,18,0.234
215,19,0.409
215,20,2.517
215,21,0.947
215,22,0.296
215,23,0.206
215,24,0.199
215,25,0.241
215,26,0.311
215,27,0.213
215,28,0.375
215,29,3.046
215,30,0.586
215,31,0.351
215,32,0.529
215,33,0.729
215,34,0.487
215,35,0.523
215,36,1.344
215,37,1.642
215,38,0.629
215,39,0.658
215,40,0.703
215,41,3.915
215,42,2.517
215,43,1.754
215,44,1.132
215,45,0.726
215,46,1.441
215,47,0.942
215,48,0.467
216,1,0.58
216,2,0.476
216,3,0.341
216,4,0.221
216,5,0.208
216,6,0.105
216,7,0.195
216,8,0.176
216,9,0.134
216,10,0.089
216,11,0.187
216,12,0.277
216,13,0.206
216,14,0.119
216,15,0.167
216,16,0.166
216,17,0.367
216,18,1.134
216,19,2.248
216,20,1.814
216,21,1.335
216,22,3.28
216,23,3.398
216,24,3.39
216,25,0.402
216,26,0.645
216,27,1.181
216,28,3.156
216,29,0.465
216,30,0.206
216,31,0.175
216,32,0.152
216,33,0.146
216,34,0.193
216,35,0.091
216,36,0.25
216,37,0.305
216,38,3.467
216,39,3.233
216,40,0.806
216,41,0.342
216,42,0.272
216,43,0.134
216,44,0.171
216,45,0.088
216,46,0.916
216,47,0.799
216,48,0.494
217,1,0.307
217,2,0.27
217,3,0.295
217,4,0.093
217,5,0.166
217,6,0.265
217,7,0.137
217,8,0.218
217,9,0.091
217,10,0.16
217,11,0.214
217,12,0.177
217,13,0.195
217,14,0.092
217,15,0.154
217,16,0.176
217,17,0.179
217,18,0.196
217,19,0.11
217,20,0.338
217,21,0.458
217,22,0.097
217,23,0.188
217,24,0.111
217,25,0.148
217,26,3.202
217,27,3.312
217,28,1.517
217,29,0.106
217,30,0.713
217,31,0.157
217,32,0.095
217,33,0.68
217,34,0.114
217,35,0.125
217,36,0.67
217,37,0.098
217,38,0.572
217,39,2.292
217,40,1.782
217,41,0.973
217,42,0.686
217,43,0.416
217,44,0.335
217,45,0.436
217,46,3.191
217,47,1.756
217,48,0.362
218,1,0.72
218,2,0.632
218,3,0.332
218,4,0.605
218,5,0.343
218,6,0.269
218,7,0.336
218,8,0.201
218,9,0.153
218,10,0.216
218,11,0.31
218,12,0.231
218,13,0.283
218,14,0.28
218,15,0.154
218,16,0.187
218,17,0.38
218,18,0.66
218,19,0.424
218,20,1.064
218,21,1.436
218,22,0.291
218,23,0.251
218,24,0.212
218,25,0.519
218,26,3.63
218,27,0.919
218,28,1.075
218,29,0.483
218,30,0.36
218,31,0.691
218,32,1.068
218,33,0.916
218,34,0.529
218,35,0.263
218,36,0.214
218,37,0.252
218,38,0.282
218,39,0.213
218,40,0.23
218,41,0.308
218,42,0.195
218,43,0.208
218,44,0.287
218,45,0.234
218,46,1.144
218,47,2.034
218,48,0.321
219,1,0.308
219,2,0.209
219,3,0.259
219,4,0.246
219,5,0.194
219,6,0.281
219,7,0.203
219,8,0.202
219,9,0.299
219,10,0.203
219,11,1.351
219,12,3.602
219,13,0.826
219,14,0.802
219,15,0.274
219,16,0.239
219,17,0.764
219,18,0.262
219,19,0.821
219,20,0.197
219,21,0.232
219,22,0.672
219,23,0.185
219,24,0.198
219,25,0.591
219,26,0.21
219,27,0.476
219,28,0.306
219,29,0.499
219,30,1.698
219,31,1.296
219,32,1.295
219,33,0.706
219,34,0.27
219,35,0.264
219,36,0.551
219,37,0.239
219,38,0.293
219,39,1.473
219,40,0.456
219,41,0.67
219,42,0.403
219,43,0.464
219,44,0.605
219,45,0.519
219,46,0.661
219,47,0.598
219,48,0.333
220,1,0.307
220,2,0.236
220,3,0.219
220,4,0.298
220,5,0.312
220,6,0.329
220,7,0.226
220,8,0.189
220,9,0.261
220,10,0.216
220,11,0.272
220,12,0.341
220,13,0.293
220,14,0.258
220,15,0.266
220,16,0.202
220,17,0.243
220,18,0.273
220,19,0.2
220,20,0.19
220,21,0.288
220,22,0.608
220,23,0.289
220,24,0.696
220,25,0.597
220,26,1.437
220,27,0.846
220,28,0.255
220,29,0.265
220,30,0.263
220,31,0.209
220,32,0.287
220,33,0.232
220,34,0.209
220,35,0.298
220,36,0.215
220,37,0.21
220,38,0.305
220,39,0.212
220,40,0.213
220,41,0.306
220,42,0.211
220,43,0.2
220,44,0.287
220,45,1.435
220,46,2.119
220,47,0.284
220,48,0.189
221,1,0.207
221,2,0.297
221,3,0.198
221,4,0.198
221,5,0.476
221,6,0.447
221,7,0.435
221,8,0.511
221,9,0.248
221,10,0.206
221,11,0.339
221,12,0.311
221,13,0.21
221,14,0.247
221,15,0.252
221,16,0.248
221,17,0.282
221,18,0.266
221,19,0.18
221,20,0.191
221,21,0.28
221,22,0.209
221,23,0.204
221,24,0.3
221,25,0.219
221,26,0.199
221,27,1.174
221,28,3.38
221,29,0.477
221,30,0.297
221,31,0.749
221,32,0.2
221,33,0.301
221,34,0.728
221,35,0.199
221,36,0.36
221,37,0.621
221,38,0.195
221,39,0.741
221,40,0.384
221,41,1.392
221,42,0.956
221,43,1.131
221,44,2.283
221,45,1.091
221,46,0.54
221,47,0.303
221,48,0.237
222,1,0.231
222,2,0.264
222,3,0.201
222,4,0.259
222,5,0.241
222,6,0.198
222,7,0.259
222,8,0.239
222,9,0.198
222,10,0.251
222,11,0.315
222,12,0.264
222,13,0.245
222,14,0.304
222,15,0.209
222,16,0.231
222,17,4.411
222,18,1.212
222,19,0.377
222,20,1.435
222,21,0.732
222,22,0.2
222,23,0.306
222,24,0.736
222,25,0.204
222,26,0.821
222,27,0.27
222,28,0.231
222,29,0.292
222,30,0.207
222,31,0.307
222,32,0.308
222,33,0.204
222,34,0.232
222,35,3.671
222,36,0.685
222,37,1.314
222,38,2.63
222,39,2.943
222,40,1.214
222,41,0.305
222,42,1.269
222,43,1.344
222,44,0.86
222,45,0.557
222,46,0.255
222,47,0.232
222,48,0.275
223,1,0.199
223,2,0.225
223,3,0.281
223,4,0.197
223,5,0.216
223,6,0.289
223,7,0.197
223,8,0.202
223,9,0.336
223,10,0.21
223,11,0.471
223,12,0.464
223,13,0.286
223,14,0.277
223,15,0.303
223,16,0.209
223,17,0.264
223,18,0.291
223,19,0.218
223,20,0.199
223,21,0.284
223,22,0.218
223,23,0.199
223,24,0.279
223,25,0.229
223,26,0.202
223,27,0.269
223,28,0.24
223,29,0.235
223,30,0.594
223,31,0.228
223,32,0.203
223,33,0.278
223,34,0.237
223,35,0.206
223,36,0.265
223,37,0.243
223,38,0.2
223,39,0.251
223,40,0.257
223,41,0.307
223,42,0.363
223,43,0.355
223,44,0.288
223,45,1.471
223,46,0.96
223,47,0.831
223,48,0.931
224,1,0.255
224,2,0.199
224,3,0.241
224,4,0.271
224,5,0.196
224,6,0.218
224,7,0.292
224,8,0.197
224,9,0.2
224,10,0.294
224,11,0.295
224,12,0.275
224,13,0.36
224,14,0.314
224,15,0.201
224,16,0.26
224,17,0.309
224,18,0.245
224,19,0.341
224,20,0.251
224,21,0.203
224,22,0.255
224,23,0.311
224,24,0.271
224,25,0.316
224,26,0.33
224,27,0.266
224,28,0.307
224,29,0.34
224,30,0.318
224,31,1.948
224,32,0.76
224,33,0.412
224,34,0.362
224,35,0.134
224,36,0.234
224,37,1.449
224,38,0.571
224,39,0.411
224,40,1.059
224,41,0.377
224,42,0.415
224,43,0.497
224,44,0.313
224,45,0.271
224,46,0.482
224,47,0.419
224,48,0.344
225,1,0.583
225,2,0.273
225,3,0.225
225,4,0.217
225,5,0.09
225,6,0.163
225,7,0.125
225,8,0.086
225,9,0.169
225,10,0.105
225,11,0.175
225,12,0.266
225,13,0.173
225,14,0.176
225,15,0.176
225,16,0.085
225,17,0.18
225,18,0.155
225,19,0.084
225,20,0.136
225,21,0.173
225,22,0.277
225,23,0.407
225,24,1.493
225,25,0.939
225,26,0.995
225,27,0.804
225,28,0.401
225,29,0.751
225,30,0.451
225,31,0.698
225,32,0.5
225,33,0.386
225,34,0.597
225,35,0.603
225,36,1.134
225,37,1.482
225,38,0.651
225,39,0.52
225,40,0.845
225,41,3.216
225,42,0.687
225,43,0.402
225,44,0.49
225,45,0.417
225,46,0.321
225,47,1.343
225,48,0.537
226,1,0.448
226,2,0.49
226,3,0.088
226,4,0.128
226,5,0.147
226,6,0.085
226,7,0.151
226,8,0.119
226,9,0.084
226,10,0.171
226,11,0.172
226,12,0.153
226,13,0.186
226,14,0.104
226,15,0.085
226,16,0.23
226,17,0.315
226,18,0.116
226,19,0.165
226,20,0.097
226,21,0.176
226,22,0.165
226,23,0.115
226,24,0.232
226,25,0.751
226,26,1.161
226,27,1.242
226,28,0.886
226,29,1.32
226,30,1.49
226,31,0.791
226,32,0.401
226,33,1.069
226,34,0.652
226,35,1.397
226,36,1.718
226,37,0.885
226,38,0.703
226,39,2.312
226,40,3.478
226,41,0.337
226,42,0.328
226,43,0.438
226,44,0.352
226,45,0.415
226,46,0.621
226,47,0.432
226,48,0.472
227,1,0.408
227,2,0.791
227,3,1.102
227,4,0.14
227,5,0.173
227,6,0.14
227,7,0.103
227,8,0.197
227,9,0.103
227,10,0.118
227,11,0.329
227,12,0.379
227,13,0.231
227,14,0.243
227,15,0.838
227,16,1.31
227,17,0.566
227,18,1.075
227,19,1.195
227,20,0.353
227,21,0.363
227,22,0.365
227,23,0.318
227,24,0.399
227,25,0.327
227,26,0.324
227,27,0.39
227,28,0.215
227,29,0.258
227,30,1.358
227,31,2.851
227,32,1.215
227,33,0.311
227,34,0.276
227,35,0.376
227,36,0.977
227,37,2.505
227,38,2.54
227,39,0.801
227,40,0.696
227,41,0.773
227,42,0.796
227,43,0.621
227,44,0.688
227,45,0.824
227,46,0.49
227,47,0.364
227,48,0.351
228,1,0.306
228,2,0.389
228,3,0.328
228,4,0.304
228,5,0.401
228,6,0.312
228,7,0.31
228,8,0.263
228,9,0.105
228,10,0.097
228,11,0.463
228,12,0.328
228,13,0.124
228,14,0.192
228,15,0.104
228,16,0.089
228,17,0.246
228,18,0.11
228,19,0.089
228,20,0.174
228,21,0.116
228,22,0.093
228,23,0.16
228,24,0.411
228,25,0.528
228,26,1.17
228,27,0.742
228,28,2.224
228,29,0.864
228,30,3.728
228,31,1.661
228,32,0.475
228,33,0.557
228,34,0.245
228,35,0.394
228,36,0.335
228,37,2.005
228,38,1.769
228,39,0.351
228,40,1.334
228,41,1.229
228,42,1.042
228,43,0.414
228,44,0.365
228,45,0.362
228,46,0.23
228,47,0.206
228,48,0.126
229,1,0.292
229,2,0.131
229,3,0.138
229,4,0.13
229,5,0.097
229,6,0.16
229,7,0.084
229,8,0.152
229,9,0.102
229,10,0.105
229,11,0.221
229,12,0.149
229,13,0.16
229,14,0.1
229,15,0.101
229,16,0.152
229,17,0.283
229,18,0.612
229,19,0.091
229,20,0.108
229,21,0.143
229,22,0.101
229,23,0.172
229,24,0.612
229,25,0.349
229,26,0.353
229,27,0.604
229,28,0.936
229,29,0.509
229,30,0.293
229,31,0.289
229,32,0.212
229,33,0.297
229,34,0.287
229,35,0.375
229,36,1.307
229,37,0.369
229,38,0.468
229,39,1.196
229,40,1.19
229,41,0.444
229,42,0.377
229,43,1.818
229,44,1.113
229,45,1.678
229,46,1.027
229,47,0.678
229,48,1.901
230,1,1.149
230,2,0.248
230,3,0.24
230,4,0.152
230,5,0.195
230,6,0.206
230,7,0.144
230,8,0.216
230,9,0.174
230,10,0.255
230,11,0.327
230,12,0.234
230,13,0.244
230,14,0.307
230,15,0.146
230,16,0.175
230,17,0.471
230,18,0.674
230,19,1.328
230,20,0.467
230,21,0.283
230,22,0.182
230,23,0.566
230,24,1.126
230,25,0.498
230,26,2.291
230,27,0.49
230,28,0.098
230,29,0.143
230,30,0.134
230,31,0.088
230,32,0.161
230,33,0.111
230,34,0.091
230,35,0.182
230,36,0.095
230,37,0.09
230,38,1.059
230,39,1.193
230,40,0.526
230,41,0.439
230,42,0.397
230,43,0.584
230,44,1.851
230,45,2.264
230,46,0.722
230,47,0.549
230,48,0.575
231,1,0.534
231,2,0.5
231,3,0.398
231,4,0.383
231,5,0.177
231,6,0.191
231,7,0.239
231,8,0.142
231,9,0.213
231,10,0.186
231,11,0.437
231,12,0.36
231,13,0.245
231,14,0.253
231,15,0.235
231,16,0.144
231,17,0.275
231,18,0.18
231,19,0.143
231,20,0.237
231,21,0.304
231,22,0.371
231,23,0.819
231,24,0.861
231,25,0.981
231,26,0.295
231,27,0.61
231,28,1.087
231,29,0.388
231,30,1.926
231,31,4.498
231,32,1.564
231,33,1.456
231,34,0.331
231,35,0.238
231,36,0.32
231,37,0.231
231,38,3.48
231,39,2.733
231,40,0.54
231,41,0.58
231,42,2.189
231,43,0.945
231,44,0.775
231,45,0.629
231,46,0.461
231,47,0.645
231,48,0.577
232,1,0.377
232,2,0.42
232,3,0.428
232,4,0.283
232,5,0.11
232,6,0.141
232,7,0.164
232,8,0.098
232,9,0.172
232,10,0.126
232,11,0.184
232,12,0.277
232,13,0.181
232,14,0.211
232,15,0.163
232,16,0.098
232,17,0.234
232,18,0.13
232,19,0.949
232,20,1.185
232,21,0.203
232,22,0.184
232,23,0.186
232,24,0.118
232,25,0.547
232,26,1.625
232,27,1.293
232,28,2.79
232,29,1.32
232,30,0.962
232,31,1.004
232,32,0.467
232,33,0.375
232,34,1.488
232,35,0.292
232,36,0.213
232,37,1.685
232,38,1.202
232,39,3.005
232,40,1.298
232,41,0.539
232,42,0.575
232,43,0.716
232,44,0.651
232,45,0.855
232,46,0.393
232,47,0.575
232,48,0.33
233,1,0.37
233,2,0.481
233,3,0.133
233,4,0.208
233,5,0.105
233,6,0.142
233,7,0.162
233,8,0.099
233,9,0.165
233,10,0.136
233,11,0.184
233,12,0.276
233,13,0.19
233,14,0.199
233,15,0.177
233,16,0.095
233,17,0.225
233,18,1.732
233,19,1.25
233,20,0.316
233,21,0.144
233,22,0.24
233,23,0.518
233,24,3.103
233,25,2.324
233,26,2.174
233,27,0.135
233,28,2.222
233,29,0.368
233,30,0.256
233,31,0.662
233,32,0.509
233,33,0.205
233,34,0.211
233,35,0.528
233,36,1.901
233,37,2.477
233,38,0.494
233,39,2.389
233,40,3.271
233,41,3.13
233,42,0.814
233,43,0.477
233,44,0.621
233,45,0.497
233,46,0.227
233,47,0.295
233,48,0.253
234,1,0.219
234,2,0.315
234,3,0.222
234,4,0.23
234,5,0.305
234,6,0.209
234,7,0.488
234,8,0.566
234,9,0.448
234,10,0.72
234,11,0.855
234,12,0.647
234,13,0.689
234,14,0.612
234,15,0.613
234,16,0.578
234,17,0.324
234,18,0.315
234,19,0.218
234,20,0.373
234,21,0.578
234,22,0.219
234,23,0.247
234,24,0.287
234,25,0.314
234,26,0.633
234,27,0.845
234,28,2.65
234,29,1.332
234,30,1.462
234,31,0.322
234,32,0.301
234,33,0.214
234,34,0.379
234,35,0.245
234,36,0.098
234,37,0.142
234,38,0.142
234,39,0.564
234,40,2.15
234,41,0.738
234,42,0.64
234,43,0.639
234,44,0.592
234,45,0.403
234,46,0.472
234,47,0.453
234,48,0.396
235,1,0.463
235,2,0.457
235,3,0.395
235,4,0.516
235,5,0.233
235,6,0.129
235,7,0.119
235,8,0.186
235,9,0.093
235,10,0.092
235,11,0.352
235,12,0.202
235,13,0.093
235,14,0.174
235,15,0.126
235,16,0.092
235,17,0.209
235,18,0.155
235,19,0.094
235,20,0.256
235,21,0.787
235,22,0.207
235,23,0.206
235,24,0.299
235,25,1.206
235,26,0.243
235,27,0.285
235,28,0.261
235,29,0.217
235,30,0.259
235,31,0.288
235,32,0.21
235,33,0.226
235,34,0.447
235,35,1.178
235,36,1.449
235,37,0.538
235,38,0.291
235,39,0.36
235,40,0.329
235,41,0.286
235,42,0.363
235,43,0.294
235,44,0.34
235,45,0.306
235,46,0.229
235,47,0.18
235,48,0.201
236,1,0.09
236,2,0.09
236,3,0.22
236,4,0.108
236,5,0.091
236,6,0.166
236,7,0.169
236,8,0.093
236,9,0.134
236,10,0.161
236,11,0.161
236,12,0.164
236,13,0.26
236,14,0.128
236,15,0.104
236,16,0.188
236,17,0.213
236,18,0.313
236,19,0.56
236,20,0.232
236,21,0.21
236,22,0.275
236,23,0.253
236,24,0.211
236,25,0.252
236,26,0.291
236,27,0.74
236,28,0.877
236,29,0.481
236,30,0.252
236,31,0.26
236,32,0.288
236,33,0.216
236,34,0.275
236,35,0.27
236,36,0.218
236,37,0.392
236,38,2.114
236,39,1.177
236,40,1.536
236,41,1.206
236,42,0.413
236,43,3.203
236,44,3.09
236,45,0.355
236,46,0.618
236,47,0.627
236,48,0.735
237,1,0.66
237,2,0.427
237,3,0.102
237,4,0.15
237,5,0.157
237,6,0.096
237,7,0.128
237,8,0.165
237,9,0.09
237,10,0.105
237,11,0.337
237,12,0.207
237,13,0.26
237,14,0.269
237,15,0.107
237,16,0.093
237,17,0.24
237,18,0.256
237,19,0.56
237,20,0.158
237,21,0.133
237,22,0.097
237,23,0.137
237,24,0.194
237,25,0.119
237,26,0.177
237,27,0.61
237,28,0.514
237,29,0.279
237,30,0.169
237,31,0.168
237,32,0.44
237,33,0.13
237,34,0.09
237,35,0.181
237,36,0.116
237,37,0.098
237,38,0.19
237,39,0.439
237,40,0.847
237,41,2.449
237,42,1.622
237,43,0.537
237,44,0.189
237,45,0.152
237,46,0.236
237,47,0.159
237,48,0.512
238,1,0.23
238,2,0.092
238,3,0.092
238,4,0.162
238,5,0.125
238,6,0.088
238,7,0.117
238,8,0.166
238,9,0.085
238,10,0.088
238,11,0.373
238,12,0.185
238,13,0.211
238,14,0.266
238,15,0.121
238,16,0.091
238,17,0.63
238,18,0.486
238,19,0.085
238,20,0.168
238,21,0.103
238,22,0.089
238,23,0.181
238,24,0.105
238,25,0.088
238,26,0.173
238,27,0.608
238,28,0.488
238,29,0.134
238,30,0.397
238,31,0.324
238,32,2.105
238,33,1.856
238,34,1.218
238,35,1.182
238,36,1.625
238,37,0.336
238,38,4.154
238,39,0.515
238,40,0.327
238,41,0.214
238,42,2.768
238,43,1.327
238,44,0.66
238,45,0.652
238,46,0.734
238,47,0.456
238,48,0.49
239,1,0.568
239,2,0.464
239,3,0.39
239,4,0.154
239,5,0.097
239,6,0.158
239,7,0.135
239,8,0.094
239,9,0.151
239,10,0.139
239,11,0.325
239,12,0.262
239,13,0.263
239,14,0.184
239,15,0.156
239,16,0.148
239,17,0.193
239,18,0.547
239,19,0.346
239,20,0.214
239,21,0.243
239,22,0.286
239,23,0.206
239,24,0.231
239,25,0.301
239,26,0.212
239,27,0.222
239,28,0.311
239,29,0.209
239,30,0.334
239,31,1.861
239,32,2.83
239,33,0.271
239,34,0.346
239,35,0.243
239,36,0.241
239,37,0.85
239,38,1.819
239,39,0.236
239,40,2.014
239,41,1.089
239,42,0.733
239,43,3.591
239,44,3.432
239,45,0.356
239,46,0.404
239,47,0.882
239,48,0.337
240,1,0.422
240,2,0.807
240,3,0.324
240,4,0.411
240,5,0.795
240,6,0.404
240,7,0.315
240,8,0.194
240,9,0.169
240,10,0.252
240,11,0.431
240,12,0.424
240,13,0.31
240,14,0.291
240,15,0.167
240,16,0.207
240,17,0.295
240,18,0.166
240,19,0.229
240,20,0.252
240,21,0.17
240,22,0.171
240,23,0.271
240,24,0.168
240,25,0.265
240,26,0.38
240,27,0.904
240,28,2.542
240,29,0.894
240,30,1.678
240,31,1.202
240,32,0.572
240,33,0.391
240,34,0.468
240,35,0.534
240,36,1.894
240,37,1.645
240,38,0.578
240,39,0.393
240,40,0.488
240,41,0.54
240,42,0.584
240,43,0.811
240,44,0.384
240,45,0.444
240,46,0.396
240,47,0.371
240,48,0.447
388,1,1.178
388,2,0.301
388,3,0.3
388,4,0.208
388,5,0.234
388,6,0.218
388,7,0.306
388,8,0.241
388,9,0.212
388,10,0.202
388,11,0.309
388,12,0.368
388,13,0.212
388,14,0.199
388,15,0.289
388,16,0.358
388,17,0.356
388,18,0.333
388,19,0.657
388,20,0.56
388,21,0.259
388,22,0.45
388,23,0.484
388,24,0.542
388,25,0.553
388,26,0.249
388,27,0.212
388,28,0.286
388,29,0.249
388,30,0.202
388,31,0.2
388,32,0.264
388,33,0.331
388,34,0.237
388,35,1.699
388,36,1.742
388,37,1.27
388,38,2.331
388,39,1.054
388,40,0.919
388,41,0.659
388,42,0.712
388,43,0.851
388,44,0.556
388,45,0.474
388,46,0.372
388,47,0.32
388,48,0.394
389,1,0.32
389,2,0.317
389,3,0.401
389,4,0.299
389,5,0.295
389,6,0.734
389,7,0.253
389,8,0.228
389,9,0.192
389,10,0.244
389,11,0.299
389,12,0.257
389,13,0.193
389,14,0.266
389,15,0.204
389,16,0.195
389,17,0.276
389,18,0.34
389,19,0.203
389,20,0.487
389,21,0.566
389,22,0.3
389,23,0.233
389,24,0.206
389,25,0.364
389,26,0.243
389,27,0.189
389,28,0.19
389,29,0.284
389,30,0.207
389,31,0.258
389,32,0.132
389,33,0.217
389,34,0.132
389,35,0.122
389,36,0.138
389,37,0.206
389,38,0.117
389,39,0.116
389,40,0.146
389,41,0.393
389,42,0.34
389,43,0.339
389,44,0.755
389,45,0.762
389,46,0.658
389,47,0.388
389,48,0.22
390,1,0.103
390,2,0.1
390,3,0.125
390,4,0.177
390,5,0.098
390,6,0.096
390,7,0.125
390,8,0.176
390,9,0.097
390,10,0.095
390,11,0.196
390,12,0.249
390,13,0.096
390,14,0.098
390,15,0.217
390,16,0.743
390,17,0.434
390,18,0.113
390,19,0.131
390,20,0.208
390,21,0.127
390,22,0.981
390,23,1.031
390,24,1.928
390,25,1.013
390,26,1.433
390,27,0.2
390,28,0.143
390,29,0.158
390,30,0.223
390,31,0.139
390,32,0.147
390,33,0.197
390,34,0.184
390,35,0.141
390,36,1.481
390,37,1.098
390,38,0.869
390,39,0.604
390,40,0.863
390,41,1.319
390,42,1.27
390,43,0.957
390,44,0.783
390,45,0.59
390,46,3.262
390,47,0.763
390,48,0.492
391,1,0.206
391,2,0.147
391,3,0.106
391,4,0.104
391,5,0.202
391,6,0.112
391,7,0.102
391,8,0.116
391,9,0.197
391,10,0.105
391,11,0.17
391,12,0.185
391,13,1.074
391,14,1.098
391,15,0.892
391,16,1.004
391,17,1.364
391,18,0.283
391,19,0.247
391,20,0.299
391,21,0.219
391,22,0.224
391,23,0.304
391,24,0.213
391,25,0.212
391,26,0.286
391,27,0.253
391,28,0.219
391,29,0.622
391,30,0.273
391,31,0.204
391,32,0.263
391,33,0.304
391,34,0.232
391,35,0.251
391,36,0.296
391,37,0.231
391,38,0.568
391,39,0.519
391,40,2.294
391,41,0.826
391,42,2.061
391,43,1.284
391,44,0.84
391,45,0.512
391,46,0.412
391,47,0.459
391,48,0.381
392,1,0.766
392,2,0.396
392,3,0.108
392,4,0.139
392,5,0.172
392,6,0.105
392,7,0.113
392,8,0.196
392,9,0.119
392,10,0.357
392,11,0.707
392,12,1.148
392,13,2.286
392,14,2.26
392,15,1.428
392,16,0.784
392,17,1.059
392,18,0.698
392,19,0.143
392,20,0.129
392,21,0.184
392,22,0.104
392,23,0.155
392,24,0.144
392,25,0.107
392,26,0.177
392,27,0.12
392,28,0.107
392,29,0.19
392,30,0.112
392,31,0.108
392,32,0.19
392,33,0.111
392,34,0.104
392,35,0.188
392,36,0.114
392,37,0.438
392,38,0.901
392,39,0.734
392,40,1.458
392,41,1.125
392,42,0.691
392,43,0.457
392,44,0.385
392,45,0.714
392,46,0.488
392,47,0.432
392,48,1.234
393,1,2.12
393,2,0.201
393,3,0.172
393,4,0.15
393,5,0.106
393,6,0.149
393,7,0.146
393,8,0.106
393,9,0.145
393,10,0.151
393,11,0.467
393,12,0.342
393,13,0.297
393,14,0.391
393,15,0.704
393,16,0.551
393,17,0.621
393,18,1.87
393,19,0.888
393,20,1.26
393,21,0.353
393,22,0.262
393,23,0.405
393,24,0.313
393,25,0.321
393,26,0.206
393,27,0.25
393,28,0.265
393,29,0.208
393,30,0.239
393,31,0.275
393,32,0.244
393,33,0.258
393,34,0.306
393,35,1.657
393,36,0.849
393,37,0.767
393,38,0.765
393,39,0.693
393,40,1.223
393,41,2.116
393,42,2.141
393,43,1.511
393,44,1.977
393,45,0.634
393,46,0.743
393,47,1.926
393,48,0.232
394,1,0.143
394,2,0.149
394,3,0.102
394,4,0.158
394,5,0.136
394,6,0.107
394,7,0.163
394,8,0.124
394,9,0.099
394,10,0.166
394,11,0.585
394,12,0.526
394,13,0.475
394,14,0.29
394,15,0.584
394,16,0.386
394,17,0.319
394,18,0.205
394,19,0.111
394,20,0.111
394,21,0.162
394,22,0.142
394,23,0.099
394,24,0.102
394,25,0.2
394,26,0.107
394,27,0.104
394,28,0.15
394,29,0.17
394,30,0.108
394,31,0.105
394,32,0.189
394,33,0.128
394,34,0.113
394,35,0.133
394,36,0.177
394,37,0.1
394,38,0.101
394,39,0.169
394,40,0.292
394,41,0.443
394,42,0.383
394,43,0.182
394,44,0.517
394,45,0.503
394,46,0.473
394,47,0.309
394,48,0.13
395,1,0.123
395,2,0.118
395,3,0.117
395,4,0.172
395,5,0.115
395,6,0.158
395,7,0.193
395,8,0.15
395,9,0.206
395,10,0.201
395,11,0.228
395,12,0.166
395,13,0.104
395,14,0.189
395,15,0.317
395,16,0.217
395,17,0.98
395,18,0.5
395,19,0.21
395,20,0.107
395,21,0.105
395,22,0.103
395,23,0.192
395,24,0.172
395,25,0.098
395,26,0.105
395,27,0.109
395,28,0.137
395,29,0.207
395,30,0.143
395,31,0.108
395,32,0.106
395,33,0.109
395,34,0.144
395,35,0.2
395,36,0.135
395,37,0.099
395,38,0.097
395,39,0.101
395,40,0.101
395,41,0.954
395,42,2.794
395,43,0.448
395,44,0.471
395,45,0.438
395,46,0.424
395,47,0.451
395,48,0.376
396,1,0.301
396,2,0.284
396,3,0.285
396,4,0.365
396,5,0.357
396,6,0.277
396,7,0.606
396,8,0.232
396,9,0.223
396,10,0.499
396,11,0.437
396,12,0.368
396,13,0.282
396,14,0.247
396,15,0.215
396,16,0.163
396,17,0.291
396,18,0.264
396,19,0.198
396,20,0.164
396,21,0.202
396,22,0.259
396,23,0.153
396,24,0.296
396,25,2.246
396,26,0.756
396,27,0.474
396,28,0.913
396,29,0.518
396,30,0.255
396,31,0.287
396,32,0.27
396,33,0.242
396,34,0.138
396,35,0.215
396,36,0.208
396,37,0.249
396,38,0.267
396,39,0.677
396,40,0.423
396,41,3.043
396,42,3.122
396,43,3.004
396,44,2.393
396,45,2.58
396,46,2.713
396,47,3.482
396,48,1.618
397,1,1.797
397,2,0.509
397,3,0.27
397,4,0.29
397,5,0.181
397,6,0.16
397,7,0.16
397,8,0.258
397,9,0.122
397,10,0.131
397,11,0.197
397,12,0.23
397,13,0.306
397,14,0.335
397,15,0.32
397,16,0.478
397,17,1.056
397,18,0.775
397,19,0.731
397,20,0.607
397,21,0.214
397,22,0.299
397,23,0.252
397,24,0.212
397,25,0.214
397,26,0.26
397,27,0.295
397,28,0.214
397,29,0.216
397,30,0.217
397,31,0.31
397,32,0.267
397,33,0.24
397,34,0.24
397,35,0.289
397,36,0.393
397,37,0.598
397,38,0.873
397,39,0.541
397,40,0.309
397,41,0.429
397,42,0.486
397,43,0.344
397,44,0.421
397,45,0.407
397,46,0.731
397,47,0.818
397,48,0.476
398,1,0.215
398,2,0.132
398,3,0.131
398,4,0.125
398,5,0.123
398,6,0.121
398,7,0.122
398,8,0.12
398,9,0.12
398,10,0.12
398,11,0.318
398,12,0.285
398,13,0.416
398,14,0.174
398,15,0.313
398,16,0.369
398,17,0.7
398,18,0.306
398,19,0.245
398,20,0.253
398,21,0.348
398,22,0.411
398,23,0.29
398,24,0.247
398,25,0.241
398,26,0.246
398,27,1.023
398,28,0.656
398,29,0.469
398,30,0.331
398,31,0.255
398,32,0.257
398,33,0.263
398,34,0.259
398,35,0.344
398,36,0.937
398,37,1.622
398,38,0.704
398,39,0.816
398,40,0.803
398,41,0.42
398,42,0.375
398,43,1.282
398,44,1.76
398,45,0.853
398,46,0.771
398,47,0.711
398,48,0.646
399,1,0.612
399,2,0.418
399,3,0.285
399,4,0.214
399,5,0.223
399,6,0.127
399,7,0.119
399,8,0.118
399,9,0.243
399,10,0.16
399,11,0.187
399,12,0.186
399,13,0.238
399,14,0.363
399,15,0.397
399,16,0.277
399,17,0.371
399,18,0.279
399,19,0.327
399,20,0.673
399,21,0.303
399,22,2.049
399,23,1.153
399,24,1.558
399,25,1.1
399,26,1.153
399,27,0.79
399,28,0.28
399,29,0.351
399,30,0.249
399,31,0.226
399,32,0.255
399,33,0.258
399,34,0.353
399,35,0.303
399,36,0.244
399,37,0.248
399,38,0.254
399,39,0.327
399,40,0.339
399,41,0.25
399,42,0.249
399,43,0.25
399,44,0.277
399,45,0.351
399,46,0.273
399,47,0.252
399,48,0.252
400,1,0.238
400,2,0.322
400,3,0.285
400,4,0.22
400,5,0.222
400,6,0.223
400,7,0.272
400,8,0.315
400,9,0.226
400,10,0.22
400,11,0.295
400,12,0.29
400,13,0.313
400,14,0.29
400,15,0.304
400,16,0.302
400,17,0.302
400,18,0.308
400,19,0.291
400,20,0.22
400,21,0.222
400,22,0.219
400,23,0.301
400,24,0.285
400,25,0.225
400,26,0.225
400,27,0.225
400,28,0.279
400,29,0.318
400,30,0.228
400,31,0.222
400,32,0.254
400,33,0.269
400,34,0.843
400,35,1.649
400,36,0.41
400,37,0.402
400,38,0.405
400,39,0.46
400,40,0.491
400,41,0.396
400,42,0.397
400,43,0.4
400,44,0.398
400,45,1.114
400,46,0.95
400,47,0.737
400,48,0.401
401,1,0.355
401,2,0.634
401,3,0.275
401,4,0.131
401,5,0.127
401,6,0.127
401,7,0.224
401,8,0.186
401,9,0.144
401,10,0.14
401,11,0.211
401,12,0.194
401,13,0.227
401,14,0.191
401,15,0.211
401,16,0.204
401,17,0.891
401,18,0.457
401,19,0.32
401,20,0.234
401,21,0.218
401,22,0.221
401,23,0.223
401,24,0.282
401,25,0.315
401,26,0.22
401,27,0.23
401,28,0.225
401,29,0.226
401,30,0.308
401,31,0.306
401,32,0.253
401,33,0.255
401,34,0.255
401,35,0.25
401,36,0.338
401,37,0.55
401,38,0.356
401,39,0.689
401,40,0.541
401,41,0.408
401,42,0.323
401,43,0.386
401,44,0.357
401,45,0.552
401,46,0.536
401,47,0.349
401,48,0.283
402,1,0.252
402,2,0.162
402,3,0.113
402,4,0.141
402,5,0.165
402,6,0.245
402,7,0.288
402,8,0.355
402,9,0.309
402,10,0.283
402,11,0.351
402,12,0.445
402,13,0.29
402,14,0.279
402,15,0.379
402,16,0.52
402,17,0.672
402,18,0.745
402,19,0.335
402,20,0.265
402,21,0.269
402,22,0.373
402,23,0.292
402,24,0.326
402,25,0.381
402,26,0.485
402,27,0.386
402,28,0.272
402,29,0.209
402,30,0.203
402,31,0.297
402,32,0.236
402,33,0.221
402,34,0.275
402,35,0.276
402,36,0.22
402,37,0.227
402,38,2.351
402,39,2.426
402,40,0.627
402,41,0.44
402,42,0.474
402,43,0.523
402,44,1.817
402,45,1.045
402,46,1.672
402,47,0.378
402,48,0.309
403,1,0.307
403,2,0.25
403,3,0.243
403,4,0.321
403,5,0.247
403,6,0.231
403,7,0.24
403,8,0.324
403,9,0.24
403,10,0.227
403,11,0.315
403,12,0.395
403,13,0.235
403,14,0.228
403,15,0.242
403,16,0.32
403,17,0.296
403,18,0.231
403,19,0.244
403,20,0.356
403,21,0.542
403,22,1.51
403,23,0.884
403,24,1.727
403,25,2.657
403,26,0.897
403,27,1.431
403,28,0.47
403,29,0.212
403,30,0.623
403,31,1.789
403,32,0.488
403,33,0.276
403,34,0.278
403,35,0.354
403,36,0.353
403,37,0.394
403,38,2.032
403,39,1.277
403,40,0.475
403,41,0.5
403,42,0.556
403,43,0.455
403,44,0.476
403,45,0.573
403,46,0.92
403,47,0.841
403,48,0.637
404,1,0.328
404,2,0.389
404,3,0.288
404,4,0.272
404,5,0.332
404,6,0.323
404,7,0.277
404,8,0.279
404,9,0.368
404,10,0.276
404,11,0.34
404,12,0.37
404,13,0.355
404,14,0.277
404,15,0.274
404,16,0.399
404,17,0.476
404,18,0.66
404,19,0.332
404,20,0.331
404,21,0.247
404,22,0.233
404,23,0.25
404,24,0.319
404,25,0.231
404,26,0.24
404,27,0.268
404,28,0.323
404,29,0.24
404,30,0.24
404,31,0.258
404,32,0.325
404,33,0.236
404,34,0.582
404,35,0.507
404,36,0.328
404,37,1.059
404,38,0.884
404,39,0.556
404,40,0.486
404,41,0.61
404,42,0.853
404,43,0.872
404,44,0.622
404,45,0.533
404,46,1.53
404,47,0.658
404,48,0.534
405,1,0.481
405,2,0.595
405,3,0.388
405,4,0.338
405,5,0.337
405,6,0.396
405,7,0.386
405,8,0.331
405,9,0.229
405,10,0.125
405,11,0.266
405,12,0.209
405,13,0.116
405,14,0.105
405,15,0.222
405,16,0.266
405,17,0.386
405,18,0.531
405,19,0.357
405,20,0.316
405,21,0.241
405,22,0.239
405,23,0.272
405,24,0.321
405,25,0.227
405,26,0.214
405,27,0.212
405,28,0.25
405,29,0.308
405,30,0.218
405,31,0.211
405,32,0.242
405,33,0.248
405,34,0.334
405,35,0.272
405,36,0.235
405,37,0.234
405,38,0.227
405,39,0.31
405,40,0.307
405,41,0.234
405,42,0.239
405,43,0.238
405,44,0.284
405,45,0.332
405,46,0.245
405,47,0.242
405,48,0.352
406,1,0.641
406,2,0.37
406,3,0.224
406,4,0.191
406,5,0.106
406,6,0.123
406,7,0.194
406,8,0.115
406,9,0.098
406,10,0.098
406,11,0.19
406,12,0.258
406,13,0.124
406,14,0.097
406,15,0.18
406,16,0.183
406,17,0.3
406,18,1.165
406,19,0.466
406,20,0.212
406,21,0.291
406,22,0.205
406,23,0.198
406,24,0.198
406,25,0.273
406,26,0.254
406,27,0.199
406,28,0.202
406,29,0.202
406,30,0.296
406,31,0.237
406,32,0.23
406,33,0.226
406,34,0.228
406,35,0.3
406,36,0.288
406,37,0.227
406,38,0.226
406,39,0.229
406,40,0.27
406,41,0.317
406,42,0.781
406,43,0.508
406,44,0.407
406,45,0.326
406,46,0.473
406,47,0.268
406,48,0.269
407,1,0.111
407,2,0.105
407,3,0.103
407,4,0.17
407,5,0.161
407,6,0.099
407,7,0.1
407,8,0.133
407,9,0.158
407,10,0.197
407,11,0.17
407,12,0.168
407,13,0.104
407,14,0.108
407,15,0.279
407,16,0.526
407,17,0.654
407,18,0.244
407,19,0.277
407,20,0.297
407,21,0.316
407,22,0.587
407,23,0.426
407,24,0.584
407,25,0.342
407,26,0.366
407,27,0.368
407,28,0.273
407,29,0.268
407,30,0.265
407,31,0.328
407,32,0.369
407,33,0.293
407,34,0.293
407,35,0.297
407,36,0.327
407,37,0.388
407,38,0.298
407,39,0.29
407,40,0.292
407,41,0.299
407,42,0.39
407,43,0.334
407,44,0.287
407,45,0.294
407,46,0.294
407,47,0.452
407,48,0.625
408,1,0.569
408,2,0.439
408,3,0.292
408,4,0.32
408,5,0.231
408,6,0.239
408,7,0.231
408,8,0.297
408,9,0.291
408,10,0.228
408,11,0.296
408,12,0.296
408,13,0.289
408,14,0.315
408,15,0.316
408,16,0.347
408,17,0.334
408,18,0.568
408,19,0.359
408,20,0.217
408,21,0.301
408,22,0.315
408,23,0.271
408,24,0.208
408,25,0.206
408,26,0.202
408,27,2.549
408,28,2.614
408,29,0.562
408,30,0.437
408,31,0.429
408,32,0.35
408,33,0.442
408,34,0.425
408,35,0.41
408,36,0.402
408,37,0.489
408,38,0.424
408,39,0.409
408,40,0.424
408,41,1.241
408,42,1.768
408,43,0.375
408,44,0.701
408,45,0.556
408,46,0.423
408,47,0.274
408,48,0.332
409,1,0.311
409,2,0.266
409,3,0.341
409,4,0.287
409,5,0.264
409,6,0.312
409,7,0.673
409,8,0.223
409,9,0.236
409,10,0.282
409,11,0.275
409,12,0.274
409,13,0.21
409,14,0.32
409,15,0.337
409,16,0.432
409,17,0.513
409,18,0.412
409,19,0.386
409,20,0.335
409,21,0.556
409,22,0.389
409,23,0.344
409,24,0.54
409,25,2.072
409,26,1.376
409,27,1.622
409,28,2.436
409,29,1.694
409,30,0.667
409,31,0.231
409,32,0.248
409,33,0.26
409,34,0.33
409,35,0.248
409,36,0.241
409,37,0.242
409,38,0.291
409,39,0.31
409,40,0.232
409,41,0.227
409,42,0.238
409,43,0.294
409,44,0.307
409,45,0.233
409,46,0.231
409,47,0.228
409,48,0.269
410,1,0.443
410,2,0.814
410,3,0.53
410,4,0.485
410,5,0.564
410,6,0.405
410,7,0.354
410,8,0.299
410,9,0.361
410,10,0.365
410,11,0.304
410,12,0.3
410,13,0.241
410,14,0.328
410,15,0.282
410,16,0.371
410,17,0.4
410,18,0.335
410,19,0.279
410,20,0.235
410,21,0.234
410,22,0.231
410,23,0.332
410,24,0.284
410,25,0.231
410,26,0.492
410,27,0.818
410,28,1.729
410,29,2.197
410,30,2.267
410,31,2.353
410,32,2.1
410,33,2.128
410,34,2.018
410,35,1.808
410,36,1.997
410,37,2.056
410,38,2.042
410,39,1.996
410,40,1.768
410,41,1.93
410,42,1.741
410,43,1.819
410,44,1.773
410,45,1.69
410,46,1.468
410,47,1.515
410,48,1.441
411,1,1.482
411,2,1.658
411,3,1.61
411,4,1.373
411,5,1.385
411,6,1.405
411,7,1.469
411,8,1.433
411,9,1.625
411,10,1.528
411,11,1.532
411,12,1.542
411,13,1.461
411,14,1.355
411,15,1.514
411,16,1.493
411,17,1.417
411,18,3.1
411,19,0.501
411,20,0.33
411,21,0.233
411,22,0.396
411,23,1.109
411,24,0.973
411,25,0.314
411,26,0.46
411,27,1.369
411,28,0.438
411,29,0.351
411,30,0.408
411,31,0.656
411,32,0.526
411,33,0.596
411,34,0.464
411,35,0.474
411,36,0.455
411,37,1.337
411,38,1.449
411,39,0.605
411,40,0.663
411,41,1.015
411,42,1.663
411,43,0.452
411,44,0.37
411,45,0.387
411,46,0.558
411,47,0.439
411,48,0.454
412,1,0.272
412,2,0.432
412,3,0.223
412,4,0.103
412,5,0.095
412,6,0.155
412,7,0.131
412,8,0.09
412,9,0.096
412,10,0.184
412,11,0.178
412,12,0.167
412,13,0.125
412,14,0.155
412,15,0.158
412,16,0.434
412,17,0.729
412,18,0.306
412,19,0.201
412,20,0.243
412,21,0.254
412,22,0.195
412,23,0.373
412,24,0.278
412,25,0.205
412,26,0.2
412,27,0.344
412,28,0.824
412,29,0.299
412,30,0.24
412,31,0.322
412,32,0.252
412,33,0.801
412,34,0.446
412,35,1.313
412,36,2.135
412,37,2.579
412,38,0.957
412,39,1.16
412,40,0.617
412,41,0.713
412,42,1.429
412,43,1.099
412,44,0.564
412,45,0.484
412,46,1.322
412,47,1.24
412,48,0.484
413,1,0.287
413,2,0.215
413,3,0.208
413,4,0.291
413,5,0.226
413,6,0.199
413,7,0.26
413,8,0.252
413,9,0.201
413,10,0.204
413,11,0.305
413,12,0.226
413,13,0.152
413,14,0.152
413,15,0.342
413,16,1.265
413,17,1.512
413,18,0.698
413,19,1.104
413,20,0.227
413,21,0.227
413,22,0.3
413,23,0.23
413,24,0.2
413,25,0.207
413,26,0.278
413,27,0.238
413,28,0.202
413,29,0.203
413,30,0.271
413,31,0.255
413,32,0.228
413,33,0.225
413,34,0.254
413,35,0.312
413,36,0.222
413,37,0.226
413,38,0.221
413,39,0.309
413,40,0.255
413,41,0.217
413,42,0.219
413,43,0.259
413,44,0.308
413,45,0.225
413,46,0.241
413,47,0.452
413,48,0.537
414,1,0.687
414,2,0.281
414,3,0.173
414,4,0.174
414,5,0.253
414,6,0.22
414,7,0.172
414,8,0.17
414,9,0.186
414,10,0.249
414,11,0.184
414,12,0.162
414,13,0.102
414,14,0.13
414,15,0.272
414,16,0.18
414,17,0.68
414,18,0.755
414,19,0.256
414,20,0.192
414,21,0.192
414,22,0.252
414,23,0.246
414,24,0.195
414,25,0.24
414,26,0.474
414,27,0.429
414,28,0.357
414,29,0.311
414,30,0.277
414,31,0.256
414,32,0.225
414,33,0.225
414,34,0.247
414,35,0.318
414,36,0.221
414,37,0.217
414,38,0.221
414,39,0.418
414,40,0.388
414,41,0.715
414,42,0.523
414,43,0.542
414,44,0.6
414,45,0.412
414,46,0.341
414,47,0.332
414,48,0.401
415,1,0.386
415,2,0.326
415,3,0.553
415,4,0.25
415,5,0.178
415,6,0.097
415,7,0.097
415,8,0.13
415,9,0.18
415,10,0.095
415,11,0.163
415,12,0.161
415,13,0.194
415,14,0.113
415,15,0.183
415,16,0.694
415,17,1.696
415,18,0.316
415,19,0.355
415,20,0.343
415,21,0.629
415,22,2.0
415,23,0.548
415,24,1.356
415,25,0.289
415,26,0.227
415,27,0.202
415,28,0.204
415,29,0.278
415,30,0.245
415,31,0.201
415,32,0.228
415,33,0.267
415,34,0.297
415,35,0.224
415,36,0.827
415,37,3.08
415,38,0.898
415,39,0.624
415,40,0.303
415,41,0.377
415,42,0.341
415,43,0.307
415,44,0.316
415,45,0.4
415,46,0.317
415,47,0.309
415,48,0.324
