213,1,0.435
213,2,0.402
213,3,0.435
213,4,0.398
213,5,0.435
213,6,0.399
213,7,0.434
213,8,0.399
213,9,0.433
213,10,0.405
213,11,0.425
213,12,0.414
213,13,0.417
213,14,0.412
213,15,0.417
213,16,0.421
213,17,0.412
213,18,0.415
213,19,0.418
213,20,0.388
213,21,0.443
213,22,0.383
213,23,0.44
213,24,0.46
213,25,0.624
213,26,0.494
213,27,0.445
213,28,0.403
213,29,0.425
213,30,0.427
213,31,0.404
213,32,0.447
213,33,0.388
213,34,0.441
213,35,0.377
213,36,0.444
213,37,0.38
213,38,0.44
213,39,0.375
213,40,0.436
213,41,0.371
213,42,0.429
213,43,0.365
213,44,0.432
213,45,0.364
213,46,0.414
213,47,0.382
213,48,0.413
214,1,0.384
214,2,0.414
214,3,0.413
214,4,0.375
214,5,0.439
214,6,0.367
214,7,0.436
214,8,0.375
214,9,0.437
214,10,0.368
214,11,0.432
214,12,0.374
214,13,0.434
214,14,0.374
214,15,0.436
214,16,0.371
214,17,0.437
214,18,0.374
214,19,0.434
214,20,0.374
214,21,0.429
214,22,0.369
214,23,0.417
214,24,0.457
214,25,0.533
214,26,0.37
214,27,0.412
214,28,0.397
214,29,0.423
214,30,0.374
214,31,0.437
214,32,0.373
214,33,0.445
214,34,0.364
214,35,0.453
214,36,0.391
214,37,0.448
214,38,0.379
214,39,0.444
214,40,0.389
214,41,0.439
214,42,0.387
214,43,0.445
214,44,0.38
214,45,0.448
214,46,0.387
214,47,0.439
214,48,0.388
215,1,0.441
215,2,0.383
215,3,0.451
215,4,0.389
215,5,0.446
215,6,0.386
215,7,0.446
215,8,0.392
215,9,0.442
215,10,0.386
215,11,0.454
215,12,0.392
215,13,0.449
215,14,0.389
215,15,0.445
215,16,0.384
215,17,0.442
215,18,0.389
215,19,0.449
215,20,0.38
215,21,0.445
215,22,0.386
215,23,0.443
215,24,0.414
215,25,0.484
215,26,0.381
215,27,0.449
215,28,0.384
215,29,0.45
215,30,0.381
215,31,0.429
215,32,0.402
215,33,0.455
215,34,0.414
215,35,0.449
215,36,0.382
215,37,0.442
215,38,0.392
215,39,0.449
215,40,0.395
215,41,0.453
215,42,0.387
215,43,0.458
215,44,0.392
215,45,0.445
215,46,0.396
215,47,0.434
215,48,0.407
216,1,0.423
216,2,0.423
216,3,0.421
216,4,0.428
216,5,0.423
216,6,0.428
216,7,0.422
216,8,0.425
216,9,0.419
216,10,0.426
216,11,0.407
216,12,0.436
216,13,0.407
216,14,0.431
216,15,0.39
216,16,0.453
216,17,0.385
216,18,0.453
216,19,0.386
216,20,0.456
216,21,0.384
216,22,0.451
216,23,0.388
216,24,0.483
216,25,0.428
216,26,0.448
216,27,0.391
216,28,0.453
216,29,0.389
216,30,0.449
216,31,0.393
216,32,0.451
216,33,0.385
216,34,0.451
216,35,0.382
216,36,0.45
216,37,0.368
216,38,0.45
216,39,0.382
216,40,0.445
216,41,0.381
216,42,0.448
216,43,0.381
216,44,0.449
216,45,0.387
216,46,0.449
216,47,0.388
216,48,0.443
217,1,0.382
217,2,0.454
217,3,0.384
217,4,0.452
217,5,0.387
217,6,0.438
217,7,0.399
217,8,0.429
217,9,0.412
217,10,0.436
217,11,0.407
217,12,0.432
217,13,0.399
217,14,0.418
217,15,0.417
217,16,0.393
217,17,0.446
217,18,0.405
217,19,0.427
217,20,0.41
217,21,0.425
217,22,0.421
217,23,0.402
217,24,0.458
217,25,0.43
217,26,0.441
217,27,0.386
217,28,0.451
217,29,0.386
217,30,0.446
217,31,0.388
217,32,0.439
217,33,0.387
217,34,0.453
217,35,0.382
217,36,0.425
217,37,0.367
217,38,0.42
217,39,0.36
217,40,0.451
217,41,0.387
217,42,0.443
217,43,0.378
217,44,0.445
217,45,0.385
217,46,0.446
217,47,0.387
217,48,0.443
218,1,0.384
218,2,0.45
218,3,0.4
218,4,0.439
218,5,0.407
218,6,0.428
218,7,0.405
218,8,0.436
218,9,0.395
218,10,0.437
218,11,0.385
218,12,0.445
218,13,0.387
218,14,0.449
218,15,0.386
218,16,0.454
218,17,0.383
218,18,0.438
218,19,0.383
218,20,0.45
218,21,0.392
218,22,0.437
218,23,0.387
218,24,0.481
218,25,0.431
218,26,0.446
218,27,0.392
218,28,0.453
218,29,0.386
218,30,0.449
218,31,0.387
218,32,0.45
218,33,0.399
218,34,0.42
218,35,0.413
218,36,0.404
218,37,0.428
218,38,0.377
218,39,0.43
218,40,0.38
218,41,0.442
218,42,0.383
218,43,0.439
218,44,0.417
218,45,0.418
218,46,0.41
218,47,0.39
218,48,0.445
219,1,0.381
219,2,0.447
219,3,0.387
219,4,0.447
219,5,0.378
219,6,0.447
219,7,0.389
219,8,0.45
219,9,0.385
219,10,0.447
219,11,0.386
219,12,0.444
219,13,0.381
219,14,0.439
219,15,0.382
219,16,0.446
219,17,0.384
219,18,0.437
219,19,0.397
219,20,0.414
219,21,0.403
219,22,0.413
219,23,0.425
219,24,0.447
219,25,0.442
219,26,0.43
219,27,0.39
219,28,0.424
219,29,0.41
219,30,0.421
219,31,0.399
219,32,0.438
219,33,0.391
219,34,0.446
219,35,0.376
219,36,0.437
219,37,0.372
219,38,0.436
219,39,0.375
219,40,0.438
219,41,0.393
219,42,0.495
219,43,0.381
219,44,0.44
219,45,0.38
219,46,0.443
219,47,0.38
219,48,0.438
220,1,0.379
220,2,0.447
220,3,0.387
220,4,0.445
220,5,0.385
220,6,0.45
220,7,0.386
220,8,0.443
220,9,0.381
220,10,0.446
220,11,0.385
220,12,0.43
220,13,0.412
220,14,0.407
220,15,0.425
220,16,0.387
220,17,0.441
220,18,0.383
220,19,0.45
220,20,0.381
220,21,0.438
220,22,0.376
220,23,0.441
220,24,0.411
220,25,0.487
220,26,0.379
220,27,0.446
220,28,0.381
220,29,0.447
220,30,0.384
220,31,0.448
220,32,0.384
220,33,0.444
220,34,0.375
220,35,0.44
220,36,0.379
220,37,0.448
220,38,0.38
220,39,0.438
220,40,0.378
220,41,0.493
220,42,0.391
220,43,0.437
220,44,0.38
220,45,0.453
220,46,0.378
220,47,0.437
220,48,0.388
221,1,0.421
221,2,0.401
221,3,0.427
221,4,0.395
221,5,0.426
221,6,0.404
221,7,0.412
221,8,0.415
221,9,0.409
221,10,0.429
221,11,0.391
221,12,0.433
221,13,0.387
221,14,0.431
221,15,0.385
221,16,0.441
221,17,0.389
221,18,0.43
221,19,0.384
221,20,0.44
221,21,0.378
221,22,0.444
221,23,0.378
221,24,0.473
221,25,0.419
221,26,0.444
221,27,0.381
221,28,0.44
221,29,0.38
221,30,0.445
221,31,0.383
221,32,0.448
221,33,0.38
221,34,0.505
221,35,0.399
221,36,0.447
221,37,0.379
221,38,0.446
221,39,0.38
221,40,0.442
221,41,0.387
221,42,0.447
221,43,0.386
221,44,0.443
221,45,0.39
221,46,0.425
221,47,0.417
221,48,0.42
222,1,0.418
222,2,0.426
222,3,0.423
222,4,0.389
222,5,0.455
222,6,0.39
222,7,0.459
222,8,0.389
222,9,0.442
222,10,0.387
222,11,0.461
222,12,0.386
222,13,0.443
222,14,0.389
222,15,0.452
222,16,0.385
222,17,0.456
222,18,0.388
222,19,0.443
222,20,0.384
222,21,0.45
222,22,0.387
222,23,0.439
222,24,0.428
222,25,0.445
222,26,0.44
222,27,0.392
222,28,0.458
222,29,0.391
222,30,0.454
222,31,0.368
222,32,0.444
222,33,0.37
222,34,0.44
222,35,0.371
222,36,0.43
222,37,0.382
222,38,0.4
222,39,0.403
222,40,0.424
222,41,0.424
222,42,0.411
222,43,0.423
222,44,0.391
222,45,0.438
222,46,0.396
222,47,0.444
222,48,0.388
223,1,0.444
223,2,0.387
223,3,0.462
223,4,0.386
223,5,0.449
223,6,0.39
223,7,0.447
223,8,0.393
223,9,0.453
223,10,0.388
223,11,0.456
223,12,0.386
223,13,0.456
223,14,0.39
223,15,0.449
223,16,0.38
223,17,0.448
223,18,0.39
223,19,0.442
223,20,0.393
223,21,0.446
223,22,0.393
223,23,0.441
223,24,0.41
223,25,0.494
223,26,0.386
223,27,0.451
223,28,0.384
223,29,0.431
223,30,0.388
223,31,0.452
223,32,0.394
223,33,0.441
223,34,0.382
223,35,0.447
223,36,0.382
223,37,0.442
223,38,0.382
223,39,0.44
223,40,0.382
223,41,0.447
223,42,0.389
223,43,0.45
223,44,0.387
223,45,0.451
223,46,0.386
223,47,0.447
223,48,0.383
224,1,0.45
224,2,0.389
224,3,0.442
224,4,0.401
224,5,0.447
224,6,0.386
224,7,0.446
224,8,0.386
224,9,0.45
224,10,0.388
224,11,0.452
224,12,0.387
224,13,0.445
224,14,0.384
224,15,0.45
224,16,0.381
224,17,0.432
224,18,0.401
224,19,0.406
224,20,0.427
224,21,0.425
224,22,0.409
224,23,0.401
224,24,0.458
224,25,0.458
224,26,0.417
224,27,0.399
224,28,0.432
224,29,0.41
224,30,0.425
224,31,0.383
224,32,0.458
224,33,0.39
224,34,0.435
224,35,0.399
224,36,0.414
224,37,0.406
224,38,0.401
224,39,0.434
224,40,0.382
224,41,0.422
224,42,0.415
224,43,0.435
224,44,0.382
224,45,0.425
224,46,0.411
224,47,0.445
224,48,0.387
225,1,0.414
225,2,0.424
225,3,0.431
225,4,0.402
225,5,0.414
225,6,0.433
225,7,0.39
225,8,0.442
225,9,0.386
225,10,0.44
225,11,0.389
225,12,0.444
225,13,0.389
225,14,0.446
225,15,0.388
225,16,0.445
225,17,0.384
225,18,0.44
225,19,0.38
225,20,0.449
225,21,0.387
225,22,0.45
225,23,0.381
225,24,0.468
225,25,0.419
225,26,0.439
225,27,0.387
225,28,0.45
225,29,0.408
225,30,0.448
225,31,0.388
225,32,0.45
225,33,0.382
225,34,0.443
225,35,0.378
225,36,0.447
225,37,0.379
225,38,0.452
225,39,0.379
225,40,0.442
225,41,0.382
225,42,0.445
225,43,0.378
225,44,0.44
225,45,0.381
225,46,0.449
225,47,0.383
225,48,0.444
226,1,0.382
226,2,0.45
226,3,0.382
226,4,0.452
226,5,0.388
226,6,0.412
226,7,0.416
226,8,0.418
226,9,0.409
226,10,0.407
226,11,0.429
226,12,0.412
226,13,0.414
226,14,0.42
226,15,0.405
226,16,0.424
226,17,0.403
226,18,0.413
226,19,0.407
226,20,0.404
226,21,0.428
226,22,0.394
226,23,0.425
226,24,0.418
226,25,0.48
226,26,0.379
226,27,0.45
226,28,0.384
226,29,0.446
226,30,0.398
226,31,0.434
226,32,0.416
226,33,0.411
226,34,0.416
226,35,0.408
226,36,0.414
226,37,0.4
226,38,0.406
226,39,0.419
226,40,0.385
226,41,0.437
226,42,0.382
226,43,0.429
226,44,0.401
226,45,0.424
226,46,0.379
226,47,0.444
226,48,0.384
227,1,0.441
227,2,0.379
227,3,0.451
227,4,0.376
227,5,0.449
227,6,0.386
227,7,0.456
227,8,0.394
227,9,0.458
227,10,0.39
227,11,0.454
227,12,0.393
227,13,0.453
227,14,0.395
227,15,0.454
227,16,0.386
227,17,0.425
227,18,0.416
227,19,0.421
227,20,0.423
227,21,0.384
227,22,0.46
227,23,0.395
227,24,0.469
227,25,0.427
227,26,0.457
227,27,0.397
227,28,0.455
227,29,0.384
227,30,0.455
227,31,0.392
227,32,0.448
227,33,0.378
227,34,0.445
227,35,0.382
227,36,0.449
227,37,0.385
227,38,0.442
227,39,0.386
227,40,0.453
227,41,0.388
227,42,0.458
227,43,0.385
227,44,0.451
227,45,0.39
227,46,0.461
227,47,0.385
227,48,0.456
228,1,0.383
228,2,0.449
228,3,0.385
228,4,0.425
228,5,0.412
228,6,0.422
228,7,0.419
228,8,0.411
228,9,0.427
228,10,0.401
228,11,0.441
228,12,0.382
228,13,0.458
228,14,0.384
228,15,0.453
228,16,0.386
228,17,0.45
228,18,0.384
228,19,0.461
228,20,0.38
228,21,0.445
228,22,0.387
228,23,0.449
228,24,0.416
228,25,0.487
228,26,0.391
228,27,0.446
228,28,0.39
228,29,0.445
228,30,0.386
228,31,0.449
228,32,0.385
228,33,0.449
228,34,0.403
228,35,0.421
228,36,0.416
228,37,0.401
228,38,0.429
228,39,0.403
228,40,0.433
228,41,0.409
228,42,0.45
228,43,0.382
228,44,0.442
228,45,0.385
228,46,0.438
228,47,0.398
228,48,0.42
229,1,0.404
229,2,0.406
229,3,0.427
229,4,0.417
229,5,0.422
229,6,0.396
229,7,0.446
229,8,0.401
229,9,0.439
229,10,0.406
229,11,0.422
229,12,0.399
229,13,0.423
229,14,0.41
229,15,0.422
229,16,0.401
229,17,0.436
229,18,0.404
229,19,0.427
229,20,0.416
229,21,0.412
229,22,0.4
229,23,0.433
229,24,0.435
229,25,0.466
229,26,0.414
229,27,0.419
229,28,0.426
229,29,0.408
229,30,0.441
229,31,0.402
229,32,0.435
229,33,0.4
229,34,0.444
229,35,0.387
229,36,0.441
229,37,0.382
229,38,0.444
229,39,0.383
229,40,0.437
229,41,0.384
229,42,0.435
229,43,0.378
229,44,0.446
229,45,0.381
229,46,0.454
229,47,0.384
229,48,0.447
230,1,0.379
230,2,0.445
230,3,0.395
230,4,0.435
230,5,0.403
230,6,0.418
230,7,0.413
230,8,0.388
230,9,0.44
230,10,0.381
230,11,0.447
230,12,0.38
230,13,0.448
230,14,0.381
230,15,0.455
230,16,0.382
230,17,0.451
230,18,0.377
230,19,0.45
230,20,0.389
230,21,0.452
230,22,0.379
230,23,0.453
230,24,0.416
230,25,0.481
230,26,0.398
230,27,0.41
230,28,0.43
230,29,0.381
230,30,0.451
230,31,0.389
230,32,0.442
230,33,0.385
230,34,0.45
230,35,0.39
230,36,0.434
230,37,0.402
230,38,0.425
230,39,0.386
230,40,0.455
230,41,0.393
230,42,0.523
230,43,0.418
230,44,0.449
230,45,0.388
230,46,0.455
230,47,0.388
230,48,0.466
231,1,0.385
231,2,0.438
231,3,0.418
231,4,0.44
231,5,0.417
231,6,0.457
231,7,0.41
231,8,0.46
231,9,0.427
231,10,0.434
231,11,0.439
231,12,0.421
231,13,0.448
231,14,0.394
231,15,0.464
231,16,0.394
231,17,0.46
231,18,0.385
231,19,0.466
231,20,0.39
231,21,0.459
231,22,0.39
231,23,0.456
231,24,0.421
231,25,0.492
231,26,0.39
231,27,0.46
231,28,0.392
231,29,0.453
231,30,0.397
231,31,0.459
231,32,0.391
231,33,0.43
231,34,0.418
231,35,0.418
231,36,0.415
231,37,0.418
231,38,0.431
231,39,0.417
231,40,0.42
231,41,0.402
231,42,0.432
231,43,0.4
231,44,0.435
231,45,0.406
231,46,0.443
231,47,0.396
231,48,0.46
232,1,0.391
232,2,0.455
232,3,0.398
232,4,0.462
232,5,0.399
232,6,0.454
232,7,0.393
232,8,0.46
232,9,0.395
232,10,0.462
232,11,0.397
232,12,0.456
232,13,0.392
232,14,0.447
232,15,0.415
232,16,0.445
232,17,0.413
232,18,0.441
232,19,0.403
232,20,0.408
232,21,0.443
232,22,0.406
232,23,0.445
232,24,0.45
232,25,0.472
232,26,0.417
232,27,0.431
232,28,0.395
232,29,0.4
232,30,0.413
232,31,0.378
232,32,0.428
232,33,0.36
232,34,0.43
232,35,0.361
232,36,0.41
232,37,0.386
232,38,0.383
232,39,0.41
232,40,1.126
232,41,2.481
232,42,0.543
232,43,0.547
232,44,0.499
232,45,0.565
232,46,0.406
232,47,0.473
232,48,0.405
233,1,0.469
233,2,0.409
233,3,0.472
233,4,0.416
233,5,0.47
233,6,0.404
233,7,0.457
233,8,0.397
233,9,0.458
233,10,0.394
233,11,0.457
233,12,0.397
233,13,0.462
233,14,0.389
233,15,0.462
233,16,0.404
233,17,0.443
233,18,0.409
233,19,0.422
233,20,0.431
233,21,0.398
233,22,0.459
233,23,0.41
233,24,0.491
233,25,0.468
233,26,0.436
233,27,0.448
233,28,0.42
233,29,0.47
233,30,0.409
233,31,0.478
233,32,0.408
233,33,0.477
233,34,0.41
233,35,0.459
233,36,0.405
233,37,0.46
233,38,0.392
233,39,0.456
233,40,0.39
233,41,0.453
233,42,0.391
233,43,0.453
233,44,0.388
233,45,0.439
233,46,0.356
233,47,0.419
233,48,0.355
234,1,0.422
234,2,0.367
234,3,0.422
234,4,0.363
234,5,0.429
234,6,0.366
234,7,0.434
234,8,0.365
234,9,0.427
234,10,0.366
234,11,0.43
234,12,0.367
234,13,0.44
234,14,0.359
234,15,0.424
234,16,0.366
234,17,0.426
234,18,0.36
234,19,0.431
234,20,0.368
234,21,0.426
234,22,0.38
234,23,0.408
234,24,0.434
234,25,0.431
234,26,0.398
234,27,0.386
234,28,0.402
234,29,0.398
234,30,0.386
234,31,0.409
234,32,0.411
234,33,0.39
234,34,0.405
234,35,0.38
234,36,0.415
234,37,0.375
234,38,0.404
234,39,0.387
234,40,0.393
234,41,0.412
234,42,0.375
234,43,0.558
234,44,0.418
234,45,0.473
234,46,0.407
234,47,0.473
234,48,0.407
235,1,0.465
235,2,0.411
235,3,0.473
235,4,0.408
235,5,0.482
235,6,0.418
235,7,0.442
235,8,0.448
235,9,0.447
235,10,0.449
235,11,0.449
235,12,0.442
235,13,0.407
235,14,0.475
235,15,0.409
235,16,0.475
235,17,0.41
235,18,0.484
235,19,0.414
235,20,0.474
235,21,0.412
235,22,0.469
235,23,0.416
235,24,0.489
235,25,0.471
235,26,0.464
235,27,0.427
235,28,0.464
235,29,0.43
235,30,0.465
235,31,0.423
235,32,0.468
235,33,0.418
235,34,0.425
235,35,0.469
235,36,0.437
235,37,0.448
235,38,0.439
235,39,0.437
235,40,0.461
235,41,0.426
235,42,0.381
235,43,0.412
235,44,0.401
235,45,0.453
235,46,0.394
235,47,0.455
235,48,0.398
236,1,0.454
236,2,0.397
236,3,0.484
236,4,0.404
236,5,0.467
236,6,0.41
236,7,0.472
236,8,0.415
236,9,0.476
236,10,0.413
236,11,0.472
236,12,0.404
236,13,0.461
236,14,0.423
236,15,0.437
236,16,0.435
236,17,0.427
236,18,0.453
236,19,0.421
236,20,0.458
236,21,0.408
236,22,0.472
236,23,0.41
236,24,0.497
236,25,0.446
236,26,0.466
236,27,0.399
236,28,0.476
236,29,0.408
236,30,0.477
236,31,0.407
236,32,0.475
236,33,0.406
236,34,0.467
236,35,0.404
236,36,0.434
236,37,0.407
236,38,0.472
236,39,0.392
236,40,0.468
236,41,0.407
236,42,0.444
236,43,0.433
236,44,0.443
236,45,0.439
236,46,0.447
236,47,0.433
236,48,0.413
237,1,0.455
237,2,0.416
237,3,0.461
237,4,0.412
237,5,0.474
237,6,0.41
237,7,0.478
237,8,0.412
237,9,0.479
237,10,0.411
237,11,0.487
237,12,0.412
237,13,0.458
237,14,0.406
237,15,0.448
237,16,0.42
237,17,0.447
237,18,0.418
237,19,0.445
237,20,0.422
237,21,0.429
237,22,0.439
237,23,0.437
237,24,0.469
237,25,0.477
237,26,0.428
237,27,0.422
237,28,0.439
237,29,0.396
237,30,0.442
237,31,0.364
237,32,0.405
237,33,0.362
237,34,0.417
237,35,0.371
237,36,0.455
237,37,0.404
237,38,0.456
237,39,0.404
237,40,0.465
237,41,0.404
237,42,0.463
237,43,0.402
237,44,0.464
237,45,0.405
237,46,0.465
237,47,0.407
237,48,0.448
238,1,0.427
238,2,0.426
238,3,0.465
238,4,0.417
238,5,0.469
238,6,0.42
238,7,0.475
238,8,0.411
238,9,0.465
238,10,0.407
238,11,0.466
238,12,0.409
238,13,0.472
238,14,0.405
238,15,0.467
238,16,0.403
238,17,0.477
238,18,0.405
238,19,0.443
238,20,0.422
238,21,0.432
238,22,0.435
238,23,0.426
238,24,0.475
238,25,0.472
238,26,0.426
238,27,0.438
238,28,0.428
238,29,0.444
238,30,0.395
238,31,0.404
238,32,0.365
238,33,0.363
238,34,0.41
238,35,0.355
238,36,0.419
238,37,0.36
238,38,0.435
238,39,0.405
238,40,0.476
238,41,0.407
238,42,0.456
238,43,0.408
238,44,0.474
238,45,0.402
238,46,0.459
238,47,0.403
238,48,0.478
239,1,0.4
239,2,0.466
239,3,0.408
239,4,0.464
239,5,0.408
239,6,0.465
239,7,0.402
239,8,0.461
239,9,0.421
239,10,0.443
239,11,0.419
239,12,0.418
239,13,0.444
239,14,0.4
239,15,0.457
239,16,0.404
239,17,0.476
239,18,0.399
239,19,0.462
239,20,0.405
239,21,0.457
239,22,0.401
239,23,0.46
239,24,0.43
239,25,0.484
239,26,0.43
239,27,0.442
239,28,0.417
239,29,0.459
239,30,0.422
239,31,0.461
239,32,0.414
239,33,0.457
239,34,0.402
239,35,0.446
239,36,0.363
239,37,0.415
239,38,0.372
239,39,0.416
239,40,0.433
239,41,0.41
239,42,0.437
239,43,0.41
239,44,0.431
239,45,0.405
239,46,0.444
239,47,0.401
239,48,0.453
240,1,0.389
240,2,0.452
240,3,0.392
240,4,0.453
240,5,0.39
240,6,0.468
240,7,0.397
240,8,0.457
240,9,0.396
240,10,0.462
240,11,0.398
240,12,0.463
240,13,0.399
240,14,0.454
240,15,0.401
240,16,0.441
240,17,0.401
240,18,0.448
240,19,0.399
240,20,0.438
240,21,0.418
240,22,0.423
240,23,0.426
240,24,0.453
240,25,0.46
240,26,0.426
240,27,0.433
240,28,0.426
240,29,0.438
240,30,0.408
240,31,0.453
240,32,0.404
240,33,0.452
240,34,0.398
240,35,0.448
240,36,0.39
240,37,0.445
240,38,0.389
240,39,0.444
240,40,0.391
240,41,0.44
240,42,0.373
240,43,0.456
240,44,0.381
240,45,0.437
240,46,0.386
240,47,0.443
240,48,0.386
388,1,0.41
388,2,0.411
388,3,0.417
388,4,0.413
388,5,0.407
388,6,0.404
388,7,0.408
388,8,0.404
388,9,0.406
388,10,0.419
388,11,0.413
388,12,0.413
388,13,0.401
388,14,0.405
388,15,0.4
388,16,0.401
388,17,0.412
388,18,0.403
388,19,0.414
388,20,0.411
388,21,0.401
388,22,0.405
388,23,0.403
388,24,0.408
388,25,0.413
388,26,0.414
388,27,0.412
388,28,0.412
388,29,0.478
388,30,0.474
388,31,0.475
388,32,0.415
388,33,0.409
388,34,0.403
388,35,0.404
388,36,0.478
388,37,0.488
388,38,0.407
388,39,0.402
388,40,0.411
388,41,0.418
388,42,0.405
388,43,0.404
388,44,0.4
388,45,0.404
388,46,0.395
388,47,0.401
388,48,0.414
389,1,0.403
389,2,0.4
389,3,0.399
389,4,0.41
389,5,0.404
389,6,0.399
389,7,0.409
389,8,0.418
389,9,0.403
389,10,0.405
389,11,0.407
389,12,0.411
389,13,0.408
389,14,0.408
389,15,0.408
389,16,0.422
389,17,0.416
389,18,0.402
389,19,0.399
389,20,0.399
389,21,0.41
389,22,0.398
389,23,0.398
389,24,0.396
389,25,0.402
389,26,0.407
389,27,0.407
389,28,0.418
389,29,0.481
389,30,0.474
389,31,0.471
389,32,0.408
389,33,0.407
389,34,0.477
389,35,0.618
389,36,0.674
389,37,0.625
389,38,0.408
389,39,0.408
389,40,0.409
389,41,0.411
389,42,0.416
389,43,0.405
389,44,0.414
389,45,0.404
389,46,0.4
389,47,0.411
389,48,0.422
390,1,0.412
390,2,0.402
390,3,0.407
390,4,0.405
390,5,0.406
390,6,0.402
390,7,0.413
390,8,0.414
390,9,0.419
390,10,0.4
390,11,0.399
390,12,0.4
390,13,0.398
390,14,0.413
390,15,0.413
390,16,0.401
390,17,0.408
390,18,0.407
390,19,0.398
390,20,0.407
390,21,0.406
390,22,0.414
390,23,0.409
390,24,0.401
390,25,0.401
390,26,0.408
390,27,0.408
390,28,0.421
390,29,0.413
390,30,0.404
390,31,0.404
390,32,0.405
390,33,0.423
390,34,0.574
390,35,1.679
390,36,1.608
390,37,0.738
390,38,0.404
390,39,0.406
390,40,0.41
390,41,0.42
390,42,0.415
390,43,0.405
390,44,0.399
390,45,0.401
390,46,0.4
390,47,0.4
390,48,0.408
391,1,0.411
391,2,0.41
391,3,0.407
391,4,0.407
391,5,0.406
391,6,0.399
391,7,0.415
391,8,0.412
391,9,0.401
391,10,0.402
391,11,0.401
391,12,0.404
391,13,0.403
391,14,0.402
391,15,0.413
391,16,0.408
391,17,0.411
391,18,0.405
391,19,0.395
391,20,0.396
391,21,0.398
391,22,0.415
391,23,0.412
391,24,0.407
391,25,0.411
391,26,0.408
391,27,0.417
391,28,0.41
391,29,0.402
391,30,0.402
391,31,0.4
391,32,0.4
391,33,0.42
391,34,0.585
391,35,0.568
391,36,0.486
391,37,0.412
391,38,0.405
391,39,0.419
391,40,0.416
391,41,0.397
391,42,0.395
391,43,0.398
391,44,0.403
391,45,0.415
391,46,0.403
391,47,0.395
391,48,0.399
392,1,0.397
392,2,0.4
392,3,0.411
392,4,0.413
392,5,0.405
392,6,0.406
392,7,0.404
392,8,0.394
392,9,0.404
392,10,0.407
392,11,0.395
392,12,0.401
392,13,0.393
392,14,0.397
392,15,0.404
392,16,0.412
392,17,0.402
392,18,0.399
392,19,0.398
392,20,0.395
392,21,0.402
392,22,0.415
392,23,0.396
392,24,0.397
392,25,0.396
392,26,0.397
392,27,0.408
392,28,0.415
392,29,0.406
392,30,0.397
392,31,0.395
392,32,0.398
392,33,0.425
392,34,0.605
392,35,0.563
392,36,0.478
392,37,0.389
392,38,0.408
392,39,0.41
392,40,0.396
392,41,0.392
392,42,0.402
392,43,0.396
392,44,0.411
392,45,0.409
392,46,0.393
392,47,0.39
392,48,0.393
393,1,0.391
393,2,0.4
393,3,0.409
393,4,0.403
393,5,0.395
393,6,0.396
393,7,0.399
393,8,0.403
393,9,0.414
393,10,0.404
393,11,0.399
393,12,0.396
393,13,0.391
393,14,0.399
393,15,0.403
393,16,0.393
393,17,0.395
393,18,0.394
393,19,0.39
393,20,0.395
393,21,0.408
393,22,0.409
393,23,0.397
393,24,0.408
393,25,0.395
393,26,0.641
393,27,0.406
393,28,0.407
393,29,0.396
393,30,0.394
393,31,0.402
393,32,0.397
393,33,0.418
393,34,0.586
393,35,0.576
393,36,0.483
393,37,0.404
393,38,0.406
393,39,0.421
393,40,0.415
393,41,0.4
393,42,0.4
393,43,0.398
393,44,0.4
393,45,0.401
393,46,0.407
393,47,0.408
393,48,0.4
394,1,0.402
394,2,0.401
394,3,0.401
394,4,0.407
394,5,0.416
394,6,0.412
394,7,0.411
394,8,0.403
394,9,0.407
394,10,0.401
394,11,0.398
394,12,0.403
394,13,0.407
394,14,0.412
394,15,0.41
394,16,0.404
394,17,0.403
394,18,0.405
394,19,0.396
394,20,0.396
394,21,0.395
394,22,0.41
394,23,0.411
394,24,0.41
394,25,0.403
394,26,0.4
394,27,0.409
394,28,0.407
394,29,0.409
394,30,0.415
394,31,0.411
394,32,0.404
394,33,0.413
394,34,0.566
394,35,0.573
394,36,0.508
394,37,0.407
394,38,0.405
394,39,0.406
394,40,0.478
394,41,0.404
394,42,0.41
394,43,0.413
394,44,0.407
394,45,0.401
394,46,0.398
394,47,0.398
394,48,0.402
395,1,0.405
395,2,0.41
395,3,0.408
395,4,0.413
395,5,0.402
395,6,0.399
395,7,0.404
395,8,0.4
395,9,0.398
395,10,0.405
395,11,0.41
395,12,0.408
395,13,0.401
395,14,0.404
395,15,0.399
395,16,0.4
395,17,0.408
395,18,0.409
395,19,0.404
395,20,0.401
395,21,0.396
395,22,0.399
395,23,0.401
395,24,0.4
395,25,0.409
395,26,0.415
395,27,0.408
395,28,0.402
395,29,0.397
395,30,0.397
395,31,0.397
395,32,0.41
395,33,0.422
395,34,0.534
395,35,0.61
395,36,0.482
395,37,0.397
395,38,0.409
395,39,0.415
395,40,0.402
395,41,0.401
395,42,0.404
395,43,0.402
395,44,0.403
395,45,0.409
395,46,0.406
395,47,0.402
395,48,0.396
396,1,0.4
396,2,0.41
396,3,0.398
396,4,0.405
396,5,0.416
396,6,0.412
396,7,0.406
396,8,0.399
396,9,0.401
396,10,0.397
396,11,0.407
396,12,0.411
396,13,0.407
396,14,0.403
396,15,0.403
396,16,0.403
396,17,0.405
396,18,0.411
396,19,0.409
396,20,0.397
396,21,0.402
396,22,0.4
396,23,0.396
396,24,0.403
396,25,0.413
396,26,0.406
396,27,0.404
396,28,0.406
396,29,0.402
396,30,0.4
396,31,0.411
396,32,0.409
396,33,0.414
396,34,0.57
396,35,0.567
396,36,0.485
396,37,0.413
396,38,0.476
396,39,0.449
396,40,0.409
396,41,0.399
396,42,0.4
396,43,0.413
396,44,0.398
396,45,0.4
396,46,0.395
396,47,0.412
396,48,0.405
397,1,0.401
397,2,0.398
397,3,0.399
397,4,0.413
397,5,0.413
397,6,0.405
397,7,0.404
397,8,0.404
397,9,0.399
397,10,0.415
397,11,0.407
397,12,0.405
397,13,0.401
397,14,0.398
397,15,0.411
397,16,0.408
397,17,0.401
397,18,0.397
397,19,0.398
397,20,0.405
397,21,0.412
397,22,0.397
397,23,0.397
397,24,0.399
397,25,0.407
397,26,0.41
397,27,0.402
397,28,0.396
397,29,0.395
397,30,0.413
397,31,0.406
397,32,0.402
397,33,0.424
397,34,0.608
397,35,0.999
397,36,0.491
397,37,0.396
397,38,0.402
397,39,0.416
397,40,0.409
397,41,0.4
397,42,0.403
397,43,0.414
397,44,0.414
397,45,0.399
397,46,0.394
397,47,0.398
397,48,0.417
398,1,0.401
398,2,0.405
398,3,0.403
398,4,0.415
398,5,0.411
398,6,0.403
398,7,0.406
398,8,0.411
398,9,0.42
398,10,0.403
398,11,0.402
398,12,0.4
398,13,0.415
398,14,0.406
398,15,0.396
398,16,0.402
398,17,0.404
398,18,0.416
398,19,0.4
398,20,0.399
398,21,0.398
398,22,0.401
398,23,0.412
398,24,0.395
398,25,0.4
398,26,0.398
398,27,0.416
398,28,0.411
398,29,0.4
398,30,0.402
398,31,0.405
398,32,0.418
398,33,0.413
398,34,0.564
398,35,0.579
398,36,0.677
398,37,0.524
398,38,0.394
398,39,0.398
398,40,0.411
398,41,0.417
398,42,0.398
398,43,0.399
398,44,0.397
398,45,0.4
398,46,0.407
398,47,0.401
398,48,0.402
399,1,0.402
399,2,0.401
399,3,0.413
399,4,0.418
399,5,0.403
399,6,0.404
399,7,0.399
399,8,0.403
399,9,0.415
399,10,0.407
399,11,0.399
399,12,0.394
399,13,0.406
399,14,0.409
399,15,0.4
399,16,0.396
399,17,0.396
399,18,0.396
399,19,0.399
399,20,0.404
399,21,0.412
399,22,0.402
399,23,0.4
399,24,0.405
399,25,0.404
399,26,0.406
399,27,0.409
399,28,0.412
399,29,0.4
399,30,0.399
399,31,0.641
399,32,0.405
399,33,0.416
399,34,0.574
399,35,0.577
399,36,0.494
399,37,0.4
399,38,0.402
399,39,0.406
399,40,0.404
399,41,0.414
399,42,0.406
399,43,0.406
399,44,0.403
399,45,0.396
399,46,0.395
399,47,0.395
399,48,0.402
400,1,0.413
400,2,0.411
400,3,0.402
400,4,0.406
400,5,0.404
400,6,0.406
400,7,0.405
400,8,0.405
400,9,0.408
400,10,0.409
400,11,0.405
400,12,0.397
400,13,0.399
400,14,0.394
400,15,0.399
400,16,0.396
400,17,0.399
400,18,0.407
400,19,0.404
400,20,0.403
400,21,0.401
400,22,0.399
400,23,0.398
400,24,0.397
400,25,0.397
400,26,0.407
400,27,0.414
400,28,0.412
400,29,0.399
400,30,0.404
400,31,0.407
400,32,0.404
400,33,0.414
400,34,0.564
400,35,0.576
400,36,0.492
400,37,0.411
400,38,0.408
400,39,0.407
400,40,0.411
400,41,0.411
400,42,0.398
400,43,0.404
400,44,0.41
400,45,0.403
400,46,0.412
400,47,0.409
400,48,0.409
401,1,0.413
401,2,0.402
401,3,0.407
401,4,0.399
401,5,0.407
401,6,0.411
401,7,0.407
401,8,0.416
401,9,0.412
401,10,0.414
401,11,0.412
401,12,0.411
401,13,0.408
401,14,0.399
401,15,0.403
401,16,0.402
401,17,0.404
401,18,0.399
401,19,0.412
401,20,0.409
401,21,0.413
401,22,0.409
401,23,0.402
401,24,0.404
401,25,0.404
401,26,0.406
401,27,0.408
401,28,0.413
401,29,0.426
401,30,0.418
401,31,0.41
401,32,0.411
401,33,0.415
401,34,0.475
401,35,0.473
401,36,0.44
401,37,0.404
401,38,0.412
401,39,0.417
401,40,0.416
401,41,0.51
401,42,0.589
401,43,0.454
401,44,0.405
401,45,0.403
401,46,0.401
401,47,0.395
401,48,0.404
402,1,0.414
402,2,0.41
402,3,0.41
402,4,0.401
402,5,0.406
402,6,0.398
402,7,0.409
402,8,0.405
402,9,0.408
402,10,0.412
402,11,0.408
402,12,0.408
402,13,0.402
402,14,0.407
402,15,0.399
402,16,0.403
402,17,0.406
402,18,0.413
402,19,0.399
402,20,0.4
402,21,0.397
402,22,0.403
402,23,0.4
402,24,0.418
402,25,0.41
402,26,0.407
402,27,0.402
402,28,0.405
402,29,0.403
402,30,0.42
402,31,0.41
402,32,0.409
402,33,0.406
402,34,0.465
402,35,0.485
402,36,0.438
402,37,0.404
402,38,0.402
402,39,0.399
402,40,0.403
402,41,0.41
402,42,0.407
402,43,0.393
402,44,0.403
402,45,0.551
402,46,0.407
402,47,0.41
402,48,0.398
403,1,0.402
403,2,0.405
403,3,0.402
403,4,0.403
403,5,0.41
403,6,0.415
403,7,0.408
403,8,0.402
403,9,0.403
403,10,0.401
403,11,0.404
403,12,0.407
403,13,0.405
403,14,0.397
403,15,0.398
403,16,0.404
403,17,0.41
403,18,0.411
403,19,0.398
403,20,0.398
403,21,0.394
403,22,0.403
403,23,0.404
403,24,0.408
403,25,0.405
403,26,0.4
403,27,0.395
403,28,0.405
403,29,0.403
403,30,0.415
403,31,0.405
403,32,0.403
403,33,0.406
403,34,0.465
403,35,0.474
403,36,0.447
403,37,0.394
403,38,0.394
403,39,0.531
403,40,0.402
403,41,0.406
403,42,0.408
403,43,0.406
403,44,0.397
403,45,0.397
403,46,0.393
403,47,0.398
403,48,0.41
404,1,0.409
404,2,0.402
404,3,0.399
404,4,0.401
404,5,0.398
404,6,0.407
404,7,0.417
404,8,0.412
404,9,0.403
404,10,0.408
404,11,0.402
404,12,0.407
404,13,0.409
404,14,0.395
404,15,0.401
404,16,0.397
404,17,0.403
404,18,0.41
404,19,0.399
404,20,0.392
404,21,0.392
404,22,0.399
404,23,0.416
404,24,0.398
404,25,0.399
404,26,0.398
404,27,0.399
404,28,0.382
404,29,0.378
404,30,0.382
404,31,0.376
404,32,0.375
404,33,0.378
404,34,0.443
404,35,0.44
404,36,0.411
404,37,0.386
404,38,0.59
404,39,0.374
404,40,0.378
404,41,0.378
404,42,0.372
404,43,0.375
404,44,0.379
404,45,0.377
404,46,0.38
404,47,0.368
404,48,0.376
405,1,0.378
405,2,0.38
405,3,0.378
405,4,0.378
405,5,0.379
405,6,0.38
405,7,0.375
405,8,0.377
405,9,0.381
405,10,0.378
405,11,0.378
405,12,0.381
405,13,0.375
405,14,0.371
405,15,0.378
405,16,0.374
405,17,0.377
405,18,0.374
405,19,0.37
405,20,0.372
405,21,0.374
405,22,0.373
405,23,0.377
405,24,0.374
405,25,0.375
405,26,0.375
405,27,0.374
405,28,0.377
405,29,0.376
405,30,0.377
405,31,0.378
405,32,0.377
405,33,0.381
405,34,0.449
405,35,0.44
405,36,0.514
405,37,0.552
405,38,0.501
405,39,0.392
405,40,0.388
405,41,0.381
405,42,0.373
405,43,0.376
405,44,0.379
405,45,0.378
405,46,0.372
405,47,0.373
405,48,0.374
406,1,0.383
406,2,0.382
406,3,0.381
406,4,0.38
406,5,0.38
406,6,0.379
406,7,0.383
406,8,0.382
406,9,0.376
406,10,0.377
406,11,0.377
406,12,0.379
406,13,0.378
406,14,0.379
406,15,0.375
406,16,0.375
406,17,0.383
406,18,0.378
406,19,0.374
406,20,0.38
406,21,0.382
406,22,0.382
406,23,0.384
406,24,0.384
406,25,0.382
406,26,0.382
406,27,0.384
406,28,0.379
406,29,0.376
406,30,0.372
406,31,0.379
406,32,0.374
406,33,0.379
406,34,0.439
406,35,0.44
406,36,0.554
406,37,1.993
406,38,0.608
406,39,0.452
406,40,0.421
406,41,0.38
406,42,0.381
406,43,0.382
406,44,0.38
406,45,0.38
406,46,0.374
406,47,0.375
406,48,0.371
407,1,0.382
407,2,0.374
407,3,0.377
407,4,0.378
407,5,0.383
407,6,0.383
407,7,0.388
407,8,0.384
407,9,0.383
407,10,0.379
407,11,0.38
407,12,0.379
407,13,0.375
407,14,0.371
407,15,0.379
407,16,0.375
407,17,0.38
407,18,0.377
407,19,0.372
407,20,0.378
407,21,0.376
407,22,0.375
407,23,0.378
407,24,0.377
407,25,0.378
407,26,0.377
407,27,0.374
407,28,0.376
407,29,0.373
407,30,0.378
407,31,0.373
407,32,0.379
407,33,0.381
407,34,0.376
407,35,0.406
407,36,0.548
407,37,0.538
407,38,0.438
407,39,0.374
407,40,0.38
407,41,0.375
407,42,0.371
407,43,0.374
407,44,0.38
407,45,0.372
407,46,0.371
407,47,0.372
407,48,0.374
408,1,0.37
408,2,0.377
408,3,0.379
408,4,0.375
408,5,0.385
408,6,0.383
408,7,0.382
408,8,0.378
408,9,0.376
408,10,0.373
408,11,0.372
408,12,0.37
408,13,0.371
408,14,0.372
408,15,0.37
408,16,0.375
408,17,0.374
408,18,0.372
408,19,0.369
408,20,0.378
408,21,0.372
408,22,0.377
408,23,0.376
408,24,0.375
408,25,0.377
408,26,0.377
408,27,0.377
408,28,0.384
408,29,0.377
408,30,0.379
408,31,0.378
408,32,0.377
408,33,0.376
408,34,0.375
408,35,0.406
408,36,0.554
408,37,0.538
408,38,0.436
408,39,0.455
408,40,0.867
408,41,0.39
408,42,0.375
408,43,0.377
408,44,0.376
408,45,0.378
408,46,0.376
408,47,0.37
408,48,0.37
409,1,0.376
409,2,0.372
409,3,0.382
409,4,0.372
409,5,0.379
409,6,0.377
409,7,0.379
409,8,0.374
409,9,0.374
409,10,0.376
409,11,0.377
409,12,0.375
409,13,0.373
409,14,0.373
409,15,0.372
409,16,0.376
409,17,0.375
409,18,0.375
409,19,0.374
409,20,0.378
409,21,0.373
409,22,0.375
409,23,0.377
409,24,0.374
409,25,0.373
409,26,0.376
409,27,0.38
409,28,0.385
409,29,0.377
409,30,0.378
409,31,0.379
409,32,0.373
409,33,0.372
409,34,0.37
409,35,0.409
409,36,0.549
409,37,0.547
409,38,0.439
409,39,0.372
409,40,0.453
409,41,0.417
409,42,0.37
409,43,0.374
409,44,0.377
409,45,0.373
409,46,0.369
409,47,0.373
409,48,0.369
410,1,0.375
410,2,0.376
410,3,0.378
410,4,0.374
410,5,0.38
410,6,0.378
410,7,0.386
410,8,0.38
410,9,0.375
410,10,0.375
410,11,0.374
410,12,0.373
410,13,0.374
410,14,0.375
410,15,0.373
410,16,0.376
410,17,0.378
410,18,0.373
410,19,0.374
410,20,0.374
410,21,0.375
410,22,0.372
410,23,0.376
410,24,0.378
410,25,0.377
410,26,0.372
410,27,0.378
410,28,0.376
410,29,0.38
410,30,0.38
410,31,0.371
410,32,0.372
410,33,0.374
410,34,0.368
410,35,2.198
410,36,2.063
410,37,0.551
410,38,0.439
410,39,0.378
410,40,0.373
410,41,0.375
410,42,0.374
410,43,0.375
410,44,0.374
410,45,0.377
410,46,0.372
410,47,0.367
410,48,0.373
411,1,0.375
411,2,0.37
411,3,0.376
411,4,0.373
411,5,0.373
411,6,0.37
411,7,0.375
411,8,0.375
411,9,0.373
411,10,0.376
411,11,0.376
411,12,0.376
411,13,0.378
411,14,0.371
411,15,0.373
411,16,0.371
411,17,0.371
411,18,0.372
411,19,0.368
411,20,0.367
411,21,0.369
411,22,0.37
411,23,0.37
411,24,0.372
411,25,0.372
411,26,0.372
411,27,0.375
411,28,0.372
411,29,0.371
411,30,0.369
411,31,0.369
411,32,0.369
411,33,0.368
411,34,0.373
411,35,0.403
411,36,0.544
411,37,0.543
411,38,0.437
411,39,0.376
411,40,0.379
411,41,0.371
411,42,0.367
411,43,0.37
411,44,0.375
411,45,0.376
411,46,0.373
411,47,0.368
411,48,0.369
412,1,0.367
412,2,0.371
412,3,0.376
412,4,0.376
412,5,0.378
412,6,0.372
412,7,0.378
412,8,0.378
412,9,0.378
412,10,0.378
412,11,0.379
412,12,0.377
412,13,0.375
412,14,0.373
412,15,0.373
412,16,0.372
412,17,0.376
412,18,0.371
412,19,0.373
412,20,0.373
412,21,0.377
412,22,0.369
412,23,0.37
412,24,0.373
412,25,0.374
412,26,0.37
412,27,0.373
412,28,0.379
412,29,0.375
412,30,0.379
412,31,0.378
412,32,0.377
412,33,0.379
412,34,0.376
412,35,0.407
412,36,0.549
412,37,0.536
412,38,0.43
412,39,0.368
412,40,0.378
412,41,0.376
412,42,0.375
412,43,0.369
412,44,0.374
412,45,0.377
412,46,0.371
412,47,0.373
412,48,0.37
413,1,0.377
413,2,0.372
413,3,0.379
413,4,0.378
413,5,0.379
413,6,0.379
413,7,0.377
413,8,0.372
413,9,0.37
413,10,0.371
413,11,0.373
413,12,0.371
413,13,0.378
413,14,0.378
413,15,0.37
413,16,0.369
413,17,0.371
413,18,0.369
413,19,0.375
413,20,0.373
413,21,0.377
413,22,0.381
413,23,0.375
413,24,0.375
413,25,0.372
413,26,0.373
413,27,0.548
413,28,0.372
413,29,0.37
413,30,0.37
413,31,0.367
413,32,0.367
413,33,0.365
413,34,0.366
413,35,0.399
413,36,0.537
413,37,0.528
413,38,0.432
413,39,0.368
413,40,0.37
413,41,0.368
413,42,0.369
413,43,0.368
413,44,0.374
413,45,0.366
413,46,0.363
413,47,0.361
413,48,0.366
414,1,0.369
414,2,0.364
414,3,0.369
414,4,0.372
414,5,0.37
414,6,0.369
414,7,0.367
414,8,0.368
414,9,0.37
414,10,0.368
414,11,0.366
414,12,0.363
414,13,0.365
414,14,0.371
414,15,0.369
414,16,0.364
414,17,0.365
414,18,0.365
414,19,0.364
414,20,0.362
414,21,0.366
414,22,0.368
414,23,0.37
414,24,0.369
414,25,0.371
414,26,0.37
414,27,0.363
414,28,0.364
414,29,0.364
414,30,0.365
414,31,0.363
414,32,0.368
414,33,0.366
414,34,0.365
414,35,0.399
414,36,0.538
414,37,0.58
414,38,0.434
414,39,0.37
414,40,0.37
414,41,0.368
414,42,0.373
414,43,0.364
414,44,0.371
414,45,0.364
414,46,0.363
414,47,0.364
414,48,0.364
415,1,0.367
415,2,0.363
415,3,0.365
415,4,0.372
415,5,0.364
415,6,0.363
415,7,0.368
415,8,0.368
415,9,0.369
415,10,0.364
415,11,0.365
415,12,0.367
415,13,0.369
415,14,0.368
415,15,0.362
415,16,0.366
415,17,0.374
415,18,0.369
415,19,0.362
415,20,0.365
415,21,0.364
415,22,0.362
415,23,0.361
415,24,0.364
415,25,0.366
415,26,0.365
415,27,0.371
415,28,0.366
415,29,0.364
415,30,0.365
415,31,0.159
415,32,0.094
415,33,0.094
415,34,0.094
415,35,0.129
415,36,0.269
415,37,0.266
415,38,0.162
415,39,0.096
415,40,0.096
415,41,0.094
415,42,0.094
415,43,0.096
415,44,0.095
415,45,0.095
415,46,0.094
415,47,0.093
415,48,0.093
