213,1,0.762
213,2,0.672
213,3,0.563
213,4,0.305
213,5,0.344
213,6,0.344
213,7,0.236
213,8,0.213
213,9,0.263
213,10,0.346
213,11,0.292
213,12,0.204
213,13,0.201
213,14,0.242
213,15,0.342
213,16,0.241
213,17,0.216
213,18,0.414
213,19,0.801
213,20,1.051
213,21,1.455
213,22,0.337
213,23,0.318
213,24,0.396
213,25,0.573
213,26,0.267
213,27,0.738
213,28,1.763
213,29,0.734
213,30,0.321
213,31,0.383
213,32,0.463
213,33,0.487
213,34,0.44
213,35,0.379
213,36,0.321
213,37,0.776
213,38,0.559
213,39,0.475
213,40,0.642
213,41,0.516
213,42,0.395
213,43,0.435
213,44,0.397
213,45,0.582
213,46,0.481
213,47,0.445
213,48,0.47
214,1,0.612
214,2,0.577
214,3,0.519
214,4,0.304
214,5,0.306
214,6,0.336
214,7,0.22
214,8,0.216
214,9,0.224
214,10,0.357
214,11,0.283
214,12,0.2
214,13,0.194
214,14,0.23
214,15,0.319
214,16,0.23
214,17,0.177
214,18,0.17
214,19,0.229
214,20,0.575
214,21,0.447
214,22,0.353
214,23,0.632
214,24,0.784
214,25,0.925
214,26,0.347
214,27,0.424
214,28,0.503
214,29,1.692
214,30,1.172
214,31,0.303
214,32,0.509
214,33,0.448
214,34,0.4
214,35,0.393
214,36,0.506
214,37,0.479
214,38,0.398
214,39,1.082
214,40,0.694
214,41,0.677
214,42,0.746
214,43,0.734
214,44,0.687
214,45,0.891
214,46,0.877
214,47,0.724
214,48,0.6
215,1,0.502
215,2,0.409
215,3,0.223
215,4,0.211
215,5,0.241
215,6,0.359
215,7,0.269
215,8,0.22
215,9,0.23
215,10,0.307
215,11,0.334
215,12,0.209
215,13,0.208
215,14,0.205
215,15,0.342
215,16,0.273
215,17,0.196
215,18,0.198
215,19,0.315
215,20,1.985
215,21,0.49
215,22,1.75
215,23,0.334
215,24,0.353
215,25,0.819
215,26,0.602
215,27,0.272
215,28,0.606
215,29,0.987
215,30,0.533
215,31,0.596
215,32,0.73
215,33,0.832
215,34,0.428
215,35,0.377
215,36,0.471
215,37,0.589
215,38,0.718
215,39,0.595
215,40,0.623
215,41,0.65
215,42,0.63
215,43,0.627
215,44,0.742
215,45,0.879
215,46,0.625
215,47,0.642
215,48,0.679
216,1,0.577
216,2,0.54
216,3,0.312
216,4,0.344
216,5,0.29
216,6,0.209
216,7,0.211
216,8,0.281
216,9,0.35
216,10,0.234
216,11,0.218
216,12,0.211
216,13,0.328
216,14,0.307
216,15,0.201
216,16,0.196
216,17,0.19
216,18,0.309
216,19,0.254
216,20,0.481
216,21,0.46
216,22,1.398
216,23,0.624
216,24,0.221
216,25,0.263
216,26,0.32
216,27,0.4
216,28,0.309
216,29,0.283
216,30,0.738
216,31,1.518
216,32,0.343
216,33,0.521
216,34,0.699
216,35,0.583
216,36,0.564
216,37,0.504
216,38,0.64
216,39,0.696
216,40,0.564
216,41,0.53
216,42,0.871
216,43,0.687
216,44,0.595
216,45,0.71
216,46,0.658
216,47,0.729
216,48,0.744
217,1,0.555
217,2,0.509
217,3,0.32
217,4,0.345
217,5,0.262
217,6,0.211
217,7,0.218
217,8,0.293
217,9,0.332
217,10,0.222
217,11,0.22
217,12,0.224
217,13,0.346
217,14,0.273
217,15,0.203
217,16,0.198
217,17,0.199
217,18,0.693
217,19,0.34
217,20,0.537
217,21,1.252
217,22,1.382
217,23,0.971
217,24,0.355
217,25,0.87
217,26,0.662
217,27,1.003
217,28,0.801
217,29,0.67
217,30,0.912
217,31,0.794
217,32,0.509
217,33,0.601
217,34,0.629
217,35,0.559
217,36,0.895
217,37,0.782
217,38,0.975
217,39,0.78
217,40,0.66
217,41,0.894
217,42,0.42
217,43,0.571
217,44,0.666
217,45,0.753
217,46,0.631
217,47,0.571
217,48,0.69
218,1,0.702
218,2,0.537
218,3,0.525
218,4,0.327
218,5,0.35
218,6,0.238
218,7,0.217
218,8,0.223
218,9,0.354
218,10,0.284
218,11,0.209
218,12,0.204
218,13,0.27
218,14,0.328
218,15,0.208
218,16,0.209
218,17,0.21
218,18,0.325
218,19,0.911
218,20,1.718
218,21,0.465
218,22,0.493
218,23,0.557
218,24,0.281
218,25,0.551
218,26,0.441
218,27,0.37
218,28,0.304
218,29,0.512
218,30,1.584
218,31,0.479
218,32,0.63
218,33,0.694
218,34,0.468
218,35,0.385
218,36,0.387
218,37,0.873
218,38,0.995
218,39,0.6
218,40,0.6
218,41,0.605
218,42,0.427
218,43,0.671
218,44,0.741
218,45,0.775
218,46,0.846
218,47,0.633
218,48,0.791
219,1,0.584
219,2,0.583
219,3,0.611
219,4,0.558
219,5,0.221
219,6,0.212
219,7,0.236
219,8,0.357
219,9,0.238
219,10,0.201
219,11,0.2
219,12,0.327
219,13,0.282
219,14,0.209
219,15,0.198
219,16,0.249
219,17,0.316
219,18,0.187
219,19,0.598
219,20,0.497
219,21,0.805
219,22,0.889
219,23,0.976
219,24,0.318
219,25,0.645
219,26,0.342
219,27,1.475
219,28,0.704
219,29,0.404
219,30,0.798
219,31,0.378
219,32,0.316
219,33,0.289
219,34,0.313
219,35,0.254
219,36,0.403
219,37,0.666
219,38,0.728
219,39,0.39
219,40,0.639
219,41,0.561
219,42,0.693
219,43,0.681
219,44,0.55
219,45,0.68
219,46,0.662
219,47,0.573
219,48,0.584
220,1,0.704
220,2,0.643
220,3,0.435
220,4,0.259
220,5,0.404
220,6,0.257
220,7,0.23
220,8,0.222
220,9,0.353
220,10,0.269
220,11,0.208
220,12,0.216
220,13,0.315
220,14,0.327
220,15,0.21
220,16,0.202
220,17,0.217
220,18,0.425
220,19,3.278
220,20,0.546
220,21,0.367
220,22,0.412
220,23,0.286
220,24,0.265
220,25,0.879
220,26,0.461
220,27,0.499
220,28,0.456
220,29,0.349
220,30,0.424
220,31,0.347
220,32,0.406
220,33,0.525
220,34,0.557
220,35,0.422
220,36,0.409
220,37,0.541
220,38,0.662
220,39,0.485
220,40,1.234
220,41,0.611
220,42,0.8
220,43,0.588
220,44,0.906
220,45,0.897
220,46,0.972
220,47,0.598
220,48,0.674
221,1,0.53
221,2,0.532
221,3,0.493
221,4,0.357
221,5,0.28
221,6,0.25
221,7,0.233
221,8,0.336
221,9,0.318
221,10,0.214
221,11,0.215
221,12,0.235
221,13,0.349
221,14,0.27
221,15,0.217
221,16,0.213
221,17,0.277
221,18,0.341
221,19,0.212
221,20,0.702
221,21,0.598
221,22,0.74
221,23,0.6
221,24,0.453
221,25,0.784
221,26,0.584
221,27,0.433
221,28,0.355
221,29,0.455
221,30,2.42
221,31,0.358
221,32,0.305
221,33,0.293
221,34,0.41
221,35,0.52
221,36,0.299
221,37,0.264
221,38,0.358
221,39,0.364
221,40,0.269
221,41,0.264
221,42,0.367
221,43,0.6
221,44,0.649
221,45,0.629
221,46,0.625
221,47,0.706
221,48,0.739
222,1,0.631
222,2,0.652
222,3,0.697
222,4,0.901
222,5,0.804
222,6,0.335
222,7,0.273
222,8,0.356
222,9,0.446
222,10,0.328
222,11,0.31
222,12,0.309
222,13,0.403
222,14,0.426
222,15,0.295
222,16,0.308
222,17,0.303
222,18,0.395
222,19,0.428
222,20,0.298
222,21,0.305
222,22,0.275
222,23,0.472
222,24,0.389
222,25,0.269
222,26,0.268
222,27,0.277
222,28,0.409
222,29,0.464
222,30,1.137
222,31,0.697
222,32,0.534
222,33,1.706
222,34,0.615
222,35,0.58
222,36,0.607
222,37,0.293
222,38,0.683
222,39,0.581
222,40,0.68
222,41,0.691
222,42,0.609
222,43,0.757
222,44,0.775
222,45,0.615
222,46,0.683
222,47,0.775
222,48,0.771
223,1,0.72
223,2,0.525
223,3,0.4
223,4,0.203
223,5,0.339
223,6,0.354
223,7,0.225
223,8,0.225
223,9,0.204
223,10,0.339
223,11,0.323
223,12,0.203
223,13,0.212
223,14,0.217
223,15,0.354
223,16,0.277
223,17,0.193
223,18,0.789
223,19,0.435
223,20,0.506
223,21,1.553
223,22,0.363
223,23,2.722
223,24,1.006
223,25,0.368
223,26,0.26
223,27,0.541
223,28,0.504
223,29,0.516
223,30,0.581
223,31,0.272
223,32,0.427
223,33,0.347
223,34,0.322
223,35,0.41
223,36,0.733
223,37,1.14
223,38,0.462
223,39,0.46
223,40,0.487
223,41,0.704
223,42,0.489
223,43,0.669
223,44,0.765
223,45,0.771
223,46,0.808
223,47,0.878
223,48,0.812
224,1,0.39
224,2,0.224
224,3,0.324
224,4,0.319
224,5,0.227
224,6,0.228
224,7,0.342
224,8,0.322
224,9,0.215
224,10,0.214
224,11,0.312
224,12,0.325
224,13,0.226
224,14,0.22
224,15,0.283
224,16,0.336
224,17,0.436
224,18,0.627
224,19,0.708
224,20,0.893
224,21,0.49
224,22,1.607
224,23,1.142
224,24,1.43
224,25,0.419
224,26,0.311
224,27,0.495
224,28,0.535
224,29,0.589
224,30,0.815
224,31,0.645
224,32,0.411
224,33,0.369
224,34,0.688
224,35,0.796
224,36,0.402
224,37,0.402
224,38,0.504
224,39,0.548
224,40,1.034
224,41,1.592
224,42,0.602
224,43,0.725
224,44,0.747
224,45,0.685
224,46,0.743
224,47,0.771
224,48,0.478
225,1,0.416
225,2,0.54
225,3,0.441
225,4,0.286
225,5,0.285
225,6,0.353
225,7,0.405
225,8,0.273
225,9,0.262
225,10,0.304
225,11,0.407
225,12,0.306
225,13,0.262
225,14,0.253
225,15,0.362
225,16,0.36
225,17,0.844
225,18,1.269
225,19,0.558
225,20,0.393
225,21,0.387
225,22,0.252
225,23,0.271
225,24,0.391
225,25,0.633
225,26,0.269
225,27,0.333
225,28,0.571
225,29,1.087
225,30,0.378
225,31,0.338
225,32,0.48
225,33,0.412
225,34,0.648
225,35,0.444
225,36,0.465
225,37,0.813
225,38,1.749
225,39,0.563
225,40,0.503
225,41,0.925
225,42,0.776
225,43,0.696
225,44,0.473
225,45,0.46
225,46,0.849
225,47,0.697
225,48,0.54
226,1,0.559
226,2,0.629
226,3,0.602
226,4,0.209
226,5,0.22
226,6,0.301
226,7,0.328
226,8,0.2
226,9,0.199
226,10,0.283
226,11,0.351
226,12,0.211
226,13,0.194
226,14,0.229
226,15,0.34
226,16,0.244
226,17,0.199
226,18,0.678
226,19,0.606
226,20,0.397
226,21,0.324
226,22,0.288
226,23,0.444
226,24,0.598
226,25,0.44
226,26,0.261
226,27,0.396
226,28,0.341
226,29,0.262
226,30,0.312
226,31,0.495
226,32,1.809
226,33,0.502
226,34,0.511
226,35,0.664
226,36,0.742
226,37,0.526
226,38,1.183
226,39,1.296
226,40,1.08
226,41,0.424
226,42,0.651
226,43,0.644
226,44,0.596
226,45,0.595
226,46,0.831
226,47,0.664
226,48,0.572
227,1,0.678
227,2,0.817
227,3,0.741
227,4,0.239
227,5,0.232
227,6,0.317
227,7,0.325
227,8,0.22
227,9,0.233
227,10,0.293
227,11,0.363
227,12,0.231
227,13,0.215
227,14,0.215
227,15,0.368
227,16,0.292
227,17,0.226
227,18,0.23
227,19,0.956
227,20,0.517
227,21,0.426
227,22,1.502
227,23,0.469
227,24,0.701
227,25,0.431
227,26,0.284
227,27,0.438
227,28,0.498
227,29,0.406
227,30,0.388
227,31,0.487
227,32,0.398
227,33,0.36
227,34,0.38
227,35,0.487
227,36,0.861
227,37,0.526
227,38,0.694
227,39,1.058
227,40,0.7
227,41,0.693
227,42,0.574
227,43,0.61
227,44,0.506
227,45,0.474
227,46,0.544
227,47,0.601
227,48,0.475
228,1,0.502
228,2,0.569
228,3,0.613
228,4,0.555
228,5,0.285
228,6,0.327
228,7,0.329
228,8,0.208
228,9,0.218
228,10,0.333
228,11,0.358
228,12,0.213
228,13,0.209
228,14,0.244
228,15,0.362
228,16,0.247
228,17,0.194
228,18,0.187
228,19,0.317
228,20,0.3
228,21,0.247
228,22,0.825
228,23,0.656
228,24,0.832
228,25,0.321
228,26,0.405
228,27,2.079
228,28,1.833
228,29,0.495
228,30,0.346
228,31,0.376
228,32,0.495
228,33,0.353
228,34,0.364
228,35,0.482
228,36,0.527
228,37,0.308
228,38,0.438
228,39,0.73
228,40,1.0
228,41,0.531
228,42,0.671
228,43,0.76
228,44,0.938
228,45,0.75
228,46,0.689
228,47,0.733
228,48,0.658
229,1,0.533
229,2,0.471
229,3,0.288
229,4,0.328
229,5,0.208
229,6,0.224
229,7,0.266
229,8,0.339
229,9,0.225
229,10,0.218
229,11,0.232
229,12,0.33
229,13,0.279
229,14,0.204
229,15,0.213
229,16,0.234
229,17,0.305
229,18,0.194
229,19,0.294
229,20,1.171
229,21,1.041
229,22,2.354
229,23,0.63
229,24,0.573
229,25,0.826
229,26,0.268
229,27,0.179
229,28,0.241
229,29,0.315
229,30,0.195
229,31,0.195
229,32,0.179
229,33,0.561
229,34,0.578
229,35,0.506
229,36,0.512
229,37,0.862
229,38,1.402
229,39,1.211
229,40,0.495
229,41,0.669
229,42,0.773
229,43,0.736
229,44,0.823
229,45,0.793
229,46,0.739
229,47,0.752
229,48,0.675
230,1,0.56
230,2,0.711
230,3,0.556
230,4,0.29
230,5,0.321
230,6,0.28
230,7,0.219
230,8,0.274
230,9,0.302
230,10,0.22
230,11,0.22
230,12,0.337
230,13,0.233
230,14,0.216
230,15,0.24
230,16,0.29
230,17,0.176
230,18,0.505
230,19,0.366
230,20,0.325
230,21,0.254
230,22,0.769
230,23,0.777
230,24,0.394
230,25,0.642
230,26,0.295
230,27,0.902
230,28,1.479
230,29,0.573
230,30,0.542
230,31,0.587
230,32,0.393
230,33,1.073
230,34,1.512
230,35,2.252
230,36,1.497
230,37,1.154
230,38,0.664
230,39,1.042
230,40,0.552
230,41,0.596
230,42,0.721
230,43,0.86
230,44,0.981
230,45,1.016
230,46,0.794
230,47,0.6
230,48,0.392
231,1,0.351
231,2,0.355
231,3,0.223
231,4,0.217
231,5,0.329
231,6,0.283
231,7,0.219
231,8,0.228
231,9,0.345
231,10,0.275
231,11,0.207
231,12,0.22
231,13,0.336
231,14,0.286
231,15,0.187
231,16,0.177
231,17,0.271
231,18,0.67
231,19,0.238
231,20,0.543
231,21,0.373
231,22,0.635
231,23,0.371
231,24,0.698
231,25,0.515
231,26,0.327
231,27,0.399
231,28,0.466
231,29,0.453
231,30,0.597
231,31,0.756
231,32,0.477
231,33,0.362
231,34,0.361
231,35,0.45
231,36,0.76
231,37,0.513
231,38,0.631
231,39,0.478
231,40,0.502
231,41,0.655
231,42,1.448
231,43,0.861
231,44,0.69
231,45,0.585
231,46,0.534
231,47,0.956
231,48,1.022
232,1,0.713
232,2,0.418
232,3,0.371
232,4,0.249
232,5,0.215
232,6,0.3
232,7,0.321
232,8,0.203
232,9,0.221
232,10,0.354
232,11,0.289
232,12,0.222
232,13,0.2
232,14,0.329
232,15,0.258
232,16,0.208
232,17,0.66
232,18,3.327
232,19,0.508
232,20,0.24
232,21,0.387
232,22,0.608
232,23,0.325
232,24,0.74
232,25,0.41
232,26,1.693
232,27,1.471
232,28,0.362
232,29,0.672
232,30,0.438
232,31,0.335
232,32,0.313
232,33,0.463
232,34,0.754
232,35,0.741
232,36,1.482
232,37,0.696
232,38,0.705
232,39,0.529
232,40,1.42
232,41,0.836
232,42,0.861
232,43,0.739
232,44,0.733
232,45,0.687
232,46,0.971
232,47,0.758
232,48,0.525
233,1,0.515
233,2,0.355
233,3,0.278
233,4,0.2
233,5,0.24
233,6,0.366
233,7,0.225
233,8,0.205
233,9,0.259
233,10,0.39
233,11,0.238
233,12,0.195
233,13,0.257
233,14,0.347
233,15,0.196
233,16,0.184
233,17,0.737
233,18,0.641
233,19,0.353
233,20,0.205
233,21,0.314
233,22,0.403
233,23,0.256
233,24,0.295
233,25,0.422
233,26,0.496
233,27,0.376
233,28,0.362
233,29,0.424
233,30,1.453
233,31,0.48
233,32,0.294
233,33,0.381
233,34,0.395
233,35,0.624
233,36,0.502
233,37,0.571
233,38,0.695
233,39,0.437
233,40,0.569
233,41,0.493
233,42,0.932
233,43,0.94
233,44,1.752
233,45,0.649
233,46,0.51
233,47,0.78
233,48,0.647
234,1,0.622
234,2,0.556
234,3,0.563
234,4,0.339
234,5,0.33
234,6,0.379
234,7,0.46
234,8,0.322
234,9,0.315
234,10,0.376
234,11,0.47
234,12,0.332
234,13,0.312
234,14,0.323
234,15,0.465
234,16,0.342
234,17,0.288
234,18,0.598
234,19,0.376
234,20,0.787
234,21,0.335
234,22,0.392
234,23,1.495
234,24,0.451
234,25,0.536
234,26,0.26
234,27,0.617
234,28,0.401
234,29,0.351
234,30,0.335
234,31,0.536
234,32,0.549
234,33,0.445
234,34,0.347
234,35,0.436
234,36,0.442
234,37,0.729
234,38,0.655
234,39,0.946
234,40,0.779
234,41,0.872
234,42,0.648
234,43,0.734
234,44,0.669
234,45,0.487
234,46,0.553
234,47,0.671
234,48,0.64
235,1,0.591
235,2,0.601
235,3,0.585
235,4,0.248
235,5,0.21
235,6,0.219
235,7,0.349
235,8,0.288
235,9,0.202
235,10,0.201
235,11,0.28
235,12,0.347
235,13,0.222
235,14,0.212
235,15,0.2
235,16,0.332
235,17,0.254
235,18,0.167
235,19,0.182
235,20,0.296
235,21,0.971
235,22,0.574
235,23,0.262
235,24,0.663
235,25,0.466
235,26,0.714
235,27,0.362
235,28,0.577
235,29,0.495
235,30,0.449
235,31,0.277
235,32,2.694
235,33,0.583
235,34,0.403
235,35,0.297
235,36,0.391
235,37,0.487
235,38,0.593
235,39,1.237
235,40,0.648
235,41,0.605
235,42,0.832
235,43,0.683
235,44,0.638
235,45,0.587
235,46,0.673
235,47,0.583
235,48,0.614
236,1,0.561
236,2,0.602
236,3,0.462
236,4,0.219
236,5,0.201
236,6,0.255
236,7,0.35
236,8,0.238
236,9,0.206
236,10,0.201
236,11,0.309
236,12,0.338
236,13,0.202
236,14,0.196
236,15,0.195
236,16,0.317
236,17,0.295
236,18,0.335
236,19,0.328
236,20,0.353
236,21,0.958
236,22,1.164
236,23,0.707
236,24,1.023
236,25,1.386
236,26,0.435
236,27,0.67
236,28,0.39
236,29,0.438
236,30,0.443
236,31,0.382
236,32,0.492
236,33,0.503
236,34,0.376
236,35,0.409
236,36,0.798
236,37,0.707
236,38,0.532
236,39,0.582
236,40,0.627
236,41,0.658
236,42,0.639
236,43,0.679
236,44,0.601
236,45,0.727
236,46,0.616
236,47,0.627
236,48,0.749
237,1,0.748
237,2,0.552
237,3,0.451
237,4,0.263
237,5,0.346
237,6,0.265
237,7,0.223
237,8,0.224
237,9,0.309
237,10,0.302
237,11,0.207
237,12,0.22
237,13,0.25
237,14,0.329
237,15,0.223
237,16,0.196
237,17,0.209
237,18,0.64
237,19,1.166
237,20,0.32
237,21,0.399
237,22,0.303
237,23,0.647
237,24,0.569
237,25,1.263
237,26,1.111
237,27,0.631
237,28,0.357
237,29,0.272
237,30,0.303
237,31,0.373
237,32,0.351
237,33,0.503
237,34,0.667
237,35,0.54
237,36,0.357
237,37,0.785
237,38,0.477
237,39,0.779
237,40,0.655
237,41,0.711
237,42,1.185
237,43,0.721
237,44,0.913
237,45,0.685
237,46,0.885
237,47,0.786
237,48,0.688
238,1,0.491
238,2,0.215
238,3,0.275
238,4,0.333
238,5,0.207
238,6,0.222
238,7,0.245
238,8,0.355
238,9,0.243
238,10,0.204
238,11,0.203
238,12,0.32
238,13,0.323
238,14,0.206
238,15,0.195
238,16,0.212
238,17,0.323
238,18,0.241
238,19,0.613
238,20,0.275
238,21,2.166
238,22,0.77
238,23,0.705
238,24,0.41
238,25,2.367
238,26,0.972
238,27,0.847
238,28,0.64
238,29,0.84
238,30,0.462
238,31,0.63
238,32,0.438
238,33,0.541
238,34,0.444
238,35,0.211
238,36,0.286
238,37,0.344
238,38,0.59
238,39,0.667
238,40,0.642
238,41,1.621
238,42,0.9
238,43,0.665
238,44,0.586
238,45,0.455
238,46,0.676
238,47,0.659
238,48,0.664
239,1,0.588
239,2,0.639
239,3,0.284
239,4,0.348
239,5,0.242
239,6,0.216
239,7,0.222
239,8,0.343
239,9,0.312
239,10,0.212
239,11,0.213
239,12,0.237
239,13,0.357
239,14,0.268
239,15,0.212
239,16,0.2
239,17,0.252
239,18,0.653
239,19,0.25
239,20,0.196
239,21,0.261
239,22,1.05
239,23,0.678
239,24,0.427
239,25,0.446
239,26,1.336
239,27,0.595
239,28,0.501
239,29,0.364
239,30,0.42
239,31,0.681
239,32,0.602
239,33,0.307
239,34,0.309
239,35,0.399
239,36,0.275
239,37,0.305
239,38,0.768
239,39,0.894
239,40,0.538
239,41,0.527
239,42,0.781
239,43,0.584
239,44,0.569
239,45,0.707
239,46,0.696
239,47,0.584
239,48,0.582
240,1,0.527
240,2,0.338
240,3,0.254
240,4,0.252
240,5,0.345
240,6,0.365
240,7,0.257
240,8,0.222
240,9,0.262
240,10,0.337
240,11,0.226
240,12,0.207
240,13,0.208
240,14,0.335
240,15,0.247
240,16,0.221
240,17,0.185
240,18,1.022
240,19,0.451
240,20,0.23
240,21,0.268
240,22,0.283
240,23,0.846
240,24,0.311
240,25,0.267
240,26,1.946
240,27,0.456
240,28,0.426
240,29,0.615
240,30,0.555
240,31,1.437
240,32,1.152
240,33,0.622
240,34,0.498
240,35,0.499
240,36,0.38
240,37,0.296
240,38,0.892
240,39,0.559
240,40,0.705
240,41,0.476
240,42,0.427
240,43,0.641
240,44,0.676
240,45,0.777
240,46,0.698
240,47,0.7
240,48,0.797
388,1,0.628
388,2,0.398
388,3,0.199
388,4,0.195
388,5,0.214
388,6,0.326
388,7,0.27
388,8,0.191
388,9,0.191
388,10,0.195
388,11,0.194
388,12,0.234
388,13,0.319
388,14,0.271
388,15,0.189
388,16,0.193
388,17,0.621
388,18,0.584
388,19,0.659
388,20,0.397
388,21,0.412
388,22,0.399
388,23,0.658
388,24,0.513
388,25,1.257
388,26,0.855
388,27,0.989
388,28,1.035
388,29,0.474
388,30,0.433
388,31,0.539
388,32,0.501
388,33,0.402
388,34,0.397
388,35,0.674
388,36,0.631
388,37,0.783
388,38,0.889
388,39,0.729
388,40,0.529
388,41,0.458
388,42,0.431
388,43,0.524
388,44,0.981
388,45,0.489
388,46,0.513
388,47,0.591
388,48,0.566
389,1,0.63
389,2,0.359
389,3,0.305
389,4,0.231
389,5,0.237
389,6,0.233
389,7,0.218
389,8,0.234
389,9,0.335
389,10,0.266
389,11,0.193
389,12,0.193
389,13,0.192
389,14,0.191
389,15,0.191
389,16,0.311
389,17,0.301
389,18,0.169
389,19,0.201
389,20,0.408
389,21,0.336
389,22,0.444
389,23,0.801
389,24,0.524
389,25,0.456
389,26,1.869
389,27,1.573
389,28,0.48
389,29,0.666
389,30,0.618
389,31,0.568
389,32,0.405
389,33,0.328
389,34,0.362
389,35,0.57
389,36,0.815
389,37,1.006
389,38,0.834
389,39,0.929
389,40,0.864
389,41,0.821
389,42,0.742
389,43,1.011
389,44,0.768
389,45,0.675
389,46,0.736
389,47,0.541
389,48,0.63
390,1,0.556
390,2,0.229
390,3,0.194
390,4,0.188
390,5,0.187
390,6,0.19
390,7,0.31
390,8,0.312
390,9,0.191
390,10,0.192
390,11,0.187
390,12,0.183
390,13,0.171
390,14,0.229
390,15,0.419
390,16,1.145
390,17,0.976
390,18,0.49
390,19,0.245
390,20,0.276
390,21,0.469
390,22,0.999
390,23,0.506
390,24,0.338
390,25,0.249
390,26,0.311
390,27,0.312
390,28,0.302
390,29,0.436
390,30,0.362
390,31,0.239
390,32,0.342
390,33,0.36
390,34,0.306
390,35,0.384
390,36,0.694
390,37,1.18
390,38,0.849
390,39,0.633
390,40,0.634
390,41,0.697
390,42,0.633
390,43,0.519
390,44,0.535
390,45,0.703
390,46,0.703
390,47,0.73
390,48,0.552
391,1,0.21
391,2,0.194
391,3,0.193
391,4,0.191
391,5,0.189
391,6,0.273
391,7,0.291
391,8,0.241
391,9,0.231
391,10,0.233
391,11,0.21
391,12,0.212
391,13,0.195
391,14,0.321
391,15,0.272
391,16,1.319
391,17,0.882
391,18,0.658
391,19,1.775
391,20,0.658
391,21,0.535
391,22,1.095
391,23,1.662
391,24,0.488
391,25,0.636
391,26,0.429
391,27,0.422
391,28,0.529
391,29,0.475
391,30,0.283
391,31,0.239
391,32,0.233
391,33,0.349
391,34,0.545
391,35,0.406
391,36,0.654
391,37,0.887
391,38,0.858
391,39,1.064
391,40,0.702
391,41,0.59
391,42,0.641
391,43,0.57
391,44,0.794
391,45,0.712
391,46,0.623
391,47,0.584
391,48,0.355
392,1,0.234
392,2,0.315
392,3,0.358
392,4,0.246
392,5,0.233
392,6,0.199
392,7,0.187
392,8,0.212
392,9,0.319
392,10,0.26
392,11,0.188
392,12,0.188
392,13,0.182
392,14,0.618
392,15,0.568
392,16,1.603
392,17,2.479
392,18,0.723
392,19,0.369
392,20,2.007
392,21,1.392
392,22,1.761
392,23,0.798
392,24,0.408
392,25,0.244
392,26,0.235
392,27,0.306
392,28,0.464
392,29,0.489
392,30,0.413
392,31,0.471
392,32,0.519
392,33,0.679
392,34,0.653
392,35,0.667
392,36,0.531
392,37,0.505
392,38,0.558
392,39,0.73
392,40,0.727
392,41,1.038
392,42,0.744
392,43,0.735
392,44,0.794
392,45,2.525
392,46,0.863
392,47,0.71
392,48,0.505
393,1,0.471
393,2,0.327
393,3,0.277
393,4,0.182
393,5,0.183
393,6,0.185
393,7,0.185
393,8,0.317
393,9,0.291
393,10,0.195
393,11,0.185
393,12,0.188
393,13,0.181
393,14,0.255
393,15,0.309
393,16,1.186
393,17,0.979
393,18,0.608
393,19,0.237
393,20,0.362
393,21,0.305
393,22,0.31
393,23,0.901
393,24,0.319
393,25,0.295
393,26,0.367
393,27,0.26
393,28,0.223
393,29,0.221
393,30,0.219
393,31,0.297
393,32,0.348
393,33,0.478
393,34,0.452
393,35,0.485
393,36,0.482
393,37,0.831
393,38,1.125
393,39,0.839
393,40,0.77
393,41,0.758
393,42,0.793
393,43,0.702
393,44,0.775
393,45,0.779
393,46,0.811
393,47,0.695
393,48,0.593
394,1,0.509
394,2,0.263
394,3,0.197
394,4,0.194
394,5,0.321
394,6,0.27
394,7,0.197
394,8,0.198
394,9,0.184
394,10,0.183
394,11,0.291
394,12,0.296
394,13,0.182
394,14,0.188
394,15,0.195
394,16,0.767
394,17,0.802
394,18,1.9
394,19,0.492
394,20,0.422
394,21,0.438
394,22,0.459
394,23,0.983
394,24,0.693
394,25,0.404
394,26,0.437
394,27,0.358
394,28,0.664
394,29,0.44
394,30,0.35
394,31,0.41
394,32,0.668
394,33,0.657
394,34,0.545
394,35,0.71
394,36,0.507
394,37,0.698
394,38,0.84
394,39,0.596
394,40,0.634
394,41,1.306
394,42,0.885
394,43,0.769
394,44,1.032
394,45,0.617
394,46,0.749
394,47,0.991
394,48,0.721
395,1,0.657
395,2,0.33
395,3,0.223
395,4,0.322
395,5,0.248
395,6,0.191
395,7,0.189
395,8,0.189
395,9,0.268
395,10,0.313
395,11,0.194
395,12,0.186
395,13,0.186
395,14,0.183
395,15,0.226
395,16,0.316
395,17,0.232
395,18,0.176
395,19,0.68
395,20,0.938
395,21,0.473
395,22,0.751
395,23,0.703
395,24,0.404
395,25,0.418
395,26,0.577
395,27,0.872
395,28,1.985
395,29,1.63
395,30,0.357
395,31,0.469
395,32,0.576
395,33,0.613
395,34,0.496
395,35,0.756
395,36,0.703
395,37,0.953
395,38,0.873
395,39,0.724
395,40,0.772
395,41,1.004
395,42,0.795
395,43,0.685
395,44,0.726
395,45,0.998
395,46,0.919
395,47,1.051
395,48,1.008
396,1,0.916
396,2,0.921
396,3,0.895
396,4,0.401
396,5,0.314
396,6,0.245
396,7,0.196
396,8,0.197
396,9,0.197
396,10,0.195
396,11,0.324
396,12,0.285
396,13,0.187
396,14,0.186
396,15,0.184
396,16,0.181
396,17,0.219
396,18,0.301
396,19,0.251
396,20,0.18
396,21,0.241
396,22,0.793
396,23,0.837
396,24,0.802
396,25,1.352
396,26,1.259
396,27,1.758
396,28,0.586
396,29,0.486
396,30,0.469
396,31,0.569
396,32,0.803
396,33,0.68
396,34,0.5
396,35,1.425
396,36,1.845
396,37,2.124
396,38,0.723
396,39,0.652
396,40,0.585
396,41,0.695
396,42,0.594
396,43,0.638
396,44,0.61
396,45,0.552
396,46,0.611
396,47,0.503
396,48,0.479
397,1,0.545
397,2,0.455
397,3,0.227
397,4,0.185
397,5,0.185
397,6,0.186
397,7,0.185
397,8,0.304
397,9,0.275
397,10,0.173
397,11,0.183
397,12,0.182
397,13,0.183
397,14,0.179
397,15,0.285
397,16,1.052
397,17,0.705
397,18,0.327
397,19,1.708
397,20,0.506
397,21,0.819
397,22,0.503
397,23,0.464
397,24,0.555
397,25,0.366
397,26,0.509
397,27,0.531
397,28,0.463
397,29,0.492
397,30,0.356
397,31,0.356
397,32,0.369
397,33,0.686
397,34,0.527
397,35,0.614
397,36,0.84
397,37,1.231
397,38,1.092
397,39,0.961
397,40,1.025
397,41,0.926
397,42,1.001
397,43,0.994
397,44,0.957
397,45,0.823
397,46,0.843
397,47,0.562
397,48,0.561
398,1,0.385
398,2,0.314
398,3,0.367
398,4,0.407
398,5,0.323
398,6,0.28
398,7,0.281
398,8,0.279
398,9,0.283
398,10,0.375
398,11,0.415
398,12,0.325
398,13,0.271
398,14,0.232
398,15,0.241
398,16,1.304
398,17,1.232
398,18,0.622
398,19,0.282
398,20,0.157
398,21,0.162
398,22,0.161
398,23,0.51
398,24,0.233
398,25,0.297
398,26,0.212
398,27,0.174
398,28,0.16
398,29,0.16
398,30,0.156
398,31,0.183
398,32,0.29
398,33,0.374
398,34,0.268
398,35,0.312
398,36,0.323
398,37,0.356
398,38,0.745
398,39,1.221
398,40,1.203
398,41,1.369
398,42,1.19
398,43,1.169
398,44,1.079
398,45,2.108
398,46,1.27
398,47,0.524
398,48,0.289
399,1,0.257
399,2,0.258
399,3,0.257
399,4,0.379
399,5,0.392
399,6,0.284
399,7,0.248
399,8,0.218
399,9,0.217
399,10,0.22
399,11,0.312
399,12,0.35
399,13,0.251
399,14,0.22
399,15,0.216
399,16,1.053
399,17,1.27
399,18,0.621
399,19,0.481
399,20,1.194
399,21,1.206
399,22,0.87
399,23,0.344
399,24,0.242
399,25,0.198
399,26,0.287
399,27,0.232
399,28,0.155
399,29,0.156
399,30,0.155
399,31,0.564
399,32,0.328
399,33,0.611
399,34,0.554
399,35,0.729
399,36,0.816
399,37,1.123
399,38,0.852
399,39,1.024
399,40,1.164
399,41,1.104
399,42,0.836
399,43,0.906
399,44,0.906
399,45,0.706
399,46,0.693
399,47,0.552
399,48,0.249
400,1,0.283
400,2,0.317
400,3,0.197
400,4,0.193
400,5,0.192
400,6,0.183
400,7,0.234
400,8,0.313
400,9,0.238
400,10,0.183
400,11,0.183
400,12,0.181
400,13,0.177
400,14,0.262
400,15,0.318
400,16,1.089
400,17,0.761
400,18,0.765
400,19,1.455
400,20,1.137
400,21,0.601
400,22,0.52
400,23,0.782
400,24,0.395
400,25,0.336
400,26,0.466
400,27,0.503
400,28,0.333
400,29,0.293
400,30,0.475
400,31,0.395
400,32,0.353
400,33,0.554
400,34,0.548
400,35,0.811
400,36,0.871
400,37,1.0
400,38,1.027
400,39,1.02
400,40,1.077
400,41,1.285
400,42,1.377
400,43,1.16
400,44,1.032
400,45,0.977
400,46,0.751
400,47,0.845
400,48,0.704
401,1,0.37
401,2,0.186
401,3,0.212
401,4,0.193
401,5,0.283
401,6,0.317
401,7,0.242
401,8,0.202
401,9,0.193
401,10,0.187
401,11,0.222
401,12,0.334
401,13,0.282
401,14,0.177
401,15,0.18
401,16,0.861
401,17,0.792
401,18,0.626
401,19,0.931
401,20,1.02
401,21,0.791
401,22,0.49
401,23,1.75
401,24,0.908
401,25,0.498
401,26,0.307
401,27,0.272
401,28,0.238
401,29,0.236
401,30,0.313
401,31,0.382
401,32,0.47
401,33,0.584
401,34,0.674
401,35,0.777
401,36,1.051
401,37,0.563
401,38,0.422
401,39,0.695
401,40,0.57
401,41,0.772
401,42,0.717
401,43,0.596
401,44,0.568
401,45,0.636
401,46,0.921
401,47,0.813
401,48,0.576
402,1,0.21
402,2,0.219
402,3,0.312
402,4,0.395
402,5,0.349
402,6,0.278
402,7,0.27
402,8,0.264
402,9,0.265
402,10,0.404
402,11,0.352
402,12,0.264
402,13,0.263
402,14,0.228
402,15,0.18
402,16,0.266
402,17,0.307
402,18,0.193
402,19,0.175
402,20,0.435
402,21,0.603
402,22,1.334
402,23,2.182
402,24,0.828
402,25,0.367
402,26,0.596
402,27,0.465
402,28,0.657
402,29,0.591
402,30,0.585
402,31,0.606
402,32,0.563
402,33,0.736
402,34,0.695
402,35,1.988
402,36,1.246
402,37,1.256
402,38,1.392
402,39,1.016
402,40,0.961
402,41,0.955
402,42,0.838
402,43,0.968
402,44,0.801
402,45,0.557
402,46,0.516
402,47,0.512
402,48,0.624
403,1,0.641
403,2,0.518
403,3,0.51
403,4,0.296
403,5,0.262
403,6,0.385
403,7,0.378
403,8,0.29
403,9,0.238
403,10,0.191
403,11,0.182
403,12,0.265
403,13,0.307
403,14,0.204
403,15,0.198
403,16,0.183
403,17,0.181
403,18,0.179
403,19,0.321
403,20,0.532
403,21,0.339
403,22,0.351
403,23,0.257
403,24,0.526
403,25,0.643
403,26,0.924
403,27,0.425
403,28,1.086
403,29,0.712
403,30,1.037
403,31,0.907
403,32,0.867
403,33,0.698
403,34,0.85
403,35,0.745
403,36,0.797
403,37,1.041
403,38,1.725
403,39,0.99
403,40,0.99
403,41,0.853
403,42,0.883
403,43,0.983
403,44,0.783
403,45,0.684
403,46,0.641
403,47,0.578
403,48,0.688
404,1,0.515
404,2,0.19
404,3,0.187
404,4,0.185
404,5,0.186
404,6,0.303
404,7,0.311
404,8,0.199
404,9,0.192
404,10,0.189
404,11,0.185
404,12,0.227
404,13,0.319
404,14,0.245
404,15,0.188
404,16,1.11
404,17,0.924
404,18,1.301
404,19,0.457
404,20,0.391
404,21,0.247
404,22,0.248
404,23,0.247
404,24,0.24
404,25,0.604
404,26,0.438
404,27,0.363
404,28,0.297
404,29,0.286
404,30,0.23
404,31,0.232
404,32,0.376
404,33,0.62
404,34,0.479
404,35,0.373
404,36,0.306
404,37,1.94
404,38,0.936
404,39,0.96
404,40,0.965
404,41,0.774
404,42,0.796
404,43,1.083
404,44,0.787
404,45,0.89
404,46,0.827
404,47,0.361
404,48,0.187
405,1,0.185
405,2,0.188
405,3,0.253
405,4,0.318
405,5,0.239
405,6,0.201
405,7,0.186
405,8,0.18
405,9,0.181
405,10,0.267
405,11,0.305
405,12,0.215
405,13,0.179
405,14,0.183
405,15,0.191
405,16,0.981
405,17,1.02
405,18,0.703
405,19,1.28
405,20,2.029
405,21,0.863
405,22,0.518
405,23,0.551
405,24,0.458
405,25,0.541
405,26,0.632
405,27,0.236
405,28,0.234
405,29,0.23
405,30,0.331
405,31,0.347
405,32,0.225
405,33,0.487
405,34,0.36
405,35,0.433
405,36,0.588
405,37,0.733
405,38,1.046
405,39,0.785
405,40,0.8
405,41,1.092
405,42,1.069
405,43,0.655
405,44,0.72
405,45,0.689
405,46,0.803
405,47,0.746
405,48,0.553
406,1,0.244
406,2,0.185
406,3,0.218
406,4,0.313
406,5,0.234
406,6,0.183
406,7,0.184
406,8,0.179
406,9,0.176
406,10,0.288
406,11,0.299
406,12,0.184
406,13,0.178
406,14,0.18
406,15,0.181
406,16,1.171
406,17,0.952
406,18,0.713
406,19,0.395
406,20,0.402
406,21,1.326
406,22,0.884
406,23,0.879
406,24,0.473
406,25,0.371
406,26,0.334
406,27,0.333
406,28,0.324
406,29,0.313
406,30,0.469
406,31,0.422
406,32,0.279
406,33,0.664
406,34,0.459
406,35,0.583
406,36,0.989
406,37,1.236
406,38,1.162
406,39,0.822
406,40,0.958
406,41,0.879
406,42,0.716
406,43,0.628
406,44,0.582
406,45,0.545
406,46,0.684
406,47,0.625
406,48,0.488
407,1,0.485
407,2,0.331
407,3,0.182
407,4,0.304
407,5,0.265
407,6,0.186
407,7,0.187
407,8,0.186
407,9,0.19
407,10,0.204
407,11,0.298
407,12,0.281
407,13,0.182
407,14,0.179
407,15,0.156
407,16,1.108
407,17,0.892
407,18,0.729
407,19,0.352
407,20,0.231
407,21,0.235
407,22,0.228
407,23,0.656
407,24,0.281
407,25,0.359
407,26,0.311
407,27,0.216
407,28,0.228
407,29,0.228
407,30,0.231
407,31,0.28
407,32,0.348
407,33,0.612
407,34,0.348
407,35,0.327
407,36,0.545
407,37,0.677
407,38,1.005
407,39,1.531
407,40,0.765
407,41,2.192
407,42,1.585
407,43,0.793
407,44,0.857
407,45,0.927
407,46,0.69
407,47,0.548
407,48,0.541
408,1,0.468
408,2,0.411
408,3,0.351
408,4,0.277
408,5,0.281
408,6,0.293
408,7,0.294
408,8,0.375
408,9,0.379
408,10,0.277
408,11,0.247
408,12,0.245
408,13,0.242
408,14,0.237
408,15,0.313
408,16,0.985
408,17,0.705
408,18,0.646
408,19,1.411
408,20,0.646
408,21,0.556
408,22,0.474
408,23,0.665
408,24,0.272
408,25,0.544
408,26,2.232
408,27,1.13
408,28,0.534
408,29,0.411
408,30,0.227
408,31,0.231
408,32,1.599
408,33,1.227
408,34,0.741
408,35,0.518
408,36,0.639
408,37,0.824
408,38,1.386
408,39,1.872
408,40,2.044
408,41,1.132
408,42,2.729
408,43,2.279
408,44,1.982
408,45,0.881
408,46,0.756
408,47,0.708
408,48,0.713
409,1,0.659
409,2,0.657
409,3,0.31
409,4,0.189
409,5,0.189
409,6,0.191
409,7,0.184
409,8,0.276
409,9,0.309
409,10,0.219
409,11,0.2
409,12,0.185
409,13,0.185
409,14,0.185
409,15,0.291
409,16,0.305
409,17,0.249
409,18,0.826
409,19,0.893
409,20,0.582
409,21,0.382
409,22,0.569
409,23,0.648
409,24,0.843
409,25,0.545
409,26,0.548
409,27,0.559
409,28,0.63
409,29,0.773
409,30,1.194
409,31,0.554
409,32,0.652
409,33,0.72
409,34,0.588
409,35,0.675
409,36,0.881
409,37,1.032
409,38,3.433
409,39,1.276
409,40,0.74
409,41,0.694
409,42,0.697
409,43,0.668
409,44,0.78
409,45,0.651
409,46,0.544
409,47,0.661
409,48,0.679
410,1,0.663
410,2,0.736
410,3,0.333
410,4,0.194
410,5,0.191
410,6,0.189
410,7,0.204
410,8,0.251
410,9,0.321
410,10,0.278
410,11,0.19
410,12,0.191
410,13,0.189
410,14,0.193
410,15,0.209
410,16,0.317
410,17,0.304
410,18,0.181
410,19,0.23
410,20,0.537
410,21,0.461
410,22,0.604
410,23,0.561
410,24,1.489
410,25,0.977
410,26,0.48
410,27,0.451
410,28,1.005
410,29,0.905
410,30,0.817
410,31,0.602
410,32,0.634
410,33,0.775
410,34,0.802
410,35,0.898
410,36,0.983
410,37,0.773
410,38,0.844
410,39,0.72
410,40,1.14
410,41,0.756
410,42,0.873
410,43,0.757
410,44,0.834
410,45,0.968
410,46,1.008
410,47,0.755
410,48,0.563
411,1,0.245
411,2,0.188
411,3,0.27
411,4,0.312
411,5,0.19
411,6,0.188
411,7,0.2
411,8,0.21
411,9,0.245
411,10,0.319
411,11,0.221
411,12,0.185
411,13,0.199
411,14,0.193
411,15,0.183
411,16,0.299
411,17,0.282
411,18,0.807
411,19,0.965
411,20,0.48
411,21,0.168
411,22,0.245
411,23,0.287
411,24,0.188
411,25,0.152
411,26,0.161
411,27,0.24
411,28,1.833
411,29,1.299
411,30,0.781
411,31,1.037
411,32,0.692
411,33,0.54
411,34,0.563
411,35,0.8
411,36,1.252
411,37,1.097
411,38,0.646
411,39,0.804
411,40,0.787
411,41,0.682
411,42,1.405
411,43,1.341
411,44,0.856
411,45,0.709
411,46,0.667
411,47,0.676
411,48,0.642
412,1,0.34
412,2,0.359
412,3,0.368
412,4,0.2
412,5,0.186
412,6,0.182
412,7,0.2
412,8,0.276
412,9,0.309
412,10,0.201
412,11,0.183
412,12,0.182
412,13,0.176
412,14,0.199
412,15,0.328
412,16,0.599
412,17,0.716
412,18,1.128
412,19,0.332
412,20,0.451
412,21,0.509
412,22,0.526
412,23,0.415
412,24,0.624
412,25,0.567
412,26,0.678
412,27,0.761
412,28,0.639
412,29,0.535
412,30,0.693
412,31,0.763
412,32,0.704
412,33,0.765
412,34,0.498
412,35,0.366
412,36,0.487
412,37,0.612
412,38,0.897
412,39,0.859
412,40,0.75
412,41,0.904
412,42,0.712
412,43,0.694
412,44,0.76
412,45,0.595
412,46,0.644
412,47,0.663
412,48,0.603
413,1,0.305
413,2,0.292
413,3,0.182
413,4,0.182
413,5,0.184
413,6,0.185
413,7,0.299
413,8,0.285
413,9,0.188
413,10,0.184
413,11,0.181
413,12,0.183
413,13,0.239
413,14,0.297
413,15,0.209
413,16,0.787
413,17,0.717
413,18,0.477
413,19,0.322
413,20,0.449
413,21,0.519
413,22,0.484
413,23,0.765
413,24,0.753
413,25,0.302
413,26,0.386
413,27,0.448
413,28,0.629
413,29,0.352
413,30,0.322
413,31,0.342
413,32,0.396
413,33,0.512
413,34,0.59
413,35,0.489
413,36,0.445
413,37,0.691
413,38,0.851
413,39,1.346
413,40,1.524
413,41,0.917
413,42,0.922
413,43,0.871
413,44,2.761
413,45,1.082
413,46,0.788
413,47,0.742
413,48,0.518
414,1,0.467
414,2,0.306
414,3,0.307
414,4,0.251
414,5,0.184
414,6,0.195
414,7,0.188
414,8,0.187
414,9,0.249
414,10,0.309
414,11,0.221
414,12,0.167
414,13,0.186
414,14,0.187
414,15,0.181
414,16,0.691
414,17,0.715
414,18,0.61
414,19,0.309
414,20,0.468
414,21,0.396
414,22,0.408
414,23,0.647
414,24,0.863
414,25,0.466
414,26,0.363
414,27,0.388
414,28,0.69
414,29,0.466
414,30,0.568
414,31,0.602
414,32,0.537
414,33,0.531
414,34,0.476
414,35,0.533
414,36,0.602
414,37,1.018
414,38,0.751
414,39,0.836
414,40,0.805
414,41,1.212
414,42,0.766
414,43,0.782
414,44,0.738
414,45,0.788
414,46,0.982
414,47,0.697
414,48,0.822
415,1,0.733
415,2,0.367
415,3,0.39
415,4,0.293
415,5,0.261
415,6,0.258
415,7,0.265
415,8,0.308
415,9,0.367
415,10,0.297
415,11,0.239
415,12,0.243
415,13,0.238
415,14,0.237
415,15,0.323
415,16,0.352
415,17,0.261
415,18,0.577
415,19,0.312
415,20,0.352
415,21,0.518
415,22,1.591
415,23,0.913
415,24,0.954
415,25,1.573
415,26,1.314
415,27,0.512
415,28,0.463
415,29,1.101
415,30,0.741
415,31,0.552
415,32,0.486
415,33,0.491
415,34,0.6
415,35,0.842
415,36,0.727
415,37,0.898
415,38,0.805
415,39,0.734
415,40,0.834
415,41,0.673
415,42,0.717
415,43,0.704
415,44,0.692
415,45,0.693
415,46,0.903
415,47,1.087
415,48,0.935
