213,1,0.164
213,2,0.083
213,3,0.09
213,4,0.104
213,5,0.069
213,6,0.093
213,7,0.104
213,8,0.059
213,9,0.107
213,10,0.056
213,11,0.113
213,12,0.057
213,13,0.108
213,14,0.066
213,15,0.092
213,16,1.47
213,17,2.578
213,18,4.522
213,19,2.819
213,20,0.444
213,21,0.321
213,22,0.478
213,23,0.315
213,24,1.66
213,25,0.303
213,26,0.23
213,27,0.214
213,28,1.505
213,29,0.359
213,30,0.294
213,31,0.465
213,32,0.193
213,33,0.1
213,34,0.1
213,35,0.083
213,36,1.452
213,37,0.777
213,38,0.093
213,39,0.076
213,40,0.087
213,41,0.087
213,42,0.074
213,43,0.088
213,44,0.094
213,45,0.641
213,46,0.496
213,47,0.089
213,48,0.08
214,1,0.049
214,2,0.09
214,3,0.059
214,4,0.075
214,5,0.051
214,6,0.085
214,7,0.044
214,8,0.084
214,9,0.055
214,10,0.058
214,11,0.07
214,12,0.069
214,13,0.06
214,14,0.045
214,15,0.072
214,16,0.069
214,17,0.061
214,18,0.05
214,19,0.086
214,20,0.076
214,21,0.087
214,22,0.076
214,23,0.083
214,24,0.079
214,25,0.08
214,26,0.083
214,27,0.079
214,28,0.083
214,29,0.08
214,30,0.08
214,31,0.085
214,32,0.076
214,33,0.709
214,34,0.31
214,35,0.536
214,36,0.205
214,37,0.09
214,38,0.067
214,39,0.064
214,40,0.075
214,41,0.055
214,42,0.076
214,43,0.113
214,44,0.091
214,45,0.041
214,46,0.091
214,47,0.042
214,48,0.091
215,1,0.043
215,2,0.088
215,3,0.047
215,4,0.079
215,5,0.056
215,6,0.069
215,7,0.074
215,8,0.048
215,9,0.093
215,10,0.043
215,11,0.091
215,12,0.045
215,13,0.078
215,14,0.058
215,15,0.061
215,16,0.076
215,17,0.058
215,18,0.076
215,19,0.088
215,20,0.074
215,21,0.088
215,22,0.087
215,23,0.072
215,24,0.086
215,25,0.063
215,26,0.02
215,27,0.006
215,28,0.034
215,29,0.02
215,30,0.007
215,31,0.028
215,32,0.017
215,33,0.017
215,34,0.004
215,35,0.017
215,36,0.017
215,37,0.004
215,38,0.018
215,39,0.018
215,40,0.005
215,41,0.018
215,42,0.114
215,43,0.023
215,44,0.018
215,45,0.018
215,46,0.005
215,47,0.018
215,48,0.018
216,1,0.005
216,2,0.019
216,3,0.018
216,4,0.005
216,5,0.019
216,6,0.019
216,7,0.005
216,8,0.019
216,9,0.017
216,10,0.007
216,11,0.019
216,12,0.005
216,13,0.019
216,14,0.018
216,15,0.007
216,16,0.04
216,17,0.123
216,18,0.092
216,19,0.069
216,20,0.03
216,21,0.251
216,22,0.13
216,23,0.029
216,24,0.042
216,25,0.077
216,26,0.16
216,27,0.18
216,28,0.114
216,29,0.063
216,30,0.058
216,31,0.158
216,32,0.044
216,33,0.045
216,34,0.017
216,35,0.005
216,36,0.004
216,37,0.004
216,38,0.004
216,39,0.004
216,40,0.004
216,41,0.004
216,42,0.016
216,43,0.004
216,44,0.004
216,45,0.004
216,46,0.004
216,47,0.004
216,48,0.005
217,1,0.005
217,2,0.005
217,3,0.005
217,4,0.005
217,5,0.005
217,6,0.005
217,7,0.005
217,8,0.005
217,9,0.005
217,10,0.005
217,11,0.005
217,12,0.005
217,13,0.005
217,14,0.006
217,15,0.006
217,16,0.036
217,17,0.055
217,18,0.17
217,19,0.42
217,20,0.152
217,21,0.28
217,22,0.06
217,23,0.092
217,24,0.305
217,25,0.23
217,26,0.277
217,27,0.091
217,28,0.037
217,29,0.071
217,30,0.271
217,31,0.237
217,32,0.337
217,33,0.172
217,34,0.037
217,35,0.075
217,36,0.222
217,37,0.03
217,38,0.004
217,39,0.004
217,40,0.005
217,41,0.005
217,42,0.005
217,43,0.005
217,44,0.004
217,45,0.004
217,46,0.004
217,47,0.005
217,48,0.005
218,1,0.005
218,2,0.005
218,3,0.005
218,4,0.005
218,5,0.005
218,6,0.005
218,7,0.005
218,8,0.005
218,9,0.005
218,10,0.005
218,11,0.005
218,12,0.005
218,13,0.005
218,14,0.007
218,15,0.005
218,16,0.051
218,17,0.144
218,18,0.164
218,19,0.079
218,20,0.063
218,21,0.353
218,22,0.084
218,23,0.062
218,24,0.04
218,25,0.039
218,26,0.038
218,27,0.372
218,28,0.039
218,29,0.039
218,30,0.04
218,31,0.04
218,32,0.039
218,33,0.034
218,34,0.005
218,35,0.004
218,36,0.004
218,37,0.005
218,38,0.005
218,39,0.005
218,40,0.005
218,41,0.005
218,42,0.006
218,43,0.004
218,44,0.004
218,45,0.004
218,46,0.004
218,47,0.004
218,48,0.004
219,1,0.005
219,2,0.005
219,3,0.005
219,4,0.004
219,5,0.004
219,6,0.004
219,7,0.004
219,8,0.005
219,9,0.004
219,10,0.005
219,11,0.004
219,12,0.004
219,13,0.004
219,14,0.007
219,15,0.004
219,16,0.004
219,17,0.004
219,18,0.004
219,19,0.004
219,20,0.004
219,21,0.004
219,22,0.004
219,23,0.004
219,24,0.004
219,25,0.004
219,26,0.004
219,27,0.004
219,28,0.004
219,29,0.004
219,30,0.004
219,31,0.004
219,32,0.004
219,33,0.004
219,34,0.004
219,35,0.004
219,36,0.004
219,37,0.004
219,38,0.004
219,39,0.004
219,40,0.004
219,41,0.004
219,42,0.004
219,43,0.004
219,44,0.004
219,45,0.004
219,46,0.004
219,47,0.004
219,48,0.004
220,1,0.004
220,2,0.004
220,3,0.004
220,4,0.004
220,5,0.004
220,6,0.005
220,7,0.005
220,8,0.005
220,9,0.005
220,10,0.005
220,11,0.005
220,12,0.005
220,13,0.007
220,14,0.004
220,15,0.004
220,16,0.004
220,17,0.056
220,18,0.101
220,19,0.105
220,20,0.107
220,21,0.524
220,22,0.428
220,23,0.483
220,24,0.692
220,25,0.697
220,26,0.404
220,27,0.171
220,28,0.461
220,29,0.971
220,30,0.146
220,31,0.122
220,32,0.018
220,33,0.0
220,34,0.0
220,35,0.0
220,36,0.0
220,37,0.0
220,38,0.0
220,39,0.0
220,40,0.0
220,41,0.0
220,42,0.0
220,43,0.0
220,44,0.0
220,45,0.0
220,46,0.0
220,47,0.0
220,48,0.0
221,1,0.0
221,2,0.0
221,3,0.0
221,4,0.0
221,5,0.0
221,6,0.0
221,7,0.0
221,8,0.0
221,9,0.0
221,10,0.0
221,11,0.0
221,12,0.0
221,13,0.0
221,14,0.0
221,15,0.0
221,16,0.0
221,17,0.0
221,18,0.0
221,19,0.0
221,20,0.0
221,21,0.0
221,22,0.0
221,23,0.0
221,24,0.0
221,25,0.0
221,26,0.0
221,27,0.0
221,28,0.0
221,29,0.0
221,30,0.0
221,31,0.0
221,32,0.0
221,33,0.0
221,34,0.0
221,35,0.0
221,36,0.0
221,37,0.0
221,38,0.0
221,39,0.0
221,40,0.0
221,41,0.0
221,42,0.0
221,43,0.002
221,44,0.0
221,45,0.0
221,46,0.0
221,47,0.0
221,48,0.0
222,1,0.0
222,2,0.0
222,3,0.0
222,4,0.0
222,5,0.0
222,6,0.0
222,7,0.0
222,8,0.0
222,9,0.0
222,10,0.0
222,11,0.0
222,12,0.0
222,13,0.0
222,14,0.0
222,15,0.0
222,16,0.086
222,17,0.193
222,18,0.142
222,19,0.282
222,20,1.313
222,21,0.181
222,22,0.508
222,23,0.68
222,24,1.115
222,25,0.572
222,26,1.542
222,27,0.448
222,28,0.152
222,29,0.64
222,30,0.714
222,31,1.055
222,32,0.605
222,33,0.088
222,34,0.001
222,35,0.0
222,36,0.0
222,37,0.0
222,38,0.0
222,39,0.0
222,40,0.0
222,41,0.0
222,42,0.0
222,43,0.0
222,44,0.0
222,45,0.0
222,46,0.0
222,47,0.0
222,48,0.0
223,1,0.0
223,2,0.0
223,3,0.0
223,4,0.0
223,5,0.0
223,6,0.0
223,7,0.0
223,8,0.0
223,9,0.0
223,10,0.0
223,11,0.0
223,12,0.0
223,13,0.0
223,14,0.0
223,15,0.0
223,16,0.0
223,17,0.005
223,18,0.004
223,19,0.51
223,20,1.02
223,21,0.088
223,22,0.038
223,23,0.9
223,24,0.192
223,25,0.807
223,26,1.165
223,27,0.387
223,28,0.034
223,29,0.919
223,30,0.068
223,31,0.748
223,32,0.621
223,33,0.027
223,34,0.0
223,35,0.0
223,36,0.0
223,37,0.0
223,38,0.0
223,39,0.0
223,40,0.0
223,41,0.0
223,42,0.0
223,43,0.0
223,44,0.0
223,45,0.0
223,46,0.0
223,47,0.0
223,48,0.0
224,1,0.0
224,2,0.0
224,3,0.0
224,4,0.0
224,5,0.0
224,6,0.0
224,7,0.0
224,8,0.0
224,9,0.0
224,10,0.0
224,11,0.0
224,12,0.0
224,13,0.0
224,14,0.0
224,15,0.0
224,16,0.0
224,17,0.0
224,18,0.0
224,19,0.0
224,20,0.0
224,21,0.0
224,22,0.0
224,23,0.0
224,24,0.0
224,25,0.0
224,26,0.0
224,27,0.0
224,28,0.0
224,29,0.0
224,30,0.0
224,31,0.0
224,32,0.0
224,33,0.0
224,34,0.0
224,35,0.0
224,36,0.0
224,37,0.0
224,38,0.0
224,39,0.0
224,40,0.0
224,41,0.0
224,42,0.0
224,43,0.0
224,44,0.0
224,45,0.0
224,46,0.0
224,47,0.0
224,48,0.0
225,1,0.0
225,2,0.0
225,3,0.0
225,4,0.0
225,5,0.0
225,6,0.0
225,7,0.0
225,8,0.0
225,9,0.0
225,10,0.0
225,11,0.0
225,12,0.0
225,13,0.0
225,14,0.0
225,15,0.0
225,16,0.0
225,17,0.0
225,18,0.0
225,19,0.0
225,20,0.0
225,21,0.0
225,22,0.0
225,23,0.0
225,24,0.0
225,25,0.0
225,26,0.0
225,27,0.0
225,28,0.0
225,29,0.0
225,30,0.0
225,31,0.0
225,32,0.0
225,33,0.0
225,34,0.0
225,35,0.0
225,36,0.0
225,37,0.0
225,38,0.0
225,39,0.0
225,40,0.0
225,41,0.0
225,42,0.0
225,43,0.0
225,44,0.0
225,45,0.0
225,46,0.0
225,47,0.0
225,48,0.0
226,1,0.0
226,2,0.0
226,3,0.0
226,4,0.0
226,5,0.0
226,6,0.0
226,7,0.0
226,8,0.0
226,9,0.0
226,10,0.0
226,11,0.0
226,12,0.0
226,13,0.0
226,14,0.0
226,15,0.0
226,16,0.0
226,17,0.0
226,18,0.0
226,19,0.0
226,20,0.0
226,21,0.0
226,22,0.0
226,23,0.0
226,24,0.0
226,25,0.0
226,26,0.0
226,27,0.0
226,28,0.0
226,29,0.0
226,30,0.0
226,31,0.0
226,32,0.0
226,33,0.0
226,34,0.0
226,35,0.0
226,36,0.0
226,37,0.0
226,38,0.0
226,39,0.0
226,40,0.0
226,41,0.0
226,42,0.0
226,43,0.0
226,44,0.0
226,45,0.0
226,46,0.0
226,47,0.0
226,48,0.0
227,1,0.0
227,2,0.0
227,3,0.0
227,4,0.0
227,5,0.0
227,6,0.0
227,7,0.0
227,8,0.0
227,9,0.0
227,10,0.0
227,11,0.0
227,12,0.0
227,13,0.0
227,14,0.0
227,15,0.0
227,16,0.0
227,17,0.184
227,18,0.135
227,19,0.104
227,20,0.397
227,21,0.335
227,22,0.465
227,23,1.29
227,24,1.286
227,25,1.31
227,26,0.696
227,27,0.965
227,28,0.913
227,29,1.197
227,30,0.975
227,31,0.038
227,32,0.0
227,33,0.0
227,34,0.0
227,35,0.0
227,36,0.0
227,37,0.0
227,38,0.0
227,39,0.0
227,40,0.0
227,41,0.0
227,42,0.0
227,43,0.0
227,44,0.0
227,45,0.0
227,46,0.0
227,47,0.0
227,48,0.0
228,1,0.0
228,2,0.0
228,3,0.0
228,4,0.0
228,5,0.0
228,6,0.0
228,7,0.0
228,8,0.0
228,9,0.0
228,10,0.0
228,11,0.0
228,12,0.0
228,13,0.0
228,14,0.0
228,15,0.0
228,16,0.0
228,17,0.0
228,18,0.0
228,19,0.0
228,20,0.0
228,21,0.0
228,22,0.0
228,23,0.0
228,24,0.0
228,25,0.0
228,26,0.0
228,27,0.0
228,28,0.0
228,29,0.0
228,30,0.0
228,31,0.0
228,32,0.0
228,33,0.0
228,34,0.0
228,35,0.0
228,36,0.0
228,37,0.0
228,38,0.0
228,39,0.0
228,40,0.0
228,41,0.0
228,42,0.0
228,43,0.0
228,44,0.0
228,45,0.0
228,46,0.0
228,47,0.0
228,48,0.0
229,1,0.0
229,2,0.0
229,3,0.0
229,4,0.0
229,5,0.0
229,6,0.0
229,7,0.0
229,8,0.0
229,9,0.0
229,10,0.0
229,11,0.0
229,12,0.0
229,13,0.0
229,14,0.0
229,15,0.0
229,16,0.0
229,17,0.0
229,18,0.0
229,19,0.0
229,20,0.0
229,21,0.0
229,22,0.0
229,23,0.0
229,24,0.0
229,25,0.0
229,26,0.0
229,27,0.0
229,28,0.0
229,29,0.0
229,30,0.0
229,31,0.0
229,32,0.0
229,33,0.0
229,34,0.0
229,35,0.0
229,36,0.0
229,37,0.0
229,38,0.0
229,39,0.0
229,40,0.0
229,41,0.0
229,42,0.0
229,43,0.0
229,44,0.0
229,45,0.0
229,46,0.0
229,47,0.0
229,48,0.0
230,1,0.0
230,2,0.0
230,3,0.0
230,4,0.0
230,5,0.0
230,6,0.0
230,7,0.0
230,8,0.0
230,9,0.0
230,10,0.0
230,11,0.0
230,12,0.0
230,13,0.0
230,14,0.0
230,15,0.0
230,16,0.0
230,17,0.0
230,18,0.0
230,19,0.0
230,20,0.0
230,21,0.0
230,22,0.0
230,23,0.0
230,24,0.0
230,25,0.0
230,26,0.0
230,27,0.0
230,28,0.0
230,29,0.0
230,30,0.0
230,31,0.0
230,32,0.0
230,33,0.0
230,34,0.0
230,35,0.0
230,36,0.0
230,37,0.0
230,38,0.0
230,39,0.0
230,40,0.0
230,41,0.0
230,42,0.0
230,43,0.0
230,44,0.0
230,45,0.0
230,46,0.0
230,47,0.0
230,48,0.0
231,1,0.0
231,2,0.0
231,3,0.0
231,4,0.0
231,5,0.0
231,6,0.0
231,7,0.0
231,8,0.0
231,9,0.0
231,10,0.0
231,11,0.0
231,12,0.0
231,13,0.0
231,14,0.0
231,15,0.0
231,16,0.0
231,17,0.0
231,18,0.0
231,19,0.0
231,20,0.0
231,21,0.0
231,22,0.0
231,23,0.0
231,24,0.0
231,25,0.0
231,26,0.0
231,27,0.0
231,28,0.0
231,29,0.0
231,30,0.0
231,31,0.0
231,32,0.0
231,33,0.0
231,34,0.0
231,35,0.0
231,36,0.0
231,37,0.0
231,38,0.0
231,39,0.0
231,40,0.0
231,41,0.0
231,42,0.0
231,43,0.0
231,44,0.0
231,45,0.0
231,46,0.0
231,47,0.0
231,48,0.0
232,1,0.0
232,2,0.0
232,3,0.0
232,4,0.0
232,5,0.0
232,6,0.0
232,7,0.0
232,8,0.0
232,9,0.0
232,10,0.0
232,11,0.0
232,12,0.0
232,13,0.0
232,14,0.0
232,15,0.0
232,16,0.0
232,17,0.0
232,18,0.0
232,19,0.0
232,20,0.0
232,21,0.0
232,22,0.0
232,23,0.0
232,24,0.0
232,25,0.0
232,26,0.0
232,27,0.0
232,28,0.0
232,29,0.0
232,30,0.0
232,31,0.0
232,32,0.0
232,33,0.0
232,34,0.0
232,35,0.0
232,36,0.0
232,37,0.0
232,38,0.0
232,39,0.0
232,40,0.0
232,41,0.0
232,42,0.0
232,43,0.0
232,44,0.0
232,45,0.0
232,46,0.0
232,47,0.0
232,48,0.0
233,1,0.0
233,2,0.0
233,3,0.0
233,4,0.0
233,5,0.0
233,6,0.0
233,7,0.0
233,8,0.0
233,9,0.0
233,10,0.0
233,11,0.0
233,12,0.0
233,13,0.0
233,14,0.0
233,15,0.0
233,16,0.0
233,17,0.0
233,18,0.0
233,19,0.0
233,20,0.0
233,21,0.0
233,22,0.0
233,23,0.0
233,24,0.0
233,25,0.0
233,26,0.0
233,27,0.102
233,28,0.034
233,29,0.033
233,30,0.034
233,31,0.419
233,32,0.641
233,33,0.067
233,34,0.0
233,35,0.0
233,36,0.0
233,37,0.0
233,38,0.0
233,39,0.0
233,40,0.0
233,41,0.0
233,42,0.0
233,43,0.0
233,44,0.0
233,45,0.0
233,46,0.0
233,47,0.0
233,48,0.0
234,1,0.0
234,2,0.0
234,3,0.0
234,4,0.0
234,5,0.0
234,6,0.0
234,7,0.0
234,8,0.0
234,9,0.0
234,10,0.0
234,11,0.0
234,12,0.0
234,13,0.0
234,14,0.0
234,15,0.0
234,16,0.0
234,17,0.0
234,18,0.002
234,19,0.173
234,20,0.034
234,21,0.034
234,22,0.52
234,23,0.51
234,24,0.033
234,25,0.033
234,26,0.81
234,27,0.127
234,28,0.163
234,29,0.24
234,30,0.032
234,31,0.195
234,32,0.033
234,33,0.07
234,34,0.004
234,35,0.0
234,36,0.0
234,37,0.0
234,38,0.0
234,39,0.0
234,40,0.0
234,41,0.0
234,42,0.0
234,43,0.0
234,44,0.0
234,45,0.0
234,46,0.0
234,47,0.0
234,48,0.0
235,1,0.0
235,2,0.0
235,3,0.0
235,4,0.0
235,5,0.0
235,6,0.0
235,7,0.0
235,8,0.0
235,9,0.0
235,10,0.0
235,11,0.0
235,12,0.0
235,13,0.0
235,14,0.0
235,15,0.0
235,16,0.0
235,17,0.0
235,18,0.0
235,19,0.0
235,20,0.0
235,21,0.0
235,22,0.0
235,23,0.0
235,24,0.0
235,25,0.0
235,26,0.0
235,27,0.0
235,28,0.0
235,29,0.0
235,30,0.0
235,31,0.0
235,32,0.0
235,33,0.0
235,34,0.0
235,35,0.0
235,36,0.0
235,37,0.0
235,38,0.0
235,39,0.0
235,40,0.0
235,41,0.0
235,42,0.0
235,43,0.0
235,44,0.0
235,45,0.0
235,46,0.0
235,47,0.0
235,48,0.0
236,1,0.0
236,2,0.0
236,3,0.0
236,4,0.0
236,5,0.0
236,6,0.0
236,7,0.0
236,8,0.0
236,9,0.0
236,10,0.0
236,11,0.0
236,12,0.0
236,13,0.0
236,14,0.0
236,15,0.0
236,16,0.0
236,17,0.0
236,18,0.0
236,19,0.003
236,20,0.355
236,21,0.095
236,22,0.002
236,23,0.0
236,24,0.115
236,25,0.505
236,26,0.036
236,27,0.249
236,28,0.137
236,29,0.255
236,30,0.043
236,31,0.041
236,32,0.04
236,33,0.039
236,34,0.005
236,35,0.0
236,36,0.0
236,37,0.0
236,38,0.0
236,39,0.0
236,40,0.0
236,41,0.0
236,42,0.0
236,43,0.0
236,44,0.0
236,45,0.0
236,46,0.0
236,47,0.0
236,48,0.0
237,1,0.0
237,2,0.0
237,3,0.0
237,4,0.0
237,5,0.0
237,6,0.0
237,7,0.0
237,8,0.0
237,9,0.0
237,10,0.0
237,11,0.0
237,12,0.0
237,13,0.0
237,14,0.0
237,15,0.0
237,16,0.014
237,17,0.186
237,18,0.148
237,19,0.037
237,20,0.43
237,21,0.147
237,22,0.034
237,23,0.201
237,24,0.119
237,25,0.209
237,26,0.07
237,27,0.442
237,28,0.13
237,29,0.054
237,30,0.714
237,31,0.128
237,32,0.081
237,33,0.036
237,34,0.0
237,35,0.0
237,36,0.0
237,37,0.0
237,38,0.0
237,39,0.0
237,40,0.0
237,41,0.0
237,42,0.0
237,43,0.0
237,44,0.0
237,45,0.0
237,46,0.0
237,47,0.0
237,48,0.0
238,1,0.0
238,2,0.0
238,3,0.0
238,4,0.0
238,5,0.0
238,6,0.0
238,7,0.0
238,8,0.0
238,9,0.0
238,10,0.0
238,11,0.0
238,12,0.0
238,13,0.0
238,14,0.0
238,15,0.0
238,16,0.0
238,17,0.0
238,18,0.0
238,19,0.0
238,20,0.0
238,21,0.0
238,22,0.0
238,23,0.0
238,24,0.0
238,25,0.0
238,26,0.0
238,27,0.0
238,28,0.0
238,29,0.0
238,30,0.0
238,31,0.0
238,32,0.0
238,33,0.0
238,34,0.0
238,35,0.0
238,36,0.0
238,37,0.0
238,38,0.0
238,39,0.0
238,40,0.0
238,41,0.0
238,42,0.0
238,43,0.0
238,44,0.0
238,45,0.0
238,46,0.0
238,47,0.0
238,48,0.0
239,1,0.0
239,2,0.0
239,3,0.0
239,4,0.0
239,5,0.0
239,6,0.0
239,7,0.0
239,8,0.0
239,9,0.0
239,10,0.0
239,11,0.0
239,12,0.0
239,13,0.0
239,14,0.0
239,15,0.0
239,16,0.0
239,17,0.0
239,18,0.0
239,19,0.0
239,20,0.0
239,21,0.0
239,22,0.0
239,23,0.0
239,24,0.0
239,25,0.0
239,26,0.269
239,27,0.078
239,28,0.053
239,29,0.048
239,30,0.051
239,31,0.097
239,32,0.062
239,33,0.052
239,34,0.045
239,35,0.0
239,36,0.0
239,37,0.0
239,38,0.0
239,39,0.0
239,40,0.0
239,41,0.0
239,42,0.0
239,43,0.0
239,44,0.0
239,45,0.0
239,46,0.0
239,47,0.0
239,48,0.0
240,1,0.0
240,2,0.0
240,3,0.0
240,4,0.0
240,5,0.0
240,6,0.0
240,7,0.0
240,8,0.0
240,9,0.0
240,10,0.0
240,11,0.0
240,12,0.0
240,13,0.0
240,14,0.0
240,15,0.0
240,16,0.0
240,17,0.0
240,18,0.0
240,19,0.0
240,20,0.0
240,21,0.0
240,22,0.0
240,23,0.0
240,24,0.0
240,25,0.0
240,26,0.0
240,27,0.0
240,28,0.0
240,29,0.0
240,30,0.0
240,31,0.0
240,32,0.0
240,33,0.0
240,34,0.0
240,35,0.0
240,36,0.0
240,37,0.0
240,38,0.0
240,39,0.0
240,40,0.0
240,41,0.0
240,42,0.0
240,43,0.0
240,44,0.0
240,45,0.0
240,46,0.0
240,47,0.0
240,48,0.0
388,1,0.098
388,2,0.099
388,3,0.152
388,4,0.133
388,5,0.102
388,6,0.077
388,7,0.102
388,8,0.083
388,9,0.087
388,10,0.102
388,11,0.07
388,12,0.082
388,13,0.088
388,14,0.104
388,15,0.257
388,16,0.317
388,17,0.624
388,18,0.764
388,19,1.748
388,20,3.153
388,21,1.541
388,22,1.014
388,23,2.093
388,24,0.145
388,25,0.666
388,26,1.872
388,27,0.962
388,28,0.288
388,29,0.474
388,30,0.226
388,31,0.178
388,32,0.18
388,33,0.191
388,34,1.7
388,35,4.419
388,36,2.153
388,37,1.588
388,38,1.011
388,39,0.817
388,40,1.133
388,41,0.851
388,42,0.362
388,43,0.896
388,44,0.195
388,45,0.163
388,46,0.159
388,47,0.151
388,48,0.159
389,1,0.147
389,2,0.143
389,3,0.177
389,4,0.15
389,5,0.083
389,6,0.093
389,7,0.092
389,8,0.06
389,9,0.094
389,10,0.09
389,11,0.059
389,12,0.096
389,13,0.081
389,14,0.087
389,15,0.215
389,16,0.531
389,17,1.031
389,18,0.518
389,19,1.62
389,20,0.603
389,21,2.054
389,22,0.905
389,23,1.329
389,24,0.158
389,25,0.168
389,26,1.378
389,27,0.125
389,28,0.09
389,29,0.094
389,30,0.071
389,31,0.096
389,32,0.305
389,33,0.884
389,34,0.329
389,35,2.031
389,36,2.07
389,37,0.878
389,38,0.597
389,39,2.212
389,40,2.831
389,41,1.638
389,42,1.138
389,43,0.938
389,44,3.806
389,45,1.721
389,46,0.427
389,47,0.174
389,48,0.186
390,1,0.087
390,2,0.084
390,3,0.085
390,4,0.099
390,5,0.07
390,6,0.076
390,7,0.088
390,8,0.074
390,9,0.062
390,10,0.084
390,11,0.074
390,12,0.058
390,13,0.085
390,14,0.192
390,15,0.323
390,16,1.529
390,17,0.649
390,18,0.332
390,19,0.288
390,20,1.034
390,21,0.137
390,22,0.132
390,23,0.343
390,24,0.143
390,25,0.07
390,26,0.295
390,27,0.154
390,28,0.086
390,29,0.178
390,30,0.289
390,31,0.065
390,32,0.087
390,33,0.163
390,34,0.21
390,35,0.299
390,36,1.151
390,37,2.68
390,38,0.863
390,39,1.715
390,40,0.614
390,41,0.714
390,42,0.575
390,43,0.576
390,44,0.388
390,45,0.391
390,46,0.199
390,47,0.067
390,48,0.079
391,1,0.087
391,2,0.059
391,3,0.062
391,4,0.078
391,5,0.065
391,6,0.064
391,7,0.077
391,8,0.061
391,9,0.065
391,10,0.078
391,11,0.063
391,12,0.059
391,13,0.078
391,14,0.173
391,15,0.269
391,16,1.527
391,17,1.593
391,18,0.213
391,19,0.159
391,20,2.02
391,21,0.071
391,22,0.086
391,23,0.089
391,24,0.129
391,25,0.081
391,26,0.459
391,27,0.239
391,28,0.084
391,29,0.095
391,30,0.091
391,31,0.097
391,32,0.201
391,33,0.228
391,34,0.132
391,35,0.252
391,36,1.713
391,37,0.706
391,38,0.471
391,39,0.574
391,40,0.578
391,41,0.438
391,42,0.404
391,43,0.694
391,44,0.674
391,45,0.493
391,46,0.379
391,47,0.47
391,48,0.178
392,1,0.156
392,2,0.153
392,3,0.158
392,4,0.155
392,5,0.155
392,6,0.137
392,7,0.156
392,8,0.155
392,9,0.15
392,10,0.141
392,11,0.163
392,12,0.154
392,13,0.145
392,14,0.165
392,15,0.56
392,16,1.071
392,17,1.024
392,18,2.382
392,19,1.155
392,20,0.17
392,21,0.135
392,22,0.182
392,23,0.076
392,24,0.508
392,25,0.094
392,26,0.187
392,27,0.176
392,28,0.414
392,29,1.256
392,30,0.131
392,31,0.871
392,32,0.522
392,33,0.089
392,34,0.122
392,35,0.419
392,36,1.786
392,37,1.336
392,38,1.533
392,39,1.079
392,40,0.885
392,41,0.753
392,42,0.375
392,43,0.635
392,44,0.64
392,45,0.542
392,46,0.571
392,47,0.361
392,48,0.133
393,1,0.087
393,2,0.077
393,3,0.087
393,4,0.097
393,5,0.071
393,6,0.08
393,7,0.092
393,8,0.075
393,9,0.075
393,10,0.087
393,11,0.076
393,12,0.078
393,13,0.091
393,14,0.176
393,15,0.179
393,16,1.029
393,17,1.013
393,18,0.619
393,19,0.769
393,20,0.524
393,21,0.581
393,22,0.788
393,23,0.55
393,24,0.846
393,25,0.611
393,26,0.798
393,27,0.915
393,28,0.584
393,29,0.521
393,30,0.37
393,31,0.81
393,32,0.634
393,33,0.726
393,34,0.374
393,35,0.672
393,36,2.471
393,37,1.88
393,38,1.225
393,39,0.759
393,40,1.5
393,41,0.832
393,42,0.698
393,43,2.512
393,44,1.248
393,45,0.463
393,46,0.301
393,47,0.221
393,48,0.086
394,1,0.106
394,2,0.092
394,3,0.079
394,4,0.08
394,5,0.094
394,6,0.086
394,7,0.088
394,8,0.079
394,9,0.098
394,10,0.07
394,11,0.062
394,12,0.088
394,13,0.086
394,14,0.175
394,15,0.254
394,16,1.428
394,17,0.744
394,18,0.456
394,19,0.088
394,20,2.747
394,21,2.423
394,22,2.566
394,23,1.442
394,24,0.203
394,25,0.276
394,26,0.313
394,27,0.132
394,28,0.16
394,29,0.104
394,30,0.114
394,31,0.165
394,32,0.186
394,33,0.155
394,34,0.167
394,35,0.259
394,36,1.913
394,37,2.526
394,38,3.469
394,39,0.956
394,40,1.153
394,41,1.241
394,42,1.16
394,43,1.404
394,44,1.57
394,45,0.451
394,46,0.655
394,47,1.389
394,48,0.348
395,1,0.086
395,2,0.071
395,3,0.071
395,4,0.09
395,5,0.067
395,6,0.063
395,7,0.089
395,8,0.071
395,9,0.061
395,10,0.079
395,11,0.075
395,12,0.048
395,13,0.076
395,14,0.105
395,15,0.173
395,16,0.184
395,17,0.726
395,18,0.234
395,19,0.251
395,20,0.965
395,21,0.313
395,22,0.071
395,23,0.086
395,24,0.072
395,25,0.087
395,26,0.166
395,27,0.166
395,28,0.104
395,29,0.076
395,30,0.089
395,31,0.331
395,32,0.214
395,33,1.544
395,34,0.398
395,35,1.302
395,36,1.353
395,37,2.618
395,38,2.151
395,39,1.182
395,40,0.939
395,41,0.544
395,42,0.265
395,43,0.266
395,44,0.362
395,45,0.345
395,46,0.499
395,47,0.105
395,48,0.091
396,1,0.068
396,2,0.094
396,3,0.093
396,4,0.085
396,5,0.087
396,6,0.094
396,7,0.081
396,8,0.076
396,9,0.093
396,10,0.09
396,11,0.065
396,12,0.088
396,13,0.09
396,14,0.154
396,15,0.368
396,16,1.129
396,17,0.41
396,18,0.171
396,19,0.289
396,20,0.586
396,21,0.388
396,22,0.113
396,23,1.758
396,24,1.956
396,25,0.326
396,26,1.222
396,27,0.305
396,28,0.084
396,29,0.085
396,30,0.071
396,31,0.077
396,32,0.085
396,33,0.078
396,34,0.067
396,35,0.102
396,36,0.114
396,37,0.09
396,38,0.191
396,39,0.15
396,40,0.117
396,41,0.891
396,42,0.792
396,43,0.806
396,44,0.868
396,45,1.715
396,46,0.553
396,47,0.209
396,48,0.17
397,1,0.108
397,2,0.078
397,3,0.062
397,4,0.081
397,5,0.079
397,6,0.056
397,7,0.081
397,8,0.08
397,9,0.057
397,10,0.077
397,11,0.08
397,12,0.055
397,13,0.103
397,14,0.172
397,15,0.204
397,16,1.362
397,17,0.526
397,18,0.078
397,19,0.071
397,20,0.08
397,21,0.491
397,22,0.86
397,23,0.161
397,24,0.077
397,25,0.058
397,26,0.422
397,27,0.085
397,28,0.061
397,29,0.082
397,30,0.396
397,31,0.146
397,32,0.126
397,33,0.136
397,34,0.127
397,35,0.201
397,36,0.999
397,37,2.721
397,38,0.981
397,39,0.811
397,40,0.528
397,41,0.392
397,42,0.36
397,43,1.221
397,44,0.401
397,45,0.278
397,46,0.269
397,47,0.572
397,48,0.821
398,1,0.139
398,2,1.039
398,3,0.326
398,4,0.06
398,5,0.076
398,6,0.074
398,7,0.048
398,8,0.079
398,9,0.065
398,10,0.063
398,11,0.072
398,12,0.052
398,13,0.101
398,14,0.166
398,15,0.159
398,16,0.986
398,17,0.903
398,18,0.426
398,19,0.122
398,20,0.392
398,21,0.127
398,22,0.119
398,23,0.106
398,24,0.127
398,25,0.335
398,26,0.45
398,27,0.107
398,28,0.063
398,29,0.219
398,30,0.094
398,31,0.097
398,32,0.189
398,33,0.164
398,34,0.114
398,35,0.728
398,36,3.335
398,37,1.805
398,38,0.84
398,39,0.486
398,40,0.551
398,41,0.492
398,42,0.465
398,43,0.403
398,44,0.496
398,45,0.874
398,46,0.6
398,47,0.432
398,48,2.754
399,1,0.303
399,2,0.299
399,3,1.156
399,4,0.158
399,5,0.082
399,6,0.06
399,7,0.089
399,8,0.074
399,9,0.072
399,10,0.09
399,11,0.06
399,12,0.08
399,13,0.107
399,14,0.153
399,15,0.147
399,16,0.991
399,17,0.943
399,18,0.32
399,19,1.777
399,20,0.175
399,21,0.148
399,22,0.13
399,23,0.182
399,24,0.184
399,25,0.093
399,26,0.4
399,27,0.106
399,28,0.176
399,29,0.132
399,30,0.288
399,31,0.14
399,32,0.167
399,33,0.164
399,34,0.108
399,35,0.133
399,36,0.631
399,37,2.213
399,38,2.76
399,39,1.32
399,40,0.951
399,41,0.528
399,42,0.584
399,43,0.416
399,44,0.426
399,45,0.373
399,46,0.362
399,47,0.314
399,48,0.328
400,1,0.401
400,2,0.979
400,3,0.162
400,4,0.922
400,5,0.402
400,6,0.091
400,7,0.076
400,8,0.069
400,9,0.087
400,10,0.072
400,11,0.071
400,12,0.08
400,13,0.098
400,14,0.167
400,15,0.251
400,16,1.184
400,17,0.666
400,18,0.133
400,19,0.049
400,20,0.074
400,21,0.072
400,22,0.742
400,23,0.363
400,24,0.1
400,25,0.217
400,26,0.26
400,27,0.1
400,28,0.147
400,29,0.167
400,30,0.074
400,31,0.381
400,32,0.185
400,33,0.233
400,34,0.208
400,35,0.284
400,36,1.661
400,37,2.748
400,38,2.829
400,39,0.983
400,40,0.812
400,41,0.522
400,42,0.543
400,43,0.485
400,44,0.355
400,45,0.672
400,46,1.237
400,47,0.837
400,48,0.197
401,1,0.139
401,2,0.197
401,3,0.089
401,4,0.07
401,5,0.095
401,6,0.086
401,7,0.071
401,8,0.094
401,9,0.079
401,10,0.074
401,11,0.093
401,12,0.076
401,13,0.1
401,14,0.189
401,15,0.199
401,16,1.054
401,17,1.987
401,18,0.207
401,19,0.246
401,20,0.388
401,21,0.1
401,22,0.239
401,23,0.879
401,24,0.449
401,25,0.085
401,26,0.154
401,27,0.19
401,28,1.283
401,29,0.161
401,30,0.415
401,31,1.163
401,32,0.085
401,33,0.34
401,34,0.109
401,35,0.299
401,36,1.52
401,37,0.876
401,38,0.989
401,39,0.992
401,40,0.861
401,41,0.669
401,42,0.747
401,43,0.568
401,44,0.611
401,45,0.47
401,46,0.344
401,47,0.075
401,48,0.098
402,1,0.097
402,2,0.066
402,3,0.096
402,4,0.08
402,5,0.073
402,6,0.094
402,7,0.086
402,8,0.092
402,9,0.088
402,10,0.065
402,11,0.078
402,12,0.087
402,13,0.058
402,14,0.109
402,15,0.186
402,16,0.063
402,17,0.113
402,18,0.677
402,19,0.221
402,20,0.644
402,21,1.346
402,22,0.161
402,23,0.289
402,24,0.183
402,25,0.115
402,26,0.516
402,27,1.083
402,28,2.869
402,29,2.406
402,30,0.333
402,31,0.264
402,32,0.437
402,33,0.219
402,34,0.113
402,35,0.133
402,36,0.845
402,37,2.557
402,38,1.668
402,39,3.202
402,40,2.326
402,41,0.563
402,42,1.106
402,43,1.665
402,44,0.888
402,45,1.023
402,46,0.913
402,47,0.353
402,48,0.153
403,1,0.273
403,2,0.1
403,3,0.158
403,4,0.207
403,5,0.091
403,6,0.262
403,7,0.063
403,8,0.284
403,9,0.092
403,10,0.261
403,11,0.088
403,12,0.086
403,13,0.236
403,14,0.115
403,15,0.355
403,16,0.083
403,17,0.615
403,18,0.372
403,19,0.264
403,20,1.027
403,21,0.987
403,22,1.738
403,23,1.544
403,24,1.966
403,25,0.814
403,26,2.494
403,27,3.136
403,28,1.429
403,29,0.913
403,30,0.37
403,31,0.071
403,32,0.087
403,33,0.084
403,34,0.451
403,35,0.687
403,36,1.164
403,37,2.049
403,38,1.269
403,39,1.078
403,40,1.636
403,41,1.101
403,42,0.716
403,43,0.681
403,44,0.672
403,45,0.544
403,46,0.28
403,47,0.849
403,48,1.364
404,1,0.194
404,2,0.149
404,3,0.146
404,4,0.137
404,5,0.081
404,6,0.067
404,7,0.086
404,8,0.077
404,9,0.075
404,10,0.093
404,11,0.063
404,12,0.076
404,13,0.111
404,14,0.151
404,15,0.266
404,16,0.495
404,17,2.406
404,18,1.168
404,19,0.136
404,20,0.864
404,21,0.495
404,22,0.839
404,23,0.329
404,24,0.081
404,25,0.06
404,26,0.161
404,27,0.29
404,28,0.097
404,29,0.269
404,30,0.077
404,31,0.26
404,32,0.149
404,33,0.123
404,34,0.115
404,35,0.22
404,36,1.149
404,37,2.027
404,38,0.917
404,39,0.733
404,40,0.591
404,41,0.52
404,42,0.337
404,43,1.481
404,44,0.998
404,45,0.634
404,46,0.31
404,47,0.191
404,48,0.107
405,1,0.076
405,2,0.067
405,3,0.082
405,4,0.082
405,5,0.074
405,6,0.065
405,7,0.077
405,8,0.087
405,9,0.073
405,10,0.06
405,11,0.077
405,12,0.08
405,13,0.082
405,14,0.156
405,15,0.352
405,16,1.323
405,17,0.264
405,18,1.375
405,19,1.574
405,20,1.355
405,21,1.774
405,22,0.432
405,23,0.338
405,24,0.299
405,25,0.317
405,26,1.043
405,27,0.648
405,28,1.525
405,29,0.717
405,30,0.228
405,31,1.48
405,32,0.321
405,33,0.244
405,34,0.214
405,35,0.167
405,36,1.453
405,37,0.78
405,38,0.982
405,39,0.716
405,40,0.4
405,41,0.326
405,42,0.377
405,43,0.584
405,44,0.505
405,45,0.391
405,46,0.356
405,47,0.621
405,48,1.438
406,1,0.176
406,2,0.134
406,3,0.134
406,4,0.126
406,5,0.056
406,6,0.072
406,7,0.077
406,8,0.047
406,9,0.078
406,10,0.07
406,11,0.048
406,12,0.073
406,13,0.094
406,14,0.156
406,15,0.346
406,16,1.299
406,17,0.358
406,18,0.122
406,19,0.892
406,20,0.546
406,21,0.086
406,22,0.056
406,23,0.075
406,24,0.336
406,25,0.112
406,26,0.37
406,27,0.07
406,28,0.115
406,29,0.091
406,30,0.186
406,31,0.06
406,32,0.078
406,33,0.059
406,34,0.083
406,35,0.224
406,36,0.183
406,37,0.875
406,38,1.285
406,39,0.912
406,40,0.548
406,41,0.465
406,42,0.323
406,43,1.465
406,44,3.515
406,45,1.766
406,46,0.815
406,47,0.243
406,48,0.136
407,1,0.083
407,2,0.082
407,3,0.048
407,4,0.081
407,5,0.074
407,6,0.051
407,7,0.077
407,8,0.071
407,9,0.058
407,10,0.075
407,11,0.064
407,12,0.049
407,13,0.1
407,14,0.159
407,15,0.274
407,16,1.07
407,17,0.855
407,18,0.403
407,19,1.279
407,20,0.464
407,21,0.237
407,22,0.243
407,23,0.065
407,24,0.088
407,25,0.382
407,26,0.514
407,27,0.478
407,28,0.997
407,29,0.142
407,30,1.284
407,31,0.465
407,32,0.105
407,33,0.087
407,34,0.092
407,35,0.191
407,36,1.32
407,37,0.737
407,38,0.545
407,39,0.738
407,40,0.666
407,41,0.27
407,42,0.658
407,43,2.39
407,44,1.327
407,45,1.236
407,46,0.257
407,47,0.106
407,48,0.093
408,1,0.069
408,2,0.092
408,3,0.086
408,4,0.063
408,5,0.094
408,6,0.076
408,7,0.065
408,8,0.093
408,9,0.07
408,10,0.071
408,11,0.075
408,12,0.07
408,13,0.101
408,14,0.182
408,15,0.231
408,16,1.25
408,17,0.382
408,18,0.068
408,19,0.084
408,20,0.091
408,21,0.693
408,22,1.312
408,23,0.088
408,24,0.143
408,25,0.178
408,26,0.161
408,27,0.121
408,28,0.182
408,29,0.278
408,30,0.07
408,31,0.162
408,32,0.171
408,33,0.168
408,34,0.091
408,35,0.975
408,36,2.033
408,37,2.597
408,38,3.367
408,39,0.911
408,40,0.968
408,41,0.761
408,42,0.639
408,43,1.398
408,44,0.409
408,45,0.965
408,46,1.114
408,47,0.155
408,48,0.114
409,1,0.08
409,2,0.086
409,3,0.094
409,4,0.066
409,5,0.077
409,6,0.092
409,7,0.063
409,8,0.075
409,9,0.086
409,10,0.07
409,11,0.059
409,12,0.084
409,13,0.087
409,14,0.147
409,15,0.196
409,16,0.739
409,17,1.48
409,18,0.693
409,19,0.819
409,20,0.205
409,21,0.354
409,22,0.214
409,23,1.079
409,24,1.604
409,25,0.583
409,26,0.957
409,27,0.715
409,28,0.172
409,29,0.183
409,30,0.593
409,31,0.133
409,32,0.141
409,33,0.125
409,34,1.622
409,35,1.936
409,36,2.301
409,37,0.726
409,38,0.963
409,39,0.912
409,40,2.069
409,41,0.929
409,42,0.73
409,43,1.541
409,44,0.795
409,45,0.279
409,46,0.279
409,47,0.592
409,48,0.19
410,1,0.097
410,2,0.09
410,3,0.073
410,4,0.109
410,5,0.092
410,6,0.067
410,7,0.078
410,8,0.085
410,9,0.063
410,10,0.082
410,11,0.085
410,12,0.058
410,13,0.108
410,14,0.166
410,15,0.157
410,16,0.219
410,17,0.921
410,18,0.401
410,19,0.839
410,20,1.408
410,21,1.04
410,22,0.418
410,23,0.608
410,24,0.243
410,25,0.421
410,26,0.136
410,27,1.187
410,28,0.576
410,29,0.457
410,30,1.167
410,31,0.546
410,32,0.52
410,33,0.367
410,34,1.324
410,35,0.13
410,36,1.298
410,37,2.951
410,38,1.044
410,39,3.565
410,40,2.482
410,41,1.567
410,42,1.446
410,43,0.709
410,44,0.901
410,45,0.251
410,46,0.575
410,47,0.081
410,48,0.267
411,1,0.085
411,2,0.066
411,3,0.316
411,4,0.085
411,5,0.063
411,6,0.237
411,7,0.079
411,8,0.18
411,9,0.127
411,10,0.073
411,11,0.219
411,12,0.083
411,13,0.361
411,14,0.165
411,15,0.447
411,16,2.44
411,17,0.865
411,18,0.365
411,19,0.367
411,20,1.3
411,21,0.968
411,22,0.733
411,23,0.172
411,24,0.254
411,25,0.1
411,26,0.232
411,27,0.526
411,28,0.091
411,29,0.447
411,30,0.093
411,31,0.279
411,32,0.159
411,33,0.389
411,34,0.197
411,35,0.343
411,36,1.528
411,37,1.048
411,38,0.675
411,39,1.141
411,40,0.923
411,41,0.585
411,42,0.968
411,43,1.876
411,44,1.675
411,45,1.961
411,46,1.252
411,47,0.777
411,48,0.323
412,1,1.254
412,2,0.06
412,3,0.26
412,4,0.08
412,5,0.059
412,6,0.245
412,7,0.07
412,8,0.242
412,9,0.087
412,10,0.053
412,11,0.236
412,12,0.081
412,13,0.277
412,14,0.189
412,15,0.348
412,16,1.434
412,17,1.134
412,18,0.705
412,19,0.1
412,20,0.255
412,21,0.301
412,22,0.423
412,23,0.229
412,24,0.055
412,25,0.246
412,26,0.471
412,27,0.295
412,28,0.085
412,29,0.243
412,30,0.235
412,31,0.264
412,32,0.369
412,33,0.438
412,34,0.83
412,35,0.082
412,36,1.951
412,37,1.912
412,38,1.657
412,39,1.038
412,40,0.557
412,41,0.551
412,42,0.42
412,43,0.397
412,44,0.303
412,45,1.175
412,46,0.205
412,47,0.325
412,48,1.28
413,1,0.082
413,2,0.052
413,3,0.087
413,4,0.071
413,5,0.059
413,6,0.082
413,7,0.06
413,8,0.074
413,9,0.079
413,10,0.055
413,11,0.077
413,12,0.069
413,13,0.115
413,14,0.215
413,15,0.461
413,16,0.998
413,17,1.997
413,18,1.085
413,19,0.409
413,20,0.133
413,21,0.142
413,22,0.075
413,23,0.056
413,24,0.07
413,25,1.035
413,26,0.387
413,27,0.094
413,28,0.112
413,29,0.067
413,30,0.277
413,31,0.111
413,32,0.062
413,33,0.09
413,34,0.076
413,35,0.457
413,36,2.326
413,37,1.341
413,38,0.925
413,39,1.371
413,40,1.205
413,41,0.433
413,42,0.805
413,43,0.627
413,44,0.316
413,45,0.185
413,46,0.088
413,47,0.101
413,48,0.109
414,1,0.082
414,2,0.114
414,3,0.099
414,4,0.068
414,5,0.089
414,6,0.091
414,7,0.072
414,8,0.096
414,9,0.086
414,10,0.063
414,11,0.092
414,12,0.086
414,13,0.145
414,14,0.207
414,15,0.303
414,16,2.914
414,17,3.165
414,18,1.266
414,19,2.358
414,20,1.294
414,21,0.234
414,22,1.128
414,23,0.089
414,24,0.073
414,25,0.172
414,26,0.389
414,27,0.21
414,28,0.198
414,29,0.161
414,30,0.465
414,31,1.622
414,32,0.215
414,33,0.159
414,34,0.199
414,35,0.202
414,36,0.932
414,37,0.662
414,38,2.146
414,39,1.029
414,40,0.982
414,41,0.54
414,42,1.136
414,43,1.892
414,44,3.208
414,45,1.103
414,46,0.77
414,47,0.26
414,48,0.186
415,1,0.09
415,2,0.077
415,3,0.098
415,4,0.08
415,5,0.089
415,6,0.108
415,7,0.061
415,8,0.097
415,9,0.083
415,10,0.076
415,11,0.087
415,12,0.076
415,13,0.142
415,14,0.199
415,15,0.162
415,16,0.913
415,17,0.538
415,18,0.337
415,19,0.363
415,20,0.153
415,21,0.069
415,22,0.081
415,23,0.101
415,24,0.077
415,25,0.701
415,26,0.406
415,27,0.127
415,28,0.179
415,29,0.097
415,30,0.425
415,31,0.179
415,32,1.505
415,33,0.311
415,34,0.214
415,35,1.356
415,36,1.79
415,37,1.378
415,38,0.767
415,39,0.57
415,40,0.502
415,41,0.547
415,42,0.303
415,43,0.322
415,44,0.55
415,45,0.299
415,46,0.292
415,47,0.45
415,48,0.175
