213,1,0.179
213,2,0.172
213,3,0.107
213,4,0.083
213,5,0.082
213,6,0.157
213,7,0.175
213,8,0.158
213,9,0.083
213,10,0.083
213,11,0.083
213,12,0.133
213,13,0.178
213,14,0.148
213,15,0.082
213,16,0.08
213,17,0.925
213,18,0.425
213,19,1.265
213,20,1.639
213,21,3.893
213,22,2.166
213,23,1.36
213,24,0.315
213,25,0.226
213,26,0.13
213,27,1.246
213,28,0.909
213,29,0.264
213,30,0.197
213,31,0.532
213,32,0.386
213,33,1.279
213,34,0.354
213,35,0.301
213,36,0.391
213,37,0.834
213,38,2.668
213,39,1.801
213,40,0.341
213,41,0.298
213,42,2.289
213,43,0.435
213,44,0.331
213,45,0.261
213,46,0.331
213,47,0.386
213,48,0.263
214,1,0.111
214,2,0.105
214,3,0.089
214,4,0.178
214,5,0.143
214,6,0.078
214,7,0.078
214,8,0.077
214,9,0.157
214,10,0.165
214,11,0.077
214,12,0.077
214,13,0.077
214,14,0.113
214,15,0.433
214,16,0.291
214,17,0.253
214,18,0.38
214,19,0.192
214,20,1.532
214,21,2.93
214,22,0.153
214,23,0.933
214,24,0.268
214,25,0.269
214,26,0.188
214,27,1.323
214,28,1.425
214,29,0.649
214,30,1.999
214,31,0.532
214,32,0.243
214,33,0.081
214,34,0.12
214,35,0.174
214,36,0.115
214,37,0.079
214,38,0.079
214,39,0.103
214,40,0.176
214,41,0.131
214,42,0.079
214,43,0.079
214,44,0.078
214,45,0.16
214,46,0.169
214,47,0.09
214,48,0.078
215,1,0.078
215,2,0.078
215,3,0.219
215,4,0.405
215,5,0.105
215,6,0.078
215,7,0.079
215,8,0.136
215,9,0.173
215,10,0.114
215,11,0.079
215,12,0.079
215,13,0.08
215,14,0.145
215,15,0.173
215,16,0.115
215,17,0.079
215,18,0.079
215,19,0.079
215,20,0.123
215,21,0.173
215,22,0.137
215,23,0.904
215,24,0.117
215,25,0.277
215,26,0.35
215,27,1.546
215,28,0.868
215,29,2.342
215,30,1.644
215,31,1.342
215,32,2.719
215,33,2.17
215,34,1.358
215,35,0.692
215,36,0.858
215,37,0.398
215,38,0.39
215,39,0.313
215,40,0.279
215,41,0.486
215,42,0.569
215,43,0.45
215,44,0.308
215,45,0.76
215,46,0.48
215,47,0.375
215,48,0.194
216,1,0.222
216,2,0.171
216,3,0.083
216,4,0.085
216,5,0.091
216,6,0.181
216,7,0.138
216,8,0.086
216,9,0.083
216,10,0.087
216,11,0.178
216,12,0.142
216,13,0.077
216,14,0.077
216,15,3.108
216,16,0.495
216,17,0.081
216,18,0.076
216,19,0.077
216,20,1.074
216,21,1.93
216,22,0.086
216,23,0.241
216,24,0.237
216,25,0.625
216,26,0.277
216,27,2.644
216,28,2.024
216,29,0.905
216,30,0.732
216,31,5.684
216,32,0.564
216,33,0.683
216,34,1.886
216,35,0.194
216,36,0.64
216,37,0.179
216,38,0.486
216,39,0.27
216,40,0.765
216,41,2.004
216,42,0.307
216,43,0.705
216,44,0.457
216,45,0.773
216,46,1.262
216,47,0.489
216,48,0.204
217,1,0.191
217,2,0.181
217,3,0.122
217,4,0.088
217,5,0.104
217,6,0.178
217,7,0.125
217,8,0.082
217,9,0.082
217,10,0.151
217,11,0.17
217,12,0.085
217,13,0.081
217,14,0.081
217,15,2.652
217,16,0.398
217,17,0.303
217,18,0.109
217,19,0.119
217,20,0.168
217,21,0.099
217,22,0.078
217,23,0.078
217,24,0.162
217,25,0.159
217,26,0.153
217,27,1.623
217,28,0.254
217,29,0.21
217,30,0.13
217,31,0.134
217,32,0.369
217,33,0.204
217,34,0.08
217,35,0.396
217,36,0.72
217,37,0.213
217,38,0.558
217,39,0.102
217,40,0.082
217,41,0.181
217,42,0.156
217,43,0.323
217,44,0.519
217,45,0.384
217,46,0.392
217,47,0.296
217,48,0.213
218,1,0.181
218,2,0.1
218,3,0.078
218,4,0.078
218,5,0.156
218,6,0.169
218,7,0.082
218,8,0.078
218,9,0.078
218,10,0.14
218,11,0.172
218,12,0.098
218,13,0.078
218,14,0.078
218,15,0.102
218,16,0.175
218,17,0.313
218,18,2.439
218,19,1.175
218,20,1.439
218,21,1.585
218,22,0.078
218,23,0.078
218,24,0.078
218,25,0.175
218,26,0.146
218,27,0.384
218,28,2.702
218,29,0.781
218,30,0.214
218,31,0.112
218,32,0.096
218,33,0.174
218,34,0.128
218,35,0.147
218,36,2.199
218,37,1.414
218,38,2.931
218,39,2.834
218,40,0.432
218,41,0.524
218,42,0.514
218,43,5.126
218,44,0.886
218,45,0.552
218,46,0.47
218,47,1.863
218,48,0.742
219,1,0.448
219,2,0.33
219,3,0.284
219,4,0.286
219,5,0.173
219,6,0.095
219,7,0.08
219,8,0.115
219,9,0.172
219,10,0.103
219,11,0.078
219,12,0.078
219,13,0.175
219,14,0.143
219,15,0.077
219,16,0.076
219,17,0.382
219,18,1.616
219,19,0.531
219,20,1.867
219,21,0.137
219,22,0.19
219,23,0.222
219,24,0.152
219,25,0.131
219,26,0.141
219,27,0.957
219,28,2.246
219,29,0.519
219,30,0.078
219,31,0.101
219,32,0.415
219,33,0.592
219,34,0.237
219,35,0.534
219,36,1.458
219,37,1.579
219,38,0.174
219,39,0.123
219,40,0.086
219,41,0.115
219,42,0.179
219,43,0.182
219,44,2.678
219,45,0.952
219,46,0.654
219,47,0.437
219,48,0.502
220,1,0.272
220,2,0.164
220,3,0.091
220,4,0.182
220,5,0.173
220,6,0.092
220,7,0.083
220,8,0.082
220,9,0.163
220,10,0.174
220,11,0.11
220,12,0.082
220,13,0.083
220,14,0.1
220,15,0.409
220,16,0.332
220,17,0.339
220,18,1.248
220,19,0.177
220,20,1.822
220,21,1.708
220,22,0.371
220,23,0.956
220,24,0.755
220,25,1.431
220,26,0.235
220,27,1.172
220,28,0.956
220,29,0.109
220,30,0.273
220,31,0.453
220,32,0.353
220,33,0.36
220,34,0.658
220,35,1.165
220,36,0.561
220,37,1.329
220,38,1.57
220,39,2.498
220,40,1.881
220,41,0.425
220,42,0.517
220,43,0.504
220,44,0.469
220,45,0.538
220,46,0.557
220,47,0.334
220,48,0.232
221,1,0.195
221,2,0.175
221,3,0.123
221,4,0.082
221,5,0.083
221,6,0.167
221,7,0.172
221,8,0.084
221,9,0.082
221,10,0.083
221,11,0.183
221,12,0.164
221,13,0.082
221,14,0.082
221,15,0.081
221,16,2.079
221,17,3.669
221,18,0.156
221,19,0.081
221,20,0.295
221,21,0.339
221,22,0.298
221,23,0.249
221,24,0.251
221,25,1.508
221,26,3.706
221,27,0.197
221,28,0.076
221,29,0.076
221,30,0.092
221,31,0.176
221,32,0.155
221,33,0.076
221,34,0.076
221,35,0.076
221,36,0.124
221,37,0.169
221,38,0.142
221,39,0.075
221,40,0.075
221,41,0.076
221,42,0.116
221,43,0.171
221,44,0.444
221,45,0.692
221,46,0.725
221,47,0.32
221,48,0.267
222,1,0.187
222,2,0.086
222,3,0.085
222,4,0.096
222,5,0.191
222,6,0.172
222,7,0.087
222,8,0.082
222,9,0.081
222,10,0.081
222,11,0.183
222,12,0.171
222,13,0.096
222,14,0.345
222,15,2.169
222,16,0.207
222,17,0.257
222,18,0.15
222,19,0.188
222,20,0.148
222,21,0.076
222,22,0.076
222,23,0.152
222,24,0.165
222,25,0.081
222,26,0.076
222,27,0.076
222,28,0.174
222,29,0.157
222,30,0.076
222,31,0.076
222,32,0.076
222,33,0.147
222,34,0.168
222,35,0.531
222,36,0.748
222,37,0.533
222,38,1.3
222,39,0.241
222,40,0.441
222,41,1.459
222,42,0.21
222,43,0.794
222,44,1.231
222,45,1.153
222,46,0.424
222,47,0.284
222,48,0.167
223,1,0.078
223,2,0.108
223,3,0.175
223,4,0.124
223,5,0.078
223,6,0.077
223,7,0.081
223,8,0.178
223,9,0.164
223,10,0.077
223,11,0.077
223,12,0.077
223,13,0.112
223,14,0.174
223,15,2.066
223,16,1.266
223,17,0.738
223,18,0.175
223,19,0.116
223,20,0.084
223,21,1.322
223,22,0.335
223,23,0.261
223,24,0.166
223,25,0.082
223,26,0.082
223,27,0.101
223,28,0.181
223,29,0.164
223,30,0.082
223,31,0.082
223,32,0.082
223,33,0.174
223,34,0.172
223,35,0.097
223,36,0.095
223,37,0.478
223,38,0.912
223,39,0.141
223,40,0.575
223,41,4.692
223,42,0.496
223,43,1.003
223,44,2.596
223,45,0.771
223,46,0.61
223,47,0.398
223,48,0.288
224,1,0.077
224,2,0.177
224,3,0.168
224,4,0.081
224,5,0.077
224,6,0.077
224,7,0.171
224,8,0.168
224,9,0.093
224,10,0.077
224,11,0.077
224,12,0.132
224,13,0.171
224,14,0.12
224,15,2.804
224,16,0.299
224,17,0.483
224,18,0.189
224,19,0.178
224,20,0.223
224,21,0.169
224,22,0.093
224,23,0.081
224,24,0.104
224,25,0.177
224,26,0.145
224,27,0.081
224,28,0.081
224,29,0.122
224,30,0.176
224,31,0.137
224,32,0.081
224,33,0.081
224,34,0.122
224,35,0.176
224,36,2.507
224,37,0.322
224,38,0.149
224,39,0.138
224,40,0.225
224,41,0.215
224,42,0.143
224,43,3.172
224,44,0.878
224,45,0.627
224,46,0.335
224,47,0.325
224,48,1.154
225,1,0.55
225,2,0.178
225,3,0.104
225,4,0.084
225,5,0.084
225,6,0.147
225,7,0.178
225,8,0.121
225,9,0.084
225,10,0.088
225,11,0.112
225,12,0.182
225,13,0.166
225,14,0.084
225,15,0.988
225,16,2.654
225,17,1.283
225,18,0.448
225,19,0.219
225,20,0.159
225,21,0.229
225,22,0.18
225,23,0.121
225,24,0.297
225,25,0.347
225,26,0.112
225,27,0.28
225,28,1.995
225,29,0.206
225,30,0.081
225,31,0.081
225,32,0.119
225,33,0.177
225,34,0.147
225,35,0.08
225,36,0.08
225,37,0.145
225,38,0.223
225,39,0.221
225,40,0.156
225,41,0.139
225,42,0.141
225,43,0.458
225,44,1.596
225,45,0.483
225,46,0.379
225,47,0.342
225,48,0.165
226,1,0.085
226,2,0.137
226,3,0.23
226,4,0.164
226,5,0.08
226,6,0.079
226,7,0.079
226,8,0.11
226,9,0.178
226,10,0.168
226,11,0.083
226,12,0.077
226,13,0.077
226,14,0.088
226,15,1.19
226,16,0.166
226,17,1.178
226,18,0.15
226,19,0.182
226,20,0.178
226,21,1.735
226,22,0.16
226,23,0.078
226,24,0.172
226,25,0.167
226,26,0.159
226,27,0.078
226,28,0.14
226,29,0.167
226,30,0.142
226,31,0.11
226,32,0.2
226,33,0.188
226,34,0.184
226,35,0.155
226,36,0.442
226,37,1.427
226,38,2.2
226,39,0.587
226,40,0.794
226,41,0.439
226,42,0.373
226,43,0.617
226,44,0.487
226,45,0.391
226,46,0.329
226,47,0.243
226,48,0.174
227,1,0.169
227,2,0.164
227,3,0.147
227,4,0.077
227,5,0.077
227,6,0.147
227,7,0.169
227,8,0.165
227,9,0.124
227,10,0.078
227,11,0.078
227,12,0.118
227,13,0.174
227,14,0.165
227,15,0.091
227,16,0.077
227,17,0.079
227,18,1.274
227,19,1.304
227,20,0.272
227,21,1.932
227,22,0.377
227,23,1.91
227,24,0.543
227,25,0.164
227,26,0.165
227,27,0.165
227,28,0.151
227,29,0.431
227,30,0.16
227,31,0.268
227,32,0.102
227,33,0.157
227,34,0.192
227,35,0.17
227,36,0.098
227,37,0.53
227,38,0.297
227,39,2.326
227,40,2.036
227,41,0.703
227,42,1.434
227,43,1.563
227,44,5.086
227,45,1.59
227,46,0.742
227,47,0.722
227,48,0.237
228,1,0.182
228,2,0.175
228,3,0.102
228,4,0.088
228,5,0.111
228,6,0.184
228,7,0.176
228,8,0.089
228,9,0.089
228,10,0.089
228,11,0.185
228,12,0.179
228,13,0.108
228,14,0.089
228,15,0.369
228,16,0.311
228,17,0.358
228,18,0.327
228,19,0.09
228,20,1.106
228,21,2.256
228,22,0.665
228,23,0.168
228,24,0.1
228,25,0.275
228,26,2.39
228,27,0.257
228,28,0.402
228,29,1.563
228,30,1.337
228,31,1.695
228,32,1.557
228,33,1.145
228,34,1.057
228,35,1.086
228,36,1.133
228,37,1.078
228,38,0.299
228,39,0.378
228,40,0.365
228,41,0.415
228,42,0.388
228,43,0.81
228,44,0.558
228,45,0.466
228,46,0.417
228,47,0.381
228,48,0.262
229,1,0.212
229,2,0.113
229,3,0.084
229,4,0.083
229,5,0.118
229,6,0.181
229,7,0.15
229,8,0.084
229,9,0.083
229,10,0.078
229,11,0.145
229,12,0.17
229,13,0.124
229,14,0.078
229,15,2.11
229,16,0.207
229,17,0.118
229,18,0.077
229,19,0.078
229,20,0.439
229,21,0.347
229,22,0.348
229,23,0.23
229,24,2.335
229,25,0.67
229,26,0.458
229,27,1.918
229,28,1.46
229,29,1.197
229,30,0.874
229,31,0.792
229,32,1.63
229,33,3.787
229,34,0.225
229,35,1.494
229,36,2.857
229,37,0.778
229,38,0.261
229,39,0.202
229,40,0.133
229,41,0.106
229,42,0.257
229,43,0.352
229,44,1.555
229,45,1.319
229,46,0.733
229,47,0.2
229,48,0.171
230,1,0.391
230,2,0.184
230,3,0.171
230,4,0.159
230,5,0.112
230,6,0.184
230,7,0.174
230,8,0.139
230,9,0.083
230,10,0.083
230,11,0.083
230,12,0.101
230,13,0.183
230,14,1.062
230,15,2.281
230,16,0.126
230,17,0.082
230,18,0.129
230,19,0.168
230,20,0.138
230,21,0.077
230,22,0.077
230,23,0.077
230,24,0.138
230,25,0.171
230,26,0.143
230,27,0.077
230,28,0.076
230,29,0.077
230,30,0.117
230,31,0.173
230,32,0.164
230,33,0.076
230,34,0.076
230,35,0.075
230,36,0.38
230,37,0.214
230,38,1.404
230,39,1.107
230,40,0.739
230,41,2.459
230,42,2.17
230,43,0.534
230,44,0.385
230,45,0.407
230,46,0.427
230,47,0.37
230,48,0.343
231,1,0.193
231,2,0.11
231,3,0.077
231,4,0.147
231,5,0.17
231,6,0.125
231,7,0.077
231,8,0.078
231,9,0.078
231,10,0.157
231,11,0.17
231,12,0.112
231,13,0.076
231,14,0.076
231,15,1.208
231,16,0.222
231,17,0.167
231,18,0.085
231,19,0.075
231,20,0.169
231,21,0.164
231,22,0.086
231,23,0.075
231,24,0.093
231,25,0.165
231,26,0.157
231,27,0.074
231,28,0.072
231,29,0.072
231,30,0.125
231,31,0.162
231,32,0.119
231,33,0.072
231,34,0.071
231,35,0.157
231,36,0.526
231,37,0.335
231,38,0.838
231,39,0.071
231,40,0.072
231,41,0.136
231,42,1.841
231,43,0.449
231,44,0.42
231,45,0.322
231,46,0.402
231,47,0.796
231,48,0.364
232,1,0.254
232,2,0.167
232,3,0.172
232,4,0.167
232,5,0.101
232,6,0.08
232,7,0.078
232,8,0.078
232,9,0.178
232,10,0.167
232,11,0.101
232,12,0.078
232,13,0.078
232,14,0.077
232,15,1.093
232,16,0.166
232,17,1.423
232,18,0.222
232,19,0.753
232,20,0.522
232,21,0.412
232,22,0.389
232,23,0.133
232,24,0.094
232,25,3.467
232,26,0.931
232,27,1.657
232,28,0.215
232,29,1.759
232,30,0.869
232,31,0.331
232,32,0.242
232,33,0.428
232,34,0.113
232,35,0.161
232,36,0.113
232,37,0.07
232,38,0.381
232,39,0.279
232,40,0.198
232,41,0.141
232,42,2.374
232,43,4.695
232,44,2.094
232,45,0.932
232,46,0.49
232,47,0.404
232,48,0.211
233,1,0.252
233,2,0.178
233,3,0.081
233,4,0.078
233,5,0.078
233,6,0.115
233,7,0.173
233,8,0.132
233,9,0.078
233,10,0.078
233,11,0.078
233,12,0.111
233,13,0.174
233,14,0.137
233,15,0.926
233,16,0.623
233,17,1.219
233,18,0.308
233,19,0.158
233,20,0.082
233,21,0.074
233,22,0.236
233,23,0.275
233,24,0.321
233,25,0.274
233,26,0.072
233,27,0.176
233,28,1.162
233,29,0.172
233,30,0.162
233,31,0.8
233,32,0.073
233,33,3.255
233,34,0.283
233,35,0.632
233,36,0.271
233,37,0.17
233,38,1.868
233,39,1.061
233,40,0.337
233,41,0.322
233,42,0.883
233,43,0.296
233,44,0.337
233,45,0.415
233,46,0.357
233,47,0.255
233,48,0.074
234,1,0.074
234,2,0.153
234,3,0.164
234,4,0.114
234,5,0.074
234,6,0.074
234,7,0.082
234,8,0.174
234,9,0.156
234,10,0.074
234,11,0.074
234,12,0.074
234,13,0.105
234,14,0.17
234,15,0.129
234,16,0.072
234,17,0.266
234,18,0.104
234,19,1.164
234,20,0.33
234,21,1.447
234,22,0.202
234,23,0.078
234,24,0.123
234,25,0.171
234,26,0.108
234,27,0.082
234,28,0.211
234,29,0.341
234,30,0.307
234,31,0.274
234,32,0.27
234,33,0.342
234,34,0.347
234,35,0.264
234,36,0.252
234,37,0.53
234,38,0.293
234,39,0.815
234,40,0.612
234,41,1.213
234,42,0.369
234,43,0.453
234,44,0.488
234,45,0.343
234,46,0.243
234,47,0.224
234,48,0.226
235,1,0.149
235,2,0.077
235,3,0.077
235,4,0.077
235,5,0.178
235,6,0.158
235,7,0.077
235,8,0.077
235,9,0.077
235,10,0.135
235,11,0.169
235,12,0.121
235,13,0.076
235,14,0.077
235,15,0.077
235,16,0.136
235,17,0.169
235,18,1.631
235,19,0.102
235,20,0.077
235,21,0.077
235,22,0.248
235,23,0.341
235,24,3.473
235,25,0.418
235,26,2.787
235,27,3.693
235,28,1.963
235,29,1.566
235,30,1.444
235,31,1.954
235,32,0.935
235,33,0.59
235,34,0.286
235,35,0.358
235,36,0.594
235,37,1.051
235,38,0.124
235,39,0.252
235,40,0.296
235,41,0.483
235,42,0.318
235,43,0.419
235,44,0.409
235,45,0.292
235,46,0.26
235,47,0.248
235,48,0.263
236,1,0.115
236,2,0.086
236,3,0.084
236,4,0.13
236,5,0.179
236,6,0.124
236,7,0.083
236,8,0.083
236,9,0.083
236,10,0.181
236,11,0.165
236,12,0.083
236,13,0.083
236,14,0.08
236,15,1.56
236,16,1.364
236,17,0.261
236,18,0.178
236,19,0.195
236,20,0.523
236,21,1.879
236,22,0.231
236,23,1.511
236,24,0.081
236,25,0.081
236,26,0.161
236,27,0.697
236,28,1.624
236,29,0.624
236,30,0.168
236,31,0.167
236,32,0.126
236,33,0.08
236,34,0.08
236,35,0.079
236,36,0.079
236,37,0.141
236,38,0.181
236,39,0.174
236,40,2.993
236,41,2.196
236,42,0.868
236,43,0.614
236,44,0.753
236,45,0.551
236,46,0.357
236,47,0.264
236,48,0.179
237,1,0.162
237,2,0.171
237,3,0.12
237,4,0.079
237,5,0.078
237,6,0.078
237,7,0.167
237,8,0.168
237,9,0.104
237,10,0.077
237,11,0.077
237,12,0.077
237,13,0.15
237,14,0.93
237,15,2.172
237,16,0.122
237,17,0.536
237,18,0.256
237,19,2.439
237,20,0.295
237,21,0.317
237,22,0.164
237,23,0.081
237,24,0.081
237,25,0.113
237,26,0.179
237,27,0.443
237,28,0.402
237,29,0.078
237,30,0.078
237,31,0.166
237,32,0.166
237,33,0.077
237,34,0.077
237,35,0.183
237,36,0.909
237,37,0.192
237,38,1.72
237,39,1.355
237,40,2.331
237,41,2.321
237,42,1.396
237,43,0.703
237,44,0.573
237,45,0.519
237,46,0.433
237,47,0.347
237,48,0.139
238,1,0.168
238,2,0.102
238,3,0.077
238,4,0.077
238,5,0.099
238,6,0.176
238,7,0.148
238,8,0.078
238,9,0.078
238,10,0.078
238,11,0.125
238,12,0.173
238,13,0.144
238,14,0.801
238,15,1.673
238,16,0.516
238,17,0.223
238,18,0.079
238,19,0.076
238,20,0.076
238,21,0.174
238,22,0.164
238,23,0.076
238,24,0.076
238,25,0.076
238,26,0.124
238,27,0.171
238,28,0.129
238,29,0.077
238,30,0.077
238,31,0.077
238,32,0.151
238,33,0.169
238,34,0.103
238,35,0.077
238,36,0.077
238,37,0.079
238,38,0.179
238,39,0.168
238,40,0.091
238,41,0.318
238,42,0.33
238,43,0.426
238,44,0.478
238,45,0.452
238,46,1.155
238,47,0.399
238,48,0.188
239,1,0.125
239,2,0.132
239,3,0.176
239,4,0.125
239,5,0.081
239,6,0.081
239,7,0.082
239,8,0.181
239,9,0.17
239,10,0.084
239,11,0.08
239,12,0.081
239,13,0.093
239,14,1.08
239,15,0.369
239,16,0.08
239,17,1.175
239,18,0.876
239,19,0.417
239,20,0.244
239,21,0.387
239,22,0.296
239,23,4.553
239,24,1.998
239,25,1.005
239,26,0.08
239,27,0.081
239,28,1.968
239,29,1.596
239,30,1.391
239,31,0.841
239,32,0.64
239,33,0.287
239,34,1.017
239,35,0.868
239,36,0.213
239,37,0.529
239,38,1.201
239,39,0.619
239,40,1.792
239,41,1.86
239,42,0.31
239,43,0.623
239,44,0.63
239,45,0.284
239,46,0.254
239,47,0.25
239,48,0.175
240,1,0.132
240,2,0.079
240,3,0.079
240,4,0.1
240,5,0.176
240,6,0.137
240,7,0.079
240,8,0.079
240,9,0.079
240,10,0.151
240,11,0.171
240,12,0.097
240,13,0.078
240,14,0.077
240,15,1.266
240,16,0.172
240,17,0.108
240,18,0.076
240,19,0.077
240,20,0.197
240,21,0.99
240,22,2.923
240,23,0.184
240,24,0.078
240,25,0.078
240,26,0.398
240,27,0.676
240,28,0.472
240,29,0.289
240,30,0.166
240,31,0.183
240,32,2.518
240,33,0.511
240,34,0.163
240,35,0.078
240,36,0.078
240,37,0.125
240,38,0.174
240,39,0.167
240,40,0.084
240,41,0.078
240,42,0.368
240,43,1.223
240,44,0.7
240,45,0.65
240,46,0.796
240,47,0.283
240,48,0.173
388,1,0.464
388,2,0.254
388,3,0.187
388,4,0.096
388,5,0.146
388,6,0.077
388,7,0.079
388,8,0.136
388,9,0.112
388,10,0.095
388,11,0.109
388,12,0.186
388,13,0.12
388,14,0.15
388,15,0.267
388,16,0.303
388,17,0.108
388,18,0.107
388,19,0.106
388,20,0.177
388,21,1.985
388,22,2.205
388,23,0.601
388,24,0.236
388,25,1.11
388,26,0.332
388,27,0.596
388,28,0.964
388,29,0.223
388,30,0.098
388,31,0.51
388,32,1.224
388,33,0.775
388,34,0.669
388,35,0.627
388,36,0.865
388,37,0.94
388,38,4.025
388,39,3.646
388,40,1.258
388,41,0.627
388,42,0.655
388,43,0.731
388,44,0.885
388,45,0.384
388,46,1.568
388,47,0.182
388,48,0.128
389,1,0.081
389,2,0.104
389,3,0.134
389,4,0.076
389,5,0.074
389,6,0.155
389,7,0.076
389,8,0.096
389,9,0.086
389,10,0.146
389,11,0.074
389,12,0.074
389,13,0.096
389,14,0.195
389,15,0.237
389,16,0.186
389,17,0.085
389,18,0.511
389,19,0.235
389,20,0.232
389,21,4.552
389,22,0.218
389,23,0.508
389,24,0.591
389,25,0.28
389,26,0.102
389,27,0.264
389,28,0.124
389,29,0.77
389,30,0.643
389,31,2.25
389,32,1.443
389,33,1.454
389,34,1.81
389,35,0.916
389,36,0.494
389,37,0.457
389,38,0.501
389,39,0.377
389,40,0.454
389,41,0.52
389,42,0.419
389,43,0.362
389,44,0.382
389,45,0.171
389,46,0.078
389,47,0.077
389,48,0.095
390,1,0.153
390,2,0.079
390,3,0.079
390,4,0.08
390,5,0.12
390,6,0.136
390,7,0.08
390,8,0.08
390,9,0.08
390,10,0.112
390,11,0.153
390,12,0.079
390,13,0.078
390,14,0.253
390,15,0.339
390,16,0.203
390,17,1.615
390,18,0.627
390,19,0.139
390,20,0.116
390,21,0.078
390,22,0.079
390,23,0.16
390,24,0.081
390,25,0.152
390,26,0.12
390,27,0.082
390,28,0.933
390,29,0.734
390,30,0.337
390,31,0.233
390,32,0.158
390,33,0.156
390,34,0.482
390,35,0.756
390,36,0.93
390,37,0.988
390,38,0.786
390,39,0.497
390,40,0.405
390,41,0.402
390,42,0.376
390,43,0.396
390,44,0.639
390,45,0.368
390,46,1.287
390,47,0.301
390,48,0.195
391,1,0.26
391,2,0.086
391,3,0.083
391,4,0.084
391,5,0.083
391,6,0.133
391,7,0.132
391,8,0.085
391,9,0.083
391,10,0.083
391,11,0.083
391,12,0.166
391,13,0.108
391,14,0.12
391,15,0.537
391,16,0.358
391,17,2.025
391,18,0.977
391,19,1.532
391,20,0.073
391,21,0.085
391,22,0.172
391,23,0.073
391,24,0.073
391,25,0.073
391,26,0.073
391,27,0.47
391,28,2.297
391,29,0.426
391,30,0.125
391,31,0.164
391,32,0.166
391,33,1.033
391,34,0.479
391,35,0.635
391,36,0.603
391,37,0.71
391,38,1.36
391,39,0.815
391,40,0.577
391,41,0.553
391,42,0.452
391,43,0.484
391,44,0.317
391,45,0.298
391,46,1.004
391,47,0.209
391,48,0.264
392,1,0.184
392,2,0.076
392,3,0.075
392,4,0.078
392,5,0.12
392,6,0.135
392,7,0.077
392,8,0.075
392,9,0.075
392,10,0.075
392,11,0.171
392,12,0.078
392,13,0.074
392,14,0.12
392,15,0.621
392,16,0.261
392,17,1.5
392,18,2.097
392,19,0.543
392,20,1.113
392,21,2.491
392,22,0.239
392,23,0.087
392,24,0.071
392,25,0.071
392,26,0.18
392,27,0.682
392,28,0.267
392,29,0.311
392,30,0.321
392,31,0.374
392,32,0.55
392,33,0.39
392,34,0.447
392,35,0.749
392,36,0.758
392,37,2.772
392,38,1.261
392,39,0.295
392,40,0.235
392,41,0.309
392,42,0.418
392,43,0.771
392,44,0.413
392,45,0.282
392,46,0.442
392,47,0.286
392,48,0.342
393,1,0.12
393,2,0.073
393,3,0.073
393,4,0.163
393,5,0.072
393,6,0.072
393,7,0.071
393,8,0.128
393,9,0.102
393,10,0.072
393,11,0.072
393,12,0.082
393,13,0.161
393,14,0.112
393,15,0.622
393,16,0.24
393,17,1.898
393,18,0.491
393,19,1.035
393,20,2.083
393,21,0.895
393,22,0.252
393,23,1.333
393,24,0.477
393,25,0.239
393,26,0.354
393,27,0.352
393,28,1.464
393,29,1.125
393,30,0.287
393,31,0.267
393,32,0.744
393,33,0.665
393,34,1.05
393,35,1.342
393,36,1.523
393,37,1.912
393,38,1.097
393,39,0.95
393,40,0.558
393,41,0.526
393,42,0.587
393,43,0.433
393,44,0.327
393,45,0.41
393,46,0.079
393,47,0.071
393,48,0.117
394,1,0.104
394,2,0.071
394,3,0.071
394,4,0.134
394,5,0.092
394,6,0.072
394,7,0.071
394,8,0.128
394,9,0.1
394,10,0.071
394,11,0.071
394,12,0.101
394,13,0.129
394,14,0.143
394,15,0.62
394,16,0.23
394,17,0.348
394,18,0.397
394,19,0.923
394,20,0.22
394,21,0.012
394,22,0.012
394,23,0.012
394,24,0.012
394,25,0.012
394,26,0.012
394,27,1.096
394,28,2.004
394,29,0.315
394,30,0.11
394,31,0.502
394,32,1.462
394,33,0.157
394,34,0.399
394,35,0.258
394,36,0.5
394,37,1.729
394,38,0.471
394,39,0.614
394,40,0.56
394,41,0.083
394,42,0.171
394,43,0.082
394,44,0.082
394,45,0.149
394,46,0.112
394,47,0.082
394,48,0.083
395,1,0.183
395,2,0.099
395,3,0.071
395,4,0.094
395,5,0.148
395,6,0.071
395,7,0.071
395,8,0.071
395,9,0.169
395,10,0.071
395,11,0.071
395,12,0.071
395,13,0.136
395,14,0.107
395,15,0.219
395,16,0.214
395,17,0.116
395,18,0.167
395,19,0.08
395,20,0.387
395,21,1.528
395,22,0.758
395,23,1.07
395,24,0.174
395,25,0.181
395,26,0.23
395,27,0.177
395,28,1.579
395,29,0.244
395,30,0.167
395,31,1.508
395,32,0.477
395,33,1.955
395,34,0.617
395,35,1.404
395,36,1.87
395,37,1.128
395,38,0.904
395,39,0.555
395,40,0.305
395,41,0.225
395,42,0.229
395,43,0.246
395,44,0.265
395,45,0.345
395,46,0.3
395,47,0.291
395,48,0.223
396,1,0.088
396,2,0.089
396,3,0.088
396,4,0.176
396,5,0.098
396,6,0.086
396,7,0.087
396,8,0.091
396,9,0.179
396,10,0.087
396,11,0.088
396,12,0.088
396,13,0.092
396,14,0.184
396,15,0.087
396,16,0.086
396,17,0.087
396,18,0.426
396,19,0.443
396,20,0.39
396,21,2.057
396,22,1.143
396,23,0.351
396,24,0.252
396,25,0.268
396,26,0.247
396,27,1.286
396,28,1.018
396,29,0.92
396,30,1.693
396,31,1.064
396,32,0.383
396,33,0.291
396,34,0.294
396,35,0.43
396,36,0.368
396,37,0.252
396,38,0.241
396,39,0.24
396,40,0.519
396,41,0.635
396,42,0.388
396,43,0.297
396,44,0.273
396,45,0.321
396,46,0.108
396,47,0.084
396,48,0.07
397,1,0.071
397,2,0.167
397,3,0.071
397,4,0.071
397,5,0.071
397,6,0.071
397,7,0.142
397,8,0.1
397,9,0.071
397,10,0.071
397,11,0.071
397,12,0.071
397,13,0.174
397,14,0.081
397,15,0.531
397,16,0.236
397,17,1.356
397,18,0.697
397,19,0.139
397,20,0.452
397,21,1.431
397,22,0.236
397,23,0.184
397,24,0.203
397,25,0.134
397,26,0.073
397,27,0.073
397,28,0.903
397,29,0.925
397,30,0.254
397,31,0.176
397,32,0.277
397,33,0.227
397,34,2.2
397,35,0.663
397,36,0.689
397,37,0.707
397,38,2.427
397,39,0.89
397,40,0.69
397,41,0.65
397,42,0.505
397,43,0.634
397,44,0.825
397,45,0.649
397,46,0.355
397,47,0.104
397,48,0.07
398,1,0.07
398,2,0.07
398,3,0.127
398,4,0.107
398,5,0.071
398,6,0.071
398,7,0.072
398,8,0.107
398,9,0.139
398,10,0.071
398,11,0.071
398,12,0.071
398,13,0.07
398,14,0.144
398,15,0.685
398,16,0.224
398,17,1.572
398,18,2.776
398,19,1.732
398,20,1.048
398,21,0.093
398,22,0.121
398,23,0.111
398,24,0.072
398,25,0.072
398,26,0.318
398,27,1.624
398,28,0.548
398,29,0.302
398,30,0.321
398,31,0.491
398,32,0.318
398,33,0.358
398,34,0.669
398,35,0.625
398,36,1.314
398,37,2.852
398,38,1.431
398,39,0.701
398,40,0.698
398,41,0.733
398,42,0.735
398,43,0.663
398,44,0.291
398,45,0.345
398,46,0.117
398,47,0.072
398,48,0.129
399,1,0.098
399,2,0.072
399,3,0.071
399,4,0.126
399,5,0.101
399,6,0.072
399,7,0.071
399,8,0.11
399,9,0.12
399,10,0.071
399,11,0.071
399,12,0.095
399,13,0.142
399,14,0.069
399,15,0.477
399,16,0.371
399,17,1.386
399,18,1.059
399,19,0.484
399,20,0.359
399,21,0.188
399,22,0.2
399,23,0.268
399,24,0.223
399,25,0.162
399,26,0.293
399,27,1.123
399,28,0.225
399,29,0.148
399,30,0.121
399,31,0.101
399,32,1.262
399,33,0.937
399,34,0.846
399,35,1.597
399,36,0.756
399,37,1.147
399,38,0.854
399,39,0.858
399,40,0.756
399,41,0.7
399,42,0.689
399,43,0.703
399,44,1.941
399,45,0.662
399,46,0.301
399,47,0.145
399,48,0.075
400,1,0.076
400,2,0.124
400,3,0.112
400,4,0.074
400,5,0.075
400,6,0.107
400,7,0.132
400,8,0.075
400,9,0.075
400,10,0.076
400,11,0.167
400,12,0.076
400,13,0.074
400,14,0.074
400,15,0.273
400,16,0.27
400,17,1.898
400,18,0.675
400,19,0.154
400,20,0.114
400,21,0.078
400,22,0.077
400,23,0.09
400,24,0.151
400,25,0.077
400,26,0.077
400,27,0.078
400,28,0.155
400,29,0.434
400,30,0.313
400,31,0.127
400,32,0.702
400,33,0.61
400,34,0.488
400,35,0.242
400,36,3.26
400,37,1.069
400,38,0.4
400,39,0.341
400,40,0.334
400,41,0.888
400,42,0.374
400,43,1.719
400,44,1.384
400,45,1.541
400,46,0.718
400,47,0.145
400,48,0.244
401,1,0.231
401,2,0.232
401,3,0.229
401,4,0.162
401,5,0.073
401,6,0.074
401,7,0.073
401,8,0.142
401,9,0.091
401,10,0.073
401,11,0.074
401,12,0.099
401,13,0.138
401,14,0.072
401,15,0.232
401,16,0.6
401,17,0.369
401,18,1.691
401,19,0.681
401,20,0.252
401,21,0.167
401,22,0.121
401,23,0.072
401,24,0.149
401,25,0.081
401,26,0.107
401,27,1.106
401,28,0.187
401,29,0.174
401,30,0.253
401,31,0.225
401,32,0.369
401,33,0.394
401,34,0.634
401,35,0.414
401,36,0.244
401,37,0.576
401,38,3.805
401,39,0.862
401,40,0.625
401,41,0.494
401,42,0.749
401,43,0.709
401,44,0.656
401,45,0.357
401,46,0.418
401,47,0.293
401,48,0.08
402,1,0.071
402,2,0.084
402,3,0.16
402,4,0.071
402,5,0.071
402,6,0.072
402,7,0.147
402,8,0.097
402,9,0.071
402,10,0.071
402,11,0.079
402,12,0.458
402,13,0.146
402,14,0.07
402,15,0.199
402,16,0.259
402,17,1.014
402,18,2.277
402,19,0.704
402,20,0.561
402,21,0.326
402,22,0.076
402,23,0.076
402,24,0.131
402,25,0.252
402,26,0.469
402,27,1.47
402,28,0.291
402,29,0.126
402,30,0.611
402,31,0.171
402,32,0.23
402,33,0.219
402,34,0.828
402,35,1.447
402,36,0.258
402,37,0.461
402,38,0.927
402,39,1.721
402,40,0.688
402,41,1.65
402,42,0.729
402,43,0.98
402,44,0.595
402,45,0.369
402,46,0.357
402,47,0.249
402,48,0.164
403,1,0.101
403,2,0.133
403,3,0.084
403,4,0.079
403,5,0.1
403,6,0.123
403,7,0.071
403,8,0.071
403,9,0.094
403,10,0.151
403,11,0.07
403,12,0.07
403,13,0.071
403,14,0.156
403,15,0.079
403,16,0.133
403,17,0.478
403,18,0.337
403,19,0.252
403,20,0.73
403,21,0.548
403,22,1.623
403,23,0.302
403,24,1.318
403,25,1.092
403,26,1.722
403,27,1.657
403,28,2.771
403,29,2.358
403,30,1.202
403,31,0.556
403,32,0.332
403,33,0.256
403,34,0.311
403,35,0.24
403,36,0.451
403,37,0.526
403,38,0.322
403,39,0.434
403,40,0.321
403,41,0.282
403,42,0.307
403,43,0.255
403,44,0.288
403,45,0.081
403,46,0.071
403,47,0.117
403,48,0.106
404,1,0.071
404,2,0.071
404,3,0.127
404,4,0.101
404,5,0.072
404,6,0.071
404,7,0.119
404,8,0.111
404,9,0.072
404,10,0.072
404,11,0.091
404,12,0.149
404,13,0.367
404,14,0.245
404,15,0.206
404,16,0.273
404,17,1.533
404,18,2.018
404,19,0.501
404,20,0.075
404,21,0.091
404,22,0.136
404,23,0.071
404,24,0.071
404,25,0.11
404,26,0.114
404,27,1.054
404,28,0.962
404,29,0.27
404,30,0.19
404,31,0.074
404,32,0.083
404,33,0.148
404,34,0.245
404,35,3.304
404,36,0.637
404,37,0.443
404,38,0.612
404,39,0.401
404,40,0.543
404,41,0.535
404,42,0.464
404,43,0.47
404,44,0.396
404,45,0.923
404,46,0.215
404,47,0.261
404,48,0.152
405,1,0.074
405,2,0.075
405,3,0.075
405,4,0.113
405,5,0.134
405,6,0.074
405,7,0.075
405,8,0.075
405,9,0.107
405,10,0.138
405,11,0.075
405,12,0.075
405,13,0.074
405,14,0.082
405,15,0.591
405,16,0.27
405,17,1.848
405,18,2.37
405,19,1.034
405,20,0.922
405,21,0.074
405,22,0.074
405,23,0.14
405,24,0.111
405,25,0.073
405,26,0.073
405,27,0.074
405,28,3.37
405,29,0.414
405,30,0.209
405,31,0.436
405,32,0.151
405,33,0.762
405,34,0.5
405,35,0.176
405,36,0.313
405,37,2.529
405,38,0.433
405,39,0.375
405,40,0.629
405,41,0.8
405,42,0.495
405,43,2.12
405,44,0.586
405,45,0.571
405,46,0.189
405,47,0.07
405,48,0.071
406,1,0.092
406,2,0.154
406,3,0.071
406,4,0.071
406,5,0.072
406,6,0.073
406,7,0.151
406,8,0.106
406,9,0.073
406,10,0.073
406,11,0.073
406,12,0.073
406,13,0.137
406,14,0.117
406,15,0.543
406,16,0.275
406,17,1.813
406,18,1.149
406,19,0.149
406,20,0.07
406,21,0.071
406,22,0.071
406,23,0.071
406,24,0.11
406,25,0.138
406,26,0.071
406,27,0.071
406,28,0.071
406,29,0.071
406,30,0.095
406,31,0.411
406,32,1.92
406,33,0.742
406,34,0.897
406,35,4.037
406,36,0.497
406,37,0.882
406,38,2.018
406,39,0.603
406,40,0.559
406,41,0.506
406,42,0.728
406,43,0.376
406,44,0.418
406,45,0.572
406,46,0.073
406,47,0.071
406,48,0.07
407,1,0.12
407,2,0.123
407,3,0.07
407,4,0.07
407,5,0.073
407,6,0.098
407,7,0.149
407,8,0.072
407,9,0.072
407,10,0.072
407,11,0.072
407,12,0.134
407,13,0.118
407,14,0.075
407,15,0.608
407,16,0.243
407,17,1.816
407,18,1.598
407,19,0.207
407,20,0.175
407,21,0.169
407,22,0.073
407,23,0.114
407,24,0.143
407,25,0.073
407,26,0.073
407,27,1.168
407,28,1.289
407,29,0.441
407,30,0.27
407,31,0.191
407,32,0.119
407,33,0.074
407,34,0.074
407,35,0.396
407,36,0.374
407,37,2.479
407,38,0.82
407,39,0.528
407,40,0.44
407,41,0.889
407,42,2.273
407,43,0.405
407,44,2.297
407,45,1.563
407,46,0.598
407,47,0.25
407,48,0.246
408,1,0.168
408,2,0.111
408,3,0.129
408,4,0.073
408,5,0.071
408,6,0.072
408,7,0.106
408,8,0.167
408,9,0.072
408,10,0.075
408,11,0.072
408,12,0.072
408,13,0.129
408,14,0.42
408,15,0.45
408,16,0.2
408,17,1.295
408,18,2.161
408,19,1.083
408,20,0.353
408,21,0.544
408,22,0.229
408,23,0.082
408,24,0.074
408,25,0.104
408,26,1.334
408,27,0.644
408,28,0.397
408,29,1.017
408,30,0.443
408,31,1.039
408,32,1.014
408,33,0.738
408,34,0.708
408,35,0.299
408,36,0.583
408,37,3.439
408,38,0.937
408,39,0.829
408,40,0.748
408,41,0.768
408,42,0.699
408,43,0.587
408,44,0.631
408,45,0.442
408,46,0.367
408,47,0.269
408,48,0.129
409,1,0.161
409,2,0.076
409,3,0.073
409,4,0.073
409,5,0.084
409,6,0.159
409,7,0.074
409,8,0.074
409,9,0.074
409,10,0.074
409,11,0.174
409,12,0.076
409,13,0.072
409,14,0.072
409,15,0.072
409,16,0.114
409,17,0.167
409,18,0.072
409,19,0.072
409,20,2.125
409,21,1.71
409,22,0.153
409,23,0.424
409,24,0.249
409,25,0.592
409,26,1.535
409,27,1.11
409,28,1.795
409,29,1.7
409,30,1.165
409,31,0.534
409,32,0.566
409,33,0.584
409,34,0.709
409,35,1.116
409,36,1.05
409,37,0.589
409,38,0.441
409,39,2.143
409,40,2.947
409,41,2.3
409,42,2.43
409,43,2.497
409,44,2.37
409,45,2.032
409,46,1.976
409,47,2.094
409,48,2.112
410,1,1.815
410,2,1.746
410,3,1.053
410,4,0.36
410,5,0.319
410,6,0.327
410,7,0.414
410,8,0.321
410,9,0.315
410,10,0.304
410,11,0.29
410,12,0.394
410,13,0.316
410,14,0.314
410,15,0.311
410,16,0.372
410,17,0.364
410,18,0.426
410,19,0.431
410,20,1.427
410,21,2.57
410,22,2.096
410,23,1.577
410,24,1.392
410,25,1.203
410,26,0.727
410,27,0.65
410,28,0.942
410,29,0.864
410,30,0.559
410,31,0.34
410,32,0.39
410,33,0.42
410,34,0.425
410,35,0.366
410,36,1.514
410,37,0.889
410,38,0.876
410,39,0.809
410,40,0.499
410,41,0.432
410,42,0.415
410,43,0.322
410,44,0.255
410,45,0.169
410,46,0.178
410,47,0.129
410,48,0.108
411,1,0.108
411,2,0.142
411,3,0.165
411,4,0.109
411,5,0.11
411,6,0.111
411,7,0.206
411,8,0.108
411,9,0.109
411,10,0.109
411,11,0.153
411,12,0.16
411,13,0.107
411,14,0.108
411,15,0.483
411,16,0.344
411,17,0.156
411,18,0.108
411,19,0.108
411,20,0.124
411,21,0.195
411,22,1.768
411,23,0.283
411,24,0.777
411,25,2.172
411,26,2.049
411,27,0.871
411,28,0.546
411,29,0.573
411,30,0.609
411,31,0.557
411,32,0.581
411,33,0.381
411,34,0.446
411,35,0.406
411,36,0.376
411,37,0.739
411,38,0.5
411,39,0.422
411,40,0.397
411,41,0.544
411,42,0.593
411,43,0.395
411,44,0.419
411,45,0.228
411,46,0.104
411,47,0.101
411,48,0.162
412,1,0.139
412,2,0.102
412,3,0.103
412,4,0.154
412,5,0.142
412,6,0.102
412,7,0.102
412,8,0.139
412,9,0.149
412,10,0.102
412,11,0.102
412,12,0.127
412,13,0.163
412,14,0.099
412,15,0.277
412,16,0.251
412,17,0.896
412,18,0.656
412,19,2.35
412,20,3.419
412,21,1.034
412,22,1.19
412,23,1.132
412,24,0.173
412,25,0.17
412,26,0.382
412,27,0.207
412,28,1.13
412,29,0.19
412,30,0.305
412,31,0.223
412,32,0.476
412,33,0.552
412,34,0.243
412,35,2.152
412,36,0.612
412,37,0.718
412,38,0.933
412,39,0.389
412,40,0.32
412,41,0.254
412,42,0.243
412,43,0.314
412,44,1.196
412,45,0.42
412,46,0.302
412,47,0.204
412,48,0.112
413,1,0.114
413,2,0.154
413,3,0.159
413,4,0.112
413,5,0.118
413,6,0.193
413,7,0.184
413,8,0.148
413,9,0.148
413,10,0.206
413,11,0.178
413,12,0.147
413,13,0.322
413,14,0.437
413,15,0.171
413,16,0.279
413,17,0.312
413,18,0.778
413,19,0.318
413,20,0.449
413,21,2.368
413,22,0.599
413,23,0.217
413,24,0.235
413,25,0.103
413,26,0.186
413,27,0.103
413,28,1.105
413,29,0.216
413,30,0.404
413,31,0.385
413,32,0.15
413,33,0.228
413,34,0.355
413,35,0.276
413,36,0.397
413,37,0.619
413,38,2.262
413,39,1.644
413,40,0.529
413,41,0.582
413,42,0.699
413,43,1.158
413,44,2.406
413,45,1.629
413,46,0.693
413,47,0.271
413,48,0.312
414,1,0.103
414,2,0.172
414,3,0.105
414,4,0.169
414,5,0.11
414,6,0.161
414,7,0.121
414,8,0.153
414,9,0.128
414,10,0.149
414,11,0.13
414,12,0.141
414,13,0.139
414,14,0.138
414,15,0.462
414,16,0.152
414,17,0.103
414,18,0.162
414,19,0.11
414,20,0.859
414,21,2.811
414,22,1.122
414,23,0.905
414,24,0.497
414,25,0.249
414,26,0.257
414,27,0.81
414,28,2.062
414,29,0.484
414,30,0.18
414,31,0.284
414,32,0.368
414,33,0.263
414,34,0.247
414,35,0.222
414,36,0.823
414,37,2.309
414,38,1.521
414,39,0.671
414,40,0.724
414,41,0.537
414,42,0.558
414,43,0.668
414,44,0.467
414,45,0.302
414,46,0.367
414,47,0.349
414,48,0.281
415,1,0.176
415,2,0.104
415,3,0.189
415,4,0.104
415,5,0.104
415,6,0.102
415,7,0.189
415,8,0.106
415,9,0.103
415,10,0.103
415,11,0.145
415,12,0.153
415,13,0.103
415,14,0.103
415,15,0.422
415,16,0.178
415,17,0.131
415,18,0.101
415,19,0.101
415,20,0.1
415,21,0.571
415,22,2.002
415,23,0.531
415,24,0.15
415,25,0.176
415,26,0.108
415,27,0.102
415,28,0.103
415,29,1.821
415,30,0.612
415,31,1.336
415,32,2.109
415,33,1.373
415,34,1.192
415,35,1.418
415,36,0.843
415,37,2.167
415,38,0.633
415,39,0.565
415,40,0.502
415,41,0.512
415,42,0.97
415,43,0.576
415,44,0.296
415,45,0.743
415,46,0.291
415,47,0.206
415,48,0.124
