213,1,1.194
213,2,0.429
213,3,0.748
213,4,0.695
213,5,0.256
213,6,0.662
213,7,0.335
213,8,0.564
213,9,0.61
213,10,0.255
213,11,0.675
213,12,0.614
213,13,0.255
213,14,0.693
213,15,0.365
213,16,0.499
213,17,0.638
213,18,0.249
213,19,0.661
213,20,0.64
213,21,0.515
213,22,1.162
213,23,2.516
213,24,2.232
213,25,2.091
213,26,1.376
213,27,0.68
213,28,0.841
213,29,0.689
213,30,0.418
213,31,0.724
213,32,0.808
213,33,1.772
213,34,1.03
213,35,1.521
213,36,0.623
213,37,1.646
213,38,1.62
213,39,1.708
213,40,1.208
213,41,0.955
213,42,1.076
213,43,1.266
213,44,0.778
213,45,1.329
213,46,1.037
213,47,1.223
213,48,0.945
214,1,1.666
214,2,0.418
214,3,0.882
214,4,0.382
214,5,0.75
214,6,0.709
214,7,0.267
214,8,0.717
214,9,0.5
214,10,0.413
214,11,0.888
214,12,0.318
214,13,0.764
214,14,0.651
214,15,0.299
214,16,0.722
214,17,0.217
214,18,0.647
214,19,0.72
214,20,0.221
214,21,0.731
214,22,0.403
214,23,0.512
214,24,0.732
214,25,2.167
214,26,1.988
214,27,0.781
214,28,0.714
214,29,1.608
214,30,1.043
214,31,0.752
214,32,1.307
214,33,1.61
214,34,0.677
214,35,1.034
214,36,1.092
214,37,1.745
214,38,0.345
214,39,0.632
214,40,0.662
214,41,0.499
214,42,1.251
214,43,0.727
214,44,0.854
214,45,1.042
214,46,0.6
214,47,1.102
214,48,1.228
215,1,0.774
215,2,1.206
215,3,0.845
215,4,0.282
215,5,0.695
215,6,0.199
215,7,0.615
215,8,0.668
215,9,0.189
215,10,0.618
215,11,0.72
215,12,0.219
215,13,0.594
215,14,0.262
215,15,0.594
215,16,0.72
215,17,0.219
215,18,0.765
215,19,0.247
215,20,0.772
215,21,0.902
215,22,1.983
215,23,2.612
215,24,2.287
215,25,1.066
215,26,0.361
215,27,0.668
215,28,0.722
215,29,0.59
215,30,0.792
215,31,0.323
215,32,1.728
215,33,1.696
215,34,1.392
215,35,0.674
215,36,1.494
215,37,1.722
215,38,1.188
215,39,0.427
215,40,1.355
215,41,1.069
215,42,0.967
215,43,1.351
215,44,1.754
215,45,1.47
215,46,0.83
215,47,1.709
215,48,0.877
216,1,0.91
216,2,0.419
216,3,0.782
216,4,0.525
216,5,0.459
216,6,0.672
216,7,0.274
216,8,0.699
216,9,0.672
216,10,0.288
216,11,0.758
216,12,0.273
216,13,0.736
216,14,0.366
216,15,0.758
216,16,0.659
216,17,1.592
216,18,0.644
216,19,0.638
216,20,0.508
216,21,0.594
216,22,0.973
216,23,0.52
216,24,0.78
216,25,0.69
216,26,0.275
216,27,0.702
216,28,0.579
216,29,0.379
216,30,0.862
216,31,0.304
216,32,0.858
216,33,0.329
216,34,0.614
216,35,0.976
216,36,0.529
216,37,0.907
216,38,0.784
216,39,0.498
216,40,0.871
216,41,0.417
216,42,0.68
216,43,1.141
216,44,0.997
216,45,1.541
216,46,0.897
216,47,1.145
216,48,0.622
217,1,0.791
217,2,0.282
217,3,0.654
217,4,0.713
217,5,0.251
217,6,0.7
217,7,0.201
217,8,0.664
217,9,0.388
217,10,0.576
217,11,0.711
217,12,0.159
217,13,0.657
217,14,0.385
217,15,0.565
217,16,1.044
217,17,1.2
217,18,0.795
217,19,1.324
217,20,0.774
217,21,0.871
217,22,1.505
217,23,1.212
217,24,1.391
217,25,0.316
217,26,0.713
217,27,0.249
217,28,1.888
217,29,1.174
217,30,0.377
217,31,0.878
217,32,0.932
217,33,0.882
217,34,0.285
217,35,0.672
217,36,1.063
217,37,0.342
217,38,0.705
217,39,0.245
217,40,0.705
217,41,0.657
217,42,1.274
217,43,1.228
217,44,2.354
217,45,0.987
217,46,1.586
217,47,0.925
217,48,2.37
218,1,1.38
218,2,0.404
218,3,0.822
218,4,0.446
218,5,0.568
218,6,0.555
218,7,0.379
218,8,0.725
218,9,0.221
218,10,0.677
218,11,0.242
218,12,0.703
218,13,0.145
218,14,0.688
218,15,0.703
218,16,0.52
218,17,1.84
218,18,0.548
218,19,0.702
218,20,0.241
218,21,1.147
218,22,1.501
218,23,0.495
218,24,0.715
218,25,0.253
218,26,0.668
218,27,0.889
218,28,0.356
218,29,1.776
218,30,0.578
218,31,0.941
218,32,1.116
218,33,1.856
218,34,2.879
218,35,1.682
218,36,1.126
218,37,0.791
218,38,1.05
218,39,1.01
218,40,0.502
218,41,0.95
218,42,0.892
218,43,0.611
218,44,1.235
218,45,1.768
218,46,0.879
218,47,1.146
218,48,1.13
219,1,0.673
219,2,1.11
219,3,0.927
219,4,0.827
219,5,1.121
219,6,0.647
219,7,1.082
219,8,1.047
219,9,0.299
219,10,0.697
219,11,0.224
219,12,0.714
219,13,0.29
219,14,0.559
219,15,0.69
219,16,0.418
219,17,1.464
219,18,1.022
219,19,0.978
219,20,0.237
219,21,0.725
219,22,0.546
219,23,0.793
219,24,0.843
219,25,0.233
219,26,0.747
219,27,1.596
219,28,2.31
219,29,3.186
219,30,2.282
219,31,0.95
219,32,0.356
219,33,1.201
219,34,0.997
219,35,1.212
219,36,1.591
219,37,2.724
219,38,1.346
219,39,1.325
219,40,1.03
219,41,1.036
219,42,0.592
219,43,0.937
219,44,1.101
219,45,0.868
219,46,1.095
219,47,1.18
219,48,1.344
220,1,0.729
220,2,1.532
220,3,2.417
220,4,0.987
220,5,2.047
220,6,0.242
220,7,0.796
220,8,0.339
220,9,2.062
220,10,1.124
220,11,0.418
220,12,0.815
220,13,0.657
220,14,0.353
220,15,0.752
220,16,0.257
220,17,0.667
220,18,0.438
220,19,1.846
220,20,1.052
220,21,1.027
220,22,2.026
220,23,2.047
220,24,1.852
220,25,0.759
220,26,0.389
220,27,0.785
220,28,0.629
220,29,0.37
220,30,0.765
220,31,2.623
220,32,2.602
220,33,1.428
220,34,0.613
220,35,2.591
220,36,2.329
220,37,0.68
220,38,0.973
220,39,0.971
220,40,0.503
220,41,0.924
220,42,1.418
220,43,1.965
220,44,1.488
220,45,1.209
220,46,1.397
220,47,1.154
220,48,3.012
221,1,2.546
221,2,0.76
221,3,1.42
221,4,1.258
221,5,1.089
221,6,0.782
221,7,1.041
221,8,0.576
221,9,0.968
221,10,0.92
221,11,0.577
221,12,2.185
221,13,0.513
221,14,1.896
221,15,0.414
221,16,0.495
221,17,0.656
221,18,0.274
221,19,0.709
221,20,0.569
221,21,0.43
221,22,0.684
221,23,0.759
221,24,0.408
221,25,1.038
221,26,0.369
221,27,0.565
221,28,0.763
221,29,1.391
221,30,2.704
221,31,1.638
221,32,0.766
221,33,1.144
221,34,0.845
221,35,0.278
221,36,0.715
221,37,0.662
221,38,0.741
221,39,0.91
221,40,0.528
221,41,1.276
221,42,1.072
221,43,0.555
221,44,1.203
221,45,1.723
221,46,0.654
221,47,1.514
221,48,1.552
222,1,1.229
222,2,1.735
222,3,2.068
222,4,1.502
222,5,1.036
222,6,0.595
222,7,1.042
222,8,0.867
222,9,0.824
222,10,0.912
222,11,0.41
222,12,0.657
222,13,0.276
222,14,0.699
222,15,0.668
222,16,0.275
222,17,2.163
222,18,1.393
222,19,1.372
222,20,1.732
222,21,0.763
222,22,0.252
222,23,1.529
222,24,1.032
222,25,1.624
222,26,1.282
222,27,1.468
222,28,2.293
222,29,2.474
222,30,1.364
222,31,2.123
222,32,1.558
222,33,1.173
222,34,1.6
222,35,2.683
222,36,2.957
222,37,2.397
222,38,1.322
222,39,0.496
222,40,1.189
222,41,0.816
222,42,1.158
222,43,1.865
222,44,2.204
222,45,2.108
222,46,1.398
222,47,1.611
222,48,1.29
223,1,0.994
223,2,1.5
223,3,1.454
223,4,0.826
223,5,1.356
223,6,0.875
223,7,1.303
223,8,0.741
223,9,1.074
223,10,1.072
223,11,1.653
223,12,0.826
223,13,1.453
223,14,0.686
223,15,0.607
223,16,0.727
223,17,1.789
223,18,0.29
223,19,0.619
223,20,0.244
223,21,0.935
223,22,2.187
223,23,0.242
223,24,0.815
223,25,1.822
223,26,2.471
223,27,1.938
223,28,3.613
223,29,0.474
223,30,0.779
223,31,0.946
223,32,0.378
223,33,0.938
223,34,0.813
223,35,0.3
223,36,0.685
223,37,0.242
223,38,0.961
223,39,1.847
223,40,3.372
223,41,1.039
223,42,2.012
223,43,1.113
223,44,1.473
223,45,1.446
223,46,0.665
223,47,1.157
223,48,1.254
224,1,0.801
224,2,0.885
224,3,1.138
224,4,0.674
224,5,1.106
224,6,0.693
224,7,1.157
224,8,1.107
224,9,0.774
224,10,2.078
224,11,0.405
224,12,1.848
224,13,0.216
224,14,0.695
224,15,0.431
224,16,1.181
224,17,2.08
224,18,0.644
224,19,0.735
224,20,0.254
224,21,0.679
224,22,1.182
224,23,1.405
224,24,1.574
224,25,1.575
224,26,0.381
224,27,1.008
224,28,0.317
224,29,1.747
224,30,3.374
224,31,2.063
224,32,0.912
224,33,0.983
224,34,0.791
224,35,0.942
224,36,1.452
224,37,1.036
224,38,0.799
224,39,0.376
224,40,0.733
224,41,0.248
224,42,0.627
224,43,0.639
224,44,0.244
224,45,0.795
224,46,0.533
224,47,1.046
224,48,2.056
225,1,0.969
225,2,1.256
225,3,1.238
225,4,0.733
225,5,1.121
225,6,0.628
225,7,1.131
225,8,0.652
225,9,0.623
225,10,0.645
225,11,0.225
225,12,0.692
225,13,0.231
225,14,0.668
225,15,0.598
225,16,1.131
225,17,2.254
225,18,0.425
225,19,0.715
225,20,0.123
225,21,0.743
225,22,0.979
225,23,2.57
225,24,1.78
225,25,1.484
225,26,2.778
225,27,0.493
225,28,0.701
225,29,0.239
225,30,0.645
225,31,1.068
225,32,0.457
225,33,0.824
225,34,0.729
225,35,0.297
225,36,1.816
225,37,0.845
225,38,1.233
225,39,1.148
225,40,0.893
225,41,1.299
225,42,1.257
225,43,1.585
225,44,1.109
225,45,1.749
225,46,1.785
225,47,1.289
225,48,0.788
226,1,1.173
226,2,0.677
226,3,1.031
226,4,1.177
226,5,0.686
226,6,1.122
226,7,0.704
226,8,2.601
226,9,0.75
226,10,1.738
226,11,0.626
226,12,0.257
226,13,0.711
226,14,0.24
226,15,0.681
226,16,1.085
226,17,1.409
226,18,0.74
226,19,0.875
226,20,0.241
226,21,0.703
226,22,0.612
226,23,0.392
226,24,0.781
226,25,0.217
226,26,1.347
226,27,2.605
226,28,3.861
226,29,1.73
226,30,1.077
226,31,0.814
226,32,0.406
226,33,0.885
226,34,1.03
226,35,0.673
226,36,0.905
226,37,1.66
226,38,1.537
226,39,1.149
226,40,0.703
226,41,0.518
226,42,1.071
226,43,0.595
226,44,0.974
226,45,1.394
226,46,1.041
226,47,0.738
226,48,1.662
227,1,0.81
227,2,1.279
227,3,0.365
227,4,0.677
227,5,0.278
227,6,0.943
227,7,0.247
227,8,0.707
227,9,0.279
227,10,0.659
227,11,0.651
227,12,0.278
227,13,0.767
227,14,0.275
227,15,0.728
227,16,0.631
227,17,0.352
227,18,0.667
227,19,0.243
227,20,0.711
227,21,0.414
227,22,0.689
227,23,1.601
227,24,0.473
227,25,0.687
227,26,0.742
227,27,0.238
227,28,0.792
227,29,0.436
227,30,0.731
227,31,0.272
227,32,0.782
227,33,0.224
227,34,1.274
227,35,2.451
227,36,1.108
227,37,0.562
227,38,1.021
227,39,0.413
227,40,1.214
227,41,2.279
227,42,1.625
227,43,1.126
227,44,0.598
227,45,1.082
227,46,0.698
227,47,1.087
227,48,1.257
228,1,0.677
228,2,1.144
228,3,0.628
228,4,1.109
228,5,0.53
228,6,0.977
228,7,1.09
228,8,0.586
228,9,1.165
228,10,1.697
228,11,1.005
228,12,1.41
228,13,0.582
228,14,0.426
228,15,0.549
228,16,0.251
228,17,0.717
228,18,0.224
228,19,0.684
228,20,0.72
228,21,0.208
228,22,0.728
228,23,0.233
228,24,0.874
228,25,0.926
228,26,1.206
228,27,0.92
228,28,0.533
228,29,2.035
228,30,3.687
228,31,1.511
228,32,0.87
228,33,0.406
228,34,1.01
228,35,1.557
228,36,0.64
228,37,0.974
228,38,0.571
228,39,1.027
228,40,1.195
228,41,0.472
228,42,1.254
228,43,1.057
228,44,0.772
228,45,0.914
228,46,1.228
228,47,2.757
228,48,1.271
229,1,1.812
229,2,1.009
229,3,1.083
229,4,0.98
229,5,0.604
229,6,1.018
229,7,1.062
229,8,0.425
229,9,0.792
229,10,0.25
229,11,0.719
229,12,0.718
229,13,0.255
229,14,0.712
229,15,0.27
229,16,2.016
229,17,0.279
229,18,0.748
229,19,0.437
229,20,0.503
229,21,0.677
229,22,0.257
229,23,0.674
229,24,0.737
229,25,0.906
229,26,0.539
229,27,1.521
229,28,2.477
229,29,3.378
229,30,2.029
229,31,1.372
229,32,0.387
229,33,1.201
229,34,1.152
229,35,0.761
229,36,0.917
229,37,1.036
229,38,1.245
229,39,2.719
229,40,2.065
229,41,2.032
229,42,2.086
229,43,2.28
229,44,1.067
229,45,1.276
229,46,1.604
229,47,0.904
229,48,1.341
230,1,1.132
230,2,0.809
230,3,1.028
230,4,0.567
230,5,1.07
230,6,0.536
230,7,0.937
230,8,0.72
230,9,2.028
230,10,0.868
230,11,1.506
230,12,0.708
230,13,0.391
230,14,0.521
230,15,0.941
230,16,0.669
230,17,1.387
230,18,1.254
230,19,0.671
230,20,0.303
230,21,0.701
230,22,0.462
230,23,0.876
230,24,1.73
230,25,2.499
230,26,2.135
230,27,2.239
230,28,0.453
230,29,0.903
230,30,0.7
230,31,0.367
230,32,0.596
230,33,0.626
230,34,0.252
230,35,0.75
230,36,0.709
230,37,0.852
230,38,1.166
230,39,0.604
230,40,0.602
230,41,0.958
230,42,0.757
230,43,0.79
230,44,0.994
230,45,0.828
230,46,1.295
230,47,0.961
230,48,1.575
231,1,1.429
231,2,1.343
231,3,1.149
231,4,0.817
231,5,1.045
231,6,0.668
231,7,1.097
231,8,0.903
231,9,0.272
231,10,0.828
231,11,0.235
231,12,0.76
231,13,0.265
231,14,0.711
231,15,0.268
231,16,1.374
231,17,1.886
231,18,0.384
231,19,0.754
231,20,0.238
231,21,0.955
231,22,0.911
231,23,1.495
231,24,0.71
231,25,0.912
231,26,1.316
231,27,2.448
231,28,0.424
231,29,3.597
231,30,0.955
231,31,1.03
231,32,2.651
231,33,2.656
231,34,2.018
231,35,0.865
231,36,1.087
231,37,1.342
231,38,0.776
231,39,1.094
231,40,0.642
231,41,0.308
231,42,0.88
231,43,0.488
231,44,1.382
231,45,1.649
231,46,2.187
231,47,1.833
231,48,2.152
232,1,1.997
232,2,1.7
232,3,0.827
232,4,1.29
232,5,0.654
232,6,1.118
232,7,0.646
232,8,1.119
232,9,0.295
232,10,0.748
232,11,0.41
232,12,0.624
232,13,0.543
232,14,0.429
232,15,1.193
232,16,0.907
232,17,1.017
232,18,1.803
232,19,0.457
232,20,0.71
232,21,0.264
232,22,0.877
232,23,0.309
232,24,0.921
232,25,0.87
232,26,1.12
232,27,1.685
232,28,2.468
232,29,2.044
232,30,0.719
232,31,1.472
232,32,3.0
232,33,1.023
232,34,0.804
232,35,1.2
232,36,1.603
232,37,1.089
232,38,1.321
232,39,0.739
232,40,1.14
232,41,1.177
232,42,1.029
232,43,1.586
232,44,1.204
232,45,1.637
232,46,1.598
232,47,2.976
232,48,1.04
233,1,1.588
233,2,1.004
233,3,1.306
233,4,1.404
233,5,0.856
233,6,1.267
233,7,1.164
233,8,0.969
233,9,1.122
233,10,0.472
233,11,0.586
233,12,0.58
233,13,0.267
233,14,0.774
233,15,0.506
233,16,0.661
233,17,0.655
233,18,1.364
233,19,0.696
233,20,0.239
233,21,0.781
233,22,0.268
233,23,0.694
233,24,0.328
233,25,1.508
233,26,0.523
233,27,1.605
233,28,2.543
233,29,2.427
233,30,1.282
233,31,3.813
233,32,0.506
233,33,0.882
233,34,2.064
233,35,0.818
233,36,1.56
233,37,1.414
233,38,1.077
233,39,0.561
233,40,1.005
233,41,0.687
233,42,0.991
233,43,1.194
233,44,0.883
233,45,1.346
233,46,1.157
233,47,1.398
233,48,1.162
234,1,0.731
234,2,1.684
234,3,1.027
234,4,0.87
234,5,0.438
234,6,0.909
234,7,0.51
234,8,0.79
234,9,0.807
234,10,0.437
234,11,0.91
234,12,0.883
234,13,0.472
234,14,0.703
234,15,0.935
234,16,0.369
234,17,0.902
234,18,0.402
234,19,0.886
234,20,0.852
234,21,0.587
234,22,0.986
234,23,0.647
234,24,1.164
234,25,0.676
234,26,0.23
234,27,0.686
234,28,0.219
234,29,1.101
234,30,0.796
234,31,0.568
234,32,0.774
234,33,0.605
234,34,0.313
234,35,0.665
234,36,0.255
234,37,1.358
234,38,0.454
234,39,0.795
234,40,0.731
234,41,1.094
234,42,1.131
234,43,0.632
234,44,2.077
234,45,0.442
234,46,0.976
234,47,0.595
234,48,0.889
235,1,0.829
235,2,0.365
235,3,0.812
235,4,0.409
235,5,0.564
235,6,0.641
235,7,0.238
235,8,0.707
235,9,0.258
235,10,0.721
235,11,0.59
235,12,0.356
235,13,0.659
235,14,0.261
235,15,0.671
235,16,0.729
235,17,0.244
235,18,0.73
235,19,0.262
235,20,0.72
235,21,0.259
235,22,0.708
235,23,0.475
235,24,0.71
235,25,1.743
235,26,1.403
235,27,0.748
235,28,0.31
235,29,0.724
235,30,0.211
235,31,0.775
235,32,0.906
235,33,0.677
235,34,0.817
235,35,0.745
235,36,0.218
235,37,0.764
235,38,0.239
235,39,2.022
235,40,1.91
235,41,1.154
235,42,1.732
235,43,0.531
235,44,2.956
235,45,1.703
235,46,2.692
235,47,1.014
235,48,1.524
236,1,0.935
236,2,1.313
236,3,1.319
236,4,0.912
236,5,1.353
236,6,0.824
236,7,0.957
236,8,0.249
236,9,0.801
236,10,0.739
236,11,0.355
236,12,0.804
236,13,0.269
236,14,0.807
236,15,0.319
236,16,0.705
236,17,0.523
236,18,0.584
236,19,0.996
236,20,0.37
236,21,0.852
236,22,0.426
236,23,1.166
236,24,1.435
236,25,2.426
236,26,0.865
236,27,2.566
236,28,2.498
236,29,1.096
236,30,0.607
236,31,1.173
236,32,1.168
236,33,1.243
236,34,0.666
236,35,1.159
236,36,0.776
236,37,1.314
236,38,2.163
236,39,1.813
236,40,2.132
236,41,1.25
236,42,1.298
236,43,1.279
236,44,1.714
236,45,1.615
236,46,1.119
236,47,1.397
236,48,0.881
237,1,1.296
237,2,1.283
237,3,1.898
237,4,0.854
237,5,1.39
237,6,0.861
237,7,0.917
237,8,1.147
237,9,0.866
237,10,0.97
237,11,0.818
237,12,0.154
237,13,0.755
237,14,0.252
237,15,0.67
237,16,0.611
237,17,0.371
237,18,0.637
237,19,0.669
237,20,0.907
237,21,0.919
237,22,1.292
237,23,1.714
237,24,0.616
237,25,2.179
237,26,1.639
237,27,2.643
237,28,4.405
237,29,1.608
237,30,1.136
237,31,1.961
237,32,2.934
237,33,1.54
237,34,1.484
237,35,0.569
237,36,1.064
237,37,1.372
237,38,0.562
237,39,0.951
237,40,1.24
237,41,0.516
237,42,0.95
237,43,0.695
237,44,1.4
237,45,1.251
237,46,0.679
237,47,1.186
237,48,1.412
238,1,1.608
238,2,1.341
238,3,0.8
238,4,1.001
238,5,1.023
238,6,0.507
238,7,1.135
238,8,2.167
238,9,1.387
238,10,1.057
238,11,1.122
238,12,0.646
238,13,0.885
238,14,2.066
238,15,0.645
238,16,0.996
238,17,0.786
238,18,0.241
238,19,0.717
238,20,0.272
238,21,0.742
238,22,0.705
238,23,0.495
238,24,0.746
238,25,0.255
238,26,1.257
238,27,2.054
238,28,3.205
238,29,4.224
238,30,1.361
238,31,0.879
238,32,0.886
238,33,0.368
238,34,0.982
238,35,0.394
238,36,0.862
238,37,1.239
238,38,1.166
238,39,1.054
238,40,0.54
238,41,0.261
238,42,0.815
238,43,0.252
238,44,0.735
238,45,0.355
238,46,1.057
238,47,0.964
238,48,0.894
239,1,2.923
239,2,0.814
239,3,1.293
239,4,1.197
239,5,0.729
239,6,0.98
239,7,0.636
239,8,1.141
239,9,0.692
239,10,1.866
239,11,1.47
239,12,0.783
239,13,0.644
239,14,0.415
239,15,0.588
239,16,0.736
239,17,0.234
239,18,0.73
239,19,0.843
239,20,0.816
239,21,0.957
239,22,0.53
239,23,1.617
239,24,2.518
239,25,2.835
239,26,4.482
239,27,0.52
239,28,1.044
239,29,0.327
239,30,0.587
239,31,0.74
239,32,0.821
239,33,0.393
239,34,0.96
239,35,0.898
239,36,0.508
239,37,2.176
239,38,1.529
239,39,1.678
239,40,1.128
239,41,0.54
239,42,0.979
239,43,0.503
239,44,1.173
239,45,0.806
239,46,0.846
239,47,1.058
239,48,0.443
240,1,2.103
240,2,1.032
240,3,0.951
240,4,1.024
240,5,0.667
240,6,1.139
240,7,0.808
240,8,0.905
240,9,1.121
240,10,0.575
240,11,0.822
240,12,0.222
240,13,0.693
240,14,0.716
240,15,0.234
240,16,0.702
240,17,0.26
240,18,0.669
240,19,0.468
240,20,0.605
240,21,0.452
240,22,0.566
240,23,0.708
240,24,0.26
240,25,0.742
240,26,1.075
240,27,0.352
240,28,0.833
240,29,2.23
240,30,2.588
240,31,2.296
240,32,2.383
240,33,0.66
240,34,0.745
240,35,0.902
240,36,0.449
240,37,0.724
240,38,1.165
240,39,0.49
240,40,1.346
240,41,2.104
240,42,2.651
240,43,3.126
240,44,0.973
240,45,1.34
240,46,1.249
240,47,0.798
240,48,1.23
388,1,0.954
388,2,0.266
388,3,0.987
388,4,0.126
388,5,0.748
388,6,0.136
388,7,0.746
388,8,0.432
388,9,0.451
388,10,0.676
388,11,0.194
388,12,0.703
388,13,0.663
388,14,0.226
388,15,0.58
388,16,0.76
388,17,0.214
388,18,2.356
388,19,0.335
388,20,0.722
388,21,3.194
388,22,0.3
388,23,0.953
388,24,0.187
388,25,0.42
388,26,2.518
388,27,1.242
388,28,0.915
388,29,0.48
388,30,1.465
388,31,0.541
388,32,0.735
388,33,0.818
388,34,0.935
388,35,1.583
388,36,0.818
388,37,0.941
388,38,0.824
388,39,0.93
388,40,0.922
388,41,1.021
388,42,1.108
388,43,0.896
388,44,0.74
388,45,0.87
388,46,0.539
388,47,0.365
388,48,0.474
389,1,0.368
389,2,0.449
389,3,0.384
389,4,0.421
389,5,1.495
389,6,0.84
389,7,0.369
389,8,0.248
389,9,0.33
389,10,0.259
389,11,0.318
389,12,0.316
389,13,0.289
389,14,0.322
389,15,0.254
389,16,0.322
389,17,0.253
389,18,0.322
389,19,0.374
389,20,0.376
389,21,0.593
389,22,0.719
389,23,2.815
389,24,2.102
389,25,0.454
389,26,0.901
389,27,0.617
389,28,0.59
389,29,0.896
389,30,0.994
389,31,1.048
389,32,2.667
389,33,2.355
389,34,0.81
389,35,1.604
389,36,1.235
389,37,2.338
389,38,2.513
389,39,1.368
389,40,1.675
389,41,2.067
389,42,1.404
389,43,1.348
389,44,1.365
389,45,1.323
389,46,1.001
389,47,0.66
389,48,0.748
390,1,0.666
390,2,0.613
390,3,0.459
390,4,0.434
390,5,0.475
390,6,0.418
390,7,0.476
390,8,0.445
390,9,0.447
390,10,0.479
390,11,0.416
390,12,0.486
390,13,0.326
390,14,0.338
390,15,0.359
390,16,0.304
390,17,0.365
390,18,0.541
390,19,1.081
390,20,1.614
390,21,0.746
390,22,0.291
390,23,0.179
390,24,0.633
390,25,0.216
390,26,0.324
390,27,0.571
390,28,0.496
390,29,0.513
390,30,0.523
390,31,0.728
390,32,1.033
390,33,0.954
390,34,0.85
390,35,0.936
390,36,0.886
390,37,0.94
390,38,1.108
390,39,1.151
390,40,1.272
390,41,2.36
390,42,1.408
390,43,2.302
390,44,0.899
390,45,1.066
390,46,0.87
390,47,1.133
390,48,0.978
391,1,1.585
391,2,0.497
391,3,0.359
391,4,0.18
391,5,0.2
391,6,0.103
391,7,0.206
391,8,0.129
391,9,0.157
391,10,0.176
391,11,0.131
391,12,0.19
391,13,0.112
391,14,0.186
391,15,0.155
391,16,1.225
391,17,2.213
391,18,0.575
391,19,1.696
391,20,0.883
391,21,1.195
391,22,2.084
391,23,2.135
391,24,0.513
391,25,0.992
391,26,0.373
391,27,0.804
391,28,0.831
391,29,0.62
391,30,0.879
391,31,0.936
391,32,0.875
391,33,1.271
391,34,1.574
391,35,1.034
391,36,0.947
391,37,1.019
391,38,1.121
391,39,0.955
391,40,0.949
391,41,1.097
391,42,1.101
391,43,0.811
391,44,0.946
391,45,0.986
391,46,0.567
391,47,0.449
391,48,0.446
392,1,0.353
392,2,0.418
392,3,0.335
392,4,0.43
392,5,0.316
392,6,0.44
392,7,0.298
392,8,0.428
392,9,0.324
392,10,0.401
392,11,0.355
392,12,0.385
392,13,0.311
392,14,0.317
392,15,0.311
392,16,1.954
392,17,2.439
392,18,1.526
392,19,1.022
392,20,0.363
392,21,0.273
392,22,0.735
392,23,0.384
392,24,0.246
392,25,0.996
392,26,0.258
392,27,0.758
392,28,0.284
392,29,0.824
392,30,0.503
392,31,0.864
392,32,0.379
392,33,0.943
392,34,0.893
392,35,0.992
392,36,2.241
392,37,1.302
392,38,1.076
392,39,0.54
392,40,0.606
392,41,0.543
392,42,0.575
392,43,0.508
392,44,0.526
392,45,0.486
392,46,0.841
392,47,0.964
392,48,0.829
393,1,0.503
393,2,0.426
393,3,0.432
393,4,0.289
393,5,0.298
393,6,0.282
393,7,0.296
393,8,0.247
393,9,0.329
393,10,0.246
393,11,0.304
393,12,0.269
393,13,0.301
393,14,0.441
393,15,0.45
393,16,0.297
393,17,0.373
393,18,0.294
393,19,0.665
393,20,0.393
393,21,0.354
393,22,0.361
393,23,0.458
393,24,0.377
393,25,0.289
393,26,0.269
393,27,0.858
393,28,0.447
393,29,0.437
393,30,0.357
393,31,0.449
393,32,0.782
393,33,0.979
393,34,0.894
393,35,1.274
393,36,0.886
393,37,2.629
393,38,3.5
393,39,1.287
393,40,2.203
393,41,1.016
393,42,0.91
393,43,0.949
393,44,0.858
393,45,1.028
393,46,1.6
393,47,1.176
393,48,0.532
394,1,0.703
394,2,0.71
394,3,0.673
394,4,1.129
394,5,1.123
394,6,0.371
394,7,0.704
394,8,0.915
394,9,0.226
394,10,0.78
394,11,0.751
394,12,0.325
394,13,0.735
394,14,0.877
394,15,0.313
394,16,0.774
394,17,0.613
394,18,0.491
394,19,1.032
394,20,0.515
394,21,0.594
394,22,1.062
394,23,0.806
394,24,1.836
394,25,0.602
394,26,0.473
394,27,0.884
394,28,0.324
394,29,0.577
394,30,0.295
394,31,0.531
394,32,0.762
394,33,0.847
394,34,0.77
394,35,1.125
394,36,1.338
394,37,1.312
394,38,0.994
394,39,0.801
394,40,0.687
394,41,0.779
394,42,0.694
394,43,0.734
394,44,0.809
394,45,0.507
394,46,0.368
394,47,0.469
394,48,0.381
395,1,0.432
395,2,0.403
395,3,0.425
395,4,0.392
395,5,0.33
395,6,0.332
395,7,0.249
395,8,0.311
395,9,0.254
395,10,0.34
395,11,0.217
395,12,0.324
395,13,0.269
395,14,0.3
395,15,0.261
395,16,0.269
395,17,0.322
395,18,0.242
395,19,0.319
395,20,0.216
395,21,0.342
395,22,0.193
395,23,0.362
395,24,1.336
395,25,0.381
395,26,0.362
395,27,0.265
395,28,0.22
395,29,0.096
395,30,0.231
395,31,0.108
395,32,0.191
395,33,1.705
395,34,1.657
395,35,2.094
395,36,2.047
395,37,1.081
395,38,1.05
395,39,1.374
395,40,0.893
395,41,1.215
395,42,1.08
395,43,1.569
395,44,1.06
395,45,1.183
395,46,1.368
395,47,0.992
395,48,0.527
396,1,0.481
396,2,0.413
396,3,0.368
396,4,0.379
396,5,0.209
396,6,0.316
396,7,0.306
396,8,0.627
396,9,0.742
396,10,0.695
396,11,0.416
396,12,0.235
396,13,0.296
396,14,0.223
396,15,0.3
396,16,0.257
396,17,0.228
396,18,0.314
396,19,0.278
396,20,0.356
396,21,0.279
396,22,0.197
396,23,0.143
396,24,0.419
396,25,0.522
396,26,0.7
396,27,0.875
396,28,1.392
396,29,0.583
396,30,0.577
396,31,1.81
396,32,1.357
396,33,1.223
396,34,0.341
396,35,0.226
396,36,0.351
396,37,0.521
396,38,2.601
396,39,0.962
396,40,2.353
396,41,0.888
396,42,0.872
396,43,0.845
396,44,0.754
396,45,0.826
396,46,0.81
396,47,0.429
396,48,0.388
397,1,1.056
397,2,0.743
397,3,0.329
397,4,0.349
397,5,0.274
397,6,0.346
397,7,0.307
397,8,0.316
397,9,0.337
397,10,0.252
397,11,0.376
397,12,0.272
397,13,0.474
397,14,0.336
397,15,0.243
397,16,0.288
397,17,0.234
397,18,0.329
397,19,0.428
397,20,0.557
397,21,0.362
397,22,1.217
397,23,2.303
397,24,0.71
397,25,1.396
397,26,2.491
397,27,0.797
397,28,0.75
397,29,1.217
397,30,0.451
397,31,0.888
397,32,1.027
397,33,0.934
397,34,1.136
397,35,1.39
397,36,2.058
397,37,1.685
397,38,1.245
397,39,1.701
397,40,0.911
397,41,0.885
397,42,0.916
397,43,1.31
397,44,0.877
397,45,0.831
397,46,2.089
397,47,0.504
397,48,1.917
398,1,1.212
398,2,0.802
398,3,0.473
398,4,1.079
398,5,0.304
398,6,0.771
398,7,0.284
398,8,0.788
398,9,0.667
398,10,0.351
398,11,0.762
398,12,0.705
398,13,0.27
398,14,0.885
398,15,0.295
398,16,0.779
398,17,0.751
398,18,0.366
398,19,2.024
398,20,2.88
398,21,0.855
398,22,0.448
398,23,1.172
398,24,2.699
398,25,2.583
398,26,1.151
398,27,1.079
398,28,0.336
398,29,0.842
398,30,0.55
398,31,0.829
398,32,0.913
398,33,0.548
398,34,1.703
398,35,2.045
398,36,2.154
398,37,2.596
398,38,1.371
398,39,1.764
398,40,1.273
398,41,1.377
398,42,1.701
398,43,1.39
398,44,1.322
398,45,2.387
398,46,1.334
398,47,1.43
398,48,1.854
399,1,0.809
399,2,1.138
399,3,0.854
399,4,0.955
399,5,0.881
399,6,0.766
399,7,1.07
399,8,0.529
399,9,1.028
399,10,0.864
399,11,1.006
399,12,0.511
399,13,1.414
399,14,1.764
399,15,2.757
399,16,3.39
399,17,0.377
399,18,1.123
399,19,0.347
399,20,0.775
399,21,0.98
399,22,0.604
399,23,0.614
399,24,1.292
399,25,0.459
399,26,1.427
399,27,1.218
399,28,0.749
399,29,1.87
399,30,1.206
399,31,2.883
399,32,1.652
399,33,1.869
399,34,0.477
399,35,0.281
399,36,0.77
399,37,2.2
399,38,0.851
399,39,0.405
399,40,0.474
399,41,0.389
399,42,0.821
399,43,0.329
399,44,0.691
399,45,0.663
399,46,1.008
399,47,1.025
399,48,0.746
400,1,0.867
400,2,0.688
400,3,0.399
400,4,0.831
400,5,0.133
400,6,0.867
400,7,0.127
400,8,0.74
400,9,0.156
400,10,0.733
400,11,0.114
400,12,0.788
400,13,0.129
400,14,0.717
400,15,0.604
400,16,0.224
400,17,0.639
400,18,0.338
400,19,0.68
400,20,0.304
400,21,0.235
400,22,0.836
400,23,0.109
400,24,0.698
400,25,1.093
400,26,1.289
400,27,0.436
400,28,0.562
400,29,0.792
400,30,0.232
400,31,0.283
400,32,0.308
400,33,0.775
400,34,0.352
400,35,0.435
400,36,0.698
400,37,0.997
400,38,0.619
400,39,0.714
400,40,1.18
400,41,0.814
400,42,0.778
400,43,1.071
400,44,0.875
400,45,1.143
400,46,0.505
400,47,0.819
400,48,0.473
401,1,0.93
401,2,0.433
401,3,0.918
401,4,0.267
401,5,0.906
401,6,0.232
401,7,0.91
401,8,0.235
401,9,0.835
401,10,0.284
401,11,0.969
401,12,0.266
401,13,0.765
401,14,0.57
401,15,0.54
401,16,0.778
401,17,0.285
401,18,0.832
401,19,0.292
401,20,0.862
401,21,0.286
401,22,0.223
401,23,0.634
401,24,0.877
401,25,0.412
401,26,1.077
401,27,1.341
401,28,0.615
401,29,1.217
401,30,0.651
401,31,0.762
401,32,0.403
401,33,0.436
401,34,0.849
401,35,0.216
401,36,0.887
401,37,1.086
401,38,0.78
401,39,1.176
401,40,1.338
401,41,1.047
401,42,1.145
401,43,1.365
401,44,0.895
401,45,1.047
401,46,0.286
401,47,0.798
401,48,0.288
402,1,0.795
402,2,0.303
402,3,0.798
402,4,0.431
402,5,0.42
402,6,0.8
402,7,0.127
402,8,0.881
402,9,0.122
402,10,0.701
402,11,0.145
402,12,0.865
402,13,0.128
402,14,0.895
402,15,0.107
402,16,0.78
402,17,0.1
402,18,0.788
402,19,0.204
402,20,0.828
402,21,0.578
402,22,0.235
402,23,0.551
402,24,0.238
402,25,0.56
402,26,0.75
402,27,0.378
402,28,1.303
402,29,2.524
402,30,0.98
402,31,1.889
402,32,0.642
402,33,0.315
402,34,0.243
402,35,0.775
402,36,0.842
402,37,0.992
402,38,0.86
402,39,1.249
402,40,1.039
402,41,1.004
402,42,0.938
402,43,1.041
402,44,1.205
402,45,0.877
402,46,0.856
402,47,0.368
402,48,0.72
403,1,0.334
403,2,0.771
403,3,0.318
403,4,0.702
403,5,0.225
403,6,0.641
403,7,0.215
403,8,0.625
403,9,0.477
403,10,0.434
403,11,0.654
403,12,0.225
403,13,0.625
403,14,0.169
403,15,0.713
403,16,0.497
403,17,0.383
403,18,0.709
403,19,0.237
403,20,0.264
403,21,0.723
403,22,0.216
403,23,0.152
403,24,0.735
403,25,1.274
403,26,0.308
403,27,0.663
403,28,0.202
403,29,0.662
403,30,0.197
403,31,0.653
403,32,0.485
403,33,0.778
403,34,0.305
403,35,1.674
403,36,0.971
403,37,1.504
403,38,0.991
403,39,0.96
403,40,1.404
403,41,0.963
403,42,0.996
403,43,1.004
403,44,1.182
403,45,1.9
403,46,0.64
403,47,1.64
403,48,0.44
404,1,0.358
404,2,0.331
404,3,0.227
404,4,0.337
404,5,0.223
404,6,0.335
404,7,0.219
404,8,0.337
404,9,0.217
404,10,0.332
404,11,0.221
404,12,0.322
404,13,0.232
404,14,0.322
404,15,0.227
404,16,0.321
404,17,0.219
404,18,0.323
404,19,0.55
404,20,0.343
404,21,0.335
404,22,0.574
404,23,0.188
404,24,0.279
404,25,0.33
404,26,0.283
404,27,0.308
404,28,0.241
404,29,0.587
404,30,0.236
404,31,0.345
404,32,0.319
404,33,0.557
404,34,0.65
404,35,0.664
404,36,0.725
404,37,1.026
404,38,0.733
404,39,1.026
404,40,1.15
404,41,1.216
404,42,1.137
404,43,1.153
404,44,1.177
404,45,1.294
404,46,0.893
404,47,0.504
404,48,0.372
405,1,0.492
405,2,0.374
405,3,0.36
405,4,0.224
405,5,0.31
405,6,0.236
405,7,0.277
405,8,0.27
405,9,0.263
405,10,0.284
405,11,0.254
405,12,0.275
405,13,0.264
405,14,0.277
405,15,0.258
405,16,0.299
405,17,0.224
405,18,0.329
405,19,0.313
405,20,0.445
405,21,0.297
405,22,0.301
405,23,0.114
405,24,0.192
405,25,0.141
405,26,0.182
405,27,0.572
405,28,1.082
405,29,0.287
405,30,0.276
405,31,0.322
405,32,0.316
405,33,0.263
405,34,0.216
405,35,0.262
405,36,0.513
405,37,0.895
405,38,0.814
405,39,1.028
405,40,0.956
405,41,0.938
405,42,0.829
405,43,0.876
405,44,0.732
405,45,0.871
405,46,0.795
405,47,0.668
405,48,0.575
406,1,0.646
406,2,0.596
406,3,0.623
406,4,0.453
406,5,0.452
406,6,0.47
406,7,0.428
406,8,0.498
406,9,0.389
406,10,0.521
406,11,0.391
406,12,0.512
406,13,0.42
406,14,0.474
406,15,0.448
406,16,0.434
406,17,0.485
406,18,0.252
406,19,0.291
406,20,0.545
406,21,0.369
406,22,0.293
406,23,0.217
406,24,0.186
406,25,0.163
406,26,0.205
406,27,0.217
406,28,0.189
406,29,0.504
406,30,0.316
406,31,0.158
406,32,0.256
406,33,0.147
406,34,0.708
406,35,0.442
406,36,0.713
406,37,0.757
406,38,0.759
406,39,0.747
406,40,0.709
406,41,0.774
406,42,0.684
406,43,0.73
406,44,0.598
406,45,0.738
406,46,1.952
406,47,2.002
406,48,1.118
407,1,0.675
407,2,0.887
407,3,0.426
407,4,0.789
407,5,0.57
407,6,0.462
407,7,0.67
407,8,0.695
407,9,0.362
407,10,0.829
407,11,0.267
407,12,0.872
407,13,0.493
407,14,0.581
407,15,0.813
407,16,0.236
407,17,0.837
407,18,0.529
407,19,0.604
407,20,0.36
407,21,0.732
407,22,0.659
407,23,0.458
407,24,0.367
407,25,0.648
407,26,0.136
407,27,0.976
407,28,0.733
407,29,0.567
407,30,0.647
407,31,0.203
407,32,0.683
407,33,0.304
407,34,0.549
407,35,0.899
407,36,0.632
407,37,0.685
407,38,1.156
407,39,1.074
407,40,0.845
407,41,0.76
407,42,1.581
407,43,0.729
407,44,0.758
407,45,1.25
407,46,0.313
407,47,0.344
407,48,0.898
408,1,0.373
408,2,0.759
408,3,0.345
408,4,0.655
408,5,0.74
408,6,0.131
408,7,0.658
408,8,0.234
408,9,0.568
408,10,0.691
408,11,0.114
408,12,0.786
408,13,0.52
408,14,0.301
408,15,0.687
408,16,0.172
408,17,0.762
408,18,0.345
408,19,0.606
408,20,1.011
408,21,0.709
408,22,0.661
408,23,0.813
408,24,0.41
408,25,1.004
408,26,0.876
408,27,0.466
408,28,0.244
408,29,0.597
408,30,0.207
408,31,0.577
408,32,1.148
408,33,0.757
408,34,0.458
408,35,0.305
408,36,0.311
408,37,0.313
408,38,1.189
408,39,1.061
408,40,1.01
408,41,1.071
408,42,1.247
408,43,1.002
408,44,0.906
408,45,1.084
408,46,2.165
408,47,0.894
408,48,1.799
409,1,0.588
409,2,0.577
409,3,0.191
409,4,0.186
409,5,0.152
409,6,0.2
409,7,0.133
409,8,0.209
409,9,0.124
409,10,0.207
409,11,0.146
409,12,0.186
409,13,0.163
409,14,0.165
409,15,0.185
409,16,0.154
409,17,0.196
409,18,0.136
409,19,0.285
409,20,0.203
409,21,0.357
409,22,0.206
409,23,0.691
409,24,0.306
409,25,0.297
409,26,0.215
409,27,0.258
409,28,0.232
409,29,0.245
409,30,0.247
409,31,0.224
409,32,0.968
409,33,0.485
409,34,0.356
409,35,0.253
409,36,0.277
409,37,0.536
409,38,1.143
409,39,1.675
409,40,1.327
409,41,1.154
409,42,1.213
409,43,1.333
409,44,1.131
409,45,1.143
409,46,1.228
409,47,0.684
409,48,0.265
410,1,0.325
410,2,0.243
410,3,0.332
410,4,0.231
410,5,0.269
410,6,0.132
410,7,0.191
410,8,0.15
410,9,0.168
410,10,0.172
410,11,0.155
410,12,0.184
410,13,0.139
410,14,0.197
410,15,0.122
410,16,0.196
410,17,0.15
410,18,0.172
410,19,0.242
410,20,0.295
410,21,0.305
410,22,0.191
410,23,0.221
410,24,0.162
410,25,0.23
410,26,0.496
410,27,0.423
410,28,0.261
410,29,0.232
410,30,0.155
410,31,0.206
410,32,0.163
410,33,0.193
410,34,0.171
410,35,0.429
410,36,1.182
410,37,1.975
410,38,0.654
410,39,0.659
410,40,0.669
410,41,0.635
410,42,0.644
410,43,1.276
410,44,0.996
410,45,1.125
410,46,0.486
410,47,0.355
410,48,0.319
411,1,0.319
411,2,0.217
411,3,0.195
411,4,0.169
411,5,0.183
411,6,0.176
411,7,0.177
411,8,0.177
411,9,0.175
411,10,0.176
411,11,0.176
411,12,0.18
411,13,0.174
411,14,0.182
411,15,0.169
411,16,0.187
411,17,0.142
411,18,0.214
411,19,0.493
411,20,0.293
411,21,0.189
411,22,0.233
411,23,0.122
411,24,0.207
411,25,0.176
411,26,0.209
411,27,0.237
411,28,0.34
411,29,0.291
411,30,0.625
411,31,0.352
411,32,0.462
411,33,0.6
411,34,0.869
411,35,0.829
411,36,0.846
411,37,0.833
411,38,1.123
411,39,1.211
411,40,1.129
411,41,1.215
411,42,1.106
411,43,1.413
411,44,1.069
411,45,1.161
411,46,0.987
411,47,0.461
411,48,0.417
412,1,0.409
412,2,0.397
412,3,0.353
412,4,0.264
412,5,0.285
412,6,0.252
412,7,0.304
412,8,0.257
412,9,0.258
412,10,0.301
412,11,0.248
412,12,0.288
412,13,0.264
412,14,0.276
412,15,0.253
412,16,0.299
412,17,0.222
412,18,0.298
412,19,0.325
412,20,0.377
412,21,0.323
412,22,0.676
412,23,0.388
412,24,0.389
412,25,0.148
412,26,0.214
412,27,0.363
412,28,0.39
412,29,0.102
412,30,0.374
412,31,0.262
412,32,0.303
412,33,0.226
412,34,0.312
412,35,0.243
412,36,0.35
412,37,3.022
412,38,1.56
412,39,0.99
412,40,1.061
412,41,0.971
412,42,1.044
412,43,0.889
412,44,0.987
412,45,0.983
412,46,0.638
412,47,0.306
412,48,0.343
413,1,0.267
413,2,0.167
413,3,0.2
413,4,0.153
413,5,0.209
413,6,0.137
413,7,0.198
413,8,0.151
413,9,0.192
413,10,0.148
413,11,0.202
413,12,0.107
413,13,0.235
413,14,0.105
413,15,0.22
413,16,0.151
413,17,0.205
413,18,0.227
413,19,0.223
413,20,0.249
413,21,0.366
413,22,0.317
413,23,0.596
413,24,0.4
413,25,0.124
413,26,0.246
413,27,0.094
413,28,0.242
413,29,1.639
413,30,0.314
413,31,1.834
413,32,0.504
413,33,1.682
413,34,0.22
413,35,0.517
413,36,0.837
413,37,0.632
413,38,0.404
413,39,0.391
413,40,0.371
413,41,0.42
413,42,0.378
413,43,0.351
413,44,0.313
413,45,0.327
413,46,0.857
413,47,1.023
413,48,1.061
414,1,1.662
414,2,0.824
414,3,1.726
414,4,0.184
414,5,0.206
414,6,0.144
414,7,0.2
414,8,0.137
414,9,0.206
414,10,0.139
414,11,0.194
414,12,0.168
414,13,0.15
414,14,0.208
414,15,0.133
414,16,0.228
414,17,0.221
414,18,0.256
414,19,0.209
414,20,0.328
414,21,0.228
414,22,0.207
414,23,0.189
414,24,0.312
414,25,0.255
414,26,0.336
414,27,0.389
414,28,2.163
414,29,0.586
414,30,0.663
414,31,0.617
414,32,0.328
414,33,0.256
414,34,0.2
414,35,0.297
414,36,1.172
414,37,0.938
414,38,0.776
414,39,0.897
414,40,0.758
414,41,0.895
414,42,0.76
414,43,0.794
414,44,0.733
414,45,0.759
414,46,0.864
414,47,0.864
414,48,0.441
415,1,0.243
415,2,0.339
415,3,0.245
415,4,0.212
415,5,0.137
415,6,0.195
415,7,0.144
415,8,0.19
415,9,0.147
415,10,0.183
415,11,0.174
415,12,0.119
415,13,0.234
415,14,0.097
415,15,0.209
415,16,0.134
415,17,0.188
415,18,0.147
415,19,0.264
415,20,0.232
415,21,0.232
415,22,0.211
415,23,0.111
415,24,0.231
415,25,1.076
415,26,0.392
415,27,0.325
415,28,0.294
415,29,0.159
415,30,0.172
415,31,0.142
415,32,0.197
415,33,0.151
415,34,0.145
415,35,0.19
415,36,0.127
415,37,0.244
415,38,0.224
415,39,0.264
415,40,0.171
415,41,0.301
415,42,0.146
415,43,0.246
415,44,0.114
415,45,0.181
415,46,0.579
415,47,1.262
415,48,0.837
