213,1,0.246
213,2,0.2
213,3,0.24
213,4,0.184
213,5,0.25
213,6,0.199
213,7,0.226
213,8,0.204
213,9,0.221
213,10,0.215
213,11,0.225
213,12,0.209
213,13,0.219
213,14,0.213
213,15,0.211
213,16,0.227
213,17,0.194
213,18,0.234
213,19,0.183
213,20,0.238
213,21,0.186
213,22,0.676
213,23,0.224
213,24,0.225
213,25,0.274
213,26,0.229
213,27,0.21
213,28,0.236
213,29,0.423
213,30,0.244
213,31,0.287
213,32,0.329
213,33,0.462
213,34,0.656
213,35,0.248
213,36,0.721
213,37,0.315
213,38,0.292
213,39,0.343
213,40,0.305
213,41,0.33
213,42,0.589
213,43,0.352
213,44,0.339
213,45,0.354
213,46,0.368
213,47,0.402
213,48,0.33
214,1,0.212
214,2,0.246
214,3,0.193
214,4,0.246
214,5,0.199
214,6,0.231
214,7,0.205
214,8,0.221
214,9,0.203
214,10,0.226
214,11,0.198
214,12,0.24
214,13,0.186
214,14,0.24
214,15,0.186
214,16,0.24
214,17,0.185
214,18,0.235
214,19,0.194
214,20,0.236
214,21,0.621
214,22,0.222
214,23,0.21
214,24,0.216
214,25,0.926
214,26,0.228
214,27,0.422
214,28,0.263
214,29,0.307
214,30,0.262
214,31,0.299
214,32,0.273
214,33,0.367
214,34,0.347
214,35,0.293
214,36,0.268
214,37,0.316
214,38,0.484
214,39,0.308
214,40,0.271
214,41,0.343
214,42,0.368
214,43,0.322
214,44,0.289
214,45,0.226
214,46,0.25
214,47,0.228
214,48,0.246
215,1,0.213
215,2,0.234
215,3,0.208
215,4,0.236
215,5,0.185
215,6,0.239
215,7,0.192
215,8,0.234
215,9,0.204
215,10,0.223
215,11,0.207
215,12,0.218
215,13,0.212
215,14,0.226
215,15,0.204
215,16,0.222
215,17,0.201
215,18,0.215
215,19,0.206
215,20,0.215
215,21,0.952
215,22,0.244
215,23,0.315
215,24,0.2
215,25,0.241
215,26,0.211
215,27,0.244
215,28,0.248
215,29,0.294
215,30,0.525
215,31,0.378
215,32,0.284
215,33,0.351
215,34,0.374
215,35,0.278
215,36,0.482
215,37,0.263
215,38,0.308
215,39,0.426
215,40,0.338
215,41,0.301
215,42,0.328
215,43,0.307
215,44,0.383
215,45,0.368
215,46,0.439
215,47,0.387
215,48,0.256
216,1,0.215
216,2,0.225
216,3,0.206
216,4,0.232
216,5,0.196
216,6,0.241
216,7,0.185
216,8,0.239
216,9,0.195
216,10,0.229
216,11,0.207
216,12,0.219
216,13,0.22
216,14,0.224
216,15,0.214
216,16,0.224
216,17,0.206
216,18,0.232
216,19,0.771
216,20,0.216
216,21,0.299
216,22,0.278
216,23,0.332
216,24,0.291
216,25,0.345
216,26,1.134
216,27,0.446
216,28,0.369
216,29,0.396
216,30,0.248
216,31,0.343
216,32,0.283
216,33,0.439
216,34,0.553
216,35,0.262
216,36,0.289
216,37,0.279
216,38,0.333
216,39,0.316
216,40,0.316
216,41,0.291
216,42,0.343
216,43,0.684
216,44,0.619
216,45,0.56
216,46,0.567
216,47,0.313
216,48,0.342
217,1,0.386
217,2,0.341
217,3,0.423
217,4,0.2
217,5,0.246
217,6,0.203
217,7,0.224
217,8,0.206
217,9,0.226
217,10,0.203
217,11,0.241
217,12,0.187
217,13,0.246
217,14,0.19
217,15,0.97
217,16,1.689
217,17,1.119
217,18,1.361
217,19,1.018
217,20,0.547
217,21,0.375
217,22,0.388
217,23,0.368
217,24,0.448
217,25,0.416
217,26,0.464
217,27,0.381
217,28,0.5
217,29,2.983
217,30,0.361
217,31,0.394
217,32,0.359
217,33,0.428
217,34,0.45
217,35,0.447
217,36,0.438
217,37,0.558
217,38,0.391
217,39,0.333
217,40,0.456
217,41,0.433
217,42,0.451
217,43,0.469
217,44,0.483
217,45,0.416
217,46,0.434
217,47,0.397
217,48,0.219
218,1,0.253
218,2,0.212
218,3,0.226
218,4,0.218
218,5,0.227
218,6,0.215
218,7,0.213
218,8,0.239
218,9,0.185
218,10,0.24
218,11,0.197
218,12,0.227
218,13,0.203
218,14,0.223
218,15,0.197
218,16,0.237
218,17,0.181
218,18,0.277
218,19,0.339
218,20,0.421
218,21,0.426
218,22,0.422
218,23,0.585
218,24,0.641
218,25,0.424
218,26,0.427
218,27,2.606
218,28,0.407
218,29,0.427
218,30,0.57
218,31,0.443
218,32,0.443
218,33,0.433
218,34,0.451
218,35,0.413
218,36,0.457
218,37,0.408
218,38,0.462
218,39,0.46
218,40,0.505
218,41,0.438
218,42,0.328
218,43,0.226
218,44,0.224
218,45,0.265
218,46,0.269
218,47,0.412
218,48,0.232
219,1,0.24
219,2,0.22
219,3,0.222
219,4,0.222
219,5,0.204
219,6,0.241
219,7,0.188
219,8,0.239
219,9,0.204
219,10,0.224
219,11,0.204
219,12,0.24
219,13,0.183
219,14,0.236
219,15,0.217
219,16,0.408
219,17,0.42
219,18,0.443
219,19,0.884
219,20,0.905
219,21,0.812
219,22,1.167
219,23,0.465
219,24,0.405
219,25,0.476
219,26,0.415
219,27,0.445
219,28,0.423
219,29,0.293
219,30,0.218
219,31,0.226
219,32,0.233
219,33,0.209
219,34,0.251
219,35,0.198
219,36,2.7
219,37,0.318
219,38,0.449
219,39,0.406
219,40,0.395
219,41,0.521
219,42,0.47
219,43,0.374
219,44,0.213
219,45,0.254
219,46,0.239
219,47,0.251
219,48,0.445
220,1,0.466
220,2,0.245
220,3,0.199
220,4,0.248
220,5,0.201
220,6,0.234
220,7,0.209
220,8,0.238
220,9,0.202
220,10,0.248
220,11,0.206
220,12,0.231
220,13,0.228
220,14,0.204
220,15,0.236
220,16,0.222
220,17,0.235
220,18,0.201
220,19,0.231
220,20,0.187
220,21,0.237
220,22,0.188
220,23,0.232
220,24,0.201
220,25,0.225
220,26,0.205
220,27,0.241
220,28,0.194
220,29,0.238
220,30,0.212
220,31,0.214
220,32,0.233
220,33,0.199
220,34,0.242
220,35,0.202
220,36,0.223
220,37,0.203
220,38,0.241
220,39,0.185
220,40,0.242
220,41,0.212
220,42,0.216
220,43,0.225
220,44,0.232
220,45,0.241
220,46,0.427
220,47,0.365
220,48,0.314
221,1,0.337
221,2,0.207
221,3,0.232
221,4,0.204
221,5,0.233
221,6,0.198
221,7,0.242
221,8,0.205
221,9,0.226
221,10,0.225
221,11,0.202
221,12,0.235
221,13,0.217
221,14,0.229
221,15,0.209
221,16,0.258
221,17,0.35
221,18,0.409
221,19,0.379
221,20,0.627
221,21,0.416
221,22,0.439
221,23,0.416
221,24,0.928
221,25,0.327
221,26,0.671
221,27,0.411
221,28,0.501
221,29,0.399
221,30,0.435
221,31,0.385
221,32,0.573
221,33,0.378
221,34,0.33
221,35,0.361
221,36,0.333
221,37,0.42
221,38,0.416
221,39,0.459
221,40,0.41
221,41,0.658
221,42,0.422
221,43,0.433
221,44,0.496
221,45,0.6
221,46,0.646
221,47,0.624
221,48,0.665
222,1,0.405
222,2,0.298
222,3,0.211
222,4,0.232
222,5,0.213
222,6,0.241
222,7,0.195
222,8,0.243
222,9,0.19
222,10,0.239
222,11,0.212
222,12,0.218
222,13,0.217
222,14,0.222
222,15,0.21
222,16,0.22
222,17,0.221
222,18,0.217
222,19,0.447
222,20,0.415
222,21,0.456
222,22,0.419
222,23,0.463
222,24,0.378
222,25,0.382
222,26,0.822
222,27,0.558
222,28,0.344
222,29,0.444
222,30,0.415
222,31,0.442
222,32,0.431
222,33,0.458
222,34,1.328
222,35,0.355
222,36,0.441
222,37,0.369
222,38,0.325
222,39,0.276
222,40,0.33
222,41,0.501
222,42,0.396
222,43,0.291
222,44,0.324
222,45,0.64
222,46,0.572
222,47,0.351
222,48,0.234
223,1,0.249
223,2,0.21
223,3,0.246
223,4,0.19
223,5,0.246
223,6,0.216
223,7,0.218
223,8,0.223
223,9,0.219
223,10,0.221
223,11,0.217
223,12,0.226
223,13,0.208
223,14,0.243
223,15,0.186
223,16,0.257
223,17,0.194
223,18,0.58
223,19,0.252
223,20,0.258
223,21,0.196
223,22,0.24
223,23,0.186
223,24,0.24
223,25,0.216
223,26,1.654
223,27,1.108
223,28,0.441
223,29,0.448
223,30,0.431
223,31,0.466
223,32,0.41
223,33,0.409
223,34,0.285
223,35,0.296
223,36,0.315
223,37,0.449
223,38,0.434
223,39,0.394
223,40,0.439
223,41,0.459
223,42,0.432
223,43,0.259
223,44,0.319
223,45,0.4
223,46,0.612
223,47,0.397
223,48,0.349
224,1,0.284
224,2,0.25
224,3,0.19
224,4,0.243
224,5,0.199
224,6,0.226
224,7,0.21
224,8,0.221
224,9,0.238
224,10,0.228
224,11,0.208
224,12,0.219
224,13,0.235
224,14,0.201
224,15,0.238
224,16,0.189
224,17,0.231
224,18,0.198
224,19,0.218
224,20,0.27
224,21,0.444
224,22,0.406
224,23,0.451
224,24,0.401
224,25,0.598
224,26,1.554
224,27,0.409
224,28,0.378
224,29,0.443
224,30,0.441
224,31,0.45
224,32,0.568
224,33,0.344
224,34,0.466
224,35,0.416
224,36,0.446
224,37,0.618
224,38,0.343
224,39,0.328
224,40,0.343
224,41,0.291
224,42,0.291
224,43,0.36
224,44,0.489
224,45,0.574
224,46,0.633
224,47,0.476
224,48,0.5
225,1,0.396
225,2,0.325
225,3,0.383
225,4,0.225
225,5,0.217
225,6,0.236
225,7,0.222
225,8,0.227
225,9,0.211
225,10,0.241
225,11,0.199
225,12,0.247
225,13,0.194
225,14,0.238
225,15,0.201
225,16,0.221
225,17,0.2
225,18,0.236
225,19,0.306
225,20,0.37
225,21,0.337
225,22,0.349
225,23,0.342
225,24,0.349
225,25,0.356
225,26,1.463
225,27,0.359
225,28,0.366
225,29,0.328
225,30,0.399
225,31,0.441
225,32,0.428
225,33,0.446
225,34,0.42
225,35,0.466
225,36,0.53
225,37,0.396
225,38,0.354
225,39,0.462
225,40,0.513
225,41,0.394
225,42,0.292
225,43,0.207
225,44,0.245
225,45,0.225
225,46,0.274
225,47,0.489
225,48,0.576
226,1,0.527
226,2,0.351
226,3,0.208
226,4,0.239
226,5,0.202
226,6,0.23
226,7,0.221
226,8,0.209
226,9,0.236
226,10,0.198
226,11,0.241
226,12,0.206
226,13,0.23
226,14,0.21
226,15,0.233
226,16,0.195
226,17,0.235
226,18,0.182
226,19,0.237
226,20,0.222
226,21,0.548
226,22,0.391
226,23,0.456
226,24,0.401
226,25,0.48
226,26,0.425
226,27,2.193
226,28,0.888
226,29,0.427
226,30,0.44
226,31,0.342
226,32,0.374
226,33,0.295
226,34,0.328
226,35,0.332
226,36,0.262
226,37,0.225
226,38,0.258
226,39,0.302
226,40,0.291
226,41,0.333
226,42,0.335
226,43,0.523
226,44,0.356
226,45,0.454
226,46,0.325
226,47,0.375
226,48,1.36
227,1,1.681
227,2,0.343
227,3,0.432
227,4,0.395
227,5,0.424
227,6,0.217
227,7,0.442
227,8,0.236
227,9,0.371
227,10,0.245
227,11,0.386
227,12,0.231
227,13,0.478
227,14,0.232
227,15,0.206
227,16,0.495
227,17,0.187
227,18,0.453
227,19,0.223
227,20,0.673
227,21,1.378
227,22,0.228
227,23,0.693
227,24,0.385
227,25,0.375
227,26,0.229
227,27,0.453
227,28,0.201
227,29,1.576
227,30,1.37
227,31,0.452
227,32,0.235
227,33,0.519
227,34,0.465
227,35,0.408
227,36,0.402
227,37,0.3
227,38,0.515
227,39,0.28
227,40,0.527
227,41,0.263
227,42,0.273
227,43,1.416
227,44,0.674
227,45,0.436
227,46,0.677
227,47,0.512
227,48,0.475
228,1,0.71
228,2,0.446
228,3,0.586
228,4,0.207
228,5,0.23
228,6,0.203
228,7,0.509
228,8,0.188
228,9,0.243
228,10,0.422
228,11,0.228
228,12,0.413
228,13,0.226
228,14,0.203
228,15,0.451
228,16,0.186
228,17,0.238
228,18,0.412
228,19,0.531
228,20,0.251
228,21,0.236
228,22,0.254
228,23,0.456
228,24,0.252
228,25,0.241
228,26,0.251
228,27,0.275
228,28,0.339
228,29,1.408
228,30,0.48
228,31,0.301
228,32,0.331
228,33,0.318
228,34,0.341
228,35,0.268
228,36,0.287
228,37,0.276
228,38,0.266
228,39,0.626
228,40,0.281
228,41,0.329
228,42,0.423
228,43,0.494
228,44,0.451
228,45,0.493
228,46,0.444
228,47,0.526
228,48,0.303
229,1,0.276
229,2,0.228
229,3,0.246
229,4,0.223
229,5,0.243
229,6,0.226
229,7,0.254
229,8,0.219
229,9,0.264
229,10,0.209
229,11,0.264
229,12,0.211
229,13,0.263
229,14,0.222
229,15,0.245
229,16,0.222
229,17,0.237
229,18,0.221
229,19,0.238
229,20,0.219
229,21,0.27
229,22,0.238
229,23,0.288
229,24,0.232
229,25,0.285
229,26,0.234
229,27,0.764
229,28,0.416
229,29,0.278
229,30,0.259
229,31,0.29
229,32,0.246
229,33,0.293
229,34,0.26
229,35,0.284
229,36,0.287
229,37,0.503
229,38,0.328
229,39,0.303
229,40,0.319
229,41,0.33
229,42,0.402
229,43,0.452
229,44,0.489
229,45,0.449
229,46,0.482
229,47,0.465
229,48,0.466
230,1,0.476
230,2,0.326
230,3,0.188
230,4,0.244
230,5,0.199
230,6,0.233
230,7,0.219
230,8,0.213
230,9,0.223
230,10,0.213
230,11,0.223
230,12,0.24
230,13,0.216
230,14,0.219
230,15,0.213
230,16,0.214
230,17,0.225
230,18,0.196
230,19,1.834
230,20,1.594
230,21,0.739
230,22,0.221
230,23,0.468
230,24,0.371
230,25,0.607
230,26,0.365
230,27,0.61
230,28,0.799
230,29,1.103
230,30,0.278
230,31,0.372
230,32,0.661
230,33,0.446
230,34,0.696
230,35,0.216
230,36,0.976
230,37,0.353
230,38,0.32
230,39,0.487
230,40,0.538
230,41,0.513
230,42,0.349
230,43,0.347
230,44,0.684
230,45,0.32
230,46,0.256
230,47,0.269
230,48,0.5
231,1,0.274
231,2,0.215
231,3,0.464
231,4,0.213
231,5,0.529
231,6,0.228
231,7,0.244
231,8,0.226
231,9,0.387
231,10,0.33
231,11,0.256
231,12,0.413
231,13,0.24
231,14,0.256
231,15,0.43
231,16,0.278
231,17,0.221
231,18,2.001
231,19,1.454
231,20,0.339
231,21,1.05
231,22,0.557
231,23,0.206
231,24,0.499
231,25,0.367
231,26,0.304
231,27,0.248
231,28,0.282
231,29,0.252
231,30,0.635
231,31,0.247
231,32,0.325
231,33,0.304
231,34,0.248
231,35,0.301
231,36,0.249
231,37,0.286
231,38,0.28
231,39,0.696
231,40,0.394
231,41,0.569
231,42,0.386
231,43,0.345
231,44,0.332
231,45,0.313
231,46,0.308
231,47,0.301
231,48,0.393
232,1,0.485
232,2,0.509
232,3,0.264
232,4,0.256
232,5,0.225
232,6,0.208
232,7,0.227
232,8,0.222
232,9,0.209
232,10,0.225
232,11,0.245
232,12,0.223
232,13,0.224
232,14,0.205
232,15,0.222
232,16,0.211
232,17,0.213
232,18,0.219
232,19,0.199
232,20,0.233
232,21,0.215
232,22,0.253
232,23,0.289
232,24,0.505
232,25,0.453
232,26,0.25
232,27,0.207
232,28,0.412
232,29,0.215
232,30,0.217
232,31,0.224
232,32,0.206
232,33,0.44
232,34,0.225
232,35,0.214
232,36,0.227
232,37,0.455
232,38,0.449
232,39,0.302
232,40,0.24
232,41,0.224
232,42,0.422
232,43,0.203
232,44,0.233
232,45,0.233
232,46,0.437
232,47,0.249
232,48,0.234
233,1,0.305
233,2,0.538
233,3,0.445
233,4,0.444
233,5,0.446
233,6,0.476
233,7,0.28
233,8,0.228
233,9,0.228
233,10,0.214
233,11,0.229
233,12,0.211
233,13,0.229
233,14,0.214
233,15,0.216
233,16,0.226
233,17,0.219
233,18,0.228
233,19,0.551
233,20,0.234
233,21,0.207
233,22,0.211
233,23,0.215
233,24,0.201
233,25,0.219
233,26,0.201
233,27,0.222
233,28,0.219
233,29,0.233
233,30,0.239
233,31,0.221
233,32,0.239
233,33,0.23
233,34,0.24
233,35,0.255
233,36,0.288
233,37,0.315
233,38,1.204
233,39,0.346
233,40,0.622
233,41,1.079
233,42,0.315
233,43,0.525
233,44,0.254
233,45,0.285
233,46,0.285
233,47,0.463
233,48,0.285
234,1,0.258
234,2,0.549
234,3,0.464
234,4,0.44
234,5,0.457
234,6,0.443
234,7,0.451
234,8,0.442
234,9,0.449
234,10,0.357
234,11,0.227
234,12,0.22
234,13,0.216
234,14,0.229
234,15,0.209
234,16,0.228
234,17,0.208
234,18,0.278
234,19,0.206
234,20,0.222
234,21,0.619
234,22,0.255
234,23,0.261
234,24,0.242
234,25,0.263
234,26,0.442
234,27,0.308
234,28,0.397
234,29,0.265
234,30,0.318
234,31,0.328
234,32,0.248
234,33,0.542
234,34,0.805
234,35,0.28
234,36,0.297
234,37,0.283
234,38,0.279
234,39,0.284
234,40,0.297
234,41,0.514
234,42,0.701
234,43,0.747
234,44,0.704
234,45,0.695
234,46,0.726
234,47,0.285
234,48,0.26
235,1,0.249
235,2,0.225
235,3,0.352
235,4,0.216
235,5,0.234
235,6,0.226
235,7,0.226
235,8,0.235
235,9,0.218
235,10,0.235
235,11,0.216
235,12,0.232
235,13,0.231
235,14,0.219
235,15,0.342
235,16,0.504
235,17,0.369
235,18,0.215
235,19,0.599
235,20,0.669
235,21,0.211
235,22,0.231
235,23,0.669
235,24,0.286
235,25,0.294
235,26,0.288
235,27,0.483
235,28,0.296
235,29,0.279
235,30,0.469
235,31,0.568
235,32,0.278
235,33,0.599
235,34,0.389
235,35,0.28
235,36,0.323
235,37,0.272
235,38,0.245
235,39,0.546
235,40,0.264
235,41,0.319
235,42,0.331
235,43,0.533
235,44,0.505
235,45,0.571
235,46,0.558
235,47,0.429
235,48,0.237
236,1,0.247
236,2,0.226
236,3,0.218
236,4,0.244
236,5,0.207
236,6,0.225
236,7,0.209
236,8,0.226
236,9,0.22
236,10,0.214
236,11,0.227
236,12,0.208
236,13,0.227
236,14,0.206
236,15,0.222
236,16,0.206
236,17,1.686
236,18,0.441
236,19,0.627
236,20,0.567
236,21,0.225
236,22,0.209
236,23,0.217
236,24,0.212
236,25,0.242
236,26,0.273
236,27,0.43
236,28,0.322
236,29,0.234
236,30,0.557
236,31,0.343
236,32,0.328
236,33,0.345
236,34,0.237
236,35,0.398
236,36,0.217
236,37,0.221
236,38,0.236
236,39,0.544
236,40,0.269
236,41,0.273
236,42,0.363
236,43,0.667
236,44,0.484
236,45,0.437
236,46,0.419
236,47,0.399
236,48,0.276
237,1,0.249
237,2,0.236
237,3,0.239
237,4,0.22
237,5,0.234
237,6,0.215
237,7,0.23
237,8,0.226
237,9,0.252
237,10,0.232
237,11,0.214
237,12,0.232
237,13,0.211
237,14,0.229
237,15,0.214
237,16,0.226
237,17,0.219
237,18,0.217
237,19,0.317
237,20,0.208
237,21,0.226
237,22,0.214
237,23,0.232
237,24,0.213
237,25,0.232
237,26,0.224
237,27,0.222
237,28,0.238
237,29,0.216
237,30,0.236
237,31,0.219
237,32,0.494
237,33,0.273
237,34,0.248
237,35,0.231
237,36,0.214
237,37,0.463
237,38,0.234
237,39,0.214
237,40,0.231
237,41,0.214
237,42,0.218
237,43,0.466
237,44,0.214
237,45,0.251
237,46,0.813
237,47,0.586
237,48,0.569
238,1,0.496
238,2,0.405
238,3,0.406
238,4,0.377
238,5,0.236
238,6,0.218
238,7,0.232
238,8,0.231
238,9,0.219
238,10,0.234
238,11,0.217
238,12,0.244
238,13,0.222
238,14,0.23
238,15,0.237
238,16,0.217
238,17,0.23
238,18,0.304
238,19,0.473
238,20,0.233
238,21,0.256
238,22,0.236
238,23,0.227
238,24,0.239
238,25,0.254
238,26,0.628
238,27,0.472
238,28,0.266
238,29,0.322
238,30,0.361
238,31,0.395
238,32,0.519
238,33,0.415
238,34,0.402
238,35,0.367
238,36,0.364
238,37,0.328
238,38,0.313
238,39,0.305
238,40,0.351
238,41,0.315
238,42,0.602
238,43,0.359
238,44,0.367
238,45,0.365
238,46,0.367
238,47,0.355
238,48,0.689
239,1,0.51
239,2,0.464
239,3,0.425
239,4,0.232
239,5,0.251
239,6,0.248
239,7,0.229
239,8,0.239
239,9,0.22
239,10,0.237
239,11,0.25
239,12,0.222
239,13,0.24
239,14,0.22
239,15,0.234
239,16,0.228
239,17,0.223
239,18,0.232
239,19,0.21
239,20,0.297
239,21,0.562
239,22,0.229
239,23,0.233
239,24,0.217
239,25,1.08
239,26,0.814
239,27,0.302
239,28,0.234
239,29,0.22
239,30,0.238
239,31,0.22
239,32,0.237
239,33,0.261
239,34,0.881
239,35,0.858
239,36,0.774
239,37,0.986
239,38,0.333
239,39,0.285
239,40,0.36
239,41,0.388
239,42,0.458
239,43,0.626
239,44,0.666
239,45,0.882
239,46,0.69
239,47,0.665
239,48,0.668
240,1,0.621
240,2,0.475
240,3,0.436
240,4,0.394
240,5,0.389
240,6,0.401
240,7,0.384
240,8,0.336
240,9,0.224
240,10,0.24
240,11,0.227
240,12,0.226
240,13,0.235
240,14,0.218
240,15,0.23
240,16,0.218
240,17,0.234
240,18,0.208
240,19,0.234
240,20,0.291
240,21,0.257
240,22,0.295
240,23,0.253
240,24,0.257
240,25,0.375
240,26,0.6
240,27,2.13
240,28,0.719
240,29,0.498
240,30,0.47
240,31,0.489
240,32,0.478
240,33,0.524
240,34,0.707
240,35,0.709
240,36,0.358
240,37,0.275
240,38,0.452
240,39,0.636
240,40,0.306
240,41,0.334
240,42,0.234
240,43,0.231
240,44,0.494
240,45,0.24
240,46,0.266
240,47,0.248
240,48,0.402
388,1,0.372
388,2,0.306
388,3,0.213
388,4,0.191
388,5,0.191
388,6,0.209
388,7,0.184
388,8,0.183
388,9,0.203
388,10,0.248
388,11,0.285
388,12,0.286
388,13,0.324
388,14,0.282
388,15,0.283
388,16,0.283
388,17,0.299
388,18,0.273
388,19,0.271
388,20,0.268
388,21,0.5
388,22,0.769
388,23,0.366
388,24,0.344
388,25,0.362
388,26,0.347
388,27,0.354
388,28,1.488
388,29,1.904
388,30,2.702
388,31,2.253
388,32,1.846
388,33,1.259
388,34,0.606
388,35,0.386
388,36,0.469
388,37,0.292
388,38,0.625
388,39,0.408
388,40,0.376
388,41,0.414
388,42,0.387
388,43,0.609
388,44,0.455
388,45,0.364
388,46,0.212
388,47,0.208
388,48,0.178
389,1,0.179
389,2,0.199
389,3,0.175
389,4,0.204
389,5,0.177
389,6,0.187
389,7,0.228
389,8,0.175
389,9,0.182
389,10,0.243
389,11,0.279
389,12,0.31
389,13,0.277
389,14,0.279
389,15,0.283
389,16,0.276
389,17,0.274
389,18,0.279
389,19,0.273
389,20,0.263
389,21,0.31
389,22,0.697
389,23,0.607
389,24,0.928
389,25,0.945
389,26,0.855
389,27,0.909
389,28,0.678
389,29,0.376
389,30,0.417
389,31,0.373
389,32,0.392
389,33,1.406
389,34,1.39
389,35,1.367
389,36,1.244
389,37,1.311
389,38,1.369
389,39,1.396
389,40,1.391
389,41,0.386
389,42,0.32
389,43,0.293
389,44,0.295
389,45,0.446
389,46,0.441
389,47,0.449
389,48,0.433
390,1,0.394
390,2,0.269
390,3,0.183
390,4,0.19
390,5,0.184
390,6,0.207
390,7,0.178
390,8,0.187
390,9,0.176
390,10,0.251
390,11,0.275
390,12,0.275
390,13,0.28
390,14,0.271
390,15,0.273
390,16,0.269
390,17,0.269
390,18,0.264
390,19,0.256
390,20,0.638
390,21,0.275
390,22,0.28
390,23,0.281
390,24,0.272
390,25,0.27
390,26,0.29
390,27,0.53
390,28,0.362
390,29,0.368
390,30,0.299
390,31,0.247
390,32,0.267
390,33,0.237
390,34,0.246
390,35,0.292
390,36,0.345
390,37,0.618
390,38,0.442
390,39,1.416
390,40,1.407
390,41,1.462
390,42,1.418
390,43,1.432
390,44,1.448
390,45,1.438
390,46,1.428
390,47,1.445
390,48,0.46
391,1,0.178
391,2,0.183
391,3,0.179
391,4,0.179
391,5,0.18
391,6,0.175
391,7,0.182
391,8,0.174
391,9,0.174
391,10,0.243
391,11,0.276
391,12,0.273
391,13,0.271
391,14,0.274
391,15,0.276
391,16,0.273
391,17,0.263
391,18,0.263
391,19,0.248
391,20,0.538
391,21,0.44
391,22,0.316
391,23,0.54
391,24,0.339
391,25,0.343
391,26,0.363
391,27,0.377
391,28,0.345
391,29,0.341
391,30,0.303
391,31,0.278
391,32,0.247
391,33,0.279
391,34,0.305
391,35,0.289
391,36,0.546
391,37,0.588
391,38,0.575
391,39,0.918
391,40,0.574
391,41,0.539
391,42,0.54
391,43,0.604
391,44,0.495
391,45,0.45
391,46,0.224
391,47,0.18
391,48,0.204
392,1,0.188
392,2,0.188
392,3,0.184
392,4,0.177
392,5,0.178
392,6,0.179
392,7,0.21
392,8,0.179
392,9,0.176
392,10,0.24
392,11,0.273
392,12,0.274
392,13,0.281
392,14,0.273
392,15,0.275
392,16,0.274
392,17,0.27
392,18,0.265
392,19,0.265
392,20,0.289
392,21,0.284
392,22,0.837
392,23,0.267
392,24,0.367
392,25,0.374
392,26,0.352
392,27,0.349
392,28,0.353
392,29,0.363
392,30,0.313
392,31,0.258
392,32,0.245
392,33,0.276
392,34,0.243
392,35,0.305
392,36,0.671
392,37,0.386
392,38,0.404
392,39,0.427
392,40,0.4
392,41,0.389
392,42,0.595
392,43,0.433
392,44,0.387
392,45,0.47
392,46,0.47
392,47,0.447
392,48,0.452
393,1,0.471
393,2,0.457
393,3,0.292
393,4,0.203
393,5,0.184
393,6,0.187
393,7,0.219
393,8,0.181
393,9,0.186
393,10,0.268
393,11,0.29
393,12,0.287
393,13,0.277
393,14,0.308
393,15,0.279
393,16,0.276
393,17,0.282
393,18,0.294
393,19,0.398
393,20,0.322
393,21,0.285
393,22,0.282
393,23,0.274
393,24,0.267
393,25,0.279
393,26,0.289
393,27,0.28
393,28,0.368
393,29,0.369
393,30,0.319
393,31,0.254
393,32,0.251
393,33,0.279
393,34,0.248
393,35,0.327
393,36,0.761
393,37,0.512
393,38,0.48
393,39,0.384
393,40,0.465
393,41,0.496
393,42,0.519
393,43,0.53
393,44,0.523
393,45,0.548
393,46,0.59
393,47,0.543
393,48,0.538
394,1,0.218
394,2,0.192
394,3,0.185
394,4,0.209
394,5,0.179
394,6,0.185
394,7,0.179
394,8,0.21
394,9,0.178
394,10,0.252
394,11,0.275
394,12,0.305
394,13,0.278
394,14,0.279
394,15,0.283
394,16,0.272
394,17,0.296
394,18,0.274
394,19,0.269
394,20,0.27
394,21,0.594
394,22,0.299
394,23,0.26
394,24,0.263
394,25,0.263
394,26,0.298
394,27,0.274
394,28,0.291
394,29,0.377
394,30,0.35
394,31,0.278
394,32,0.299
394,33,0.277
394,34,0.297
394,35,0.304
394,36,0.442
394,37,0.823
394,38,0.543
394,39,0.539
394,40,0.852
394,41,1.515
394,42,1.527
394,43,1.568
394,44,1.597
394,45,1.57
394,46,0.68
394,47,0.364
394,48,0.187
395,1,0.183
395,2,0.216
395,3,0.177
395,4,0.185
395,5,0.183
395,6,0.191
395,7,0.177
395,8,0.199
395,9,0.191
395,10,0.245
395,11,0.284
395,12,0.278
395,13,0.275
395,14,0.279
395,15,0.277
395,16,0.274
395,17,0.273
395,18,0.277
395,19,0.275
395,20,0.259
395,21,0.277
395,22,0.297
395,23,0.273
395,24,0.269
395,25,0.288
395,26,0.278
395,27,0.282
395,28,0.306
395,29,0.284
395,30,0.244
395,31,1.786
395,32,0.4
395,33,0.999
395,34,1.452
395,35,1.354
395,36,1.44
395,37,1.5
395,38,0.561
395,39,0.394
395,40,0.412
395,41,0.396
395,42,0.397
395,43,0.442
395,44,0.509
395,45,0.518
395,46,0.509
395,47,0.336
395,48,0.188
396,1,0.19
396,2,0.184
396,3,0.207
396,4,0.177
396,5,0.179
396,6,0.175
396,7,0.182
396,8,0.2
396,9,0.183
396,10,0.245
396,11,0.277
396,12,0.285
396,13,0.277
396,14,0.277
396,15,0.311
396,16,0.273
396,17,0.274
396,18,0.274
396,19,0.276
396,20,0.272
396,21,0.271
396,22,0.285
396,23,0.27
396,24,0.277
396,25,0.277
396,26,0.28
396,27,0.281
396,28,0.28
396,29,0.278
396,30,0.267
396,31,0.173
396,32,0.171
396,33,0.183
396,34,0.246
396,35,0.341
396,36,0.429
396,37,0.432
396,38,0.291
396,39,0.295
396,40,1.694
396,41,1.455
396,42,1.453
396,43,1.441
396,44,1.518
396,45,1.443
396,46,1.336
396,47,1.157
396,48,0.199
397,1,0.181
397,2,0.177
397,3,0.175
397,4,0.175
397,5,0.176
397,6,0.177
397,7,0.176
397,8,0.176
397,9,0.176
397,10,0.242
397,11,0.275
397,12,0.275
397,13,0.275
397,14,0.271
397,15,0.296
397,16,0.268
397,17,0.264
397,18,0.262
397,19,0.255
397,20,0.25
397,21,0.267
397,22,0.252
397,23,0.264
397,24,0.269
397,25,0.274
397,26,0.27
397,27,0.276
397,28,0.302
397,29,0.343
397,30,0.326
397,31,0.28
397,32,0.27
397,33,0.265
397,34,0.271
397,35,0.57
397,36,0.379
397,37,0.391
397,38,0.443
397,39,1.063
397,40,1.08
397,41,1.825
397,42,0.38
397,43,0.408
397,44,0.547
397,45,0.401
397,46,0.391
397,47,0.384
397,48,0.265
398,1,0.175
398,2,0.175
398,3,0.177
398,4,0.178
398,5,0.195
398,6,0.19
398,7,0.178
398,8,0.188
398,9,0.179
398,10,0.246
398,11,0.28
398,12,0.28
398,13,0.278
398,14,0.275
398,15,0.275
398,16,0.292
398,17,0.283
398,18,0.269
398,19,0.256
398,20,0.304
398,21,0.474
398,22,0.268
398,23,0.269
398,24,0.292
398,25,0.268
398,26,0.311
398,27,0.284
398,28,0.278
398,29,0.296
398,30,0.233
398,31,0.186
398,32,0.179
398,33,0.177
398,34,0.205
398,35,0.181
398,36,0.177
398,37,0.663
398,38,0.49
398,39,0.434
398,40,0.603
398,41,0.975
398,42,1.189
398,43,1.138
398,44,1.15
398,45,1.157
398,46,1.162
398,47,1.115
398,48,0.237
399,1,0.184
399,2,0.184
399,3,0.182
399,4,0.183
399,5,0.18
399,6,0.183
399,7,0.2
399,8,0.178
399,9,0.183
399,10,0.252
399,11,0.278
399,12,0.277
399,13,0.28
399,14,0.277
399,15,0.274
399,16,0.298
399,17,0.266
399,18,0.741
399,19,0.276
399,20,0.265
399,21,0.268
399,22,0.266
399,23,0.27
399,24,0.26
399,25,0.269
399,26,0.274
399,27,0.276
399,28,0.273
399,29,0.289
399,30,0.245
399,31,0.183
399,32,0.191
399,33,0.282
399,34,0.25
399,35,0.272
399,36,0.403
399,37,0.398
399,38,0.392
399,39,0.406
399,40,0.419
399,41,0.501
399,42,0.833
399,43,0.613
399,44,0.471
399,45,0.421
399,46,0.427
399,47,0.405
399,48,0.742
400,1,0.246
400,2,0.217
400,3,0.208
400,4,0.213
400,5,0.223
400,6,0.208
400,7,0.213
400,8,0.215
400,9,0.207
400,10,0.28
400,11,0.305
400,12,0.311
400,13,0.331
400,14,0.3
400,15,0.307
400,16,0.298
400,17,0.295
400,18,0.295
400,19,0.37
400,20,0.526
400,21,0.271
400,22,0.267
400,23,0.282
400,24,0.296
400,25,0.27
400,26,0.481
400,27,0.41
400,28,0.342
400,29,0.362
400,30,0.314
400,31,0.245
400,32,0.245
400,33,0.25
400,34,0.269
400,35,0.254
400,36,0.239
400,37,0.259
400,38,0.246
400,39,0.333
400,40,0.387
400,41,0.776
400,42,0.381
400,43,0.786
400,44,1.096
400,45,1.11
400,46,1.068
400,47,1.085
400,48,0.81
401,1,0.198
401,2,0.186
401,3,0.182
401,4,0.2
401,5,0.186
401,6,0.182
401,7,0.186
401,8,0.185
401,9,0.203
401,10,0.245
401,11,0.276
401,12,0.286
401,13,0.302
401,14,0.284
401,15,0.283
401,16,0.269
401,17,0.273
401,18,0.27
401,19,0.65
401,20,0.266
401,21,0.273
401,22,0.291
401,23,0.265
401,24,0.295
401,25,0.351
401,26,0.395
401,27,1.195
401,28,1.212
401,29,0.405
401,30,0.412
401,31,0.344
401,32,0.258
401,33,0.297
401,34,0.276
401,35,0.256
401,36,0.257
401,37,0.28
401,38,0.526
401,39,0.719
401,40,0.38
401,41,0.383
401,42,0.403
401,43,0.39
401,44,0.468
401,45,0.455
401,46,0.445
401,47,0.7
401,48,0.475
402,1,0.192
402,2,0.21
402,3,0.188
402,4,0.183
402,5,0.199
402,6,0.191
402,7,0.179
402,8,0.187
402,9,0.199
402,10,0.252
402,11,0.293
402,12,0.286
402,13,0.298
402,14,0.303
402,15,0.279
402,16,0.279
402,17,0.306
402,18,0.283
402,19,0.275
402,20,0.273
402,21,0.277
402,22,0.67
402,23,0.486
402,24,0.398
402,25,0.364
402,26,0.354
402,27,0.376
402,28,0.976
402,29,1.628
402,30,0.458
402,31,0.563
402,32,0.352
402,33,0.395
402,34,1.071
402,35,1.126
402,36,1.35
402,37,1.111
402,38,1.127
402,39,1.13
402,40,1.153
402,41,1.116
402,42,1.098
402,43,1.124
402,44,1.089
402,45,1.117
402,46,1.145
402,47,1.095
402,48,1.12
403,1,1.12
403,2,0.865
403,3,0.278
403,4,0.194
403,5,0.211
403,6,0.198
403,7,0.177
403,8,0.177
403,9,0.226
403,10,0.246
403,11,0.281
403,12,0.285
403,13,0.29
403,14,0.289
403,15,0.28
403,16,0.278
403,17,0.275
403,18,0.276
403,19,0.294
403,20,0.268
403,21,0.26
403,22,0.275
403,23,0.28
403,24,0.281
403,25,0.51
403,26,0.711
403,27,0.31
403,28,0.311
403,29,0.617
403,30,0.332
403,31,0.258
403,32,0.277
403,33,0.202
403,34,0.189
403,35,0.188
403,36,0.207
403,37,0.183
403,38,0.179
403,39,0.176
403,40,0.175
403,41,0.178
403,42,0.18
403,43,0.182
403,44,0.211
403,45,0.181
403,46,0.185
403,47,0.184
403,48,0.183
404,1,0.185
404,2,0.186
404,3,0.177
404,4,0.177
404,5,0.178
404,6,0.177
404,7,0.176
404,8,0.205
404,9,0.176
404,10,0.244
404,11,0.276
404,12,0.278
404,13,0.282
404,14,0.278
404,15,0.271
404,16,0.272
404,17,0.268
404,18,0.258
404,19,0.256
404,20,0.242
404,21,0.25
404,22,0.249
404,23,0.262
404,24,0.257
404,25,0.251
404,26,0.262
404,27,0.266
404,28,0.263
404,29,0.252
404,30,0.212
404,31,0.168
404,32,0.169
404,33,0.17
404,34,0.237
404,35,0.29
404,36,0.263
404,37,0.247
404,38,0.305
404,39,0.877
404,40,1.085
404,41,1.108
404,42,1.078
404,43,1.386
404,44,1.11
404,45,1.135
404,46,1.173
404,47,1.178
404,48,1.107
405,1,0.187
405,2,0.194
405,3,0.181
405,4,0.176
405,5,0.18
405,6,0.182
405,7,0.2
405,8,0.185
405,9,0.178
405,10,0.244
405,11,0.279
405,12,0.295
405,13,0.282
405,14,0.275
405,15,0.277
405,16,0.268
405,17,0.276
405,18,0.27
405,19,0.253
405,20,0.275
405,21,0.626
405,22,0.291
405,23,0.258
405,24,0.261
405,25,0.261
405,26,0.265
405,27,0.265
405,28,0.336
405,29,0.38
405,30,0.344
405,31,0.259
405,32,0.289
405,33,0.45
405,34,0.277
405,35,0.297
405,36,0.287
405,37,0.405
405,38,0.432
405,39,1.059
405,40,0.402
405,41,0.429
405,42,0.415
405,43,0.422
405,44,1.075
405,45,1.249
405,46,1.184
405,47,1.098
405,48,1.106
406,1,1.132
406,2,0.736
406,3,0.187
406,4,0.185
406,5,0.184
406,6,0.194
406,7,0.181
406,8,0.181
406,9,0.172
406,10,0.247
406,11,0.278
406,12,0.274
406,13,0.272
406,14,0.279
406,15,0.275
406,16,0.268
406,17,0.27
406,18,0.271
406,19,0.265
406,20,0.259
406,21,0.662
406,22,0.265
406,23,0.263
406,24,0.268
406,25,0.269
406,26,0.27
406,27,0.272
406,28,0.28
406,29,0.295
406,30,0.256
406,31,0.323
406,32,0.283
406,33,0.468
406,34,1.304
406,35,0.34
406,36,0.322
406,37,0.38
406,38,0.417
406,39,0.903
406,40,1.193
406,41,1.049
406,42,1.046
406,43,1.122
406,44,1.214
406,45,1.118
406,46,1.021
406,47,0.254
406,48,0.184
407,1,0.177
407,2,0.187
407,3,0.181
407,4,0.203
407,5,0.182
407,6,0.18
407,7,0.185
407,8,0.195
407,9,0.177
407,10,0.241
407,11,0.266
407,12,0.266
407,13,0.302
407,14,0.261
407,15,0.259
407,16,0.271
407,17,0.265
407,18,0.255
407,19,0.808
407,20,0.321
407,21,0.265
407,22,0.264
407,23,0.263
407,24,0.263
407,25,0.263
407,26,0.276
407,27,0.278
407,28,0.272
407,29,0.27
407,30,0.224
407,31,0.171
407,32,0.195
407,33,0.175
407,34,0.309
407,35,0.302
407,36,0.325
407,37,0.469
407,38,0.55
407,39,0.659
407,40,0.798
407,41,0.666
407,42,0.942
407,43,0.482
407,44,0.497
407,45,0.776
407,46,0.566
407,47,0.6
407,48,0.521
408,1,0.971
408,2,1.108
408,3,1.015
408,4,0.252
408,5,0.188
408,6,0.221
408,7,0.19
408,8,0.211
408,9,0.187
408,10,0.258
408,11,0.291
408,12,0.302
408,13,0.281
408,14,0.281
408,15,0.277
408,16,0.282
408,17,0.273
408,18,0.267
408,19,0.277
408,20,1.217
408,21,0.804
408,22,0.35
408,23,0.332
408,24,0.329
408,25,0.36
408,26,0.342
408,27,0.349
408,28,0.657
408,29,1.703
408,30,0.305
408,31,0.268
408,32,0.29
408,33,0.341
408,34,0.53
408,35,0.394
408,36,0.407
408,37,0.397
408,38,0.374
408,39,0.405
408,40,0.363
408,41,0.385
408,42,0.399
408,43,0.395
408,44,0.557
408,45,0.595
408,46,0.597
408,47,0.598
408,48,0.613
409,1,1.078
409,2,1.114
409,3,1.155
409,4,0.306
409,5,0.198
409,6,0.212
409,7,0.192
409,8,0.197
409,9,0.177
409,10,0.266
409,11,0.282
409,12,0.277
409,13,0.275
409,14,0.274
409,15,0.311
409,16,0.285
409,17,0.28
409,18,0.277
409,19,0.273
409,20,0.281
409,21,0.305
409,22,0.271
409,23,0.74
409,24,0.356
409,25,0.348
409,26,0.374
409,27,0.609
409,28,0.434
409,29,0.476
409,30,0.418
409,31,1.018
409,32,0.864
409,33,0.398
409,34,0.377
409,35,0.445
409,36,0.927
409,37,1.388
409,38,0.556
409,39,0.562
409,40,0.558
409,41,0.54
409,42,0.535
409,43,0.371
409,44,0.374
409,45,0.376
409,46,0.417
409,47,0.381
409,48,0.384
410,1,0.348
410,2,0.263
410,3,0.188
410,4,0.196
410,5,0.179
410,6,0.204
410,7,0.182
410,8,0.179
410,9,0.186
410,10,0.262
410,11,0.286
410,12,0.281
410,13,0.283
410,14,0.278
410,15,0.3
410,16,0.276
410,17,0.311
410,18,0.279
410,19,0.275
410,20,0.273
410,21,0.678
410,22,0.59
410,23,0.402
410,24,0.351
410,25,0.342
410,26,0.339
410,27,0.352
410,28,0.346
410,29,0.33
410,30,0.297
410,31,0.237
410,32,0.247
410,33,0.242
410,34,0.247
410,35,0.279
410,36,0.262
410,37,0.408
410,38,0.448
410,39,0.478
410,40,0.838
410,41,0.387
410,42,0.375
410,43,0.405
410,44,1.122
410,45,1.174
410,46,1.248
410,47,1.237
410,48,0.22
411,1,0.191
411,2,0.191
411,3,0.199
411,4,0.21
411,5,0.186
411,6,0.186
411,7,0.186
411,8,0.186
411,9,0.186
411,10,0.253
411,11,0.288
411,12,0.313
411,13,0.284
411,14,0.284
411,15,0.278
411,16,0.272
411,17,0.293
411,18,0.268
411,19,0.267
411,20,0.63
411,21,0.333
411,22,0.274
411,23,0.278
411,24,0.281
411,25,0.281
411,26,0.31
411,27,0.615
411,28,1.684
411,29,0.357
411,30,0.361
411,31,0.522
411,32,0.289
411,33,0.271
411,34,0.633
411,35,0.978
411,36,0.864
411,37,0.385
411,38,0.38
411,39,1.047
411,40,0.977
411,41,0.509
411,42,0.375
411,43,0.383
411,44,0.427
411,45,0.447
411,46,0.323
411,47,0.19
411,48,0.211
412,1,0.193
412,2,0.189
412,3,0.185
412,4,0.214
412,5,0.185
412,6,0.191
412,7,0.19
412,8,0.218
412,9,0.184
412,10,0.26
412,11,0.285
412,12,0.283
412,13,0.295
412,14,0.291
412,15,0.288
412,16,0.276
412,17,0.27
412,18,0.273
412,19,0.702
412,20,0.324
412,21,0.263
412,22,0.269
412,23,0.271
412,24,0.267
412,25,0.27
412,26,0.291
412,27,0.282
412,28,0.279
412,29,0.279
412,30,0.258
412,31,0.179
412,32,0.181
412,33,0.186
412,34,0.182
412,35,0.198
412,36,0.179
412,37,0.433
412,38,1.491
412,39,0.402
412,40,0.51
412,41,0.894
412,42,1.064
412,43,1.073
412,44,1.1
412,45,1.075
412,46,1.077
412,47,0.843
412,48,0.274
413,1,0.188
413,2,0.19
413,3,0.209
413,4,0.18
413,5,0.194
413,6,0.185
413,7,0.18
413,8,0.203
413,9,0.179
413,10,0.248
413,11,0.277
413,12,0.277
413,13,0.3
413,14,0.291
413,15,0.278
413,16,0.281
413,17,0.279
413,18,0.271
413,19,0.269
413,20,0.266
413,21,0.297
413,22,0.294
413,23,0.291
413,24,0.261
413,25,0.269
413,26,0.272
413,27,0.282
413,28,0.299
413,29,0.276
413,30,0.227
413,31,0.175
413,32,0.298
413,33,0.228
413,34,0.234
413,35,0.97
413,36,1.106
413,37,1.112
413,38,0.833
413,39,0.414
413,40,0.436
413,41,0.442
413,42,0.455
413,43,0.433
413,44,0.535
413,45,0.419
413,46,0.382
413,47,0.382
413,48,0.238
414,1,0.181
414,2,0.198
414,3,0.196
414,4,0.184
414,5,0.185
414,6,0.203
414,7,0.189
414,8,0.195
414,9,0.22
414,10,0.266
414,11,0.28
414,12,0.276
414,13,0.281
414,14,0.281
414,15,0.293
414,16,0.272
414,17,0.27
414,18,0.266
414,19,0.651
414,20,0.314
414,21,0.273
414,22,0.29
414,23,0.264
414,24,0.268
414,25,0.262
414,26,0.271
414,27,0.303
414,28,0.273
414,29,0.274
414,30,0.542
414,31,1.951
414,32,0.29
414,33,0.26
414,34,0.291
414,35,0.388
414,36,0.399
414,37,0.654
414,38,0.381
414,39,0.375
414,40,0.453
414,41,0.378
414,42,0.384
414,43,0.398
414,44,0.407
414,45,0.361
414,46,0.407
414,47,0.182
414,48,0.206
415,1,0.176
415,2,0.2
415,3,0.213
415,4,0.211
415,5,0.177
415,6,0.176
415,7,0.176
415,8,0.222
415,9,0.254
415,10,0.309
415,11,0.331
415,12,0.269
415,13,0.268
415,14,0.268
415,15,0.317
415,16,0.836
415,17,0.922
415,18,0.367
415,19,0.342
415,20,0.324
415,21,0.315
415,22,0.323
415,23,0.349
415,24,0.341
415,25,0.341
415,26,0.342
415,27,0.366
415,28,0.334
415,29,0.348
415,30,0.324
415,31,0.241
415,32,0.239
415,33,0.331
415,34,0.563
415,35,0.376
415,36,0.375
415,37,0.421
415,38,0.604
415,39,0.655
415,40,0.545
415,41,0.499
415,42,0.392
415,43,0.442
415,44,0.203
415,45,0.216
415,46,0.205
415,47,0.195
415,48,0.221
