213,1,0.866
213,2,1.085
213,3,1.339
213,4,0.246
213,5,0.214
213,6,0.312
213,7,0.247
213,8,0.257
213,9,0.213
213,10,0.242
213,11,0.258
213,12,0.255
213,13,0.32
213,14,0.204
213,15,0.223
213,16,0.285
213,17,0.2
213,18,0.257
213,19,1.555
213,20,3.176
213,21,2.821
213,22,1.285
213,23,0.257
213,24,0.589
213,25,0.42
213,26,0.303
213,27,2.225
213,28,2.174
213,29,1.281
213,30,0.741
213,31,1.23
213,32,0.856
213,33,0.365
213,34,0.33
213,35,0.274
213,36,0.332
213,37,0.35
213,38,0.383
213,39,0.324
213,40,1.501
213,41,1.375
213,42,1.053
213,43,2.826
213,44,2.524
213,45,2.483
213,46,1.582
213,47,1.336
213,48,1.64
214,1,0.826
214,2,0.385
214,3,0.301
214,4,0.338
214,5,0.338
214,6,0.327
214,7,0.404
214,8,0.431
214,9,0.842
214,10,0.218
214,11,0.235
214,12,0.279
214,13,0.215
214,14,0.324
214,15,0.25
214,16,0.242
214,17,2.111
214,18,1.588
214,19,2.995
214,20,2.541
214,21,0.27
214,22,0.246
214,23,0.205
214,24,0.246
214,25,0.205
214,26,0.223
214,27,0.312
214,28,0.252
214,29,0.272
214,30,0.203
214,31,0.256
214,32,0.208
214,33,0.256
214,34,0.303
214,35,0.351
214,36,0.379
214,37,2.032
214,38,1.354
214,39,0.564
214,40,0.653
214,41,2.098
214,42,2.29
214,43,3.033
214,44,2.703
214,45,3.113
214,46,1.108
214,47,1.393
214,48,0.748
215,1,0.991
215,2,0.257
215,3,0.212
215,4,0.331
215,5,0.271
215,6,0.283
215,7,0.233
215,8,0.215
215,9,0.265
215,10,0.25
215,11,0.327
215,12,0.213
215,13,0.215
215,14,0.293
215,15,0.388
215,16,0.527
215,17,0.457
215,18,2.271
215,19,1.743
215,20,1.613
215,21,3.006
215,22,0.822
215,23,0.781
215,24,0.793
215,25,0.8
215,26,1.026
215,27,2.741
215,28,2.743
215,29,1.98
215,30,0.391
215,31,0.327
215,32,0.277
215,33,0.839
215,34,0.465
215,35,0.564
215,36,0.667
215,37,1.336
215,38,1.344
215,39,0.943
215,40,0.969
215,41,4.046
215,42,1.923
215,43,0.827
215,44,0.861
215,45,0.794
215,46,0.724
215,47,0.92
215,48,0.533
216,1,0.356
216,2,0.246
216,3,0.254
216,4,0.27
216,5,0.239
216,6,0.355
216,7,0.268
216,8,0.295
216,9,0.271
216,10,0.239
216,11,0.286
216,12,2.639
216,13,2.978
216,14,1.773
216,15,0.78
216,16,1.577
216,17,0.766
216,18,0.469
216,19,0.427
216,20,0.377
216,21,0.348
216,22,0.401
216,23,0.311
216,24,0.321
216,25,0.325
216,26,0.263
216,27,0.396
216,28,0.512
216,29,0.313
216,30,0.386
216,31,0.641
216,32,0.409
216,33,1.381
216,34,2.313
216,35,2.316
216,36,3.164
216,37,2.27
216,38,0.662
216,39,0.9
216,40,3.301
216,41,2.698
216,42,2.205
216,43,1.514
216,44,1.664
216,45,1.345
216,46,1.17
216,47,0.694
216,48,1.066
217,1,0.672
217,2,0.28
217,3,0.306
217,4,0.26
217,5,0.282
217,6,0.248
217,7,0.325
217,8,0.307
217,9,0.252
217,10,0.356
217,11,0.241
217,12,0.298
217,13,0.307
217,14,0.278
217,15,0.302
217,16,0.281
217,17,0.411
217,18,2.196
217,19,2.18
217,20,0.567
217,21,0.326
217,22,0.287
217,23,0.288
217,24,0.256
217,25,0.321
217,26,0.336
217,27,0.328
217,28,0.271
217,29,0.282
217,30,0.331
217,31,0.335
217,32,0.417
217,33,0.299
217,34,0.343
217,35,0.377
217,36,0.881
217,37,0.495
217,38,0.836
217,39,0.498
217,40,2.387
217,41,1.706
217,42,0.777
217,43,0.689
217,44,1.732
217,45,3.177
217,46,2.893
217,47,2.86
217,48,0.791
218,1,0.319
218,2,0.389
218,3,0.281
218,4,0.269
218,5,0.293
218,6,0.239
218,7,0.295
218,8,0.298
218,9,0.308
218,10,0.264
218,11,0.266
218,12,2.535
218,13,2.757
218,14,1.435
218,15,1.132
218,16,3.46
218,17,2.91
218,18,0.828
218,19,1.227
218,20,1.082
218,21,0.701
218,22,0.95
218,23,2.323
218,24,1.186
218,25,0.518
218,26,0.377
218,27,0.479
218,28,0.433
218,29,0.465
218,30,0.581
218,31,0.893
218,32,0.445
218,33,0.631
218,34,0.461
218,35,0.423
218,36,0.709
218,37,0.52
218,38,0.606
218,39,1.458
218,40,1.61
218,41,1.526
218,42,2.637
218,43,1.776
218,44,1.837
218,45,2.754
218,46,1.834
218,47,1.771
218,48,1.191
219,1,0.782
219,2,0.424
219,3,0.288
219,4,0.272
219,5,0.279
219,6,0.336
219,7,0.342
219,8,0.28
219,9,0.263
219,10,0.272
219,11,0.247
219,12,0.316
219,13,0.287
219,14,0.28
219,15,0.279
219,16,0.396
219,17,1.279
219,18,3.585
219,19,1.454
219,20,1.665
219,21,0.784
219,22,0.411
219,23,0.363
219,24,0.486
219,25,0.382
219,26,0.416
219,27,0.389
219,28,0.357
219,29,0.293
219,30,0.351
219,31,0.239
219,32,0.28
219,33,0.281
219,34,0.365
219,35,0.676
219,36,0.813
219,37,1.71
219,38,1.22
219,39,1.338
219,40,4.068
219,41,3.574
219,42,2.684
219,43,1.011
219,44,1.431
219,45,3.403
219,46,4.03
219,47,2.341
219,48,2.307
220,1,1.247
220,2,1.191
220,3,1.226
220,4,1.217
220,5,1.204
220,6,1.153
220,7,1.245
220,8,1.172
220,9,1.266
220,10,1.206
220,11,1.203
220,12,1.192
220,13,1.158
220,14,1.303
220,15,1.889
220,16,4.262
220,17,3.827
220,18,1.844
220,19,4.112
220,20,2.929
220,21,2.255
220,22,3.425
220,23,1.288
220,24,1.581
220,25,0.326
220,26,0.292
220,27,0.296
220,28,0.251
220,29,0.211
220,30,0.253
220,31,0.206
220,32,0.336
220,33,0.271
220,34,0.27
220,35,0.203
220,36,0.261
220,37,1.852
220,38,1.438
220,39,0.845
220,40,0.379
220,41,1.964
220,42,1.714
220,43,3.145
220,44,1.765
220,45,1.913
220,46,0.925
220,47,0.953
220,48,4.951
221,1,3.25
221,2,2.973
221,3,2.671
221,4,2.224
221,5,2.339
221,6,2.267
221,7,2.272
221,8,2.264
221,9,2.302
221,10,2.289
221,11,2.36
221,12,1.943
221,13,0.3
221,14,1.918
221,15,1.755
221,16,1.883
221,17,1.842
221,18,2.446
221,19,1.209
221,20,0.806
221,21,0.728
221,22,1.792
221,23,2.734
221,24,1.744
221,25,1.765
221,26,0.314
221,27,0.373
221,28,0.281
221,29,0.325
221,30,0.31
221,31,0.609
221,32,0.376
221,33,0.503
221,34,0.654
221,35,0.948
221,36,2.579
221,37,2.05
221,38,1.478
221,39,0.734
221,40,0.816
221,41,1.374
221,42,0.62
221,43,0.707
221,44,0.604
221,45,2.872
221,46,2.319
221,47,4.84
221,48,3.784
222,1,3.088
222,2,2.686
222,3,2.237
222,4,2.341
222,5,1.961
222,6,0.327
222,7,0.29
222,8,0.382
222,9,0.349
222,10,0.405
222,11,0.34
222,12,0.849
222,13,3.86
222,14,3.831
222,15,1.427
222,16,0.602
222,17,0.645
222,18,0.602
222,19,0.62
222,20,0.634
222,21,0.335
222,22,0.286
222,23,0.239
222,24,0.289
222,25,0.241
222,26,0.382
222,27,0.299
222,28,0.294
222,29,0.25
222,30,0.271
222,31,0.296
222,32,0.331
222,33,0.318
222,34,0.267
222,35,0.298
222,36,0.361
222,37,1.235
222,38,1.796
222,39,0.966
222,40,1.89
222,41,3.777
222,42,3.274
222,43,1.64
222,44,1.831
222,45,1.35
222,46,0.772
222,47,0.675
222,48,0.893
223,1,0.63
223,2,0.272
223,3,0.24
223,4,0.296
223,5,0.29
223,6,0.324
223,7,0.261
223,8,0.217
223,9,0.271
223,10,0.222
223,11,0.373
223,12,0.227
223,13,0.325
223,14,0.212
223,15,0.262
223,16,0.272
223,17,0.35
223,18,0.294
223,19,2.35
223,20,2.981
223,21,2.03
223,22,1.212
223,23,0.962
223,24,1.298
223,25,0.262
223,26,0.216
223,27,0.471
223,28,0.487
223,29,0.66
223,30,0.448
223,31,0.473
223,32,0.626
223,33,0.378
223,34,0.308
223,35,0.557
223,36,0.325
223,37,0.359
223,38,0.755
223,39,0.452
223,40,0.329
223,41,0.97
223,42,2.525
223,43,1.776
223,44,1.867
223,45,0.659
223,46,0.641
223,47,0.806
223,48,0.567
224,1,0.388
224,2,0.315
224,3,0.285
224,4,0.312
224,5,0.302
224,6,0.383
224,7,0.273
224,8,0.311
224,9,0.252
224,10,0.319
224,11,0.337
224,12,0.366
224,13,0.269
224,14,2.429
224,15,2.555
224,16,1.202
224,17,2.823
224,18,2.779
224,19,0.926
224,20,0.656
224,21,0.44
224,22,0.557
224,23,0.487
224,24,0.477
224,25,0.441
224,26,0.515
224,27,0.468
224,28,2.432
224,29,1.237
224,30,2.751
224,31,3.495
224,32,1.724
224,33,0.646
224,34,0.597
224,35,0.669
224,36,0.418
224,37,0.473
224,38,0.498
224,39,0.519
224,40,0.44
224,41,0.507
224,42,0.584
224,43,0.871
224,44,0.888
224,45,0.799
224,46,0.81
224,47,0.753
224,48,0.851
225,1,0.842
225,2,0.849
225,3,0.771
225,4,1.813
225,5,3.844
225,6,2.137
225,7,2.062
225,8,0.768
225,9,0.768
225,10,0.791
225,11,0.734
225,12,0.85
225,13,0.738
225,14,2.451
225,15,1.573
225,16,0.265
225,17,0.226
225,18,0.327
225,19,0.209
225,20,0.263
225,21,0.206
225,22,0.273
225,23,0.268
225,24,0.316
225,25,0.232
225,26,0.231
225,27,0.252
225,28,0.85
225,29,1.131
225,30,0.905
225,31,0.898
225,32,1.082
225,33,1.056
225,34,0.374
225,35,0.433
225,36,0.252
225,37,0.992
225,38,3.386
225,39,1.785
225,40,0.606
225,41,0.634
225,42,0.577
225,43,1.01
225,44,0.686
225,45,0.677
225,46,0.637
225,47,0.73
225,48,0.598
226,1,0.743
226,2,0.802
226,3,0.434
226,4,0.286
226,5,0.284
226,6,0.217
226,7,0.239
226,8,1.381
226,9,3.157
226,10,1.915
226,11,1.059
226,12,0.953
226,13,1.641
226,14,1.156
226,15,0.613
226,16,0.317
226,17,0.207
226,18,0.252
226,19,0.209
226,20,0.277
226,21,0.259
226,22,0.338
226,23,0.213
226,24,0.233
226,25,0.238
226,26,0.212
226,27,0.315
226,28,0.267
226,29,0.253
226,30,0.251
226,31,0.236
226,32,0.283
226,33,0.362
226,34,0.287
226,35,0.208
226,36,0.222
226,37,0.251
226,38,0.253
226,39,0.355
226,40,0.235
226,41,0.235
226,42,0.247
226,43,0.212
226,44,0.319
226,45,0.253
226,46,0.236
226,47,0.285
226,48,0.224
227,1,0.289
227,2,0.28
227,3,0.259
227,4,0.251
227,5,0.213
227,6,0.298
227,7,0.29
227,8,0.295
227,9,0.283
227,10,0.218
227,11,0.254
227,12,0.229
227,13,0.292
227,14,0.304
227,15,0.206
227,16,0.253
227,17,0.26
227,18,0.234
227,19,0.345
227,20,0.213
227,21,0.214
227,22,0.256
227,23,0.208
227,24,0.287
227,25,0.295
227,26,0.226
227,27,0.291
227,28,0.219
227,29,0.244
227,30,0.307
227,31,0.238
227,32,0.277
227,33,0.231
227,34,0.273
227,35,0.289
227,36,0.279
227,37,0.269
227,38,0.215
227,39,0.245
227,40,0.261
227,41,0.305
227,42,1.714
227,43,4.441
227,44,3.09
227,45,1.784
227,46,2.42
227,47,0.383
227,48,0.302
228,1,0.228
228,2,0.295
228,3,0.238
228,4,0.33
228,5,0.263
228,6,0.21
228,7,0.266
228,8,0.21
228,9,0.289
228,10,0.349
228,11,0.25
228,12,0.267
228,13,0.214
228,14,0.24
228,15,0.276
228,16,0.26
228,17,0.369
228,18,1.255
228,19,1.482
228,20,0.549
228,21,0.293
228,22,0.282
228,23,0.209
228,24,0.257
228,25,0.209
228,26,0.26
228,27,0.803
228,28,1.526
228,29,0.648
228,30,0.9
228,31,0.238
228,32,0.405
228,33,1.616
228,34,0.402
228,35,0.383
228,36,0.463
228,37,1.655
228,38,1.116
228,39,2.788
228,40,4.439
228,41,4.862
228,42,3.407
228,43,2.207
228,44,0.8
228,45,0.86
228,46,0.687
228,47,0.297
228,48,0.272
229,1,0.357
229,2,0.244
229,3,0.301
229,4,0.246
229,5,0.294
229,6,0.345
229,7,0.302
229,8,0.308
229,9,0.248
229,10,0.296
229,11,0.247
229,12,0.369
229,13,2.104
229,14,2.068
229,15,0.787
229,16,0.629
229,17,0.838
229,18,0.754
229,19,0.37
229,20,0.37
229,21,0.387
229,22,0.347
229,23,0.445
229,24,0.411
229,25,0.435
229,26,0.376
229,27,0.367
229,28,0.298
229,29,0.357
229,30,0.324
229,31,0.26
229,32,0.324
229,33,0.283
229,34,0.38
229,35,1.176
229,36,0.746
229,37,0.847
229,38,1.802
229,39,0.651
229,40,0.66
229,41,1.856
229,42,3.339
229,43,2.094
229,44,1.374
229,45,0.813
229,46,0.784
229,47,0.83
229,48,0.719
230,1,0.245
230,2,0.309
230,3,0.32
230,4,0.287
230,5,0.27
230,6,0.26
230,7,0.309
230,8,0.304
230,9,0.354
230,10,2.62
230,11,2.968
230,12,1.302
230,13,0.867
230,14,0.811
230,15,2.529
230,16,2.885
230,17,1.423
230,18,2.574
230,19,0.925
230,20,1.566
230,21,1.327
230,22,3.598
230,23,0.837
230,24,0.552
230,25,0.509
230,26,0.39
230,27,0.382
230,28,0.415
230,29,0.476
230,30,0.568
230,31,0.55
230,32,0.447
230,33,0.405
230,34,0.45
230,35,0.742
230,36,2.03
230,37,2.824
230,38,2.899
230,39,3.079
230,40,3.76
230,41,3.808
230,42,1.161
230,43,0.993
230,44,0.843
230,45,0.809
230,46,0.87
230,47,1.032
230,48,0.874
231,1,0.74
231,2,0.431
231,3,0.212
231,4,0.28
231,5,0.283
231,6,0.204
231,7,0.278
231,8,0.206
231,9,0.246
231,10,0.294
231,11,0.26
231,12,0.297
231,13,0.419
231,14,3.301
231,15,1.959
231,16,0.796
231,17,0.822
231,18,1.072
231,19,1.318
231,20,0.247
231,21,0.246
231,22,0.276
231,23,0.216
231,24,0.207
231,25,0.267
231,26,0.21
231,27,0.328
231,28,0.225
231,29,0.192
231,30,0.255
231,31,0.192
231,32,0.288
231,33,0.26
231,34,0.213
231,35,0.266
231,36,0.206
231,37,0.256
231,38,0.281
231,39,0.217
231,40,0.249
231,41,0.199
231,42,0.217
231,43,0.268
231,44,0.256
231,45,0.275
231,46,0.209
231,47,0.224
231,48,0.254
232,1,0.292
232,2,0.267
232,3,0.209
232,4,0.201
232,5,0.255
232,6,0.231
232,7,0.28
232,8,0.243
232,9,0.207
232,10,0.263
232,11,0.215
232,12,0.266
232,13,0.293
232,14,0.19
232,15,0.216
232,16,0.227
232,17,0.208
232,18,0.31
232,19,0.214
232,20,0.192
232,21,0.269
232,22,0.202
232,23,0.269
232,24,0.301
232,25,0.192
232,26,0.253
232,27,0.196
232,28,0.198
232,29,0.315
232,30,0.231
232,31,0.222
232,32,0.238
232,33,0.209
232,34,0.294
232,35,0.275
232,36,0.21
232,37,0.238
232,38,0.197
232,39,0.234
232,40,0.254
232,41,0.236
232,42,0.251
232,43,0.189
232,44,0.223
232,45,0.26
232,46,0.275
232,47,0.286
232,48,0.199
233,1,0.193
233,2,0.242
233,3,0.23
233,4,0.278
233,5,0.235
233,6,0.206
233,7,0.232
233,8,0.206
233,9,0.235
233,10,0.319
233,11,0.188
233,12,0.202
233,13,0.247
233,14,0.199
233,15,0.251
233,16,0.294
233,17,0.19
233,18,0.227
233,19,0.209
233,20,0.187
233,21,0.284
233,22,0.241
233,23,0.191
233,24,0.24
233,25,0.191
233,26,0.199
233,27,0.28
233,28,0.243
233,29,0.236
233,30,0.206
233,31,0.196
233,32,0.268
233,33,0.266
233,34,0.258
233,35,0.241
233,36,0.198
233,37,0.24
233,38,0.212
233,39,0.262
233,40,0.261
233,41,0.196
233,42,0.208
233,43,0.229
233,44,0.224
233,45,0.323
233,46,0.204
233,47,0.2
233,48,0.262
234,1,0.189
234,2,0.246
234,3,0.286
234,4,0.188
234,5,0.234
234,6,0.217
234,7,0.2
234,8,0.287
234,9,0.238
234,10,0.193
234,11,0.243
234,12,0.192
234,13,0.188
234,14,0.285
234,15,0.242
234,16,0.209
234,17,0.232
234,18,0.188
234,19,0.229
234,20,0.24
234,21,0.258
234,22,0.24
234,23,0.201
234,24,0.193
234,25,0.241
234,26,0.204
234,27,0.266
234,28,0.25
234,29,0.196
234,30,0.221
234,31,0.218
234,32,0.213
234,33,0.318
234,34,0.212
234,35,0.201
234,36,0.263
234,37,0.196
234,38,0.244
234,39,0.293
234,40,0.188
234,41,0.24
234,42,0.199
234,43,0.189
234,44,0.303
234,45,0.237
234,46,0.206
234,47,0.284
234,48,0.202
235,1,0.229
235,2,0.289
235,3,0.223
235,4,0.273
235,5,0.224
235,6,0.191
235,7,0.253
235,8,0.264
235,9,0.219
235,10,0.249
235,11,0.205
235,12,0.219
235,13,0.269
235,14,0.275
235,15,0.234
235,16,0.22
235,17,0.189
235,18,0.238
235,19,0.241
235,20,0.256
235,21,0.247
235,22,0.19
235,23,0.197
235,24,0.26
235,25,0.261
235,26,0.259
235,27,0.251
235,28,0.195
235,29,0.213
235,30,0.221
235,31,0.263
235,32,0.265
235,33,0.207
235,34,0.187
235,35,0.244
235,36,0.226
235,37,0.275
235,38,0.271
235,39,0.211
235,40,0.209
235,41,0.238
235,42,0.234
235,43,0.281
235,44,0.22
235,45,0.189
235,46,0.241
235,47,0.204
235,48,0.249
236,1,0.295
236,2,0.209
236,3,0.201
236,4,0.257
236,5,0.206
236,6,0.264
236,7,0.278
236,8,0.19
236,9,0.224
236,10,0.236
236,11,0.189
236,12,0.282
236,13,0.267
236,14,0.183
236,15,0.211
236,16,0.216
236,17,0.185
236,18,0.28
236,19,0.246
236,20,0.186
236,21,0.227
236,22,0.208
236,23,0.185
236,24,0.27
236,25,0.266
236,26,0.201
236,27,0.244
236,28,0.206
236,29,0.201
236,30,0.288
236,31,0.255
236,32,0.186
236,33,0.244
236,34,0.191
236,35,0.186
236,36,0.284
236,37,0.249
236,38,0.204
236,39,0.234
236,40,0.188
236,41,0.22
236,42,0.276
236,43,0.279
236,44,0.251
236,45,0.225
236,46,0.209
236,47,0.259
236,48,0.239
237,1,0.251
237,2,0.25
237,3,0.204
237,4,0.188
237,5,0.251
237,6,0.211
237,7,0.259
237,8,0.251
237,9,0.208
237,10,0.194
237,11,0.244
237,12,0.191
237,13,0.262
237,14,0.257
237,15,0.183
237,16,0.19
237,17,0.24
237,18,0.188
237,19,0.252
237,20,0.279
237,21,0.188
237,22,0.193
237,23,0.244
237,24,0.194
237,25,0.227
237,26,0.305
237,27,0.193
237,28,0.191
237,29,0.24
237,30,0.194
237,31,0.254
237,32,0.28
237,33,0.196
237,34,0.257
237,35,0.219
237,36,0.205
237,37,0.315
237,38,0.236
237,39,0.197
237,40,0.238
237,41,0.195
237,42,0.214
237,43,0.284
237,44,0.224
237,45,0.237
237,46,0.202
237,47,0.205
237,48,0.272
238,1,0.274
238,2,0.221
238,3,0.254
238,4,0.192
238,5,0.198
238,6,0.266
238,7,0.269
238,8,0.21
238,9,0.234
238,10,0.198
238,11,0.216
238,12,0.266
238,13,0.265
238,14,0.228
238,15,0.221
238,16,0.206
238,17,0.246
238,18,0.248
238,19,0.264
238,20,0.254
238,21,0.191
238,22,0.197
238,23,0.248
238,24,0.243
238,25,0.238
238,26,0.247
238,27,0.199
238,28,0.207
238,29,0.238
238,30,0.289
238,31,0.274
238,32,0.228
238,33,0.21
238,34,0.25
238,35,0.216
238,36,0.266
238,37,0.25
238,38,0.191
238,39,0.216
238,40,0.241
238,41,0.265
238,42,0.313
238,43,0.221
238,44,0.224
238,45,0.253
238,46,0.211
238,47,0.263
238,48,0.272
239,1,0.19
239,2,0.224
239,3,0.237
239,4,0.223
239,5,0.309
239,6,0.234
239,7,0.22
239,8,0.248
239,9,0.197
239,10,0.224
239,11,0.308
239,12,0.206
239,13,0.184
239,14,0.242
239,15,0.193
239,16,0.238
239,17,0.285
239,18,0.193
239,19,0.218
239,20,0.232
239,21,0.204
239,22,0.277
239,23,0.27
239,24,0.193
239,25,0.237
239,26,0.193
239,27,0.196
239,28,0.287
239,29,0.24
239,30,0.194
239,31,0.243
239,32,0.188
239,33,0.195
239,34,0.294
239,35,0.251
239,36,0.214
239,37,0.251
239,38,0.201
239,39,0.221
239,40,0.268
239,41,0.231
239,42,0.223
239,43,0.235
239,44,0.185
239,45,0.234
239,46,0.284
239,47,0.231
239,48,0.243
240,1,0.193
240,2,0.196
240,3,0.255
240,4,0.244
240,5,0.247
240,6,0.251
240,7,0.202
240,8,0.193
240,9,0.245
240,10,0.216
240,11,0.308
240,12,0.242
240,13,0.184
240,14,0.185
240,15,0.245
240,16,0.191
240,17,0.254
240,18,0.249
240,19,0.195
240,20,0.184
240,21,0.232
240,22,0.194
240,23,0.253
240,24,0.264
240,25,0.197
240,26,0.187
240,27,0.243
240,28,0.191
240,29,0.233
240,30,0.298
240,31,0.206
240,32,0.2
240,33,0.255
240,34,0.201
240,35,0.233
240,36,0.294
240,37,0.186
240,38,0.19
240,39,0.238
240,40,0.187
240,41,0.237
240,42,0.289
240,43,0.184
240,44,0.208
240,45,0.271
240,46,0.197
240,47,0.242
240,48,0.306
388,1,0.251
388,2,0.212
388,3,0.203
388,4,0.214
388,5,0.263
388,6,0.18
388,7,0.204
388,8,0.204
388,9,0.152
388,10,0.216
388,11,0.29
388,12,0.193
388,13,0.166
388,14,0.213
388,15,0.226
388,16,0.218
388,17,0.278
388,18,0.238
388,19,0.147
388,20,0.199
388,21,0.207
388,22,0.167
388,23,0.192
388,24,0.283
388,25,0.191
388,26,0.16
388,27,0.212
388,28,0.336
388,29,0.907
388,30,0.416
388,31,0.284
388,32,0.291
388,33,0.171
388,34,0.225
388,35,0.317
388,36,0.43
388,37,1.84
388,38,1.436
388,39,1.322
388,40,0.948
388,41,2.244
388,42,1.072
388,43,1.427
388,44,2.336
388,45,1.165
388,46,1.747
388,47,0.652
388,48,0.746
389,1,0.387
389,2,0.181
389,3,0.199
389,4,0.187
389,5,0.207
389,6,0.252
389,7,0.197
389,8,0.155
389,9,0.201
389,10,0.246
389,11,0.201
389,12,0.201
389,13,0.2
389,14,0.149
389,15,0.2
389,16,0.54
389,17,1.464
389,18,2.858
389,19,3.666
389,20,1.11
389,21,0.279
389,22,0.196
389,23,0.141
389,24,0.192
389,25,0.197
389,26,1.176
389,27,1.865
389,28,1.577
389,29,1.543
389,30,1.414
389,31,2.956
389,32,1.726
389,33,2.191
389,34,3.86
389,35,2.893
389,36,3.244
389,37,4.171
389,38,7.131
389,39,4.338
389,40,4.183
389,41,1.676
389,42,0.887
389,43,0.886
389,44,1.192
389,45,2.773
389,46,2.773
389,47,1.699
389,48,0.383
390,1,0.402
390,2,0.292
390,3,0.297
390,4,0.44
390,5,0.403
390,6,0.329
390,7,0.382
390,8,0.328
390,9,0.255
390,10,0.211
390,11,0.197
390,12,2.9
390,13,3.434
390,14,3.77
390,15,2.384
390,16,2.787
390,17,1.443
390,18,1.442
390,19,1.352
390,20,1.251
390,21,1.222
390,22,1.237
390,23,1.311
390,24,1.288
390,25,1.222
390,26,1.265
390,27,0.915
390,28,0.205
390,29,0.229
390,30,0.223
390,31,0.222
390,32,0.254
390,33,0.234
390,34,0.3
390,35,0.309
390,36,0.82
390,37,2.002
390,38,0.762
390,39,0.643
390,40,0.629
390,41,0.719
390,42,0.639
390,43,0.962
390,44,1.495
390,45,0.934
390,46,0.684
390,47,0.796
390,48,0.87
391,1,0.827
391,2,0.575
391,3,0.248
391,4,0.217
391,5,0.2
391,6,0.169
391,7,0.285
391,8,0.221
391,9,0.207
391,10,0.156
391,11,0.227
391,12,0.284
391,13,2.624
391,14,2.764
391,15,1.286
391,16,1.017
391,17,2.293
391,18,1.186
391,19,1.249
391,20,1.159
391,21,3.17
391,22,1.556
391,23,1.453
391,24,1.444
391,25,0.706
391,26,0.239
391,27,0.268
391,28,0.289
391,29,0.577
391,30,0.729
391,31,1.131
391,32,0.506
391,33,0.462
391,34,1.059
391,35,2.049
391,36,2.576
391,37,3.138
391,38,2.144
391,39,1.15
391,40,2.663
391,41,1.248
391,42,1.714
391,43,1.006
391,44,0.885
391,45,0.819
391,46,0.301
391,47,0.307
391,48,0.242
392,1,0.263
392,2,0.176
392,3,0.231
392,4,0.236
392,5,0.198
392,6,0.183
392,7,3.243
392,8,2.062
392,9,1.246
392,10,1.096
392,11,1.41
392,12,1.174
392,13,1.594
392,14,1.066
392,15,4.03
392,16,3.92
392,17,3.009
392,18,2.535
392,19,0.226
392,20,0.276
392,21,0.271
392,22,0.329
392,23,0.246
392,24,0.203
392,25,0.362
392,26,0.156
392,27,0.241
392,28,1.8
392,29,1.903
392,30,1.466
392,31,1.38
392,32,1.276
392,33,1.232
392,34,1.276
392,35,1.539
392,36,2.653
392,37,3.728
392,38,4.481
392,39,3.437
392,40,2.799
392,41,2.407
392,42,2.384
392,43,2.214
392,44,2.155
392,45,1.802
392,46,1.256
392,47,1.335
392,48,0.905
393,1,0.203
393,2,0.201
393,3,0.353
393,4,0.2
393,5,0.193
393,6,1.802
393,7,2.87
393,8,1.512
393,9,0.901
393,10,0.968
393,11,1.012
393,12,0.692
393,13,2.854
393,14,4.298
393,15,2.746
393,16,1.63
393,17,1.576
393,18,1.581
393,19,3.201
393,20,4.69
393,21,4.608
393,22,2.554
393,23,4.448
393,24,3.487
393,25,3.421
393,26,3.282
393,27,2.301
393,28,2.253
393,29,2.372
393,30,2.246
393,31,4.038
393,32,3.853
393,33,2.882
393,34,2.41
393,35,2.682
393,36,2.532
393,37,4.395
393,38,4.044
393,39,3.551
393,40,3.213
393,41,1.623
393,42,1.192
393,43,1.205
393,44,1.04
393,45,1.121
393,46,1.212
393,47,1.258
393,48,0.636
394,1,0.229
394,2,0.26
394,3,0.164
394,4,0.2
394,5,0.216
394,6,0.287
394,7,0.17
394,8,0.194
394,9,0.202
394,10,0.279
394,11,0.306
394,12,0.199
394,13,0.203
394,14,0.194
394,15,0.267
394,16,2.769
394,17,1.966
394,18,0.452
394,19,0.455
394,20,0.225
394,21,0.225
394,22,0.225
394,23,0.221
394,24,0.246
394,25,0.364
394,26,0.236
394,27,0.217
394,28,0.186
394,29,0.269
394,30,0.456
394,31,0.249
394,32,0.203
394,33,0.263
394,34,0.243
394,35,0.198
394,36,0.353
394,37,0.652
394,38,0.821
394,39,0.642
394,40,0.649
394,41,0.753
394,42,0.758
394,43,0.499
394,44,0.544
394,45,0.582
394,46,0.67
394,47,0.655
394,48,0.638
395,1,0.625
395,2,0.561
395,3,0.363
395,4,0.224
395,5,0.209
395,6,0.241
395,7,0.217
395,8,0.201
395,9,0.253
395,10,0.199
395,11,0.151
395,12,0.196
395,13,0.195
395,14,0.205
395,15,0.236
395,16,0.236
395,17,2.729
395,18,3.228
395,19,2.598
395,20,3.189
395,21,2.802
395,22,2.486
395,23,0.941
395,24,1.756
395,25,0.359
395,26,0.436
395,27,0.368
395,28,0.181
395,29,0.188
395,30,0.234
395,31,0.237
395,32,0.221
395,33,0.325
395,34,0.204
395,35,0.211
395,36,1.495
395,37,3.503
395,38,3.171
395,39,2.736
395,40,3.35
395,41,2.496
395,42,1.892
395,43,2.072
395,44,3.035
395,45,1.847
395,46,1.357
395,47,1.181
395,48,1.168
396,1,1.18
396,2,1.187
396,3,1.314
396,4,1.466
396,5,1.002
396,6,0.214
396,7,0.368
396,8,0.206
396,9,0.206
396,10,0.158
396,11,0.18
396,12,0.234
396,13,0.324
396,14,0.281
396,15,0.204
396,16,0.148
396,17,0.437
396,18,0.369
396,19,0.417
396,20,0.37
396,21,1.359
396,22,3.013
396,23,2.326
396,24,3.027
396,25,3.122
396,26,3.169
396,27,2.076
396,28,1.717
396,29,0.597
396,30,0.818
396,31,0.2
396,32,0.197
396,33,0.158
396,34,0.284
396,35,0.196
396,36,0.202
396,37,2.598
396,38,3.832
396,39,3.245
396,40,2.314
396,41,0.995
396,42,3.119
396,43,2.531
396,44,1.085
396,45,0.698
396,46,0.725
396,47,2.188
396,48,2.94
397,1,3.324
397,2,2.876
397,3,0.406
397,4,0.413
397,5,0.395
397,6,0.255
397,7,0.3
397,8,0.23
397,9,0.196
397,10,0.31
397,11,0.283
397,12,2.788
397,13,3.644
397,14,2.116
397,15,1.556
397,16,1.062
397,17,2.397
397,18,0.337
397,19,0.244
397,20,0.286
397,21,0.176
397,22,0.227
397,23,0.233
397,24,0.189
397,25,0.269
397,26,0.285
397,27,0.937
397,28,2.234
397,29,2.269
397,30,2.129
397,31,2.156
397,32,0.83
397,33,0.224
397,34,0.17
397,35,0.223
397,36,0.585
397,37,1.562
397,38,2.514
397,39,1.389
397,40,0.563
397,41,0.493
397,42,0.451
397,43,0.484
397,44,0.48
397,45,0.557
397,46,0.604
397,47,0.51
397,48,0.47
398,1,0.576
398,2,0.599
398,3,1.494
398,4,3.588
398,5,2.612
398,6,0.896
398,7,0.793
398,8,1.052
398,9,0.885
398,10,1.257
398,11,0.708
398,12,0.875
398,13,0.888
398,14,0.919
398,15,1.212
398,16,1.083
398,17,1.794
398,18,0.893
398,19,0.504
398,20,0.746
398,21,0.282
398,22,0.226
398,23,0.185
398,24,0.237
398,25,0.373
398,26,0.77
398,27,2.163
398,28,2.196
398,29,2.298
398,30,0.639
398,31,0.618
398,32,0.351
398,33,0.396
398,34,0.769
398,35,2.346
398,36,3.201
398,37,3.276
398,38,3.716
398,39,4.645
398,40,2.72
398,41,2.509
398,42,2.166
398,43,1.759
398,44,1.411
398,45,2.352
398,46,2.694
398,47,4.572
398,48,1.722
399,1,0.522
399,2,0.418
399,3,0.182
399,4,0.287
399,5,0.316
399,6,0.244
399,7,0.187
399,8,0.17
399,9,0.201
399,10,0.286
399,11,0.238
399,12,0.174
399,13,1.049
399,14,2.209
399,15,2.297
399,16,2.186
399,17,2.487
399,18,3.453
399,19,2.887
399,20,1.403
399,21,2.04
399,22,3.457
399,23,4.367
399,24,3.154
399,25,2.764
399,26,2.56
399,27,3.429
399,28,4.706
399,29,4.66
399,30,4.021
399,31,2.201
399,32,0.261
399,33,0.296
399,34,0.199
399,35,0.21
399,36,3.58
399,37,3.923
399,38,3.482
399,39,4.328
399,40,3.141
399,41,2.078
399,42,1.365
399,43,1.477
399,44,1.591
399,45,1.467
399,46,1.746
399,47,1.603
399,48,1.413
400,1,0.379
400,2,0.196
400,3,0.154
400,4,0.291
400,5,0.234
400,6,0.21
400,7,0.405
400,8,0.281
400,9,0.338
400,10,0.445
400,11,0.194
400,12,0.31
400,13,1.361
400,14,1.975
400,15,0.792
400,16,0.404
400,17,0.623
400,18,0.688
400,19,2.253
400,20,4.871
400,21,5.78
400,22,4.598
400,23,2.884
400,24,2.474
400,25,1.802
400,26,0.242
400,27,0.186
400,28,2.804
400,29,4.404
400,30,2.768
400,31,2.497
400,32,2.552
400,33,2.889
400,34,2.421
400,35,2.555
400,36,3.835
400,37,4.652
400,38,5.188
400,39,5.351
400,40,5.586
400,41,5.066
400,42,1.604
400,43,0.963
400,44,0.574
400,45,0.541
400,46,1.326
400,47,4.085
400,48,2.114
401,1,1.364
401,2,0.475
401,3,0.258
401,4,0.352
401,5,0.429
401,6,0.283
401,7,0.204
401,8,0.209
401,9,0.19
401,10,0.187
401,11,0.289
401,12,0.234
401,13,0.248
401,14,0.22
401,15,0.204
401,16,0.238
401,17,0.607
401,18,0.379
401,19,0.359
401,20,1.831
401,21,1.565
401,22,1.627
401,23,3.974
401,24,4.295
401,25,3.607
401,26,1.91
401,27,2.571
401,28,1.489
401,29,2.556
401,30,2.55
401,31,2.332
401,32,1.78
401,33,0.349
401,34,0.237
401,35,0.213
401,36,0.201
401,37,0.202
401,38,0.286
401,39,0.277
401,40,0.254
401,41,0.215
401,42,0.203
401,43,0.199
401,44,0.192
401,45,0.279
401,46,0.203
401,47,0.213
401,48,0.205
402,1,0.158
402,2,0.193
402,3,0.308
402,4,0.322
402,5,0.213
402,6,0.194
402,7,0.212
402,8,0.204
402,9,0.204
402,10,0.175
402,11,0.258
402,12,0.303
402,13,0.2
402,14,0.19
402,15,0.203
402,16,0.264
402,17,0.254
402,18,0.238
402,19,0.234
402,20,0.203
402,21,0.203
402,22,0.201
402,23,0.161
402,24,0.193
402,25,0.205
402,26,0.274
402,27,0.243
402,28,0.166
402,29,0.245
402,30,0.271
402,31,0.202
402,32,0.195
402,33,0.222
402,34,0.255
402,35,0.221
402,36,0.219
402,37,0.241
402,38,0.175
402,39,0.175
402,40,0.216
402,41,0.288
402,42,0.277
402,43,0.227
402,44,0.18
402,45,0.221
402,46,0.224
402,47,0.202
402,48,0.167
403,1,0.371
403,2,0.31
403,3,0.215
403,4,0.152
403,5,0.205
403,6,0.201
403,7,0.216
403,8,0.223
403,9,0.26
403,10,0.306
403,11,0.208
403,12,0.153
403,13,0.222
403,14,0.202
403,15,0.19
403,16,0.158
403,17,0.2
403,18,0.201
403,19,0.241
403,20,0.239
403,21,0.208
403,22,0.276
403,23,0.211
403,24,0.172
403,25,0.199
403,26,0.2
403,27,0.184
403,28,0.164
403,29,0.237
403,30,0.285
403,31,0.211
403,32,0.159
403,33,0.201
403,34,0.202
403,35,0.218
403,36,0.224
403,37,0.274
403,38,2.6
403,39,2.027
403,40,1.239
403,41,1.138
403,42,1.178
403,43,1.454
403,44,2.4
403,45,1.046
403,46,0.343
403,47,0.215
403,48,0.195
404,1,0.284
404,2,0.282
404,3,0.269
404,4,0.172
404,5,0.249
404,6,0.302
404,7,0.215
404,8,0.161
404,9,0.203
404,10,0.223
404,11,1.971
404,12,3.125
404,13,2.787
404,14,1.745
404,15,1.544
404,16,1.474
404,17,1.949
404,18,1.009
404,19,0.144
404,20,0.479
404,21,0.605
404,22,1.662
404,23,1.394
404,24,0.686
404,25,0.243
404,26,0.199
404,27,0.393
404,28,0.454
404,29,0.37
404,30,0.839
404,31,3.309
404,32,1.756
404,33,0.239
404,34,0.263
404,35,0.221
404,36,0.678
404,37,2.312
404,38,3.138
404,39,3.108
404,40,0.772
404,41,0.65
404,42,0.707
404,43,0.72
404,44,0.676
404,45,0.811
404,46,0.666
404,47,0.573
404,48,0.546
405,1,0.818
405,2,2.388
405,3,0.806
405,4,0.831
405,5,0.633
405,6,0.82
405,7,0.837
405,8,0.86
405,9,0.843
405,10,0.586
405,11,0.887
405,12,0.811
405,13,1.047
405,14,1.224
405,15,1.035
405,16,0.577
405,17,3.338
405,18,0.806
405,19,0.208
405,20,0.143
405,21,0.197
405,22,0.197
405,23,0.146
405,24,0.239
405,25,0.261
405,26,0.173
405,27,0.176
405,28,0.202
405,29,0.233
405,30,0.225
405,31,0.27
405,32,0.245
405,33,0.178
405,34,0.17
405,35,0.199
405,36,0.198
405,37,0.626
405,38,4.074
405,39,3.439
405,40,4.947
405,41,3.878
405,42,2.202
405,43,2.718
405,44,1.24
405,45,1.31
405,46,1.553
405,47,1.046
405,48,0.424
406,1,0.235
406,2,0.21
406,3,0.158
406,4,0.205
406,5,0.249
406,6,0.207
406,7,3.041
406,8,1.234
406,9,1.063
406,10,0.773
406,11,0.93
406,12,0.93
406,13,3.262
406,14,2.643
406,15,1.23
406,16,0.882
406,17,0.9
406,18,0.664
406,19,0.234
406,20,0.369
406,21,0.256
406,22,0.225
406,23,0.248
406,24,3.39
406,25,3.493
406,26,1.413
406,27,2.372
406,28,2.443
406,29,2.745
406,30,1.562
406,31,0.284
406,32,0.292
406,33,0.251
406,34,0.178
406,35,0.209
406,36,3.295
406,37,5.266
406,38,2.595
406,39,1.956
406,40,4.069
406,41,2.176
406,42,2.77
406,43,1.299
406,44,1.083
406,45,1.185
406,46,2.032
406,47,3.252
406,48,3.369
407,1,3.416
407,2,0.625
407,3,0.21
407,4,0.21
407,5,0.233
407,6,0.247
407,7,0.21
407,8,0.276
407,9,0.149
407,10,0.243
407,11,0.258
407,12,0.145
407,13,0.2
407,14,0.197
407,15,1.75
407,16,3.325
407,17,4.862
407,18,4.477
407,19,0.543
407,20,3.719
407,21,4.014
407,22,4.017
407,23,4.253
407,24,4.261
407,25,2.162
407,26,0.219
407,27,0.219
407,28,0.653
407,29,2.163
407,30,3.114
407,31,4.129
407,32,2.444
407,33,2.028
407,34,1.44
407,35,0.781
407,36,3.78
407,37,3.91
407,38,2.929
407,39,4.689
407,40,5.604
407,41,6.34
407,42,6.291
407,43,6.305
407,44,5.499
407,45,3.132
407,46,3.408
407,47,3.179
407,48,2.454
408,1,0.274
408,2,0.238
408,3,0.245
408,4,0.236
408,5,0.257
408,6,0.151
408,7,0.203
408,8,0.223
408,9,0.156
408,10,0.277
408,11,0.235
408,12,0.17
408,13,0.733
408,14,3.252
408,15,2.624
408,16,1.26
408,17,3.263
408,18,2.669
408,19,0.694
408,20,0.275
408,21,0.234
408,22,0.256
408,23,0.173
408,24,0.199
408,25,0.198
408,26,0.148
408,27,3.666
408,28,3.762
408,29,0.264
408,30,0.148
408,31,0.201
408,32,0.2
408,33,0.237
408,34,0.246
408,35,0.257
408,36,0.381
408,37,3.643
408,38,3.802
408,39,2.878
408,40,2.754
408,41,1.513
408,42,1.287
408,43,1.452
408,44,1.693
408,45,1.853
408,46,1.744
408,47,2.262
408,48,0.679
409,1,0.291
409,2,0.193
409,3,0.285
409,4,0.275
409,5,0.199
409,6,0.149
409,7,0.2
409,8,0.234
409,9,0.261
409,10,0.154
409,11,0.201
409,12,0.201
409,13,0.178
409,14,1.946
409,15,3.391
409,16,2.888
409,17,3.314
409,18,4.258
409,19,3.759
409,20,1.472
409,21,0.497
409,22,0.197
409,23,0.252
409,24,0.193
409,25,0.176
409,26,0.194
409,27,0.195
409,28,0.166
409,29,0.274
409,30,0.199
409,31,0.195
409,32,0.143
409,33,0.237
409,34,0.302
409,35,0.268
409,36,0.257
409,37,0.396
409,38,1.382
409,39,3.829
409,40,3.918
409,41,3.075
409,42,3.048
409,43,3.997
409,44,2.422
409,45,1.876
409,46,1.325
409,47,1.101
409,48,1.172
410,1,1.009
410,2,0.328
410,3,0.209
410,4,0.279
410,5,0.146
410,6,0.19
410,7,0.223
410,8,0.342
410,9,0.242
410,10,0.201
410,11,0.171
410,12,0.184
410,13,0.218
410,14,0.259
410,15,0.179
410,16,0.197
410,17,0.194
410,18,4.161
410,19,5.199
410,20,2.399
410,21,0.147
410,22,0.19
410,23,0.745
410,24,3.401
410,25,3.793
410,26,0.353
410,27,0.237
410,28,0.2
410,29,0.245
410,30,0.24
410,31,0.325
410,32,0.69
410,33,0.393
410,34,0.397
410,35,0.487
410,36,0.38
410,37,0.403
410,38,4.03
410,39,2.637
410,40,0.973
410,41,1.067
410,42,0.813
410,43,0.978
410,44,3.25
410,45,1.568
410,46,0.998
410,47,1.128
410,48,0.59
411,1,0.337
411,2,0.346
411,3,0.247
411,4,0.174
411,5,0.199
411,6,0.281
411,7,0.206
411,8,0.172
411,9,0.221
411,10,0.202
411,11,0.223
411,12,0.265
411,13,0.227
411,14,1.915
411,15,4.539
411,16,2.895
411,17,3.014
411,18,3.468
411,19,3.853
411,20,2.656
411,21,3.552
411,22,2.185
411,23,2.408
411,24,2.325
411,25,1.506
411,26,0.229
411,27,0.863
411,28,2.374
411,29,2.14
411,30,0.391
411,31,0.369
411,32,0.299
411,33,0.246
411,34,0.233
411,35,0.234
411,36,0.371
411,37,0.654
411,38,0.718
411,39,0.647
411,40,0.657
411,41,0.729
411,42,0.724
411,43,0.596
411,44,0.664
411,45,0.73
411,46,0.694
411,47,0.492
411,48,0.546
412,1,0.592
412,2,0.565
412,3,0.149
412,4,0.198
412,5,0.259
412,6,0.234
412,7,0.151
412,8,0.201
412,9,0.269
412,10,0.201
412,11,0.275
412,12,1.036
412,13,3.19
412,14,2.672
412,15,0.661
412,16,0.937
412,17,1.841
412,18,2.135
412,19,0.213
412,20,0.192
412,21,0.148
412,22,0.204
412,23,0.282
412,24,0.179
412,25,0.393
412,26,0.288
412,27,0.28
412,28,0.259
412,29,0.242
412,30,0.221
412,31,0.209
412,32,0.186
412,33,0.264
412,34,0.294
412,35,0.222
412,36,0.264
412,37,1.416
412,38,4.516
412,39,4.527
412,40,3.815
412,41,3.405
412,42,1.479
412,43,0.892
412,44,0.917
412,45,1.168
412,46,0.684
412,47,0.426
412,48,0.488
413,1,0.294
413,2,0.188
413,3,0.196
413,4,0.197
413,5,0.146
413,6,0.216
413,7,0.304
413,8,0.166
413,9,0.263
413,10,0.271
413,11,0.154
413,12,0.2
413,13,0.226
413,14,0.226
413,15,0.202
413,16,0.177
413,17,4.057
413,18,2.782
413,19,4.641
413,20,5.654
413,21,5.206
413,22,5.087
413,23,1.514
413,24,0.344
413,25,0.303
413,26,0.409
413,27,1.423
413,28,4.551
413,29,5.065
413,30,3.373
413,31,1.923
413,32,3.288
413,33,5.142
413,34,3.84
413,35,4.474
413,36,4.938
413,37,2.601
413,38,2.611
413,39,1.759
413,40,1.782
413,41,1.47
413,42,1.27
413,43,1.689
413,44,2.927
413,45,2.747
413,46,3.735
413,47,3.126
413,48,1.218
414,1,0.321
414,2,0.309
414,3,0.258
414,4,0.252
414,5,0.202
414,6,0.364
414,7,0.392
414,8,0.195
414,9,0.226
414,10,0.227
414,11,0.21
414,12,0.332
414,13,1.337
414,14,3.425
414,15,2.264
414,16,3.337
414,17,3.225
414,18,2.771
414,19,3.552
414,20,3.102
414,21,3.139
414,22,3.808
414,23,2.792
414,24,1.784
414,25,1.204
414,26,1.726
414,27,0.948
414,28,1.756
414,29,1.531
414,30,2.348
414,31,2.266
414,32,2.958
414,33,3.992
414,34,3.432
414,35,2.946
414,36,2.653
414,37,5.502
414,38,4.02
414,39,2.823
414,40,0.758
414,41,1.436
414,42,2.613
414,43,2.196
414,44,4.136
414,45,2.974
414,46,2.569
414,47,1.595
414,48,0.799
415,1,0.317
415,2,0.37
415,3,0.306
415,4,0.447
415,5,1.079
415,6,0.755
415,7,0.27
415,8,0.237
415,9,0.15
415,10,0.203
415,11,0.203
415,12,0.155
415,13,0.306
415,14,0.22
415,15,0.734
415,16,3.333
415,17,3.457
415,18,0.863
415,19,0.498
415,20,0.241
415,21,0.219
415,22,0.309
415,23,0.258
415,24,0.48
415,25,1.693
415,26,1.423
415,27,1.36
415,28,1.398
415,29,1.051
415,30,0.808
415,31,0.631
415,32,1.774
415,33,2.129
415,34,2.119
415,35,0.535
415,36,0.39
415,37,2.13
415,38,1.865
415,39,0.766
415,40,0.968
415,41,1.244
415,42,3.943
415,43,4.016
415,44,2.271
415,45,1.676
415,46,1.348
415,47,0.658
415,48,0.334
