213,1,0.95
213,2,0.915
213,3,1.194
213,4,0.81
213,5,0.344
213,6,0.22
213,7,0.121
213,8,0.157
213,9,0.261
213,10,0.256
213,11,0.417
213,12,0.239
213,13,0.124
213,14,0.212
213,15,0.256
213,16,0.43
213,17,0.24
213,18,0.121
213,19,0.165
213,20,0.434
213,21,0.495
213,22,0.433
213,23,3.456
213,24,2.423
213,25,3.846
213,26,1.014
213,27,0.515
213,28,0.432
213,29,0.437
213,30,0.431
213,31,0.598
213,32,0.463
213,33,0.334
213,34,0.687
213,35,0.642
213,36,0.653
213,37,2.46
213,38,0.586
213,39,0.335
213,40,0.542
213,41,0.561
213,42,0.525
213,43,0.813
213,44,0.822
213,45,0.963
213,46,1.012
213,47,0.912
213,48,2.312
214,1,1.26
214,2,2.635
214,3,1.468
214,4,1.184
214,5,0.575
214,6,0.241
214,7,0.282
214,8,0.274
214,9,0.269
214,10,0.267
214,11,0.445
214,12,0.33
214,13,0.121
214,14,0.086
214,15,0.198
214,16,0.404
214,17,0.237
214,18,0.085
214,19,0.148
214,20,0.227
214,21,0.187
214,22,0.094
214,23,1.134
214,24,0.71
214,25,1.689
214,26,0.444
214,27,0.133
214,28,0.134
214,29,0.275
214,30,0.253
214,31,0.135
214,32,0.133
214,33,0.275
214,34,0.263
214,35,0.134
214,36,0.135
214,37,0.266
214,38,0.272
214,39,0.135
214,40,0.133
214,41,0.256
214,42,0.271
214,43,0.143
214,44,0.912
214,45,1.451
214,46,1.085
214,47,1.02
214,48,1.266
215,1,0.89
215,2,0.866
215,3,0.248
215,4,0.124
215,5,0.124
215,6,0.236
215,7,0.216
215,8,0.352
215,9,0.169
215,10,0.255
215,11,0.189
215,12,0.126
215,13,0.357
215,14,0.29
215,15,0.117
215,16,0.308
215,17,0.399
215,18,0.26
215,19,0.098
215,20,0.09
215,21,0.293
215,22,0.327
215,23,0.374
215,24,0.358
215,25,0.508
215,26,0.198
215,27,0.403
215,28,0.229
215,29,0.276
215,30,0.482
215,31,0.467
215,32,0.408
215,33,0.336
215,34,0.229
215,35,0.15
215,36,3.032
215,37,1.56
215,38,0.672
215,39,0.834
215,40,2.348
215,41,1.145
215,42,0.896
215,43,0.985
215,44,1.319
215,45,2.734
215,46,1.406
215,47,2.74
215,48,3.207
216,1,1.186
216,2,0.863
216,3,0.764
216,4,0.426
216,5,0.15
216,6,0.122
216,7,0.238
216,8,0.236
216,9,0.123
216,10,0.146
216,11,0.368
216,12,0.361
216,13,0.121
216,14,0.18
216,15,0.263
216,16,0.15
216,17,0.121
216,18,0.204
216,19,0.307
216,20,0.227
216,21,0.537
216,22,0.346
216,23,1.432
216,24,1.522
216,25,1.364
216,26,2.131
216,27,3.642
216,28,3.367
216,29,0.774
216,30,0.229
216,31,0.223
216,32,0.087
216,33,0.087
216,34,0.383
216,35,0.294
216,36,0.348
216,37,1.672
216,38,2.455
216,39,1.671
216,40,0.836
216,41,0.458
216,42,1.941
216,43,2.767
216,44,1.176
216,45,2.69
216,46,1.295
216,47,3.868
216,48,3.673
217,1,4.39
217,2,3.71
217,3,3.645
217,4,2.181
217,5,1.096
217,6,0.517
217,7,0.162
217,8,0.148
217,9,0.267
217,10,0.181
217,11,0.12
217,12,0.217
217,13,0.253
217,14,0.122
217,15,0.282
217,16,0.385
217,17,0.196
217,18,0.125
217,19,0.191
217,20,0.293
217,21,0.253
217,22,0.649
217,23,0.482
217,24,0.435
217,25,1.832
217,26,2.467
217,27,0.941
217,28,0.726
217,29,1.394
217,30,1.714
217,31,4.381
217,32,0.681
217,33,1.443
217,34,0.267
217,35,0.263
217,36,0.259
217,37,0.174
217,38,0.115
217,39,0.203
217,40,0.259
217,41,0.141
217,42,0.116
217,43,0.236
217,44,0.741
217,45,2.662
217,46,2.028
217,47,1.617
217,48,1.24
218,1,1.567
218,2,1.641
218,3,1.831
218,4,0.276
218,5,0.216
218,6,0.236
218,7,0.124
218,8,0.134
218,9,0.267
218,10,0.17
218,11,0.123
218,12,0.194
218,13,0.259
218,14,0.166
218,15,0.347
218,16,0.244
218,17,0.216
218,18,0.125
218,19,0.167
218,20,0.258
218,21,0.156
218,22,0.669
218,23,0.397
218,24,0.278
218,25,0.217
218,26,0.085
218,27,0.086
218,28,0.496
218,29,3.354
218,30,3.344
218,31,4.166
218,32,1.223
218,33,0.592
218,34,1.292
218,35,0.78
218,36,0.476
218,37,0.532
218,38,2.74
218,39,2.139
218,40,2.009
218,41,1.093
218,42,2.823
218,43,2.154
218,44,2.13
218,45,1.636
218,46,1.704
218,47,3.786
218,48,4.749
219,1,3.771
219,2,2.725
219,3,1.716
219,4,0.68
219,5,0.459
219,6,0.14
219,7,0.126
219,8,0.253
219,9,0.184
219,10,0.127
219,11,0.189
219,12,0.26
219,13,0.125
219,14,0.144
219,15,0.455
219,16,0.194
219,17,0.085
219,18,0.12
219,19,0.23
219,20,0.167
219,21,0.152
219,22,0.682
219,23,0.733
219,24,3.962
219,25,2.613
219,26,2.516
219,27,1.278
219,28,0.949
219,29,2.75
219,30,5.461
219,31,4.12
219,32,2.648
219,33,2.281
219,34,4.38
219,35,2.108
219,36,2.062
219,37,0.773
219,38,0.599
219,39,1.265
219,40,1.054
219,41,1.816
219,42,0.714
219,43,3.604
219,44,2.995
219,45,1.216
219,46,1.284
219,47,2.207
219,48,3.016
220,1,1.62
220,2,1.283
220,3,0.574
220,4,0.268
220,5,0.199
220,6,0.125
220,7,0.136
220,8,0.295
220,9,0.419
220,10,0.127
220,11,0.149
220,12,0.269
220,13,0.215
220,14,0.376
220,15,0.141
220,16,0.368
220,17,0.278
220,18,0.292
220,19,0.478
220,20,0.404
220,21,0.612
220,22,0.475
220,23,0.925
220,24,1.838
220,25,1.554
220,26,1.747
220,27,2.125
220,28,0.443
220,29,1.421
220,30,2.799
220,31,3.821
220,32,2.218
220,33,1.61
220,34,0.553
220,35,1.709
220,36,0.39
220,37,0.379
220,38,0.398
220,39,0.745
220,40,0.82
220,41,0.56
220,42,0.637
220,43,0.629
220,44,0.828
220,45,2.018
220,46,1.051
220,47,1.796
220,48,3.101
221,1,1.679
221,2,1.062
221,3,0.954
221,4,0.924
221,5,0.443
221,6,0.222
221,7,0.132
221,8,0.159
221,9,0.56
221,10,0.28
221,11,0.305
221,12,0.288
221,13,0.326
221,14,0.48
221,15,0.135
221,16,0.192
221,17,0.28
221,18,0.143
221,19,0.388
221,20,0.413
221,21,0.355
221,22,0.381
221,23,1.718
221,24,0.997
221,25,4.893
221,26,5.502
221,27,3.171
221,28,2.317
221,29,0.447
221,30,2.78
221,31,2.239
221,32,1.782
221,33,0.263
221,34,0.127
221,35,0.124
221,36,0.256
221,37,0.205
221,38,0.122
221,39,0.173
221,40,0.266
221,41,0.155
221,42,1.629
221,43,2.19
221,44,0.779
221,45,2.106
221,46,0.935
221,47,2.732
221,48,1.091
222,1,0.855
222,2,1.307
222,3,0.741
222,4,0.77
222,5,0.666
222,6,0.214
222,7,0.134
222,8,0.184
222,9,0.326
222,10,0.244
222,11,0.164
222,12,0.203
222,13,0.33
222,14,0.441
222,15,0.158
222,16,2.719
222,17,0.281
222,18,0.247
222,19,0.354
222,20,0.24
222,21,0.321
222,22,0.547
222,23,0.382
222,24,0.741
222,25,0.579
222,26,0.649
222,27,0.697
222,28,1.145
222,29,3.206
222,30,1.985
222,31,2.8
222,32,0.682
222,33,1.218
222,34,1.304
222,35,0.802
222,36,1.945
222,37,0.848
222,38,2.032
222,39,1.349
222,40,2.984
222,41,2.349
222,42,3.497
222,43,1.562
222,44,1.118
222,45,2.21
222,46,1.63
222,47,2.929
222,48,1.511
223,1,0.935
223,2,1.541
223,3,0.781
223,4,0.709
223,5,0.544
223,6,0.276
223,7,0.268
223,8,0.267
223,9,0.266
223,10,0.266
223,11,0.242
223,12,0.131
223,13,0.161
223,14,0.38
223,15,0.273
223,16,0.269
223,17,0.382
223,18,0.322
223,19,0.502
223,20,0.274
223,21,0.316
223,22,0.316
223,23,0.434
223,24,0.737
223,25,0.535
223,26,2.693
223,27,2.442
223,28,2.724
223,29,3.131
223,30,2.756
223,31,3.072
223,32,1.986
223,33,0.721
223,34,1.523
223,35,1.188
223,36,1.703
223,37,0.486
223,38,0.506
223,39,0.948
223,40,1.222
223,41,0.773
223,42,0.589
223,43,1.018
223,44,1.534
223,45,1.424
223,46,1.157
223,47,1.71
223,48,0.78
224,1,1.764
224,2,0.745
224,3,1.949
224,4,0.414
224,5,0.273
224,6,0.271
224,7,0.247
224,8,0.124
224,9,0.143
224,10,0.267
224,11,0.474
224,12,0.155
224,13,0.231
224,14,0.516
224,15,0.232
224,16,0.151
224,17,0.217
224,18,0.278
224,19,0.385
224,20,0.193
224,21,0.38
224,22,0.573
224,23,0.794
224,24,0.624
224,25,1.702
224,26,2.397
224,27,2.709
224,28,1.946
224,29,0.793
224,30,2.03
224,31,2.606
224,32,1.077
224,33,0.724
224,34,0.556
224,35,0.599
224,36,0.974
224,37,1.662
224,38,4.081
224,39,3.861
224,40,1.971
224,41,1.216
224,42,1.375
224,43,0.759
224,44,1.524
224,45,1.661
224,46,1.714
224,47,2.885
224,48,1.544
225,1,1.286
225,2,0.866
225,3,0.783
225,4,0.578
225,5,0.443
225,6,0.33
225,7,0.266
225,8,0.138
225,9,0.126
225,10,0.239
225,11,0.227
225,12,0.123
225,13,0.16
225,14,0.463
225,15,0.138
225,16,0.088
225,17,0.164
225,18,0.265
225,19,0.392
225,20,0.15
225,21,0.27
225,22,0.292
225,23,0.204
225,24,0.437
225,25,0.534
225,26,0.436
225,27,1.284
225,28,2.397
225,29,3.335
225,30,3.327
225,31,3.328
225,32,0.796
225,33,0.975
225,34,0.741
225,35,0.358
225,36,0.828
225,37,1.17
225,38,0.532
225,39,1.55
225,40,0.828
225,41,0.805
225,42,2.642
225,43,2.312
225,44,2.3
225,45,1.781
225,46,2.098
225,47,2.065
225,48,2.387
226,1,0.989
226,2,0.998
226,3,0.425
226,4,0.125
226,5,0.186
226,6,0.284
226,7,0.18
226,8,0.123
226,9,0.213
226,10,0.265
226,11,0.127
226,12,0.131
226,13,0.298
226,14,0.455
226,15,0.091
226,16,0.155
226,17,0.263
226,18,0.267
226,19,0.155
226,20,0.187
226,21,0.361
226,22,0.316
226,23,0.521
226,24,1.448
226,25,1.834
226,26,0.972
226,27,1.152
226,28,1.086
226,29,2.019
226,30,4.448
226,31,5.138
226,32,3.994
226,33,3.172
226,34,1.42
226,35,1.224
226,36,1.507
226,37,1.367
226,38,2.538
226,39,2.532
226,40,3.066
226,41,3.03
226,42,3.034
226,43,1.026
226,44,2.582
226,45,1.037
226,46,0.879
226,47,1.428
226,48,1.273
227,1,1.971
227,2,0.996
227,3,0.576
227,4,0.54
227,5,0.177
227,6,0.262
227,7,0.215
227,8,0.152
227,9,0.244
227,10,0.358
227,11,0.282
227,12,0.292
227,13,0.277
227,14,0.273
227,15,0.171
227,16,0.34
227,17,0.317
227,18,0.196
227,19,0.124
227,20,0.194
227,21,0.473
227,22,0.487
227,23,0.399
227,24,0.554
227,25,0.327
227,26,0.144
227,27,0.096
227,28,0.235
227,29,0.134
227,30,1.453
227,31,2.053
227,32,0.398
227,33,1.37
227,34,1.62
227,35,0.942
227,36,0.61
227,37,0.556
227,38,0.553
227,39,1.296
227,40,0.779
227,41,0.87
227,42,0.442
227,43,0.819
227,44,3.112
227,45,1.64
227,46,0.921
227,47,1.508
227,48,2.118
228,1,1.355
228,2,2.253
228,3,1.083
228,4,2.186
228,5,0.293
228,6,0.289
228,7,0.215
228,8,0.135
228,9,0.242
228,10,0.277
228,11,0.136
228,12,0.134
228,13,0.28
228,14,0.228
228,15,0.106
228,16,0.428
228,17,0.266
228,18,0.094
228,19,0.115
228,20,0.257
228,21,0.567
228,22,0.521
228,23,0.643
228,24,0.698
228,25,0.862
228,26,2.996
228,27,6.514
228,28,0.706
228,29,1.339
228,30,2.316
228,31,7.176
228,32,5.363
228,33,0.983
228,34,3.048
228,35,1.646
228,36,0.378
228,37,1.749
228,38,0.156
228,39,0.288
228,40,0.708
228,41,0.301
228,42,0.661
228,43,1.506
228,44,1.042
228,45,1.027
228,46,1.338
228,47,0.973
228,48,1.418
229,1,1.203
229,2,0.827
229,3,0.625
229,4,0.616
229,5,0.487
229,6,0.276
229,7,0.178
229,8,0.142
229,9,0.217
229,10,0.297
229,11,0.227
229,12,0.155
229,13,0.203
229,14,0.298
229,15,0.211
229,16,0.386
229,17,0.239
229,18,0.284
229,19,0.292
229,20,0.175
229,21,0.17
229,22,0.325
229,23,0.703
229,24,0.628
229,25,0.594
229,26,0.576
229,27,0.689
229,28,0.806
229,29,0.599
229,30,1.484
229,31,3.24
229,32,1.153
229,33,0.688
229,34,0.79
229,35,1.555
229,36,1.23
229,37,3.634
229,38,2.13
229,39,1.678
229,40,1.49
229,41,2.156
229,42,0.76
229,43,2.27
229,44,0.928
229,45,0.947
229,46,1.097
229,47,0.936
229,48,1.077
230,1,0.785
230,2,0.609
230,3,0.385
230,4,0.282
230,5,0.281
230,6,0.135
230,7,0.127
230,8,0.218
230,9,0.269
230,10,0.16
230,11,0.151
230,12,0.272
230,13,0.372
230,14,0.199
230,15,0.168
230,16,0.263
230,17,0.232
230,18,0.154
230,19,0.088
230,20,0.118
230,21,0.238
230,22,0.297
230,23,0.543
230,24,0.413
230,25,0.455
230,26,0.661
230,27,0.605
230,28,0.652
230,29,1.154
230,30,1.874
230,31,3.186
230,32,2.728
230,33,0.838
230,34,3.691
230,35,4.702
230,36,3.606
230,37,2.24
230,38,0.79
230,39,0.89
230,40,0.265
230,41,0.493
230,42,0.537
230,43,0.156
230,44,0.18
230,45,0.207
230,46,0.46
230,47,1.529
230,48,1.999
231,1,0.8
231,2,1.901
231,3,0.35
231,4,0.616
231,5,0.784
231,6,0.453
231,7,0.262
231,8,0.27
231,9,0.271
231,10,0.313
231,11,0.39
231,12,0.251
231,13,0.298
231,14,0.292
231,15,0.287
231,16,0.248
231,17,0.246
231,18,0.24
231,19,0.24
231,20,0.242
231,21,0.506
231,22,0.752
231,23,0.945
231,24,0.74
231,25,0.743
231,26,0.696
231,27,0.65
231,28,0.649
231,29,0.686
231,30,1.014
231,31,0.978
231,32,0.65
231,33,0.686
231,34,0.678
231,35,0.676
231,36,0.628
231,37,0.938
231,38,0.64
231,39,0.706
231,40,0.628
231,41,0.775
231,42,0.773
231,43,0.985
231,44,2.05
231,45,1.427
231,46,2.709
231,47,1.205
231,48,1.22
232,1,1.124
232,2,0.346
232,3,0.278
232,4,0.273
232,5,0.274
232,6,0.266
232,7,0.265
232,8,0.264
232,9,0.399
232,10,0.393
232,11,0.269
232,12,0.259
232,13,0.259
232,14,0.259
232,15,0.343
232,16,0.248
232,17,0.373
232,18,0.385
232,19,0.239
232,20,0.238
232,21,0.391
232,22,0.545
232,23,0.364
232,24,0.362
232,25,0.527
232,26,0.5
232,27,0.933
232,28,0.671
232,29,0.683
232,30,0.605
232,31,0.571
232,32,0.559
232,33,0.755
232,34,0.542
232,35,0.682
232,36,0.432
232,37,0.218
232,38,0.25
232,39,0.255
232,40,0.161
232,41,0.124
232,42,0.167
232,43,0.284
232,44,0.381
232,45,0.381
232,46,1.042
232,47,2.069
232,48,1.168
233,1,2.118
233,2,0.596
233,3,0.57
233,4,0.481
233,5,0.276
233,6,0.275
233,7,0.47
233,8,0.34
233,9,0.274
233,10,0.273
233,11,0.272
233,12,0.271
233,13,0.271
233,14,0.269
233,15,0.478
233,16,0.327
233,17,0.236
233,18,0.224
233,19,0.222
233,20,0.221
233,21,0.219
233,22,0.525
233,23,0.491
233,24,0.502
233,25,0.567
233,26,0.702
233,27,0.652
233,28,1.002
233,29,0.597
233,30,0.818
233,31,0.654
233,32,1.452
233,33,0.776
233,34,1.016
233,35,0.701
233,36,0.741
233,37,1.523
233,38,4.164
233,39,1.427
233,40,1.431
233,41,0.971
233,42,0.644
233,43,2.361
233,44,1.394
233,45,2.671
233,46,0.99
233,47,0.934
233,48,0.886
234,1,1.29
234,2,0.688
234,3,0.676
234,4,0.952
234,5,0.679
234,6,0.429
234,7,0.277
234,8,0.27
234,9,0.143
234,10,0.261
234,11,0.272
234,12,0.183
234,13,0.127
234,14,0.245
234,15,0.36
234,16,0.145
234,17,0.191
234,18,0.263
234,19,0.129
234,20,0.193
234,21,0.343
234,22,0.368
234,23,0.366
234,24,1.521
234,25,3.933
234,26,2.208
234,27,1.866
234,28,1.162
234,29,0.601
234,30,0.882
234,31,0.766
234,32,1.313
234,33,0.62
234,34,0.341
234,35,0.274
234,36,0.257
234,37,0.25
234,38,0.262
234,39,0.676
234,40,0.638
234,41,0.703
234,42,1.46
234,43,2.194
234,44,1.253
234,45,3.256
234,46,3.14
234,47,3.546
234,48,2.172
235,1,3.955
235,2,2.651
235,3,2.066
235,4,0.317
235,5,0.276
235,6,0.271
235,7,0.267
235,8,0.267
235,9,0.268
235,10,0.269
235,11,0.221
235,12,0.134
235,13,0.134
235,14,0.183
235,15,0.467
235,16,0.379
235,17,0.263
235,18,0.284
235,19,4.072
235,20,1.963
235,21,1.418
235,22,0.492
235,23,0.395
235,24,0.543
235,25,0.586
235,26,0.446
235,27,0.903
235,28,0.8
235,29,0.83
235,30,0.758
235,31,0.733
235,32,2.544
235,33,1.685
235,34,0.62
235,35,1.721
235,36,0.672
235,37,0.723
235,38,1.843
235,39,0.599
235,40,2.142
235,41,0.585
235,42,2.181
235,43,0.858
235,44,1.036
235,45,1.092
235,46,1.044
235,47,1.102
235,48,1.028
236,1,1.175
236,2,0.83
236,3,0.479
236,4,0.295
236,5,0.287
236,6,0.283
236,7,0.281
236,8,0.279
236,9,0.279
236,10,0.155
236,11,0.174
236,12,0.279
236,13,0.147
236,14,0.179
236,15,0.304
236,16,0.28
236,17,0.23
236,18,0.232
236,19,0.125
236,20,0.181
236,21,0.277
236,22,0.233
236,23,0.348
236,24,0.433
236,25,0.436
236,26,1.063
236,27,1.719
236,28,2.546
236,29,2.296
236,30,2.44
236,31,0.819
236,32,0.23
236,33,0.22
236,34,0.217
236,35,0.166
236,36,0.088
236,37,0.556
236,38,0.773
236,39,2.307
236,40,1.202
236,41,0.924
236,42,0.697
236,43,3.471
236,44,2.426
236,45,1.257
236,46,2.32
236,47,1.825
236,48,2.181
237,1,0.99
237,2,0.753
237,3,0.755
237,4,0.432
237,5,0.163
237,6,0.272
237,7,0.178
237,8,0.138
237,9,0.273
237,10,0.181
237,11,0.129
237,12,0.266
237,13,0.186
237,14,0.13
237,15,0.22
237,16,0.147
237,17,0.229
237,18,0.225
237,19,0.262
237,20,0.132
237,21,0.35
237,22,0.542
237,23,0.457
237,24,0.488
237,25,0.457
237,26,0.706
237,27,0.856
237,28,0.815
237,29,0.987
237,30,0.575
237,31,0.65
237,32,0.768
237,33,1.118
237,34,0.741
237,35,0.644
237,36,0.541
237,37,0.79
237,38,2.289
237,39,4.007
237,40,5.866
237,41,2.81
237,42,3.539
237,43,1.964
237,44,2.504
237,45,1.038
237,46,1.316
237,47,0.919
237,48,0.886
238,1,0.755
238,2,0.593
238,3,0.472
238,4,0.129
238,5,0.206
238,6,0.228
238,7,0.127
238,8,0.178
238,9,0.254
238,10,0.134
238,11,0.186
238,12,0.248
238,13,0.127
238,14,0.244
238,15,0.249
238,16,0.224
238,17,0.291
238,18,0.284
238,19,0.168
238,20,0.117
238,21,0.197
238,22,0.818
238,23,0.719
238,24,0.641
238,25,0.647
238,26,0.773
238,27,0.703
238,28,0.842
238,29,0.742
238,30,2.026
238,31,1.281
238,32,1.863
238,33,0.658
238,34,1.03
238,35,0.705
238,36,3.456
238,37,2.718
238,38,2.368
238,39,1.913
238,40,0.845
238,41,0.634
238,42,0.773
238,43,1.217
238,44,0.802
238,45,0.803
238,46,1.888
238,47,0.91
238,48,2.064
239,1,3.07
239,2,2.978
239,3,0.393
239,4,0.293
239,5,0.164
239,6,0.165
239,7,0.269
239,8,0.174
239,9,0.129
239,10,0.212
239,11,0.228
239,12,0.129
239,13,0.143
239,14,0.273
239,15,0.156
239,16,0.125
239,17,0.414
239,18,0.19
239,19,0.089
239,20,0.109
239,21,0.272
239,22,0.209
239,23,0.532
239,24,0.66
239,25,0.67
239,26,0.889
239,27,0.76
239,28,0.641
239,29,0.789
239,30,0.491
239,31,0.925
239,32,0.723
239,33,0.666
239,34,0.724
239,35,3.548
239,36,1.024
239,37,1.574
239,38,1.17
239,39,2.289
239,40,0.767
239,41,0.666
239,42,0.867
239,43,0.764
239,44,0.806
239,45,1.051
239,46,1.264
239,47,1.474
239,48,1.01
240,1,0.768
240,2,0.158
240,3,0.198
240,4,0.229
240,5,0.128
240,6,0.185
240,7,0.238
240,8,0.127
240,9,0.336
240,10,0.333
240,11,0.128
240,12,0.137
240,13,0.268
240,14,0.143
240,15,0.128
240,16,0.434
240,17,0.267
240,18,2.04
240,19,0.727
240,20,0.483
240,21,0.474
240,22,0.532
240,23,0.882
240,24,1.318
240,25,2.894
240,26,0.695
240,27,1.91
240,28,2.61
240,29,1.899
240,30,2.662
240,31,0.996
240,32,0.81
240,33,0.569
240,34,0.674
240,35,0.642
240,36,0.5
240,37,0.514
240,38,1.58
240,39,0.974
240,40,2.009
240,41,0.793
240,42,0.542
240,43,0.747
240,44,1.135
240,45,1.336
240,46,1.193
240,47,1.14
240,48,1.103
388,1,2.247
388,2,1.154
388,3,0.682
388,4,0.683
388,5,0.807
388,6,0.548
388,7,0.516
388,8,0.735
388,9,0.618
388,10,0.467
388,11,0.158
388,12,0.144
388,13,0.444
388,14,0.341
388,15,0.169
388,16,0.143
388,17,0.145
388,18,0.521
388,19,0.515
388,20,0.287
388,21,0.275
388,22,0.659
388,23,0.407
388,24,0.53
388,25,0.564
388,26,0.785
388,27,1.081
388,28,0.469
388,29,0.495
388,30,0.611
388,31,0.238
388,32,0.096
388,33,0.087
388,34,0.094
388,35,0.228
388,36,1.244
388,37,1.063
388,38,1.159
388,39,1.095
388,40,2.538
388,41,2.624
388,42,1.932
388,43,0.857
388,44,1.234
388,45,1.357
388,46,1.172
388,47,1.133
388,48,0.946
389,1,0.989
389,2,2.587
389,3,1.406
389,4,2.185
389,5,0.547
389,6,0.14
389,7,0.149
389,8,0.287
389,9,0.451
389,10,0.433
389,11,0.284
389,12,0.279
389,13,0.419
389,14,0.191
389,15,0.293
389,16,0.285
389,17,0.418
389,18,0.377
389,19,0.334
389,20,0.222
389,21,0.471
389,22,0.563
389,23,0.541
389,24,0.785
389,25,0.623
389,26,0.536
389,27,0.385
389,28,0.343
389,29,0.325
389,30,0.457
389,31,0.416
389,32,0.333
389,33,0.335
389,34,0.488
389,35,0.591
389,36,0.943
389,37,0.927
389,38,0.84
389,39,2.095
389,40,1.984
389,41,0.776
389,42,1.185
389,43,3.446
389,44,2.668
389,45,3.128
389,46,2.871
389,47,3.681
389,48,2.134
390,1,0.762
390,2,1.073
390,3,0.91
390,4,0.755
390,5,0.615
390,6,0.627
390,7,0.496
390,8,0.422
390,9,0.264
390,10,0.264
390,11,0.189
390,12,0.393
390,13,0.222
390,14,0.317
390,15,0.447
390,16,0.405
390,17,0.147
390,18,0.286
390,19,0.267
390,20,0.414
390,21,0.1
390,22,0.104
390,23,0.339
390,24,0.433
390,25,0.435
390,26,0.616
390,27,0.902
390,28,1.754
390,29,0.958
390,30,0.726
390,31,0.797
390,32,0.648
390,33,1.08
390,34,1.683
390,35,2.024
390,36,2.033
390,37,4.427
390,38,3.83
390,39,1.506
390,40,1.2
390,41,1.435
390,42,1.366
390,43,1.56
390,44,4.238
390,45,3.049
390,46,2.906
390,47,2.744
390,48,1.406
391,1,2.835
391,2,0.812
391,3,0.704
391,4,0.843
391,5,0.744
391,6,0.165
391,7,0.144
391,8,0.185
391,9,0.484
391,10,0.239
391,11,0.146
391,12,0.146
391,13,0.471
391,14,0.313
391,15,0.145
391,16,0.36
391,17,1.966
391,18,1.002
391,19,0.236
391,20,0.433
391,21,0.47
391,22,0.397
391,23,0.677
391,24,0.683
391,25,0.949
391,26,0.822
391,27,0.825
391,28,0.965
391,29,0.564
391,30,0.64
391,31,1.842
391,32,1.208
391,33,0.686
391,34,0.588
391,35,0.909
391,36,1.062
391,37,2.568
391,38,3.27
391,39,2.918
391,40,4.518
391,41,2.743
391,42,3.543
391,43,1.029
391,44,0.831
391,45,1.119
391,46,0.812
391,47,0.776
391,48,2.18
392,1,1.121
392,2,2.391
392,3,0.813
392,4,0.854
392,5,0.855
392,6,0.727
392,7,0.88
392,8,0.646
392,9,0.44
392,10,0.301
392,11,0.294
392,12,0.394
392,13,0.447
392,14,0.296
392,15,0.358
392,16,0.398
392,17,0.263
392,18,0.381
392,19,0.347
392,20,0.223
392,21,0.275
392,22,0.243
392,23,0.312
392,24,0.616
392,25,0.6
392,26,0.637
392,27,0.611
392,28,0.685
392,29,0.852
392,30,0.814
392,31,1.194
392,32,1.016
392,33,0.726
392,34,0.777
392,35,0.675
392,36,0.898
392,37,1.252
392,38,1.247
392,39,0.943
392,40,1.209
392,41,2.507
392,42,2.316
392,43,1.799
392,44,1.307
392,45,2.319
392,46,1.114
392,47,6.009
392,48,2.563
393,1,1.516
393,2,0.996
393,3,0.956
393,4,0.844
393,5,0.787
393,6,0.695
393,7,0.7
393,8,0.347
393,9,0.281
393,10,0.192
393,11,0.288
393,12,0.409
393,13,0.297
393,14,0.143
393,15,0.324
393,16,0.535
393,17,0.399
393,18,0.215
393,19,0.26
393,20,0.25
393,21,0.304
393,22,0.241
393,23,0.133
393,24,0.266
393,25,0.431
393,26,0.711
393,27,1.04
393,28,2.892
393,29,2.847
393,30,1.469
393,31,1.068
393,32,0.767
393,33,0.718
393,34,0.711
393,35,0.592
393,36,0.625
393,37,1.619
393,38,3.268
393,39,4.112
393,40,2.473
393,41,1.156
393,42,2.08
393,43,1.941
393,44,5.104
393,45,2.995
393,46,2.448
393,47,1.661
393,48,1.052
394,1,4.429
394,2,2.457
394,3,2.469
394,4,1.178
394,5,1.293
394,6,1.796
394,7,1.782
394,8,2.525
394,9,1.976
394,10,1.348
394,11,0.476
394,12,0.412
394,13,0.306
394,14,0.145
394,15,0.266
394,16,0.521
394,17,0.435
394,18,0.403
394,19,0.387
394,20,0.266
394,21,0.395
394,22,0.366
394,23,0.231
394,24,0.319
394,25,0.421
394,26,0.559
394,27,0.334
394,28,0.939
394,29,1.716
394,30,1.16
394,31,0.752
394,32,0.689
394,33,0.734
394,34,1.194
394,35,0.702
394,36,0.701
394,37,0.944
394,38,0.991
394,39,0.962
394,40,1.158
394,41,0.973
394,42,1.077
394,43,0.836
394,44,1.262
394,45,2.341
394,46,4.047
394,47,2.687
394,48,4.371
395,1,1.611
395,2,1.156
395,3,1.494
395,4,0.765
395,5,0.411
395,6,0.156
395,7,0.217
395,8,0.3
395,9,0.408
395,10,0.291
395,11,0.31
395,12,0.811
395,13,0.525
395,14,0.305
395,15,0.233
395,16,0.375
395,17,0.157
395,18,0.089
395,19,0.18
395,20,0.486
395,21,0.46
395,22,0.177
395,23,0.237
395,24,0.287
395,25,0.363
395,26,0.23
395,27,0.137
395,28,0.135
395,29,0.129
395,30,0.116
395,31,0.247
395,32,0.257
395,33,0.135
395,34,0.131
395,35,0.13
395,36,0.193
395,37,0.511
395,38,1.48
395,39,3.17
395,40,0.838
395,41,0.837
395,42,1.512
395,43,1.253
395,44,2.477
395,45,1.925
395,46,1.121
395,47,1.219
395,48,1.203
396,1,0.478
396,2,0.454
396,3,0.31
396,4,0.385
396,5,0.214
396,6,0.297
396,7,0.261
396,8,0.162
396,9,0.162
396,10,0.231
396,11,0.538
396,12,0.186
396,13,0.154
396,14,0.173
396,15,0.3
396,16,0.631
396,17,0.339
396,18,0.322
396,19,0.386
396,20,0.647
396,21,0.64
396,22,0.321
396,23,0.216
396,24,0.213
396,25,0.316
396,26,0.712
396,27,1.402
396,28,1.393
396,29,0.857
396,30,0.097
396,31,0.15
396,32,0.236
396,33,0.722
396,34,0.177
396,35,0.677
396,36,0.579
396,37,1.036
396,38,3.219
396,39,2.83
396,40,1.438
396,41,0.99
396,42,0.884
396,43,0.955
396,44,1.217
396,45,0.768
396,46,2.891
396,47,1.156
396,48,2.588
397,1,3.258
397,2,1.754
397,3,0.905
397,4,0.145
397,5,0.356
397,6,0.29
397,7,0.276
397,8,0.162
397,9,0.145
397,10,0.493
397,11,0.29
397,12,0.144
397,13,0.158
397,14,0.502
397,15,0.49
397,16,0.216
397,17,0.399
397,18,0.411
397,19,0.23
397,20,0.264
397,21,0.506
397,22,0.644
397,23,0.472
397,24,0.437
397,25,0.433
397,26,0.416
397,27,0.378
397,28,0.357
397,29,0.891
397,30,0.688
397,31,0.881
397,32,0.851
397,33,0.768
397,34,0.776
397,35,0.895
397,36,1.059
397,37,1.001
397,38,2.568
397,39,1.288
397,40,2.828
397,41,1.091
397,42,1.298
397,43,1.178
397,44,1.741
397,45,1.106
397,46,1.239
397,47,3.393
397,48,2.87
398,1,0.992
398,2,1.034
398,3,0.99
398,4,0.497
398,5,0.25
398,6,0.297
398,7,0.3
398,8,0.542
398,9,0.288
398,10,0.286
398,11,0.229
398,12,0.442
398,13,0.372
398,14,0.274
398,15,0.441
398,16,0.183
398,17,0.199
398,18,0.426
398,19,0.451
398,20,0.434
398,21,0.456
398,22,0.595
398,23,0.386
398,24,0.526
398,25,0.449
398,26,0.599
398,27,0.651
398,28,0.575
398,29,1.144
398,30,1.351
398,31,1.144
398,32,0.957
398,33,2.214
398,34,1.226
398,35,2.836
398,36,1.189
398,37,1.171
398,38,2.295
398,39,3.298
398,40,1.898
398,41,1.737
398,42,1.603
398,43,1.304
398,44,1.182
398,45,1.165
398,46,1.12
398,47,1.136
398,48,1.152
399,1,0.974
399,2,3.985
399,3,3.353
399,4,3.291
399,5,1.244
399,6,0.329
399,7,0.223
399,8,0.203
399,9,0.167
399,10,0.433
399,11,0.271
399,12,0.162
399,13,0.164
399,14,0.331
399,15,0.358
399,16,0.317
399,17,0.329
399,18,0.294
399,19,0.247
399,20,0.163
399,21,0.175
399,22,0.285
399,23,0.498
399,24,0.764
399,25,0.706
399,26,1.001
399,27,0.849
399,28,1.128
399,29,2.193
399,30,1.121
399,31,0.846
399,32,0.678
399,33,0.678
399,34,0.729
399,35,0.962
399,36,1.175
399,37,1.311
399,38,3.584
399,39,2.631
399,40,1.077
399,41,2.319
399,42,0.996
399,43,2.769
399,44,1.076
399,45,1.549
399,46,1.11
399,47,1.31
399,48,0.747
400,1,1.193
400,2,0.708
400,3,0.815
400,4,0.611
400,5,0.389
400,6,0.432
400,7,0.302
400,8,0.331
400,9,0.29
400,10,0.147
400,11,0.264
400,12,0.434
400,13,0.302
400,14,0.272
400,15,0.422
400,16,0.448
400,17,0.332
400,18,0.419
400,19,0.445
400,20,0.238
400,21,0.133
400,22,0.36
400,23,0.533
400,24,0.44
400,25,0.485
400,26,0.773
400,27,0.846
400,28,0.782
400,29,0.822
400,30,0.668
400,31,1.972
400,32,1.097
400,33,1.736
400,34,2.296
400,35,1.74
400,36,0.863
400,37,1.01
400,38,1.109
400,39,2.588
400,40,3.824
400,41,1.106
400,42,1.152
400,43,2.886
400,44,3.196
400,45,1.291
400,46,2.439
400,47,2.65
400,48,5.683
401,1,2.339
401,2,2.018
401,3,3.661
401,4,2.985
401,5,2.537
401,6,2.12
401,7,1.677
401,8,1.439
401,9,1.126
401,10,0.337
401,11,0.331
401,12,0.442
401,13,0.317
401,14,0.329
401,15,0.493
401,16,0.445
401,17,0.276
401,18,0.312
401,19,0.604
401,20,0.568
401,21,0.396
401,22,0.312
401,23,0.545
401,24,0.802
401,25,1.29
401,26,1.452
401,27,0.718
401,28,0.656
401,29,0.619
401,30,0.551
401,31,1.648
401,32,2.624
401,33,0.907
401,34,0.963
401,35,0.854
401,36,0.884
401,37,1.127
401,38,0.793
401,39,0.703
401,40,0.586
401,41,1.072
401,42,2.185
401,43,2.467
401,44,2.105
401,45,1.442
401,46,1.278
401,47,1.12
401,48,1.196
402,1,1.567
402,2,1.024
402,3,1.165
402,4,1.234
402,5,1.048
402,6,0.793
402,7,0.664
402,8,0.77
402,9,0.391
402,10,0.317
402,11,0.314
402,12,0.256
402,13,0.158
402,14,0.277
402,15,0.466
402,16,0.416
402,17,0.371
402,18,0.166
402,19,0.232
402,20,0.424
402,21,0.621
402,22,0.422
402,23,0.332
402,24,0.503
402,25,2.403
402,26,2.159
402,27,4.027
402,28,1.576
402,29,1.392
402,30,1.814
402,31,1.757
402,32,0.703
402,33,2.309
402,34,0.825
402,35,2.796
402,36,2.86
402,37,3.292
402,38,2.769
402,39,3.096
402,40,1.404
402,41,1.059
402,42,1.53
402,43,2.509
402,44,1.129
402,45,1.5
402,46,1.497
402,47,2.252
402,48,1.214
403,1,2.946
403,2,0.8
403,3,0.608
403,4,0.507
403,5,0.57
403,6,0.657
403,7,0.715
403,8,0.368
403,9,0.322
403,10,0.308
403,11,0.162
403,12,0.239
403,13,0.311
403,14,0.362
403,15,0.287
403,16,0.456
403,17,0.421
403,18,0.16
403,19,0.277
403,20,0.462
403,21,0.44
403,22,0.386
403,23,0.559
403,24,0.551
403,25,0.437
403,26,0.657
403,27,0.847
403,28,0.576
403,29,0.913
403,30,0.753
403,31,0.636
403,32,0.632
403,33,0.931
403,34,0.784
403,35,0.881
403,36,0.729
403,37,1.448
403,38,3.331
403,39,4.192
403,40,3.339
403,41,1.966
403,42,2.792
403,43,1.513
403,44,2.11
403,45,1.555
403,46,1.051
403,47,1.061
403,48,1.081
404,1,0.991
404,2,1.15
404,3,0.965
404,4,1.018
404,5,1.311
404,6,0.832
404,7,0.908
404,8,0.635
404,9,0.283
404,10,0.162
404,11,0.149
404,12,0.261
404,13,0.235
404,14,0.306
404,15,0.249
404,16,0.521
404,17,0.612
404,18,0.439
404,19,0.27
404,20,0.239
404,21,0.64
404,22,0.8
404,23,0.478
404,24,0.442
404,25,0.676
404,26,0.654
404,27,0.594
404,28,0.609
404,29,0.444
404,30,0.724
404,31,0.798
404,32,0.645
404,33,1.23
404,34,3.042
404,35,1.43
404,36,2.991
404,37,1.087
404,38,1.045
404,39,0.95
404,40,1.037
404,41,1.472
404,42,1.227
404,43,1.277
404,44,1.134
404,45,3.379
404,46,2.824
404,47,2.414
404,48,1.282
405,1,1.286
405,2,0.917
405,3,0.913
405,4,0.87
405,5,0.981
405,6,0.841
405,7,0.537
405,8,0.293
405,9,0.29
405,10,0.421
405,11,0.414
405,12,0.143
405,13,0.151
405,14,0.43
405,15,0.324
405,16,0.308
405,17,0.472
405,18,0.425
405,19,0.277
405,20,0.117
405,21,0.273
405,22,0.715
405,23,1.738
405,24,0.69
405,25,2.332
405,26,0.923
405,27,0.722
405,28,0.864
405,29,0.893
405,30,0.845
405,31,0.893
405,32,3.962
405,33,1.384
405,34,1.248
405,35,1.303
405,36,0.805
405,37,1.15
405,38,1.158
405,39,2.775
405,40,2.735
405,41,0.886
405,42,1.916
405,43,0.948
405,44,2.677
405,45,1.492
405,46,1.02
405,47,0.923
405,48,0.952
406,1,0.921
406,2,1.08
406,3,0.747
406,4,0.666
406,5,0.746
406,6,0.83
406,7,0.878
406,8,1.034
406,9,0.581
406,10,0.458
406,11,0.399
406,12,0.293
406,13,0.28
406,14,0.429
406,15,0.337
406,16,0.304
406,17,0.412
406,18,0.468
406,19,0.236
406,20,0.24
406,21,0.255
406,22,0.372
406,23,0.553
406,24,0.703
406,25,0.677
406,26,1.124
406,27,1.977
406,28,2.276
406,29,2.696
406,30,0.954
406,31,0.943
406,32,1.263
406,33,0.614
406,34,0.814
406,35,0.946
406,36,0.94
406,37,3.342
406,38,2.217
406,39,1.772
406,40,2.462
406,41,2.123
406,42,1.839
406,43,0.816
406,44,0.82
406,45,1.047
406,46,0.9
406,47,1.256
406,48,2.212
407,1,2.691
407,2,2.796
407,3,1.058
407,4,0.47
407,5,0.28
407,6,0.298
407,7,0.266
407,8,0.262
407,9,0.276
407,10,0.294
407,11,0.259
407,12,0.275
407,13,0.254
407,14,0.309
407,15,0.269
407,16,0.515
407,17,2.515
407,18,0.724
407,19,0.244
407,20,0.161
407,21,0.325
407,22,0.601
407,23,0.563
407,24,0.508
407,25,0.513
407,26,0.865
407,27,0.747
407,28,0.885
407,29,2.859
407,30,4.882
407,31,5.154
407,32,1.875
407,33,0.598
407,34,0.546
407,35,0.501
407,36,0.504
407,37,0.638
407,38,0.845
407,39,3.007
407,40,3.435
407,41,5.3
407,42,4.207
407,43,1.266
407,44,1.108
407,45,0.82
407,46,1.19
407,47,1.212
407,48,2.266
408,1,5.314
408,2,3.785
408,3,2.382
408,4,1.33
408,5,1.185
408,6,2.303
408,7,2.166
408,8,2.449
408,9,0.951
408,10,0.516
408,11,0.331
408,12,0.304
408,13,0.501
408,14,0.16
408,15,0.417
408,16,0.537
408,17,0.378
408,18,0.219
408,19,0.255
408,20,0.559
408,21,0.592
408,22,0.464
408,23,0.349
408,24,0.513
408,25,0.456
408,26,0.614
408,27,0.25
408,28,0.752
408,29,0.739
408,30,0.828
408,31,0.902
408,32,0.881
408,33,0.842
408,34,0.579
408,35,0.474
408,36,0.883
408,37,0.934
408,38,2.592
408,39,3.976
408,40,0.977
408,41,2.282
408,42,1.647
408,43,2.163
408,44,1.207
408,45,1.087
408,46,1.276
408,47,1.097
408,48,0.864
409,1,1.243
409,2,1.202
409,3,1.098
409,4,2.111
409,5,1.514
409,6,1.838
409,7,0.555
409,8,0.563
409,9,0.295
409,10,0.289
409,11,0.288
409,12,0.291
409,13,0.419
409,14,0.15
409,15,0.222
409,16,0.306
409,17,0.5
409,18,0.386
409,19,0.147
409,20,0.246
409,21,0.542
409,22,2.158
409,23,0.744
409,24,0.514
409,25,0.7
409,26,0.661
409,27,0.694
409,28,1.153
409,29,0.997
409,30,1.269
409,31,2.436
409,32,2.797
409,33,2.134
409,34,3.116
409,35,2.567
409,36,1.338
409,37,0.929
409,38,2.4
409,39,1.851
409,40,2.421
409,41,0.97
409,42,0.856
409,43,0.991
409,44,1.409
409,45,1.105
409,46,1.86
409,47,1.505
409,48,1.61
410,1,1.335
410,2,1.418
410,3,1.822
410,4,1.012
410,5,1.736
410,6,1.314
410,7,2.066
410,8,0.995
410,9,0.155
410,10,0.289
410,11,0.285
410,12,0.15
410,13,0.155
410,14,0.431
410,15,0.29
410,16,0.266
410,17,0.41
410,18,0.148
410,19,0.215
410,20,0.524
410,21,0.315
410,22,0.321
410,23,0.332
410,24,0.365
410,25,0.644
410,26,0.482
410,27,0.584
410,28,0.496
410,29,0.664
410,30,1.042
410,31,0.912
410,32,0.429
410,33,0.315
410,34,0.261
410,35,0.489
410,36,0.245
410,37,0.247
410,38,0.487
410,39,0.463
410,40,0.339
410,41,1.426
410,42,3.796
410,43,3.493
410,44,1.512
410,45,0.999
410,46,2.277
410,47,1.159
410,48,4.058
411,1,2.883
411,2,2.652
411,3,1.014
411,4,0.907
411,5,0.634
411,6,0.585
411,7,0.62
411,8,1.0
411,9,0.798
411,10,0.47
411,11,0.192
411,12,0.286
411,13,0.266
411,14,0.392
411,15,0.142
411,16,0.248
411,17,0.542
411,18,0.197
411,19,0.098
411,20,0.422
411,21,0.479
411,22,0.497
411,23,0.819
411,24,0.903
411,25,0.879
411,26,0.904
411,27,0.748
411,28,0.892
411,29,0.819
411,30,1.869
411,31,1.37
411,32,1.987
411,33,1.157
411,34,2.478
411,35,0.784
411,36,0.942
411,37,0.746
411,38,0.474
411,39,0.805
411,40,1.433
411,41,1.064
411,42,1.17
411,43,0.908
411,44,1.483
411,45,1.433
411,46,1.155
411,47,3.579
411,48,4.227
412,1,2.993
412,2,4.123
412,3,0.354
412,4,0.529
412,5,0.369
412,6,0.274
412,7,0.309
412,8,0.328
412,9,0.546
412,10,0.294
412,11,0.3
412,12,0.284
412,13,0.292
412,14,0.515
412,15,0.207
412,16,0.182
412,17,0.383
412,18,0.214
412,19,0.257
412,20,0.486
412,21,0.357
412,22,0.195
412,23,0.415
412,24,0.801
412,25,0.495
412,26,1.006
412,27,0.92
412,28,1.082
412,29,0.989
412,30,0.787
412,31,1.114
412,32,0.916
412,33,0.879
412,34,0.877
412,35,0.868
412,36,0.972
412,37,0.953
412,38,0.937
412,39,1.232
412,40,1.027
412,41,2.027
412,42,2.008
412,43,2.005
412,44,2.34
412,45,1.265
412,46,0.909
412,47,1.787
412,48,5.657
413,1,3.024
413,2,2.747
413,3,1.11
413,4,0.57
413,5,0.439
413,6,0.258
413,7,0.147
413,8,0.148
413,9,0.263
413,10,0.527
413,11,0.226
413,12,0.145
413,13,0.144
413,14,0.329
413,15,0.494
413,16,0.147
413,17,0.184
413,18,0.454
413,19,0.456
413,20,0.492
413,21,0.649
413,22,0.527
413,23,0.459
413,24,0.455
413,25,0.598
413,26,0.091
413,27,0.531
413,28,0.456
413,29,0.785
413,30,0.466
413,31,0.779
413,32,0.813
413,33,0.565
413,34,0.526
413,35,0.968
413,36,0.871
413,37,1.25
413,38,2.62
413,39,2.7
413,40,1.543
413,41,1.067
413,42,1.23
413,43,2.202
413,44,2.024
413,45,2.624
413,46,1.41
413,47,0.857
413,48,1.063
414,1,0.72
414,2,0.637
414,3,0.712
414,4,0.679
414,5,0.615
414,6,0.382
414,7,0.15
414,8,0.23
414,9,0.45
414,10,0.264
414,11,0.146
414,12,0.206
414,13,0.521
414,14,0.423
414,15,0.147
414,16,0.113
414,17,0.323
414,18,0.408
414,19,0.271
414,20,0.212
414,21,0.444
414,22,0.139
414,23,0.09
414,24,0.692
414,25,0.848
414,26,1.492
414,27,1.18
414,28,0.789
414,29,0.747
414,30,1.463
414,31,1.126
414,32,0.598
414,33,0.664
414,34,0.508
414,35,0.313
414,36,0.244
414,37,0.386
414,38,0.152
414,39,0.792
414,40,2.481
414,41,2.58
414,42,4.476
414,43,1.495
414,44,1.262
414,45,2.423
414,46,0.956
414,47,4.612
414,48,4.397
415,1,2.562
415,2,0.847
415,3,0.639
415,4,0.807
415,5,0.327
415,6,0.145
415,7,0.144
415,8,0.269
415,9,0.468
415,10,0.223
415,11,0.148
415,12,0.223
415,13,0.413
415,14,0.469
415,15,0.282
415,16,0.156
415,17,0.218
415,18,0.405
415,19,0.4
415,20,0.38
415,21,0.429
415,22,0.324
415,23,0.447
415,24,0.76
415,25,0.94
415,26,0.515
415,27,0.66
415,28,0.611
415,29,1.2
415,30,1.172
415,31,2.378
415,32,0.971
415,33,0.848
415,34,0.558
415,35,2.296
415,36,3.35
415,37,2.367
415,38,2.316
415,39,1.356
415,40,1.483
415,41,2.363
415,42,1.8
415,43,1.545
415,44,1.108
415,45,1.179
415,46,0.921
415,47,1.019
415,48,1.129
