213,1,0.396
213,2,0.292
213,3,0.185
213,4,0.083
213,5,0.079
213,6,0.079
213,7,0.176
213,8,0.172
213,9,0.17
213,10,0.169
213,11,0.1
213,12,0.078
213,13,0.078
213,14,0.119
213,15,0.174
213,16,0.169
213,17,0.167
213,18,0.145
213,19,0.504
213,20,0.318
213,21,0.231
213,22,1.813
213,23,2.767
213,24,2.048
213,25,1.391
213,26,0.328
213,27,0.367
213,28,0.989
213,29,2.332
213,30,1.128
213,31,0.245
213,32,0.174
213,33,1.359
213,34,0.742
213,35,0.442
213,36,0.312
213,37,1.456
213,38,0.599
213,39,0.543
213,40,0.724
213,41,0.755
213,42,4.306
213,43,1.154
213,44,0.387
213,45,0.679
213,46,0.988
213,47,0.606
213,48,0.429
214,1,0.273
214,2,0.229
214,3,0.12
214,4,0.087
214,5,0.084
214,6,0.145
214,7,0.176
214,8,0.173
214,9,0.172
214,10,0.171
214,11,0.109
214,12,0.08
214,13,0.055
214,14,0.088
214,15,0.134
214,16,0.129
214,17,0.13
214,18,0.128
214,19,0.415
214,20,3.647
214,21,0.201
214,22,0.171
214,23,0.12
214,24,0.285
214,25,0.202
214,26,0.081
214,27,0.911
214,28,1.342
214,29,0.324
214,30,0.183
214,31,0.179
214,32,0.351
214,33,0.176
214,34,0.178
214,35,0.174
214,36,0.969
214,37,0.399
214,38,0.361
214,39,0.203
214,40,0.265
214,41,0.316
214,42,0.432
214,43,0.42
214,44,0.394
214,45,0.416
214,46,0.491
214,47,0.336
214,48,0.216
215,1,0.088
215,2,0.134
215,3,0.166
215,4,0.162
215,5,0.161
215,6,0.161
215,7,0.097
215,8,0.07
215,9,0.07
215,10,0.302
215,11,0.167
215,12,0.162
215,13,0.161
215,14,0.16
215,15,0.094
215,16,0.069
215,17,0.062
215,18,0.335
215,19,0.181
215,20,0.172
215,21,0.173
215,22,0.155
215,23,0.714
215,24,2.413
215,25,0.919
215,26,1.05
215,27,3.066
215,28,1.166
215,29,0.199
215,30,0.199
215,31,0.366
215,32,0.376
215,33,0.403
215,34,0.263
215,35,0.326
215,36,0.197
215,37,0.308
215,38,0.334
215,39,0.572
215,40,0.679
215,41,2.604
215,42,1.083
215,43,0.407
215,44,0.344
215,45,0.582
215,46,0.383
215,47,0.227
215,48,0.25
216,1,0.243
216,2,0.201
216,3,0.206
216,4,0.204
216,5,0.124
216,6,0.07
216,7,0.07
216,8,0.118
216,9,0.168
216,10,0.164
216,11,0.162
216,12,0.159
216,13,0.126
216,14,0.028
216,15,0.035
216,16,0.07
216,17,0.173
216,18,0.265
216,19,0.256
216,20,0.544
216,21,1.506
216,22,3.542
216,23,1.423
216,24,0.61
216,25,0.218
216,26,0.262
216,27,0.252
216,28,0.294
216,29,0.528
216,30,0.298
216,31,0.137
216,32,1.513
216,33,1.104
216,34,0.193
216,35,2.449
216,36,0.242
216,37,0.092
216,38,0.154
216,39,0.184
216,40,0.202
216,41,0.304
216,42,0.323
216,43,0.302
216,44,0.29
216,45,0.292
216,46,0.292
216,47,0.3
216,48,0.335
217,1,0.425
217,2,0.432
217,3,0.353
217,4,0.098
217,5,0.071
217,6,0.071
217,7,0.132
217,8,0.166
217,9,0.162
217,10,0.161
217,11,0.16
217,12,0.159
217,13,0.156
217,14,0.156
217,15,0.154
217,16,0.082
217,17,0.069
217,18,0.069
217,19,0.505
217,20,0.178
217,21,0.177
217,22,1.297
217,23,1.69
217,24,1.119
217,25,1.349
217,26,2.983
217,27,2.981
217,28,1.721
217,29,1.023
217,30,1.164
217,31,0.173
217,32,0.314
217,33,1.752
217,34,0.941
217,35,0.313
217,36,0.353
217,37,1.121
217,38,0.77
217,39,0.241
217,40,0.342
217,41,0.238
217,42,0.273
217,43,0.252
217,44,0.364
217,45,0.343
217,46,0.247
217,47,0.189
217,48,0.104
218,1,0.069
218,2,0.107
218,3,0.169
218,4,0.163
218,5,0.162
218,6,0.16
218,7,0.159
218,8,0.159
218,9,0.158
218,10,0.158
218,11,0.139
218,12,0.07
218,13,0.07
218,14,0.069
218,15,0.15
218,16,0.181
218,17,0.398
218,18,0.617
218,19,0.295
218,20,0.195
218,21,0.18
218,22,0.077
218,23,0.17
218,24,0.044
218,25,2.704
218,26,2.672
218,27,1.548
218,28,0.85
218,29,1.195
218,30,0.549
218,31,0.794
218,32,0.871
218,33,1.051
218,34,0.18
218,35,0.184
218,36,0.183
218,37,0.485
218,38,0.187
218,39,0.325
218,40,0.385
218,41,0.27
218,42,0.383
218,43,0.288
218,44,0.388
218,45,0.461
218,46,0.428
218,47,0.271
218,48,0.154
219,1,0.131
219,2,0.111
219,3,0.127
219,4,0.297
219,5,0.161
219,6,0.159
219,7,0.158
219,8,0.157
219,9,0.157
219,10,0.156
219,11,0.156
219,12,0.152
219,13,0.087
219,14,0.028
219,15,0.028
219,16,0.063
219,17,0.323
219,18,0.582
219,19,2.364
219,20,1.448
219,21,0.495
219,22,1.67
219,23,2.041
219,24,1.452
219,25,0.258
219,26,0.392
219,27,0.218
219,28,0.103
219,29,0.196
219,30,0.366
219,31,0.183
219,32,0.183
219,33,0.372
219,34,0.178
219,35,1.246
219,36,0.521
219,37,2.302
219,38,1.279
219,39,0.173
219,40,0.28
219,41,0.183
219,42,0.165
219,43,0.376
219,44,0.286
219,45,0.374
219,46,0.405
219,47,0.384
219,48,0.267
220,1,0.222
220,2,0.216
220,3,0.222
220,4,0.204
220,5,0.141
220,6,0.087
220,7,0.087
220,8,0.085
220,9,0.143
220,10,0.178
220,11,0.175
220,12,0.319
220,13,0.117
220,14,0.116
220,15,0.115
220,16,0.116
220,17,0.218
220,18,0.188
220,19,0.086
220,20,0.106
220,21,0.185
220,22,0.376
220,23,0.452
220,24,3.267
220,25,1.467
220,26,2.45
220,27,1.029
220,28,0.504
220,29,0.524
220,30,0.083
220,31,0.083
220,32,0.189
220,33,0.483
220,34,0.184
220,35,0.362
220,36,0.18
220,37,0.81
220,38,1.926
220,39,0.369
220,40,0.286
220,41,0.186
220,42,0.22
220,43,0.52
220,44,0.642
220,45,0.577
220,46,0.385
220,47,0.256
220,48,0.211
221,1,0.226
221,2,0.2
221,3,0.177
221,4,0.111
221,5,0.111
221,6,0.112
221,7,0.206
221,8,0.208
221,9,0.201
221,10,0.16
221,11,0.159
221,12,0.282
221,13,0.117
221,14,0.115
221,15,0.115
221,16,0.26
221,17,0.074
221,18,0.084
221,19,0.459
221,20,2.397
221,21,0.59
221,22,0.243
221,23,0.595
221,24,2.305
221,25,2.224
221,26,1.541
221,27,0.878
221,28,1.177
221,29,0.224
221,30,0.191
221,31,0.376
221,32,0.237
221,33,0.127
221,34,0.089
221,35,1.112
221,36,0.47
221,37,0.354
221,38,0.261
221,39,0.186
221,40,0.19
221,41,0.143
221,42,0.185
221,43,0.396
221,44,0.406
221,45,0.536
221,46,0.387
221,47,0.394
221,48,0.21
222,1,0.152
222,2,0.163
222,3,0.23
222,4,0.22
222,5,0.216
222,6,0.196
222,7,0.124
222,8,0.121
222,9,0.151
222,10,0.176
222,11,0.171
222,12,0.169
222,13,0.105
222,14,0.058
222,15,0.038
222,16,0.133
222,17,0.138
222,18,0.421
222,19,0.174
222,20,0.082
222,21,1.728
222,22,2.092
222,23,1.933
222,24,2.808
222,25,0.528
222,26,0.156
222,27,0.106
222,28,0.539
222,29,0.246
222,30,0.185
222,31,0.374
222,32,0.181
222,33,0.449
222,34,2.403
222,35,2.956
222,36,1.933
222,37,1.846
222,38,1.05
222,39,0.283
222,40,0.243
222,41,0.427
222,42,0.201
222,43,0.328
222,44,0.376
222,45,0.361
222,46,0.396
222,47,0.389
222,48,0.169
223,1,0.094
223,2,0.095
223,3,0.166
223,4,0.147
223,5,0.145
223,6,0.14
223,7,0.053
223,8,0.053
223,9,0.091
223,10,0.153
223,11,0.227
223,12,0.16
223,13,0.071
223,14,0.051
223,15,0.052
223,16,0.152
223,17,0.169
223,18,0.477
223,19,0.321
223,20,0.209
223,21,0.213
223,22,0.386
223,23,0.301
223,24,0.133
223,25,2.137
223,26,2.403
223,27,0.867
223,28,0.242
223,29,0.317
223,30,0.264
223,31,0.313
223,32,0.196
223,33,0.198
223,34,0.426
223,35,3.63
223,36,2.246
223,37,2.45
223,38,0.435
223,39,0.281
223,40,0.21
223,41,1.004
223,42,3.938
223,43,0.618
223,44,1.994
223,45,0.426
223,46,0.477
223,47,0.404
223,48,0.312
224,1,0.2
224,2,0.2
224,3,0.168
224,4,0.159
224,5,0.151
224,6,0.151
224,7,0.155
224,8,0.155
224,9,0.155
224,10,0.159
224,11,0.182
224,12,0.174
224,13,0.154
224,14,0.153
224,15,0.16
224,16,0.25
224,17,0.249
224,18,0.507
224,19,0.257
224,20,0.177
224,21,0.173
224,22,0.444
224,23,0.257
224,24,0.176
224,25,0.125
224,26,0.123
224,27,0.123
224,28,0.123
224,29,0.318
224,30,0.181
224,31,0.232
224,32,0.188
224,33,0.183
224,34,1.247
224,35,2.013
224,36,0.596
224,37,1.726
224,38,0.097
224,39,0.1
224,40,0.409
224,41,0.402
224,42,0.368
224,43,0.486
224,44,0.376
224,45,0.433
224,46,0.6
224,47,0.319
224,48,0.182
225,1,0.182
225,2,0.183
225,3,0.148
225,4,0.141
225,5,0.141
225,6,0.139
225,7,0.139
225,8,0.07
225,9,0.052
225,10,0.052
225,11,0.131
225,12,0.151
225,13,0.145
225,14,0.143
225,15,0.141
225,16,0.178
225,17,0.397
225,18,0.287
225,19,0.179
225,20,0.117
225,21,0.094
225,22,1.143
225,23,1.018
225,24,0.149
225,25,0.102
225,26,0.101
225,27,0.1
225,28,0.1
225,29,0.328
225,30,0.117
225,31,0.093
225,32,0.157
225,33,0.09
225,34,0.164
225,35,0.183
225,36,0.182
225,37,0.184
225,38,0.418
225,39,0.183
225,40,0.183
225,41,0.181
225,42,0.323
225,43,2.854
225,44,1.526
225,45,1.743
225,46,0.691
225,47,0.436
225,48,0.24
226,1,0.163
226,2,0.108
226,3,0.111
226,4,0.16
226,5,0.205
226,6,0.199
226,7,0.198
226,8,0.197
226,9,0.192
226,10,0.156
226,11,1.862
226,12,0.186
226,13,0.156
226,14,0.069
226,15,0.065
226,16,0.191
226,17,0.275
226,18,0.223
226,19,0.22
226,20,0.219
226,21,0.296
226,22,2.698
226,23,0.718
226,24,0.531
226,25,0.319
226,26,0.265
226,27,0.219
226,28,2.04
226,29,0.117
226,30,0.253
226,31,0.141
226,32,0.124
226,33,0.123
226,34,0.174
226,35,0.17
226,36,0.192
226,37,0.186
226,38,0.41
226,39,0.729
226,40,2.233
226,41,0.349
226,42,0.395
226,43,0.444
226,44,0.436
226,45,0.407
226,46,0.403
226,47,0.358
226,48,0.204
227,1,0.204
227,2,0.206
227,3,0.332
227,4,0.163
227,5,0.163
227,6,0.163
227,7,0.163
227,8,0.163
227,9,0.163
227,10,0.163
227,11,0.163
227,12,0.162
227,13,0.121
227,14,0.121
227,15,0.12
227,16,0.12
227,17,0.216
227,18,0.267
227,19,0.432
227,20,0.364
227,21,0.906
227,22,2.734
227,23,1.552
227,24,0.174
227,25,0.129
227,26,0.16
227,27,1.244
227,28,0.275
227,29,2.113
227,30,0.526
227,31,0.315
227,32,0.185
227,33,0.118
227,34,0.252
227,35,0.143
227,36,0.116
227,37,0.072
227,38,0.272
227,39,0.696
227,40,2.334
227,41,0.227
227,42,0.29
227,43,1.447
227,44,0.919
227,45,0.562
227,46,0.501
227,47,0.421
227,48,0.391
228,1,0.346
228,2,0.332
228,3,0.33
228,4,0.333
228,5,0.301
228,6,0.156
228,7,0.133
228,8,0.055
228,9,0.053
228,10,0.053
228,11,0.09
228,12,0.15
228,13,0.145
228,14,0.143
228,15,0.142
228,16,0.384
228,17,0.198
228,18,0.203
228,19,0.204
228,20,0.4
228,21,1.812
228,22,1.13
228,23,0.443
228,24,3.009
228,25,1.292
228,26,1.402
228,27,1.844
228,28,1.454
228,29,1.335
228,30,0.241
228,31,0.312
228,32,0.265
228,33,0.18
228,34,0.176
228,35,0.251
228,36,0.781
228,37,2.207
228,38,0.44
228,39,0.527
228,40,0.374
228,41,0.333
228,42,0.459
228,43,0.536
228,44,0.795
228,45,0.326
228,46,0.354
228,47,0.392
228,48,0.255
229,1,0.217
229,2,0.217
229,3,0.22
229,4,0.189
229,5,0.167
229,6,0.167
229,7,0.131
229,8,0.079
229,9,0.079
229,10,0.085
229,11,0.189
229,12,0.172
229,13,0.169
229,14,0.168
229,15,0.164
229,16,0.126
229,17,0.096
229,18,0.686
229,19,1.712
229,20,0.112
229,21,1.654
229,22,2.986
229,23,1.476
229,24,1.203
229,25,1.11
229,26,0.322
229,27,0.229
229,28,0.064
229,29,0.111
229,30,0.103
229,31,0.101
229,32,0.1
229,33,0.1
229,34,0.1
229,35,0.099
229,36,0.099
229,37,0.071
229,38,2.129
229,39,3.916
229,40,1.532
229,41,1.318
229,42,0.637
229,43,0.559
229,44,0.742
229,45,0.689
229,46,0.585
229,47,0.273
229,48,0.241
230,1,0.165
230,2,0.109
230,3,0.089
230,4,0.132
230,5,0.166
230,6,0.162
230,7,0.161
230,8,0.16
230,9,0.159
230,10,0.159
230,11,0.158
230,12,0.115
230,13,0.069
230,14,0.068
230,15,0.093
230,16,0.368
230,17,0.169
230,18,0.166
230,19,0.317
230,20,1.328
230,21,1.188
230,22,0.674
230,23,0.195
230,24,0.545
230,25,3.234
230,26,1.9
230,27,1.987
230,28,0.131
230,29,0.302
230,30,0.203
230,31,0.136
230,32,1.055
230,33,0.92
230,34,2.866
230,35,0.374
230,36,0.784
230,37,0.183
230,38,0.181
230,39,0.42
230,40,2.343
230,41,0.834
230,42,0.249
230,43,0.279
230,44,0.547
230,45,0.571
230,46,0.45
230,47,0.451
230,48,0.45
231,1,0.257
231,2,0.217
231,3,0.158
231,4,0.159
231,5,0.159
231,6,0.158
231,7,0.125
231,8,0.069
231,9,0.07
231,10,0.09
231,11,0.171
231,12,0.164
231,13,0.16
231,14,0.159
231,15,0.157
231,16,0.165
231,17,0.34
231,18,0.147
231,19,0.722
231,20,2.479
231,21,3.436
231,22,0.16
231,23,0.143
231,24,0.317
231,25,0.357
231,26,0.336
231,27,1.656
231,28,1.038
231,29,0.286
231,30,0.316
231,31,0.211
231,32,0.539
231,33,0.106
231,34,0.142
231,35,0.287
231,36,1.604
231,37,0.547
231,38,0.843
231,39,0.336
231,40,0.319
231,41,0.409
231,42,0.344
231,43,0.331
231,44,0.27
231,45,0.253
231,46,0.403
231,47,0.392
231,48,0.414
232,1,0.399
232,2,0.268
232,3,0.222
232,4,0.22
232,5,0.176
232,6,0.174
232,7,0.173
232,8,0.152
232,9,0.085
232,10,0.085
232,11,0.085
232,12,0.185
232,13,0.179
232,14,0.176
232,15,0.173
232,16,0.199
232,17,0.414
232,18,0.435
232,19,3.388
232,20,0.558
232,21,0.036
232,22,0.044
232,23,0.147
232,24,0.332
232,25,0.143
232,26,1.003
232,27,0.654
232,28,0.298
232,29,0.269
232,30,0.166
232,31,0.115
232,32,0.316
232,33,0.113
232,34,0.113
232,35,0.112
232,36,1.17
232,37,1.193
232,38,1.734
232,39,1.02
232,40,0.133
232,41,0.238
232,42,0.27
232,43,0.286
232,44,0.503
232,45,0.398
232,46,0.458
232,47,0.371
232,48,0.258
233,1,0.214
233,2,0.215
233,3,0.216
233,4,0.179
233,5,0.174
233,6,0.174
233,7,0.175
233,8,0.174
233,9,0.249
233,10,0.07
233,11,0.07
233,12,0.07
233,13,0.175
233,14,0.164
233,15,0.143
233,16,0.385
233,17,0.176
233,18,0.38
233,19,2.764
233,20,2.009
233,21,1.381
233,22,0.092
233,23,0.258
233,24,0.175
233,25,0.122
233,26,0.119
233,27,0.119
233,28,0.118
233,29,0.118
233,30,0.117
233,31,0.04
233,32,0.029
233,33,0.03
233,34,0.08
233,35,0.127
233,36,0.121
233,37,0.197
233,38,0.24
233,39,0.182
233,40,0.285
233,41,0.178
233,42,0.195
233,43,0.441
233,44,1.232
233,45,2.997
233,46,1.199
233,47,1.061
233,48,0.418
234,1,0.287
234,2,0.22
234,3,0.218
234,4,0.218
234,5,0.186
234,6,0.152
234,7,0.079
234,8,0.079
234,9,0.079
234,10,0.146
234,11,0.181
234,12,0.176
234,13,0.174
234,14,0.148
234,15,0.096
234,16,0.057
234,17,0.286
234,18,0.127
234,19,0.182
234,20,0.179
234,21,0.178
234,22,0.176
234,23,0.427
234,24,0.269
234,25,0.499
234,26,2.134
234,27,2.622
234,28,1.348
234,29,1.752
234,30,0.597
234,31,0.386
234,32,0.338
234,33,0.426
234,34,0.47
234,35,1.036
234,36,1.021
234,37,2.208
234,38,1.209
234,39,2.033
234,40,0.678
234,41,0.472
234,42,0.426
234,43,1.7
234,44,1.648
234,45,0.385
234,46,0.386
234,47,0.393
234,48,0.353
235,1,0.26
235,2,0.232
235,3,0.224
235,4,0.2
235,5,0.085
235,6,0.084
235,7,0.084
235,8,0.178
235,9,0.325
235,10,0.17
235,11,0.169
235,12,0.168
235,13,0.167
235,14,0.167
235,15,0.421
235,16,0.131
235,17,0.082
235,18,0.138
235,19,0.294
235,20,1.19
235,21,0.498
235,22,0.471
235,23,0.396
235,24,0.811
235,25,2.163
235,26,3.212
235,27,1.217
235,28,1.333
235,29,2.581
235,30,1.149
235,31,1.834
235,32,0.227
235,33,0.178
235,34,0.179
235,35,0.182
235,36,0.183
235,37,1.27
235,38,0.677
235,39,0.223
235,40,2.963
235,41,0.584
235,42,0.562
235,43,1.17
235,44,0.399
235,45,0.562
235,46,0.466
235,47,0.32
235,48,0.223
236,1,0.202
236,2,0.204
236,3,0.243
236,4,0.242
236,5,0.209
236,6,0.124
236,7,0.111
236,8,0.109
236,9,0.161
236,10,0.204
236,11,0.417
236,12,0.183
236,13,0.169
236,14,0.212
236,15,0.199
236,16,0.152
236,17,0.162
236,18,0.283
236,19,0.187
236,20,0.288
236,21,0.295
236,22,0.266
236,23,0.335
236,24,0.506
236,25,2.597
236,26,1.351
236,27,1.855
236,28,0.156
236,29,1.073
236,30,1.345
236,31,0.126
236,32,0.123
236,33,0.123
236,34,0.327
236,35,0.687
236,36,1.751
236,37,0.375
236,38,0.391
236,39,0.561
236,40,0.274
236,41,0.247
236,42,0.505
236,43,0.43
236,44,0.472
236,45,0.348
236,46,0.199
236,47,0.235
236,48,0.28
237,1,0.304
237,2,0.301
237,3,0.292
237,4,0.291
237,5,0.29
237,6,0.245
237,7,0.197
237,8,0.314
237,9,0.07
237,10,0.171
237,11,0.383
237,12,0.193
237,13,0.168
237,14,0.168
237,15,0.119
237,16,0.078
237,17,0.098
237,18,0.127
237,19,0.357
237,20,3.441
237,21,2.339
237,22,1.365
237,23,0.349
237,24,0.374
237,25,0.366
237,26,0.546
237,27,0.044
237,28,0.029
237,29,0.361
237,30,0.234
237,31,1.453
237,32,0.418
237,33,0.336
237,34,2.304
237,35,0.674
237,36,2.24
237,37,1.215
237,38,2.827
237,39,4.202
237,40,0.807
237,41,0.484
237,42,0.434
237,43,0.449
237,44,0.277
237,45,0.263
237,46,0.356
237,47,0.354
237,48,0.459
238,1,0.204
238,2,0.159
238,3,0.159
238,4,0.074
238,5,0.07
238,6,0.07
238,7,0.136
238,8,0.167
238,9,0.163
238,10,0.161
238,11,0.335
238,12,0.253
238,13,0.135
238,14,0.085
238,15,0.279
238,16,0.12
238,17,0.173
238,18,0.167
238,19,0.163
238,20,0.161
238,21,1.379
238,22,1.22
238,23,0.18
238,24,0.387
238,25,0.425
238,26,0.387
238,27,0.173
238,28,1.357
238,29,2.407
238,30,2.646
238,31,1.006
238,32,1.407
238,33,1.352
238,34,0.966
238,35,0.542
238,36,0.528
238,37,0.709
238,38,0.409
238,39,0.192
238,40,0.169
238,41,0.149
238,42,0.235
238,43,0.398
238,44,0.393
238,45,0.578
238,46,0.258
238,47,0.235
238,48,0.176
239,1,0.071
239,2,0.07
239,3,0.112
239,4,0.299
239,5,0.206
239,6,0.175
239,7,0.161
239,8,0.158
239,9,0.14
239,10,0.069
239,11,0.475
239,12,0.094
239,13,0.167
239,14,0.164
239,15,0.221
239,16,0.162
239,17,0.143
239,18,0.076
239,19,0.081
239,20,0.078
239,21,0.179
239,22,0.467
239,23,1.792
239,24,2.266
239,25,0.48
239,26,1.099
239,27,0.5
239,28,0.338
239,29,0.03
239,30,0.013
239,31,0.316
239,32,0.125
239,33,0.118
239,34,0.189
239,35,0.303
239,36,0.19
239,37,0.192
239,38,0.188
239,39,0.26
239,40,0.293
239,41,1.671
239,42,0.927
239,43,0.499
239,44,0.681
239,45,0.468
239,46,0.26
239,47,0.208
239,48,0.207
240,1,0.205
240,2,0.204
240,3,0.188
240,4,0.162
240,5,0.162
240,6,0.162
240,7,0.162
240,8,0.162
240,9,0.161
240,10,0.284
240,11,0.471
240,12,0.176
240,13,0.159
240,14,0.158
240,15,0.158
240,16,0.3
240,17,0.164
240,18,0.165
240,19,0.165
240,20,0.165
240,21,0.526
240,22,2.311
240,23,1.802
240,24,0.1
240,25,0.195
240,26,0.029
240,27,1.455
240,28,0.339
240,29,0.355
240,30,0.188
240,31,3.297
240,32,1.752
240,33,0.878
240,34,0.697
240,35,2.595
240,36,1.253
240,37,1.2
240,38,0.494
240,39,1.02
240,40,0.524
240,41,0.288
240,42,0.301
240,43,0.335
240,44,0.26
240,45,0.434
240,46,0.231
240,47,0.326
240,48,0.259
388,1,0.307
388,2,0.313
388,3,0.319
388,4,0.176
388,5,0.165
388,6,0.085
388,7,0.082
388,8,0.078
388,9,0.087
388,10,0.179
388,11,0.169
388,12,0.131
388,13,0.084
388,14,0.361
388,15,0.167
388,16,0.559
388,17,0.22
388,18,0.208
388,19,0.137
388,20,0.129
388,21,0.175
388,22,0.455
388,23,0.325
388,24,2.102
388,25,2.206
388,26,1.338
388,27,1.806
388,28,1.326
388,29,0.567
388,30,0.406
388,31,1.678
388,32,0.292
388,33,0.449
388,34,0.304
388,35,0.279
388,36,0.353
388,37,0.762
388,38,1.019
388,39,0.389
388,40,0.576
388,41,0.538
388,42,0.493
388,43,0.433
388,44,0.634
388,45,0.454
388,46,0.375
388,47,0.452
388,48,0.436
389,1,0.406
389,2,0.182
389,3,0.125
389,4,0.124
389,5,0.161
389,6,0.218
389,7,0.207
389,8,0.141
389,9,0.102
389,10,0.069
389,11,0.069
389,12,0.137
389,13,0.162
389,14,0.143
389,15,0.535
389,16,0.115
389,17,0.115
389,18,0.183
389,19,0.462
389,20,0.209
389,21,0.166
389,22,0.339
389,23,0.803
389,24,0.766
389,25,0.171
389,26,0.453
389,27,0.189
389,28,0.441
389,29,1.284
389,30,1.131
389,31,0.939
389,32,0.867
389,33,1.166
389,34,1.799
389,35,4.304
389,36,1.62
389,37,0.643
389,38,0.475
389,39,0.456
389,40,0.68
389,41,0.429
389,42,0.487
389,43,0.547
389,44,0.487
389,45,0.525
389,46,0.415
389,47,0.304
389,48,0.305
390,1,0.233
390,2,0.224
390,3,0.202
390,4,0.182
390,5,0.182
390,6,0.183
390,7,0.182
390,8,0.182
390,9,0.182
390,10,0.181
390,11,0.181
390,12,0.18
390,13,0.179
390,14,0.178
390,15,0.199
390,16,0.652
390,17,0.411
390,18,0.398
390,19,2.142
390,20,2.184
390,21,0.802
390,22,0.278
390,23,0.307
390,24,0.149
390,25,0.095
390,26,0.245
390,27,0.448
390,28,0.02
390,29,0.013
390,30,0.107
390,31,0.102
390,32,0.237
390,33,0.146
390,34,0.114
390,35,1.44
390,36,1.159
390,37,0.404
390,38,0.441
390,39,0.41
390,40,0.341
390,41,0.322
390,42,0.35
390,43,0.398
390,44,0.392
390,45,0.626
390,46,0.31
390,47,0.259
390,48,0.263
391,1,0.259
391,2,0.132
391,3,0.111
391,4,0.111
391,5,0.109
391,6,0.161
391,7,0.202
391,8,0.195
391,9,0.142
391,10,0.076
391,11,0.068
391,12,0.068
391,13,0.09
391,14,0.197
391,15,0.216
391,16,0.591
391,17,1.082
391,18,0.166
391,19,0.475
391,20,1.174
391,21,0.143
391,22,0.025
391,23,0.033
391,24,0.242
391,25,0.126
391,26,1.514
391,27,0.494
391,28,0.188
391,29,0.063
391,30,0.202
391,31,0.126
391,32,0.094
391,33,0.13
391,34,0.161
391,35,0.066
391,36,1.295
391,37,1.918
391,38,1.018
391,39,0.523
391,40,0.327
391,41,0.331
391,42,0.241
391,43,0.21
391,44,0.212
391,45,0.283
391,46,0.746
391,47,0.573
391,48,0.608
392,1,0.184
392,2,0.107
392,3,0.107
392,4,0.165
392,5,0.152
392,6,0.069
392,7,0.069
392,8,0.069
392,9,0.118
392,10,0.165
392,11,0.134
392,12,0.069
392,13,0.069
392,14,0.068
392,15,0.177
392,16,0.261
392,17,0.503
392,18,0.211
392,19,1.559
392,20,0.219
392,21,0.513
392,22,0.266
392,23,0.088
392,24,1.618
392,25,2.088
392,26,0.699
392,27,0.451
392,28,0.192
392,29,0.273
392,30,0.127
392,31,0.091
392,32,0.091
392,33,0.218
392,34,0.194
392,35,1.057
392,36,1.314
392,37,0.588
392,38,0.445
392,39,0.298
392,40,0.295
392,41,0.246
392,42,0.351
392,43,0.601
392,44,0.386
392,45,0.573
392,46,0.394
392,47,0.418
392,48,0.336
393,1,0.227
393,2,0.207
393,3,0.117
393,4,0.108
393,5,0.108
393,6,0.111
393,7,0.168
393,8,0.16
393,9,0.091
393,10,0.07
393,11,0.069
393,12,0.075
393,13,0.173
393,14,0.203
393,15,0.153
393,16,0.544
393,17,2.204
393,18,0.112
393,19,0.29
393,20,0.598
393,21,0.134
393,22,0.011
393,23,0.011
393,24,0.015
393,25,0.113
393,26,0.101
393,27,0.046
393,28,0.011
393,29,0.011
393,30,0.011
393,31,0.101
393,32,0.101
393,33,0.065
393,34,0.363
393,35,0.228
393,36,0.253
393,37,0.58
393,38,0.459
393,39,0.395
393,40,0.479
393,41,0.4
393,42,0.517
393,43,0.53
393,44,0.403
393,45,0.412
393,46,0.216
393,47,0.185
393,48,0.14
394,1,0.124
394,2,0.216
394,3,0.195
394,4,0.164
394,5,0.084
394,6,0.084
394,7,0.082
394,8,0.104
394,9,0.182
394,10,0.174
394,11,0.155
394,12,0.082
394,13,0.092
394,14,0.122
394,15,0.162
394,16,0.618
394,17,0.366
394,18,0.215
394,19,0.25
394,20,0.177
394,21,0.236
394,22,0.911
394,23,0.119
394,24,0.101
394,25,0.097
394,26,0.01
394,27,0.224
394,28,0.08
394,29,0.033
394,30,0.116
394,31,1.096
394,32,0.581
394,33,0.424
394,34,0.291
394,35,0.282
394,36,0.31
394,37,0.467
394,38,0.394
394,39,0.483
394,40,0.653
394,41,0.448
394,42,0.498
394,43,0.385
394,44,0.334
394,45,0.306
394,46,0.359
394,47,0.391
394,48,0.242
395,1,0.183
395,2,0.116
395,3,0.336
395,4,0.07
395,5,0.12
395,6,0.162
395,7,0.158
395,8,0.103
395,9,0.069
395,10,0.069
395,11,0.069
395,12,0.124
395,13,0.372
395,14,0.326
395,15,0.149
395,16,0.24
395,17,0.142
395,18,0.114
395,19,0.178
395,20,0.208
395,21,0.203
395,22,0.348
395,23,0.325
395,24,2.452
395,25,1.508
395,26,0.8
395,27,0.339
395,28,0.309
395,29,0.272
395,30,0.216
395,31,0.091
395,32,0.09
395,33,0.196
395,34,0.189
395,35,0.471
395,36,0.513
395,37,1.256
395,38,1.323
395,39,0.989
395,40,0.452
395,41,0.411
395,42,0.445
395,43,0.41
395,44,0.361
395,45,0.306
395,46,0.33
395,47,0.351
395,48,0.598
396,1,0.446
396,2,0.442
396,3,0.377
396,4,0.308
396,5,0.584
396,6,0.345
396,7,0.12
396,8,0.165
396,9,0.159
396,10,0.102
396,11,0.07
396,12,0.07
396,13,0.069
396,14,0.138
396,15,0.215
396,16,0.558
396,17,0.157
396,18,0.113
396,19,0.271
396,20,0.304
396,21,0.395
396,22,0.252
396,23,0.241
396,24,1.498
396,25,0.937
396,26,2.468
396,27,1.367
396,28,1.411
396,29,2.613
396,30,0.407
396,31,0.177
396,32,0.177
396,33,0.175
396,34,0.103
396,35,0.283
396,36,0.206
396,37,0.635
396,38,1.022
396,39,0.583
396,40,0.467
396,41,0.384
396,42,0.461
396,43,0.373
396,44,0.346
396,45,0.436
396,46,0.37
396,47,0.277
396,48,0.274
397,1,0.207
397,2,0.128
397,3,0.107
397,4,0.115
397,5,0.155
397,6,0.203
397,7,0.197
397,8,0.155
397,9,0.108
397,10,0.108
397,11,0.316
397,12,0.137
397,13,0.208
397,14,0.196
397,15,0.14
397,16,0.584
397,17,0.269
397,18,0.114
397,19,0.059
397,20,0.106
397,21,0.099
397,22,0.017
397,23,0.291
397,24,0.014
397,25,0.016
397,26,0.076
397,27,0.369
397,28,0.183
397,29,0.897
397,30,0.936
397,31,0.712
397,32,0.623
397,33,0.598
397,34,0.96
397,35,0.846
397,36,0.51
397,37,0.322
397,38,0.516
397,39,0.442
397,40,0.481
397,41,0.426
397,42,3.492
397,43,0.45
397,44,0.41
397,45,0.318
397,46,0.321
397,47,0.259
397,48,0.211
398,1,0.108
398,2,0.109
398,3,0.109
398,4,0.141
398,5,0.205
398,6,0.198
398,7,0.139
398,8,0.109
398,9,0.109
398,10,0.109
398,11,0.481
398,12,0.227
398,13,0.194
398,14,0.123
398,15,0.207
398,16,0.586
398,17,0.286
398,18,0.133
398,19,0.1
398,20,0.07
398,21,0.01
398,22,0.01
398,23,0.01
398,24,0.031
398,25,0.416
398,26,0.151
398,27,0.156
398,28,0.087
398,29,0.195
398,30,0.302
398,31,0.076
398,32,0.125
398,33,0.407
398,34,0.211
398,35,0.45
398,36,0.49
398,37,0.218
398,38,0.308
398,39,0.619
398,40,0.473
398,41,0.405
398,42,0.409
398,43,0.401
398,44,0.403
398,45,0.413
398,46,0.615
398,47,0.3
398,48,0.185
399,1,0.169
399,2,0.171
399,3,0.169
399,4,0.168
399,5,0.169
399,6,0.169
399,7,0.168
399,8,0.167
399,9,0.167
399,10,0.167
399,11,0.446
399,12,0.203
399,13,0.156
399,14,0.204
399,15,0.263
399,16,0.829
399,17,0.442
399,18,0.105
399,19,0.101
399,20,0.099
399,21,0.097
399,22,0.096
399,23,0.298
399,24,0.058
399,25,0.01
399,26,0.011
399,27,0.011
399,28,0.01
399,29,0.01
399,30,0.067
399,31,0.107
399,32,0.332
399,33,0.425
399,34,1.775
399,35,0.137
399,36,1.594
399,37,0.959
399,38,0.537
399,39,0.406
399,40,0.415
399,41,0.419
399,42,0.528
399,43,0.386
399,44,0.351
399,45,0.321
399,46,0.203
399,47,0.125
399,48,0.081
400,1,0.171
400,2,0.159
400,3,0.148
400,4,0.069
400,5,0.069
400,6,0.068
400,7,0.069
400,8,0.156
400,9,0.162
400,10,0.158
400,11,0.437
400,12,0.109
400,13,0.049
400,14,0.111
400,15,0.242
400,16,0.397
400,17,0.473
400,18,0.251
400,19,0.243
400,20,0.131
400,21,0.131
400,22,0.126
400,23,0.292
400,24,0.117
400,25,0.097
400,26,0.018
400,27,0.01
400,28,0.01
400,29,0.019
400,30,1.43
400,31,0.358
400,32,0.382
400,33,0.169
400,34,0.133
400,35,0.606
400,36,1.93
400,37,1.659
400,38,0.636
400,39,0.464
400,40,0.5
400,41,0.488
400,42,0.489
400,43,0.392
400,44,0.747
400,45,0.257
400,46,0.105
400,47,0.059
400,48,0.059
401,1,0.112
401,2,0.154
401,3,0.149
401,4,0.148
401,5,0.069
401,6,0.059
401,7,0.059
401,8,0.06
401,9,0.157
401,10,0.18
401,11,0.458
401,12,0.147
401,13,0.049
401,14,0.081
401,15,0.192
401,16,0.486
401,17,0.298
401,18,0.1
401,19,0.096
401,20,0.021
401,21,0.011
401,22,0.011
401,23,0.011
401,24,0.104
401,25,0.303
401,26,0.13
401,27,0.129
401,28,0.242
401,29,0.092
401,30,0.095
401,31,0.112
401,32,0.194
401,33,0.397
401,34,0.182
401,35,0.123
401,36,0.371
401,37,0.856
401,38,2.625
401,39,0.4
401,40,0.313
401,41,0.619
401,42,0.441
401,43,0.454
401,44,0.437
401,45,0.434
401,46,0.436
401,47,0.364
401,48,0.243
402,1,0.187
402,2,0.187
402,3,0.186
402,4,0.185
402,5,0.185
402,6,0.185
402,7,0.097
402,8,0.06
402,9,0.06
402,10,0.063
402,11,0.1
402,12,0.171
402,13,0.217
402,14,1.352
402,15,0.896
402,16,0.315
402,17,0.317
402,18,0.208
402,19,0.114
402,20,0.11
402,21,0.111
402,22,0.428
402,23,0.307
402,24,0.511
402,25,3.149
402,26,0.351
402,27,0.199
402,28,0.037
402,29,0.031
402,30,0.94
402,31,0.885
402,32,0.76
402,33,0.795
402,34,1.291
402,35,1.502
402,36,1.372
402,37,0.699
402,38,0.537
402,39,0.422
402,40,0.592
402,41,0.682
402,42,0.407
402,43,0.393
402,44,0.313
402,45,0.308
402,46,0.335
402,47,0.353
402,48,0.272
403,1,0.249
403,2,0.162
403,3,0.107
403,4,0.108
403,5,0.109
403,6,0.183
403,7,0.201
403,8,0.198
403,9,0.119
403,10,0.108
403,11,0.106
403,12,0.115
403,13,0.207
403,14,0.195
403,15,0.526
403,16,0.116
403,17,0.195
403,18,3.185
403,19,2.291
403,20,2.28
403,21,0.599
403,22,0.193
403,23,0.152
403,24,0.274
403,25,0.289
403,26,0.157
403,27,0.295
403,28,0.425
403,29,0.104
403,30,0.01
403,31,0.01
403,32,0.01
403,33,0.044
403,34,0.178
403,35,0.468
403,36,0.306
403,37,0.422
403,38,0.316
403,39,0.266
403,40,0.373
403,41,0.413
403,42,0.387
403,43,0.334
403,44,0.303
403,45,0.512
403,46,0.351
403,47,0.31
403,48,0.2
404,1,0.143
404,2,0.069
404,3,0.073
404,4,0.07
404,5,0.101
404,6,0.17
404,7,0.162
404,8,0.119
404,9,0.07
404,10,0.07
404,11,0.069
404,12,0.127
404,13,0.168
404,14,0.186
404,15,0.138
404,16,0.599
404,17,1.946
404,18,0.356
404,19,1.866
404,20,0.472
404,21,0.086
404,22,0.243
404,23,0.159
404,24,0.413
404,25,0.509
404,26,0.43
404,27,0.656
404,28,1.47
404,29,0.37
404,30,0.477
404,31,0.371
404,32,0.318
404,33,0.401
404,34,0.696
404,35,1.598
404,36,2.17
404,37,0.543
404,38,0.267
404,39,0.264
404,40,0.328
404,41,0.334
404,42,0.408
404,43,0.393
404,44,0.375
404,45,0.312
404,46,0.267
404,47,0.129
404,48,0.13
405,1,0.162
405,2,0.157
405,3,0.086
405,4,0.068
405,5,0.068
405,6,0.073
405,7,0.171
405,8,0.16
405,9,0.133
405,10,0.069
405,11,0.069
405,12,0.069
405,13,0.114
405,14,0.253
405,15,0.284
405,16,0.566
405,17,1.978
405,18,0.317
405,19,0.294
405,20,0.341
405,21,0.237
405,22,0.177
405,23,0.042
405,24,0.032
405,25,0.25
405,26,0.117
405,27,0.191
405,28,0.179
405,29,0.142
405,30,0.359
405,31,0.088
405,32,0.09
405,33,0.356
405,34,1.336
405,35,1.991
405,36,0.321
405,37,0.624
405,38,0.401
405,39,0.322
405,40,0.325
405,41,0.319
405,42,0.3
405,43,0.234
405,44,0.23
405,45,0.219
405,46,0.163
405,47,0.229
405,48,0.197
406,1,0.196
406,2,0.147
406,3,0.107
406,4,0.107
406,5,0.107
406,6,0.186
406,7,0.201
406,8,0.195
406,9,0.106
406,10,0.106
406,11,0.105
406,12,0.113
406,13,0.204
406,14,0.213
406,15,0.193
406,16,0.549
406,17,1.646
406,18,0.13
406,19,0.094
406,20,0.1
406,21,0.061
406,22,0.009
406,23,0.009
406,24,0.009
406,25,0.254
406,26,0.231
406,27,0.629
406,28,0.838
406,29,0.58
406,30,0.517
406,31,0.825
406,32,0.661
406,33,0.901
406,34,1.658
406,35,1.972
406,36,0.602
406,37,0.43
406,38,0.362
406,39,0.501
406,40,0.242
406,41,0.335
406,42,0.589
406,43,0.573
406,44,0.463
406,45,0.413
406,46,0.504
406,47,0.145
406,48,0.237
407,1,0.216
407,2,0.17
407,3,0.105
407,4,0.106
407,5,0.106
407,6,0.178
407,7,0.201
407,8,0.19
407,9,0.106
407,10,0.107
407,11,0.107
407,12,0.123
407,13,0.204
407,14,0.218
407,15,0.428
407,16,1.864
407,17,0.353
407,18,0.127
407,19,0.204
407,20,0.121
407,21,0.116
407,22,0.054
407,23,0.028
407,24,0.235
407,25,0.119
407,26,0.076
407,27,0.126
407,28,0.12
407,29,0.119
407,30,0.118
407,31,0.118
407,32,0.31
407,33,0.282
407,34,0.169
407,35,0.318
407,36,1.282
407,37,0.526
407,38,0.62
407,39,0.437
407,40,0.418
407,41,0.372
407,42,0.604
407,43,0.34
407,44,0.345
407,45,0.235
407,46,0.151
407,47,0.164
407,48,0.25
408,1,0.203
408,2,0.197
408,3,0.197
408,4,0.195
408,5,0.107
408,6,0.106
408,7,0.105
408,8,0.105
408,9,0.105
408,10,0.19
408,11,0.201
408,12,0.195
408,13,0.184
408,14,0.135
408,15,0.153
408,16,0.459
408,17,0.216
408,18,0.314
408,19,0.385
408,20,4.148
408,21,0.162
408,22,0.028
408,23,0.186
408,24,0.009
408,25,0.009
408,26,0.034
408,27,0.108
408,28,0.1
408,29,0.058
408,30,0.009
408,31,0.009
408,32,0.009
408,33,0.009
408,34,0.26
408,35,0.229
408,36,0.217
408,37,0.142
408,38,0.131
408,39,0.457
408,40,0.386
408,41,0.395
408,42,0.246
408,43,0.24
408,44,0.186
408,45,0.147
408,46,0.145
408,47,0.144
408,48,0.16
409,1,0.253
409,2,0.214
409,3,0.134
409,4,0.105
409,5,0.106
409,6,0.107
409,7,0.13
409,8,0.207
409,9,0.198
409,10,0.13
409,11,0.107
409,12,0.107
409,13,0.107
409,14,0.133
409,15,0.237
409,16,0.241
409,17,0.673
409,18,0.107
409,19,0.109
409,20,0.374
409,21,0.548
409,22,0.406
409,23,4.044
409,24,2.256
409,25,1.508
409,26,0.58
409,27,0.122
409,28,0.253
409,29,0.163
409,30,0.286
409,31,0.037
409,32,0.009
409,33,0.009
409,34,0.008
409,35,1.264
409,36,2.082
409,37,0.461
409,38,0.305
409,39,0.308
409,40,0.423
409,41,0.339
409,42,0.25
409,43,0.151
409,44,0.164
409,45,0.236
409,46,0.236
409,47,0.18
409,48,0.147
410,1,0.148
410,2,0.147
410,3,0.204
410,4,0.2
410,5,0.181
410,6,0.107
410,7,0.107
410,8,0.107
410,9,0.119
410,10,0.208
410,11,0.197
410,12,0.139
410,13,0.104
410,14,0.143
410,15,0.945
410,16,0.422
410,17,0.208
410,18,0.203
410,19,0.129
410,20,0.267
410,21,1.113
410,22,0.787
410,23,0.532
410,24,0.396
410,25,0.394
410,26,0.638
410,27,0.636
410,28,0.745
410,29,0.582
410,30,0.218
410,31,0.116
410,32,0.097
410,33,0.027
410,34,0.027
410,35,0.027
410,36,0.058
410,37,0.123
410,38,0.185
410,39,1.607
410,40,0.546
410,41,0.387
410,42,0.254
410,43,0.294
410,44,0.242
410,45,0.238
410,46,0.179
410,47,0.148
410,48,0.146
411,1,0.146
411,2,0.201
411,3,0.221
411,4,0.195
411,5,0.127
411,6,0.107
411,7,0.107
411,8,0.107
411,9,0.135
411,10,0.207
411,11,0.198
411,12,0.147
411,13,0.106
411,14,0.105
411,15,0.105
411,16,0.106
411,17,0.952
411,18,0.204
411,19,0.217
411,20,0.369
411,21,0.191
411,22,0.151
411,23,0.652
411,24,2.087
411,25,0.32
411,26,0.098
411,27,0.096
411,28,0.095
411,29,0.04
411,30,0.009
411,31,0.009
411,32,0.009
411,33,0.009
411,34,0.356
411,35,0.442
411,36,0.514
411,37,1.284
411,38,3.46
411,39,3.168
411,40,1.262
411,41,0.475
411,42,0.308
411,43,0.267
411,44,0.532
411,45,0.397
411,46,0.157
411,47,0.209
411,48,0.198
412,1,0.192
412,2,0.166
412,3,0.105
412,4,0.104
412,5,0.104
412,6,0.105
412,7,0.174
412,8,0.199
412,9,0.195
412,10,0.142
412,11,0.106
412,12,0.106
412,13,0.105
412,14,0.105
412,15,0.824
412,16,0.241
412,17,0.198
412,18,0.129
412,19,0.104
412,20,0.073
412,21,0.072
412,22,0.114
412,23,0.162
412,24,2.069
412,25,0.286
412,26,0.356
412,27,0.354
412,28,0.088
412,29,0.095
412,30,0.579
412,31,1.0
412,32,0.832
412,33,0.83
412,34,2.148
412,35,1.32
412,36,1.54
412,37,0.905
412,38,0.469
412,39,0.367
412,40,0.312
412,41,0.661
412,42,0.402
412,43,0.397
412,44,0.388
412,45,0.345
412,46,0.287
412,47,0.217
412,48,0.224
413,1,0.299
413,2,0.259
413,3,0.258
413,4,0.176
413,5,0.166
413,6,0.166
413,7,0.167
413,8,0.237
413,9,0.261
413,10,0.256
413,11,0.199
413,12,0.171
413,13,0.17
413,14,0.17
413,15,0.202
413,16,0.256
413,17,0.527
413,18,0.174
413,19,0.109
413,20,0.112
413,21,0.341
413,22,0.499
413,23,1.568
413,24,1.244
413,25,0.129
413,26,0.077
413,27,0.338
413,28,0.305
413,29,0.093
413,30,0.612
413,31,0.185
413,32,0.18
413,33,0.355
413,34,0.479
413,35,1.638
413,36,0.634
413,37,0.512
413,38,4.003
413,39,1.112
413,40,0.484
413,41,0.465
413,42,0.321
413,43,0.18
413,44,0.34
413,45,0.202
413,46,0.195
413,47,0.269
413,48,0.261
414,1,0.395
414,2,0.146
414,3,0.11
414,4,0.109
414,5,0.139
414,6,0.207
414,7,0.2
414,8,0.162
414,9,0.108
414,10,0.107
414,11,0.107
414,12,0.124
414,13,0.208
414,14,0.199
414,15,0.127
414,16,0.068
414,17,0.111
414,18,0.985
414,19,0.413
414,20,1.917
414,21,1.708
414,22,0.264
414,23,0.194
414,24,0.345
414,25,0.077
414,26,0.046
414,27,0.343
414,28,0.121
414,29,0.15
414,30,0.109
414,31,0.086
414,32,0.087
414,33,0.092
414,34,0.145
414,35,0.179
414,36,0.181
414,37,1.413
414,38,2.424
414,39,0.35
414,40,0.505
414,41,0.33
414,42,0.627
414,43,0.499
414,44,0.391
414,45,0.351
414,46,0.27
414,47,0.181
414,48,0.178
415,1,0.268
415,2,0.262
415,3,0.229
415,4,0.172
415,5,0.17
415,6,0.167
415,7,0.17
415,8,0.274
415,9,0.259
415,10,0.236
415,11,0.169
415,12,0.118
415,13,0.107
415,14,0.108
415,15,0.188
415,16,0.221
415,17,1.983
415,18,1.812
415,19,0.044
415,20,0.029
415,21,0.244
415,22,0.179
415,23,0.187
415,24,0.182
415,25,1.104
415,26,1.835
415,27,0.612
415,28,0.277
415,29,0.101
415,30,0.101
415,31,0.1
415,32,0.101
415,33,0.1
415,34,0.084
415,35,0.277
415,36,0.086
415,37,0.21
415,38,0.524
415,39,0.372
415,40,0.487
415,41,0.556
415,42,0.544
415,43,0.495
415,44,0.677
415,45,0.575
415,46,0.425
415,47,0.399
415,48,0.301
