213,1,0.88
213,2,1.324
213,3,0.725
213,4,0.149
213,5,0.083
213,6,0.129
213,7,0.153
213,8,0.085
213,9,0.073
213,10,0.08
213,11,0.081
213,12,0.138
213,13,0.121
213,14,0.082
213,15,0.076
213,16,0.588
213,17,0.363
213,18,0.499
213,19,0.431
213,20,0.779
213,21,1.007
213,22,0.97
213,23,1.187
213,24,1.029
213,25,1.065
213,26,0.478
213,27,1.308
213,28,1.849
213,29,2.594
213,30,2.308
213,31,2.587
213,32,1.506
213,33,1.251
213,34,1.113
213,35,0.809
213,36,0.446
213,37,0.917
213,38,1.669
213,39,2.561
213,40,1.081
213,41,0.763
213,42,0.631
213,43,0.757
213,44,0.748
213,45,0.746
213,46,0.741
213,47,0.447
213,48,0.425
214,1,0.385
214,2,0.433
214,3,0.61
214,4,0.103
214,5,0.101
214,6,0.1
214,7,0.1
214,8,0.172
214,9,0.13
214,10,0.093
214,11,0.096
214,12,0.102
214,13,0.141
214,14,0.17
214,15,0.101
214,16,0.1
214,17,0.612
214,18,0.419
214,19,0.612
214,20,0.636
214,21,0.397
214,22,0.384
214,23,0.448
214,24,0.614
214,25,0.597
214,26,0.364
214,27,0.438
214,28,0.719
214,29,1.21
214,30,2.197
214,31,3.307
214,32,3.223
214,33,1.682
214,34,1.541
214,35,2.191
214,36,1.976
214,37,1.524
214,38,0.353
214,39,0.246
214,40,0.361
214,41,0.559
214,42,0.653
214,43,1.334
214,44,1.253
214,45,1.447
214,46,0.862
214,47,0.625
214,48,0.417
215,1,0.347
215,2,0.339
215,3,0.874
215,4,0.768
215,5,0.81
215,6,0.6
215,7,0.478
215,8,0.511
215,9,0.136
215,10,0.135
215,11,0.072
215,12,0.26
215,13,0.132
215,14,0.068
215,15,0.419
215,16,0.343
215,17,0.318
215,18,0.333
215,19,0.326
215,20,0.375
215,21,0.684
215,22,2.039
215,23,0.88
215,24,0.553
215,25,1.622
215,26,1.775
215,27,2.671
215,28,1.114
215,29,0.587
215,30,0.585
215,31,0.803
215,32,2.19
215,33,1.207
215,34,0.976
215,35,0.871
215,36,1.018
215,37,1.2
215,38,1.761
215,39,2.182
215,40,0.722
215,41,0.807
215,42,0.701
215,43,0.568
215,44,0.692
215,45,0.637
215,46,0.525
215,47,1.327
215,48,1.369
216,1,0.742
216,2,0.716
216,3,0.818
216,4,1.082
216,5,0.783
216,6,0.721
216,7,0.413
216,8,0.193
216,9,0.094
216,10,0.109
216,11,0.162
216,12,0.122
216,13,0.089
216,14,0.093
216,15,0.093
216,16,0.471
216,17,0.789
216,18,0.409
216,19,0.094
216,20,0.212
216,21,0.259
216,22,0.351
216,23,0.312
216,24,0.623
216,25,0.832
216,26,0.516
216,27,0.545
216,28,0.49
216,29,0.596
216,30,0.422
216,31,0.462
216,32,3.033
216,33,2.539
216,34,2.664
216,35,2.871
216,36,3.072
216,37,1.323
216,38,1.29
216,39,1.237
216,40,0.971
216,41,0.414
216,42,0.354
216,43,0.532
216,44,0.441
216,45,0.385
216,46,0.837
216,47,0.733
216,48,1.2
217,1,0.562
217,2,0.513
217,3,0.547
217,4,0.634
217,5,0.398
217,6,0.082
217,7,0.136
217,8,0.157
217,9,0.104
217,10,0.083
217,11,0.083
217,12,0.089
217,13,0.134
217,14,0.602
217,15,0.28
217,16,0.496
217,17,0.399
217,18,0.67
217,19,0.386
217,20,0.535
217,21,0.417
217,22,0.188
217,23,0.129
217,24,0.17
217,25,0.201
217,26,0.135
217,27,0.127
217,28,0.315
217,29,0.293
217,30,1.94
217,31,1.398
217,32,1.582
217,33,1.6
217,34,1.105
217,35,1.48
217,36,2.59
217,37,2.1
217,38,0.979
217,39,0.751
217,40,0.922
217,41,0.985
217,42,1.783
217,43,2.177
217,44,0.773
217,45,0.463
217,46,0.547
217,47,0.753
217,48,0.77
218,1,0.51
218,2,0.498
218,3,0.402
218,4,0.103
218,5,0.137
218,6,0.094
218,7,0.072
218,8,0.07
218,9,0.069
218,10,0.119
218,11,0.128
218,12,0.066
218,13,0.066
218,14,0.396
218,15,0.077
218,16,0.134
218,17,0.109
218,18,0.434
218,19,0.359
218,20,0.096
218,21,0.14
218,22,0.162
218,23,0.098
218,24,0.092
218,25,0.085
218,26,0.403
218,27,0.164
218,28,0.267
218,29,0.081
218,30,0.089
218,31,0.106
218,32,0.133
218,33,0.133
218,34,0.084
218,35,0.456
218,36,1.552
218,37,1.975
218,38,0.755
218,39,0.797
218,40,0.577
218,41,0.571
218,42,0.5
218,43,0.526
218,44,0.487
218,45,0.627
218,46,0.463
218,47,0.601
218,48,0.64
219,1,0.501
219,2,0.7
219,3,0.348
219,4,0.095
219,5,0.091
219,6,0.091
219,7,0.148
219,8,0.157
219,9,0.09
219,10,0.091
219,11,0.09
219,12,0.096
219,13,0.162
219,14,0.122
219,15,0.091
219,16,0.194
219,17,0.385
219,18,2.136
219,19,0.576
219,20,0.245
219,21,0.236
219,22,0.234
219,23,0.245
219,24,0.585
219,25,0.424
219,26,0.404
219,27,0.513
219,28,0.315
219,29,0.412
219,30,1.225
219,31,0.702
219,32,0.547
219,33,0.381
219,34,0.131
219,35,0.369
219,36,0.896
219,37,1.846
219,38,1.565
219,39,1.094
219,40,0.299
219,41,0.198
219,42,0.558
219,43,0.379
219,44,0.303
219,45,0.582
219,46,0.617
219,47,0.565
219,48,0.614
220,1,0.426
220,2,0.381
220,3,0.377
220,4,0.703
220,5,0.461
220,6,0.108
220,7,0.102
220,8,0.1
220,9,0.136
220,10,0.17
220,11,0.112
220,12,0.098
220,13,0.094
220,14,0.093
220,15,0.165
220,16,0.641
220,17,0.475
220,18,0.293
220,19,0.485
220,20,0.292
220,21,1.885
220,22,2.233
220,23,1.37
220,24,0.7
220,25,0.72
220,26,1.172
220,27,0.889
220,28,1.001
220,29,0.61
220,30,0.153
220,31,0.342
220,32,0.338
220,33,0.526
220,34,0.741
220,35,1.976
220,36,1.595
220,37,0.852
220,38,1.192
220,39,0.883
220,40,2.378
220,41,0.581
220,42,0.383
220,43,0.393
220,44,0.44
220,45,0.7
220,46,0.378
220,47,0.364
220,48,0.373
221,1,0.307
221,2,0.262
221,3,0.206
221,4,0.217
221,5,0.267
221,6,0.271
221,7,0.211
221,8,0.212
221,9,0.12
221,10,0.12
221,11,0.204
221,12,0.136
221,13,0.099
221,14,0.099
221,15,0.099
221,16,0.325
221,17,0.349
221,18,0.537
221,19,0.374
221,20,0.539
221,21,0.39
221,22,0.411
221,23,1.246
221,24,1.211
221,25,1.088
221,26,0.672
221,27,1.4
221,28,0.943
221,29,1.972
221,30,2.373
221,31,3.42
221,32,0.901
221,33,0.936
221,34,1.116
221,35,1.298
221,36,2.649
221,37,1.454
221,38,1.164
221,39,0.964
221,40,0.549
221,41,1.265
221,42,0.564
221,43,0.483
221,44,0.627
221,45,0.513
221,46,0.538
221,47,0.998
221,48,0.543
222,1,0.359
222,2,0.367
222,3,0.319
222,4,0.659
222,5,0.636
222,6,0.34
222,7,0.29
222,8,0.2
222,9,0.192
222,10,0.241
222,11,0.104
222,12,0.099
222,13,0.099
222,14,0.437
222,15,0.174
222,16,0.223
222,17,0.099
222,18,0.213
222,19,0.277
222,20,0.454
222,21,0.53
222,22,0.586
222,23,0.127
222,24,0.116
222,25,1.543
222,26,0.692
222,27,0.274
222,28,0.689
222,29,0.389
222,30,0.359
222,31,0.318
222,32,0.246
222,33,0.276
222,34,1.352
222,35,1.588
222,36,0.687
222,37,0.269
222,38,0.197
222,39,0.624
222,40,0.832
222,41,0.648
222,42,2.356
222,43,1.576
222,44,1.388
222,45,0.247
222,46,0.236
222,47,0.382
222,48,0.269
223,1,0.587
223,2,0.477
223,3,0.275
223,4,0.098
223,5,0.107
223,6,0.173
223,7,0.137
223,8,0.099
223,9,0.101
223,10,0.107
223,11,0.14
223,12,0.168
223,13,0.109
223,14,0.338
223,15,0.641
223,16,0.488
223,17,0.518
223,18,0.485
223,19,0.313
223,20,0.111
223,21,0.125
223,22,0.145
223,23,0.189
223,24,0.552
223,25,0.598
223,26,0.242
223,27,0.403
223,28,0.198
223,29,1.438
223,30,0.359
223,31,0.229
223,32,0.49
223,33,1.762
223,34,1.23
223,35,0.396
223,36,0.429
223,37,1.259
223,38,1.738
223,39,1.683
223,40,0.609
223,41,0.626
223,42,0.647
223,43,0.589
223,44,0.645
223,45,1.238
223,46,1.023
223,47,0.486
223,48,0.467
224,1,0.655
224,2,0.666
224,3,0.498
224,4,0.397
224,5,0.425
224,6,0.413
224,7,0.387
224,8,0.197
224,9,0.163
224,10,0.097
224,11,0.095
224,12,0.095
224,13,0.097
224,14,0.168
224,15,0.136
224,16,0.096
224,17,0.096
224,18,0.349
224,19,0.221
224,20,0.165
224,21,0.492
224,22,0.099
224,23,0.106
224,24,0.098
224,25,0.165
224,26,0.152
224,27,0.109
224,28,0.169
224,29,1.183
224,30,0.367
224,31,0.953
224,32,2.374
224,33,1.847
224,34,1.352
224,35,0.525
224,36,0.916
224,37,1.175
224,38,1.268
224,39,1.076
224,40,1.035
224,41,1.415
224,42,1.614
224,43,1.689
224,44,2.724
224,45,2.776
224,46,2.604
224,47,1.524
224,48,0.842
225,1,1.107
225,2,0.633
225,3,0.632
225,4,0.445
225,5,0.071
225,6,0.136
225,7,0.114
225,8,0.063
225,9,0.063
225,10,0.063
225,11,0.096
225,12,0.133
225,13,0.079
225,14,0.063
225,15,0.064
225,16,0.064
225,17,0.123
225,18,0.352
225,19,0.133
225,20,0.364
225,21,0.065
225,22,0.474
225,23,0.273
225,24,0.095
225,25,0.088
225,26,0.545
225,27,0.318
225,28,0.493
225,29,0.809
225,30,0.433
225,31,0.295
225,32,0.313
225,33,0.701
225,34,0.741
225,35,1.744
225,36,2.01
225,37,2.815
225,38,1.026
225,39,0.486
225,40,0.25
225,41,0.198
225,42,0.155
225,43,0.134
225,44,0.226
225,45,0.281
225,46,0.276
225,47,0.555
225,48,0.882
226,1,1.02
226,2,1.106
226,3,0.475
226,4,0.178
226,5,0.077
226,6,0.075
226,7,0.115
226,8,0.141
226,9,0.073
226,10,0.073
226,11,0.073
226,12,0.08
226,13,0.144
226,14,0.102
226,15,0.074
226,16,0.068
226,17,0.803
226,18,0.447
226,19,0.31
226,20,0.365
226,21,0.167
226,22,0.157
226,23,0.212
226,24,0.505
226,25,0.364
226,26,0.292
226,27,0.627
226,28,0.177
226,29,0.122
226,30,0.64
226,31,0.087
226,32,0.075
226,33,0.072
226,34,0.092
226,35,0.621
226,36,1.003
226,37,1.117
226,38,0.748
226,39,0.474
226,40,0.389
226,41,0.607
226,42,0.576
226,43,0.757
226,44,0.627
226,45,0.609
226,46,0.545
226,47,0.752
226,48,0.997
227,1,1.093
227,2,1.056
227,3,0.444
227,4,0.605
227,5,0.118
227,6,0.123
227,7,0.137
227,8,0.13
227,9,0.194
227,10,0.16
227,11,0.282
227,12,0.542
227,13,0.458
227,14,0.5
227,15,0.41
227,16,0.403
227,17,0.667
227,18,0.3
227,19,1.166
227,20,1.161
227,21,1.645
227,22,0.183
227,23,0.097
227,24,0.118
227,25,0.459
227,26,0.894
227,27,0.317
227,28,0.304
227,29,0.337
227,30,0.138
227,31,0.23
227,32,0.139
227,33,0.083
227,34,0.083
227,35,0.085
227,36,0.102
227,37,0.154
227,38,0.089
227,39,0.079
227,40,0.077
227,41,0.077
227,42,0.693
227,43,1.085
227,44,1.022
227,45,0.643
227,46,0.48
227,47,0.447
227,48,0.427
228,1,0.42
228,2,0.572
228,3,1.127
228,4,0.814
228,5,0.762
228,6,0.51
228,7,0.301
228,8,0.081
228,9,0.081
228,10,0.114
228,11,0.152
228,12,0.093
228,13,0.083
228,14,0.252
228,15,0.207
228,16,0.19
228,17,0.121
228,18,0.109
228,19,0.292
228,20,0.273
228,21,0.127
228,22,0.163
228,23,0.09
228,24,0.151
228,25,0.298
228,26,1.104
228,27,1.886
228,28,1.835
228,29,0.733
228,30,0.798
228,31,0.499
228,32,0.489
228,33,0.645
228,34,0.604
228,35,0.957
228,36,2.042
228,37,0.788
228,38,0.575
228,39,0.417
228,40,0.623
228,41,0.68
228,42,0.713
228,43,0.828
228,44,0.86
228,45,2.075
228,46,2.326
228,47,0.962
228,48,0.906
229,1,0.958
229,2,0.627
229,3,0.468
229,4,0.276
229,5,0.48
229,6,0.65
229,7,1.268
229,8,1.373
229,9,0.064
229,10,0.064
229,11,0.113
229,12,0.132
229,13,0.075
229,14,0.066
229,15,0.062
229,16,0.431
229,17,0.257
229,18,0.901
229,19,0.502
229,20,0.877
229,21,0.263
229,22,0.55
229,23,0.606
229,24,0.479
229,25,0.46
229,26,0.773
229,27,0.516
229,28,0.948
229,29,0.922
229,30,0.643
229,31,0.647
229,32,0.541
229,33,3.074
229,34,2.644
229,35,2.965
229,36,3.076
229,37,2.984
229,38,1.346
229,39,0.994
229,40,1.354
229,41,1.28
229,42,0.961
229,43,1.073
229,44,0.993
229,45,1.318
229,46,0.665
229,47,0.816
229,48,0.756
230,1,0.64
230,2,0.398
230,3,0.632
230,4,0.567
230,5,0.094
230,6,0.081
230,7,0.082
230,8,0.089
230,9,0.148
230,10,0.122
230,11,0.078
230,12,0.078
230,13,0.077
230,14,0.083
230,15,0.14
230,16,0.101
230,17,0.077
230,18,0.3
230,19,0.168
230,20,0.225
230,21,0.24
230,22,0.315
230,23,0.251
230,24,0.549
230,25,0.697
230,26,1.994
230,27,1.112
230,28,0.502
230,29,0.48
230,30,0.473
230,31,2.444
230,32,1.949
230,33,2.174
230,34,0.877
230,35,2.968
230,36,2.842
230,37,1.895
230,38,1.46
230,39,1.135
230,40,1.02
230,41,1.28
230,42,1.308
230,43,1.647
230,44,2.892
230,45,1.54
230,46,1.044
230,47,1.165
230,48,0.878
231,1,0.555
231,2,0.371
231,3,0.571
231,4,0.332
231,5,0.281
231,6,0.091
231,7,0.115
231,8,0.151
231,9,0.107
231,10,0.082
231,11,0.082
231,12,0.082
231,13,0.14
231,14,0.149
231,15,0.083
231,16,0.081
231,17,0.273
231,18,0.423
231,19,0.488
231,20,0.354
231,21,0.501
231,22,0.391
231,23,0.471
231,24,0.5
231,25,0.418
231,26,0.684
231,27,0.604
231,28,0.36
231,29,0.344
231,30,0.39
231,31,0.26
231,32,0.176
231,33,0.329
231,34,0.348
231,35,0.124
231,36,1.344
231,37,1.872
231,38,2.297
231,39,0.836
231,40,0.477
231,41,0.337
231,42,0.534
231,43,0.59
231,44,0.55
231,45,0.628
231,46,0.792
231,47,0.468
231,48,0.862
232,1,0.875
232,2,0.718
232,3,0.259
232,4,0.159
232,5,0.086
232,6,0.12
232,7,0.151
232,8,0.101
232,9,0.082
232,10,0.083
232,11,0.289
232,12,0.336
232,13,0.479
232,14,0.078
232,15,0.076
232,16,0.2
232,17,0.227
232,18,0.49
232,19,0.648
232,20,0.391
232,21,0.408
232,22,0.632
232,23,0.311
232,24,0.378
232,25,0.668
232,26,1.947
232,27,1.303
232,28,0.862
232,29,0.5
232,30,0.356
232,31,0.257
232,32,0.223
232,33,0.242
232,34,0.232
232,35,0.272
232,36,0.909
232,37,0.644
232,38,0.798
232,39,0.511
232,40,0.512
232,41,0.539
232,42,0.661
232,43,0.571
232,44,0.573
232,45,0.561
232,46,0.652
232,47,0.696
232,48,0.68
233,1,1.245
233,2,1.656
233,3,1.276
233,4,1.701
233,5,1.131
233,6,0.862
233,7,0.866
233,8,1.002
233,9,0.541
233,10,0.314
233,11,0.24
233,12,0.192
233,13,0.192
233,14,0.191
233,15,0.212
233,16,0.469
233,17,0.684
233,18,0.944
233,19,1.393
233,20,0.808
233,21,0.246
233,22,1.334
233,23,1.314
233,24,0.6
233,25,0.088
233,26,0.112
233,27,0.162
233,28,0.279
233,29,2.224
233,30,1.066
233,31,0.425
233,32,0.704
233,33,0.32
233,34,0.211
233,35,0.147
233,36,0.088
233,37,0.099
233,38,0.524
233,39,0.422
233,40,1.231
233,41,0.497
233,42,0.434
233,43,0.389
233,44,0.425
233,45,0.397
233,46,0.369
233,47,0.335
233,48,0.154
234,1,0.138
234,2,0.151
234,3,0.09
234,4,0.09
234,5,0.086
234,6,0.092
234,7,0.161
234,8,0.115
234,9,0.096
234,10,0.094
234,11,0.092
234,12,0.136
234,13,0.145
234,14,0.338
234,15,0.156
234,16,0.11
234,17,0.197
234,18,0.184
234,19,0.315
234,20,0.118
234,21,0.224
234,22,0.114
234,23,0.389
234,24,0.283
234,25,0.173
234,26,0.511
234,27,1.826
234,28,1.725
234,29,2.005
234,30,0.912
234,31,0.531
234,32,0.183
234,33,0.505
234,34,0.366
234,35,0.284
234,36,0.189
234,37,0.124
234,38,0.206
234,39,0.281
234,40,0.358
234,41,0.321
234,42,0.283
234,43,0.449
234,44,0.752
234,45,0.797
234,46,0.787
234,47,0.702
234,48,0.664
235,1,1.268
235,2,1.283
235,3,0.78
235,4,0.103
235,5,0.061
235,6,0.061
235,7,0.062
235,8,0.087
235,9,0.128
235,10,0.067
235,11,0.06
235,12,0.06
235,13,0.06
235,14,0.119
235,15,0.393
235,16,0.413
235,17,0.328
235,18,0.41
235,19,0.407
235,20,0.513
235,21,0.085
235,22,0.066
235,23,0.114
235,24,0.857
235,25,0.615
235,26,0.389
235,27,0.377
235,28,2.022
235,29,1.183
235,30,0.613
235,31,0.412
235,32,0.123
235,33,0.082
235,34,0.091
235,35,0.077
235,36,0.126
235,37,0.133
235,38,0.07
235,39,0.309
235,40,0.143
235,41,0.158
235,42,0.221
235,43,0.208
235,44,0.289
235,45,0.148
235,46,0.15
235,47,0.13
235,48,0.149
236,1,0.094
236,2,0.081
236,3,0.08
236,4,0.075
236,5,0.138
236,6,0.132
236,7,0.065
236,8,0.062
236,9,0.061
236,10,0.076
236,11,0.118
236,12,0.083
236,13,0.304
236,14,0.403
236,15,0.265
236,16,0.312
236,17,0.366
236,18,0.42
236,19,0.087
236,20,0.174
236,21,0.274
236,22,0.268
236,23,0.429
236,24,0.075
236,25,0.078
236,26,1.32
236,27,0.742
236,28,0.923
236,29,2.774
236,30,2.036
236,31,1.111
236,32,0.498
236,33,0.855
236,34,1.738
236,35,0.899
236,36,0.421
236,37,0.561
236,38,0.401
236,39,0.447
236,40,0.691
236,41,1.038
236,42,2.806
236,43,2.377
236,44,2.541
236,45,1.285
236,46,0.8
236,47,1.084
236,48,1.23
237,1,0.774
237,2,0.449
237,3,0.122
237,4,0.106
237,5,0.106
237,6,0.107
237,7,0.161
237,8,0.156
237,9,0.107
237,10,0.098
237,11,0.102
237,12,0.126
237,13,0.177
237,14,0.122
237,15,0.282
237,16,0.4
237,17,0.797
237,18,0.848
237,19,0.813
237,20,0.455
237,21,0.316
237,22,0.622
237,23,0.396
237,24,0.573
237,25,0.386
237,26,1.526
237,27,1.372
237,28,1.013
237,29,0.969
237,30,0.731
237,31,0.239
237,32,0.079
237,33,0.07
237,34,0.281
237,35,1.91
237,36,2.108
237,37,0.75
237,38,1.323
237,39,2.061
237,40,0.844
237,41,1.156
237,42,0.913
237,43,1.093
237,44,1.222
237,45,1.266
237,46,1.135
237,47,0.68
237,48,0.46
238,1,0.376
238,2,0.469
238,3,1.524
238,4,1.39
238,5,0.603
238,6,0.081
238,7,0.081
238,8,0.098
238,9,0.151
238,10,0.111
238,11,0.079
238,12,0.073
238,13,0.081
238,14,0.117
238,15,0.144
238,16,0.273
238,17,0.449
238,18,0.264
238,19,0.397
238,20,0.6
238,21,0.375
238,22,0.233
238,23,0.359
238,24,0.705
238,25,0.628
238,26,0.412
238,27,0.264
238,28,0.194
238,29,0.177
238,30,0.174
238,31,0.232
238,32,0.232
238,33,0.175
238,34,0.166
238,35,0.166
238,36,0.176
238,37,0.982
238,38,1.139
238,39,0.668
238,40,0.603
238,41,0.576
238,42,0.653
238,43,0.629
238,44,0.684
238,45,0.678
238,46,0.817
238,47,0.947
238,48,0.854
239,1,0.555
239,2,0.154
239,3,0.941
239,4,0.178
239,5,0.096
239,6,0.137
239,7,0.077
239,8,0.069
239,9,0.069
239,10,0.068
239,11,0.132
239,12,0.108
239,13,0.068
239,14,0.068
239,15,0.068
239,16,0.097
239,17,0.134
239,18,0.488
239,19,0.264
239,20,0.555
239,21,0.264
239,22,0.275
239,23,0.226
239,24,0.182
239,25,0.165
239,26,0.181
239,27,0.207
239,28,0.24
239,29,0.183
239,30,0.184
239,31,0.173
239,32,0.283
239,33,1.095
239,34,1.552
239,35,0.718
239,36,1.072
239,37,0.658
239,38,0.976
239,39,0.542
239,40,0.458
239,41,0.453
239,42,0.592
239,43,0.824
239,44,1.13
239,45,0.641
239,46,0.56
239,47,0.748
239,48,0.835
240,1,0.45
240,2,0.581
240,3,1.161
240,4,1.117
240,5,1.381
240,6,0.11
240,7,0.138
240,8,0.116
240,9,0.067
240,10,0.066
240,11,0.053
240,12,0.069
240,13,0.137
240,14,0.088
240,15,0.283
240,16,0.354
240,17,0.534
240,18,1.054
240,19,0.587
240,20,0.614
240,21,0.292
240,22,0.284
240,23,0.293
240,24,0.351
240,25,0.285
240,26,0.407
240,27,0.457
240,28,0.649
240,29,1.612
240,30,0.485
240,31,0.355
240,32,0.397
240,33,0.448
240,34,0.684
240,35,0.914
240,36,2.2
240,37,1.746
240,38,2.737
240,39,1.065
240,40,1.155
240,41,1.239
240,42,1.167
240,43,0.661
240,44,0.645
240,45,0.753
240,46,0.703
240,47,0.857
240,48,0.489
388,1,0.493
388,2,0.522
388,3,0.735
388,4,0.527
388,5,0.702
388,6,0.689
388,7,0.874
388,8,0.402
388,9,0.152
388,10,0.18
388,11,0.111
388,12,0.115
388,13,0.096
388,14,0.115
388,15,0.095
388,16,0.17
388,17,0.158
388,18,0.124
388,19,0.093
388,20,0.111
388,21,0.468
388,22,0.43
388,23,0.442
388,24,0.358
388,25,0.494
388,26,0.301
388,27,0.615
388,28,0.566
388,29,0.351
388,30,2.459
388,31,3.831
388,32,1.813
388,33,1.713
388,34,0.862
388,35,1.744
388,36,2.019
388,37,1.051
388,38,0.86
388,39,1.278
388,40,2.368
388,41,1.544
388,42,1.117
388,43,1.018
388,44,0.837
388,45,0.774
388,46,0.799
388,47,0.853
388,48,1.6
389,1,1.364
389,2,0.835
389,3,0.717
389,4,0.48
389,5,0.594
389,6,0.789
389,7,0.774
389,8,0.654
389,9,0.484
389,10,0.466
389,11,0.828
389,12,0.632
389,13,0.419
389,14,0.48
389,15,0.482
389,16,0.174
389,17,0.073
389,18,0.09
389,19,0.125
389,20,0.317
389,21,0.603
389,22,0.387
389,23,0.32
389,24,0.744
389,25,1.1
389,26,1.205
389,27,2.603
389,28,2.038
389,29,3.462
389,30,2.236
389,31,1.884
389,32,1.575
389,33,2.337
389,34,1.732
389,35,2.862
389,36,3.343
389,37,2.455
389,38,1.765
389,39,1.105
389,40,0.865
389,41,0.805
389,42,0.967
389,43,1.161
389,44,0.696
389,45,0.718
389,46,0.801
389,47,0.621
389,48,1.173
390,1,1.153
390,2,0.913
390,3,0.811
390,4,0.836
390,5,0.813
390,6,0.846
390,7,0.892
390,8,0.811
390,9,0.318
390,10,0.148
390,11,0.098
390,12,0.087
390,13,0.683
390,14,0.254
390,15,0.204
390,16,0.191
390,17,0.209
390,18,0.42
390,19,0.316
390,20,0.254
390,21,0.198
390,22,0.294
390,23,0.073
390,24,0.192
390,25,0.074
390,26,0.093
390,27,0.364
390,28,1.275
390,29,1.087
390,30,0.775
390,31,0.968
390,32,0.571
390,33,0.564
390,34,2.06
390,35,2.234
390,36,2.434
390,37,2.521
390,38,2.141
390,39,2.044
390,40,0.406
390,41,0.393
390,42,0.315
390,43,0.617
390,44,0.57
390,45,0.588
390,46,1.213
390,47,0.784
390,48,1.076
391,1,0.598
391,2,0.511
391,3,0.566
391,4,0.576
391,5,0.559
391,6,0.428
391,7,0.113
391,8,0.093
391,9,0.076
391,10,0.093
391,11,0.078
391,12,0.09
391,13,0.593
391,14,0.734
391,15,0.464
391,16,1.014
391,17,0.609
391,18,0.625
391,19,0.398
391,20,0.235
391,21,0.57
391,22,0.514
391,23,0.414
391,24,0.688
391,25,1.736
391,26,2.595
391,27,3.239
391,28,1.4
391,29,2.614
391,30,2.448
391,31,2.818
391,32,1.281
391,33,0.898
391,34,0.678
391,35,1.134
391,36,1.454
391,37,1.372
391,38,1.119
391,39,0.841
391,40,0.793
391,41,0.468
391,42,0.322
391,43,0.289
391,44,0.5
391,45,0.776
391,46,0.715
391,47,2.029
391,48,1.149
392,1,1.03
392,2,0.6
392,3,0.538
392,4,0.598
392,5,0.646
392,6,0.688
392,7,0.533
392,8,0.085
392,9,0.086
392,10,0.092
392,11,0.081
392,12,0.144
392,13,0.702
392,14,0.222
392,15,0.119
392,16,0.093
392,17,0.075
392,18,0.117
392,19,0.429
392,20,0.487
392,21,0.189
392,22,0.085
392,23,0.073
392,24,0.289
392,25,0.32
392,26,0.582
392,27,0.909
392,28,0.785
392,29,2.866
392,30,2.214
392,31,1.125
392,32,1.946
392,33,1.09
392,34,1.093
392,35,3.394
392,36,3.357
392,37,2.617
392,38,1.886
392,39,1.786
392,40,2.191
392,41,1.902
392,42,1.977
392,43,0.802
392,44,0.681
392,45,0.905
392,46,0.975
392,47,1.154
392,48,1.305
393,1,0.816
393,2,0.872
393,3,0.516
393,4,0.411
393,5,0.173
393,6,0.113
393,7,0.087
393,8,0.089
393,9,0.089
393,10,0.073
393,11,0.129
393,12,0.137
393,13,0.505
393,14,0.141
393,15,0.146
393,16,0.146
393,17,0.134
393,18,0.154
393,19,0.508
393,20,0.408
393,21,0.243
393,22,0.336
393,23,0.369
393,24,0.234
393,25,0.214
393,26,0.807
393,27,0.582
393,28,0.64
393,29,0.451
393,30,0.72
393,31,0.887
393,32,1.181
393,33,1.522
393,34,2.082
393,35,3.116
393,36,1.755
393,37,1.116
393,38,1.384
393,39,2.344
393,40,1.161
393,41,0.863
393,42,1.242
393,43,0.654
393,44,0.634
393,45,0.795
393,46,0.956
393,47,0.834
393,48,0.723
394,1,0.771
394,2,0.976
394,3,1.032
394,4,0.804
394,5,1.076
394,6,1.854
394,7,1.613
394,8,0.859
394,9,0.157
394,10,0.11
394,11,0.094
394,12,0.11
394,13,0.496
394,14,0.124
394,15,0.173
394,16,0.133
394,17,0.106
394,18,0.096
394,19,0.545
394,20,0.756
394,21,0.54
394,22,0.325
394,23,0.296
394,24,0.247
394,25,0.54
394,26,0.546
394,27,0.963
394,28,0.878
394,29,0.983
394,30,0.767
394,31,0.889
394,32,0.803
394,33,0.718
394,34,0.907
394,35,1.008
394,36,1.774
394,37,0.975
394,38,0.827
394,39,1.045
394,40,1.066
394,41,2.102
394,42,1.254
394,43,0.744
394,44,1.209
394,45,1.099
394,46,0.586
394,47,0.766
394,48,1.298
395,1,1.043
395,2,0.888
395,3,0.85
395,4,0.97
395,5,0.827
395,6,0.639
395,7,0.517
395,8,0.475
395,9,0.651
395,10,0.479
395,11,0.171
395,12,0.077
395,13,0.081
395,14,0.075
395,15,0.122
395,16,0.122
395,17,0.087
395,18,0.068
395,19,0.852
395,20,0.979
395,21,1.04
395,22,0.882
395,23,1.056
395,24,0.615
395,25,0.981
395,26,0.752
395,27,0.639
395,28,1.44
395,29,1.192
395,30,0.831
395,31,0.499
395,32,0.544
395,33,0.385
395,34,1.038
395,35,2.462
395,36,1.726
395,37,1.716
395,38,0.933
395,39,1.355
395,40,1.112
395,41,1.053
395,42,1.317
395,43,1.165
395,44,1.604
395,45,1.06
395,46,1.093
395,47,1.237
395,48,1.967
396,1,1.524
396,2,1.204
396,3,0.818
396,4,0.779
396,5,0.686
396,6,0.676
396,7,0.651
396,8,0.676
396,9,0.661
396,10,0.654
396,11,0.654
396,12,0.628
396,13,0.606
396,14,0.077
396,15,0.158
396,16,0.138
396,17,0.104
396,18,0.076
396,19,0.092
396,20,0.075
396,21,0.093
396,22,0.099
396,23,0.245
396,24,0.508
396,25,0.519
396,26,0.899
396,27,0.497
396,28,0.898
396,29,1.423
396,30,0.615
396,31,3.58
396,32,3.234
396,33,3.595
396,34,2.179
396,35,2.759
396,36,2.237
396,37,2.487
396,38,1.86
396,39,0.849
396,40,1.017
396,41,0.452
396,42,0.512
396,43,0.964
396,44,0.94
396,45,0.634
396,46,0.628
396,47,1.58
396,48,1.196
397,1,1.085
397,2,0.989
397,3,0.816
397,4,0.884
397,5,0.943
397,6,0.415
397,7,0.315
397,8,0.444
397,9,0.122
397,10,0.071
397,11,0.089
397,12,0.072
397,13,0.09
397,14,0.081
397,15,0.142
397,16,0.128
397,17,0.069
397,18,0.084
397,19,0.069
397,20,0.088
397,21,0.618
397,22,0.922
397,23,0.642
397,24,0.514
397,25,0.77
397,26,0.789
397,27,0.471
397,28,0.461
397,29,0.912
397,30,2.191
397,31,1.287
397,32,0.781
397,33,0.598
397,34,0.757
397,35,2.904
397,36,1.005
397,37,1.115
397,38,1.449
397,39,1.393
397,40,1.44
397,41,1.919
397,42,2.24
397,43,1.7
397,44,1.319
397,45,1.375
397,46,1.125
397,47,1.111
397,48,1.3
398,1,1.061
398,2,1.043
398,3,0.856
398,4,0.623
398,5,0.613
398,6,0.63
398,7,0.611
398,8,0.341
398,9,0.136
398,10,0.101
398,11,0.08
398,12,0.087
398,13,0.085
398,14,0.086
398,15,0.774
398,16,0.493
398,17,0.304
398,18,0.513
398,19,0.681
398,20,1.061
398,21,1.019
398,22,0.906
398,23,0.516
398,24,0.929
398,25,0.525
398,26,0.584
398,27,1.561
398,28,2.367
398,29,2.826
398,30,1.257
398,31,0.96
398,32,0.788
398,33,0.872
398,34,1.142
398,35,1.064
398,36,1.942
398,37,1.024
398,38,0.658
398,39,0.471
398,40,0.821
398,41,0.57
398,42,0.553
398,43,0.587
398,44,0.65
398,45,0.864
398,46,2.873
398,47,1.212
398,48,1.026
399,1,1.489
399,2,1.425
399,3,0.774
399,4,0.17
399,5,0.092
399,6,0.093
399,7,0.083
399,8,0.508
399,9,0.36
399,10,0.299
399,11,0.257
399,12,0.341
399,13,0.503
399,14,0.409
399,15,0.486
399,16,0.507
399,17,0.48
399,18,0.45
399,19,0.625
399,20,0.573
399,21,0.511
399,22,0.9
399,23,1.245
399,24,0.658
399,25,0.263
399,26,0.251
399,27,0.176
399,28,1.243
399,29,0.871
399,30,1.016
399,31,1.252
399,32,1.773
399,33,1.153
399,34,1.877
399,35,2.838
399,36,1.605
399,37,1.328
399,38,1.331
399,39,1.227
399,40,1.282
399,41,1.196
399,42,0.736
399,43,0.604
399,44,0.618
399,45,1.342
399,46,1.129
399,47,1.021
399,48,0.924
400,1,1.319
400,2,1.227
400,3,1.073
400,4,1.022
400,5,0.745
400,6,0.325
400,7,0.087
400,8,0.094
400,9,0.142
400,10,0.13
400,11,0.082
400,12,0.074
400,13,0.085
400,14,0.068
400,15,0.505
400,16,0.274
400,17,0.669
400,18,0.636
400,19,0.317
400,20,1.451
400,21,1.247
400,22,1.112
400,23,0.134
400,24,0.224
400,25,0.557
400,26,0.437
400,27,0.404
400,28,1.019
400,29,2.048
400,30,2.81
400,31,1.744
400,32,1.702
400,33,1.554
400,34,1.733
400,35,1.579
400,36,1.462
400,37,1.727
400,38,1.661
400,39,1.205
400,40,1.095
400,41,1.05
400,42,1.073
400,43,1.129
400,44,3.03
400,45,1.58
400,46,1.122
400,47,1.226
400,48,1.388
401,1,1.046
401,2,0.933
401,3,0.979
401,4,0.835
401,5,0.684
401,6,0.359
401,7,0.087
401,8,0.094
401,9,0.094
401,10,0.097
401,11,0.162
401,12,0.161
401,13,0.117
401,14,0.093
401,15,0.379
401,16,0.088
401,17,0.091
401,18,0.4
401,19,1.032
401,20,1.786
401,21,1.338
401,22,2.348
401,23,0.684
401,24,0.386
401,25,0.68
401,26,1.412
401,27,0.812
401,28,0.615
401,29,0.695
401,30,0.539
401,31,0.474
401,32,0.625
401,33,0.225
401,34,0.255
401,35,0.443
401,36,0.637
401,37,2.506
401,38,1.91
401,39,0.827
401,40,1.076
401,41,1.315
401,42,1.264
401,43,1.348
401,44,1.478
401,45,1.525
401,46,1.256
401,47,1.335
401,48,1.185
402,1,1.135
402,2,0.864
402,3,0.672
402,4,0.545
402,5,0.462
402,6,0.529
402,7,0.648
402,8,0.696
402,9,0.704
402,10,0.649
402,11,0.381
402,12,0.107
402,13,0.109
402,14,0.113
402,15,0.164
402,16,0.147
402,17,0.095
402,18,0.409
402,19,0.67
402,20,0.596
402,21,0.378
402,22,0.552
402,23,0.39
402,24,0.335
402,25,0.661
402,26,0.781
402,27,1.849
402,28,2.042
402,29,2.284
402,30,1.358
402,31,1.002
402,32,0.901
402,33,1.25
402,34,1.772
402,35,2.183
402,36,1.756
402,37,1.81
402,38,1.575
402,39,1.511
402,40,1.613
402,41,1.096
402,42,1.409
402,43,1.738
402,44,3.252
402,45,2.972
402,46,1.954
402,47,1.428
402,48,1.17
403,1,1.059
403,2,1.756
403,3,1.998
403,4,2.039
403,5,1.323
403,6,0.588
403,7,0.486
403,8,1.908
403,9,0.613
403,10,0.276
403,11,0.254
403,12,0.198
403,13,0.188
403,14,0.176
403,15,0.187
403,16,0.23
403,17,0.379
403,18,0.247
403,19,0.17
403,20,0.186
403,21,0.795
403,22,0.735
403,23,0.795
403,24,1.038
403,25,0.952
403,26,1.067
403,27,0.831
403,28,0.504
403,29,1.253
403,30,2.216
403,31,1.275
403,32,1.063
403,33,0.81
403,34,0.861
403,35,0.577
403,36,0.836
403,37,1.491
403,38,1.562
403,39,1.493
403,40,1.422
403,41,1.467
403,42,1.779
403,43,1.222
403,44,1.196
403,45,1.484
403,46,0.749
403,47,0.991
403,48,1.318
404,1,1.183
404,2,1.065
404,3,0.844
404,4,0.993
404,5,0.8
404,6,0.796
404,7,0.948
404,8,0.577
404,9,0.604
404,10,0.633
404,11,0.593
404,12,0.196
404,13,0.18
404,14,0.197
404,15,1.039
404,16,1.238
404,17,0.467
404,18,0.086
404,19,0.08
404,20,0.236
404,21,0.085
404,22,0.072
404,23,0.404
404,24,0.603
404,25,0.509
404,26,0.995
404,27,0.896
404,28,1.365
404,29,1.226
404,30,1.086
404,31,1.393
404,32,2.318
404,33,2.398
404,34,4.84
404,35,3.313
404,36,0.955
404,37,1.511
404,38,1.144
404,39,1.331
404,40,1.035
404,41,1.122
404,42,1.279
404,43,1.364
404,44,1.247
404,45,2.124
404,46,2.099
404,47,1.04
404,48,1.202
405,1,0.969
405,2,0.865
405,3,0.89
405,4,0.994
405,5,0.908
405,6,0.755
405,7,0.776
405,8,0.718
405,9,0.217
405,10,0.169
405,11,0.185
405,12,0.193
405,13,0.249
405,14,0.191
405,15,0.337
405,16,0.33
405,17,0.099
405,18,0.949
405,19,0.471
405,20,0.903
405,21,1.601
405,22,1.671
405,23,0.371
405,24,1.031
405,25,1.166
405,26,1.048
405,27,1.177
405,28,1.402
405,29,1.723
405,30,1.633
405,31,1.503
405,32,1.805
405,33,1.017
405,34,0.691
405,35,0.468
405,36,0.983
405,37,1.165
405,38,1.804
405,39,2.432
405,40,3.741
405,41,2.323
405,42,1.276
405,43,1.269
405,44,2.129
405,45,2.497
405,46,2.737
405,47,1.513
405,48,0.859
406,1,0.883
406,2,0.871
406,3,0.792
406,4,0.712
406,5,0.688
406,6,0.725
406,7,0.37
406,8,0.176
406,9,0.235
406,10,0.233
406,11,0.203
406,12,0.17
406,13,0.186
406,14,0.169
406,15,0.184
406,16,0.198
406,17,0.248
406,18,0.18
406,19,0.173
406,20,0.174
406,21,0.413
406,22,0.729
406,23,0.592
406,24,0.662
406,25,0.763
406,26,0.696
406,27,0.657
406,28,1.085
406,29,1.106
406,30,1.245
406,31,2.246
406,32,1.783
406,33,2.201
406,34,0.794
406,35,1.291
406,36,1.118
406,37,1.138
406,38,1.044
406,39,0.999
406,40,0.908
406,41,0.904
406,42,0.644
406,43,0.716
406,44,0.645
406,45,0.857
406,46,1.278
406,47,1.099
406,48,1.16
407,1,1.255
407,2,1.026
407,3,0.986
407,4,0.991
407,5,1.16
407,6,0.771
407,7,0.711
407,8,0.336
407,9,0.186
407,10,0.12
407,11,0.071
407,12,0.081
407,13,0.071
407,14,0.079
407,15,0.071
407,16,0.14
407,17,0.065
407,18,0.082
407,19,0.725
407,20,0.559
407,21,0.247
407,22,0.357
407,23,0.499
407,24,0.317
407,25,1.978
407,26,1.517
407,27,1.6
407,28,1.366
407,29,0.818
407,30,1.137
407,31,0.869
407,32,1.534
407,33,1.237
407,34,4.06
407,35,2.938
407,36,1.696
407,37,1.616
407,38,1.228
407,39,1.628
407,40,1.468
407,41,1.171
407,42,1.686
407,43,1.462
407,44,1.493
407,45,1.499
407,46,1.54
407,47,1.279
407,48,1.463
408,1,1.795
408,2,1.752
408,3,1.52
408,4,1.104
408,5,1.695
408,6,1.61
408,7,0.676
408,8,0.488
408,9,0.119
408,10,0.087
408,11,0.098
408,12,1.433
408,13,0.348
408,14,0.153
408,15,0.386
408,16,0.611
408,17,0.605
408,18,0.315
408,19,0.084
408,20,0.09
408,21,0.144
408,22,0.555
408,23,0.082
408,24,0.088
408,25,0.417
408,26,0.179
408,27,0.081
408,28,0.246
408,29,0.282
408,30,0.867
408,31,0.792
408,32,0.745
408,33,1.545
408,34,1.579
408,35,1.903
408,36,1.304
408,37,1.023
408,38,1.2
408,39,1.125
408,40,1.049
408,41,0.791
408,42,0.449
408,43,0.544
408,44,1.166
408,45,1.074
408,46,1.01
408,47,0.988
408,48,1.056
409,1,2.558
409,2,0.962
409,3,1.721
409,4,1.012
409,5,0.726
409,6,0.597
409,7,0.566
409,8,0.575
409,9,0.657
409,10,0.482
409,11,0.503
409,12,0.518
409,13,0.531
409,14,0.556
409,15,0.526
409,16,0.531
409,17,0.559
409,18,0.354
409,19,0.25
409,20,0.208
409,21,0.186
409,22,0.359
409,23,0.372
409,24,0.802
409,25,1.231
409,26,1.006
409,27,0.977
409,28,1.117
409,29,0.885
409,30,0.739
409,31,0.906
409,32,1.98
409,33,3.473
409,34,3.37
409,35,3.163
409,36,1.957
409,37,0.484
409,38,1.041
409,39,1.069
409,40,0.999
409,41,0.53
409,42,0.71
409,43,1.695
409,44,0.569
409,45,1.026
409,46,1.296
409,47,0.69
409,48,0.633
410,1,0.571
410,2,0.551
410,3,0.475
410,4,0.472
410,5,0.609
410,6,0.656
410,7,0.343
410,8,0.081
410,9,0.065
410,10,0.126
410,11,0.09
410,12,0.082
410,13,0.065
410,14,0.081
410,15,0.103
410,16,0.143
410,17,0.081
410,18,0.08
410,19,0.393
410,20,0.455
410,21,0.549
410,22,0.601
410,23,1.051
410,24,0.182
410,25,0.082
410,26,0.075
410,27,0.386
410,28,0.229
410,29,0.188
410,30,0.179
410,31,2.021
410,32,2.031
410,33,1.378
410,34,1.956
410,35,1.142
410,36,1.082
410,37,1.616
410,38,1.608
410,39,1.59
410,40,1.594
410,41,1.611
410,42,1.699
410,43,1.584
410,44,0.973
410,45,0.475
410,46,0.45
410,47,0.484
410,48,0.578
411,1,0.698
411,2,0.461
411,3,0.586
411,4,0.514
411,5,1.716
411,6,1.528
411,7,2.019
411,8,0.53
411,9,0.492
411,10,0.485
411,11,0.542
411,12,0.548
411,13,0.505
411,14,0.508
411,15,0.506
411,16,0.622
411,17,0.33
411,18,0.215
411,19,0.237
411,20,0.237
411,21,0.456
411,22,0.668
411,23,0.713
411,24,1.168
411,25,0.879
411,26,1.197
411,27,2.378
411,28,0.92
411,29,0.713
411,30,0.294
411,31,0.542
411,32,0.275
411,33,0.496
411,34,0.465
411,35,0.399
411,36,0.372
411,37,0.401
411,38,0.84
411,39,1.237
411,40,1.819
411,41,1.134
411,42,1.409
411,43,1.417
411,44,0.934
411,45,0.843
411,46,0.773
411,47,1.055
411,48,0.773
412,1,0.758
412,2,0.876
412,3,0.823
412,4,0.829
412,5,0.574
412,6,0.353
412,7,0.069
412,8,0.086
412,9,0.092
412,10,0.151
412,11,0.084
412,12,0.086
412,13,0.069
412,14,0.085
412,15,0.068
412,16,0.128
412,17,0.11
412,18,0.086
412,19,0.922
412,20,0.539
412,21,0.918
412,22,1.204
412,23,0.93
412,24,0.963
412,25,0.729
412,26,0.617
412,27,0.936
412,28,1.655
412,29,1.634
412,30,1.623
412,31,1.719
412,32,1.35
412,33,0.951
412,34,0.555
412,35,0.595
412,36,2.208
412,37,5.026
412,38,5.236
412,39,2.591
412,40,2.44
412,41,0.571
412,42,0.679
412,43,0.509
412,44,1.082
412,45,0.638
412,46,1.037
412,47,1.045
412,48,1.156
413,1,0.938
413,2,0.924
413,3,1.093
413,4,0.907
413,5,0.876
413,6,0.918
413,7,0.901
413,8,1.245
413,9,0.954
413,10,0.842
413,11,0.921
413,12,0.691
413,13,0.667
413,14,0.848
413,15,0.706
413,16,1.019
413,17,0.443
413,18,0.21
413,19,0.138
413,20,0.085
413,21,0.133
413,22,0.69
413,23,0.596
413,24,0.205
413,25,0.358
413,26,0.15
413,27,0.179
413,28,1.249
413,29,0.485
413,30,0.14
413,31,0.174
413,32,1.186
413,33,0.751
413,34,1.213
413,35,1.43
413,36,1.509
413,37,2.563
413,38,2.352
413,39,2.225
413,40,2.26
413,41,0.987
413,42,0.723
413,43,0.688
413,44,1.34
413,45,1.872
413,46,2.204
413,47,0.717
413,48,0.947
414,1,0.601
414,2,0.395
414,3,0.863
414,4,0.466
414,5,0.318
414,6,0.335
414,7,0.212
414,8,0.144
414,9,0.148
414,10,0.183
414,11,0.146
414,12,0.134
414,13,0.145
414,14,0.184
414,15,0.198
414,16,0.171
414,17,0.129
414,18,0.324
414,19,0.841
414,20,1.11
414,21,0.476
414,22,0.22
414,23,0.236
414,24,0.065
414,25,0.105
414,26,0.099
414,27,0.084
414,28,0.396
414,29,1.495
414,30,1.401
414,31,1.919
414,32,0.876
414,33,0.581
414,34,0.97
414,35,0.675
414,36,0.646
414,37,0.914
414,38,0.672
414,39,1.314
414,40,0.87
414,41,0.162
414,42,0.133
414,43,0.181
414,44,2.278
414,45,2.361
414,46,1.3
414,47,1.158
414,48,0.941
415,1,0.342
415,2,0.431
415,3,0.577
415,4,1.293
415,5,0.796
415,6,0.437
415,7,0.479
415,8,0.247
415,9,0.082
415,10,0.123
415,11,0.118
415,12,0.08
415,13,0.064
415,14,0.081
415,15,0.065
415,16,0.078
415,17,0.526
415,18,0.488
415,19,0.442
415,20,0.065
415,21,0.537
415,22,0.678
415,23,0.52
415,24,0.554
415,25,1.668
415,26,1.509
415,27,1.07
415,28,0.925
415,29,0.953
415,30,1.237
415,31,0.892
415,32,1.091
415,33,1.114
415,34,1.07
415,35,0.768
415,36,0.821
415,37,0.777
415,38,1.172
415,39,1.188
415,40,1.015
415,41,0.626
415,42,0.576
415,43,0.811
415,44,1.185
415,45,1.496
415,46,0.728
415,47,0.743
415,48,0.706
