213,1,0.026
213,2,0.026
213,3,0.025
213,4,0.026
213,5,0.026
213,6,0.026
213,7,0.026
213,8,0.026
213,9,0.026
213,10,0.026
213,11,0.026
213,12,0.026
213,13,0.026
213,14,0.026
213,15,0.025
213,16,0.025
213,17,0.026
213,18,0.026
213,19,0.025
213,20,0.025
213,21,0.166
213,22,0.161
213,23,0.161
213,24,0.159
213,25,0.129
213,26,0.128
213,27,0.128
213,28,0.234
213,29,0.372
213,30,0.284
213,31,0.174
213,32,0.175
213,33,0.133
213,34,0.127
213,35,0.128
213,36,0.137
213,37,0.375
213,38,0.31
213,39,0.128
213,40,0.128
213,41,0.128
213,42,0.127
213,43,0.128
213,44,0.128
213,45,0.128
213,46,0.128
213,47,0.128
213,48,0.128
214,1,0.128
214,2,0.128
214,3,0.128
214,4,0.128
214,5,0.129
214,6,0.129
214,7,0.129
214,8,0.128
214,9,0.129
214,10,0.129
214,11,0.128
214,12,0.128
214,13,0.128
214,14,0.128
214,15,0.128
214,16,0.128
214,17,0.129
214,18,0.128
214,19,0.149
214,20,0.163
214,21,0.145
214,22,0.025
214,23,0.026
214,24,0.025
214,25,0.025
214,26,0.025
214,27,0.025
214,28,0.025
214,29,0.027
214,30,0.066
214,31,0.067
214,32,0.067
214,33,0.067
214,34,0.066
214,35,0.066
214,36,0.065
214,37,0.065
214,38,0.065
214,39,0.066
214,40,0.066
214,41,0.066
214,42,0.066
214,43,0.066
214,44,0.065
214,45,0.066
214,46,0.066
214,47,0.067
214,48,0.066
215,1,0.066
215,2,0.066
215,3,0.066
215,4,0.066
215,5,0.067
215,6,0.067
215,7,0.067
215,8,0.067
215,9,0.067
215,10,0.067
215,11,0.067
215,12,0.067
215,13,0.067
215,14,0.067
215,15,0.067
215,16,0.066
215,17,0.066
215,18,0.065
215,19,0.065
215,20,0.065
215,21,0.065
215,22,0.066
215,23,0.066
215,24,0.06
215,25,0.052
215,26,0.051
215,27,0.052
215,28,0.053
215,29,0.053
215,30,0.053
215,31,0.054
215,32,0.053
215,33,0.054
215,34,0.053
215,35,0.053
215,36,0.053
215,37,0.052
215,38,0.052
215,39,0.053
215,40,0.053
215,41,0.053
215,42,0.053
215,43,0.053
215,44,0.052
215,45,0.052
215,46,0.052
215,47,0.053
215,48,0.053
216,1,0.053
216,2,0.053
216,3,0.054
216,4,0.054
216,5,0.054
216,6,0.055
216,7,0.055
216,8,0.055
216,9,0.055
216,10,0.055
216,11,0.06
216,12,0.054
216,13,0.054
216,14,0.054
216,15,0.053
216,16,0.053
216,17,0.053
216,18,0.054
216,19,0.053
216,20,0.053
216,21,0.053
216,22,0.052
216,23,0.053
216,24,0.053
216,25,0.052
216,26,0.053
216,27,0.053
216,28,0.053
216,29,0.053
216,30,0.053
216,31,0.053
216,32,0.053
216,33,0.053
216,34,0.053
216,35,0.054
216,36,0.054
216,37,0.053
216,38,0.053
216,39,0.053
216,40,0.053
216,41,0.053
216,42,0.053
216,43,0.052
216,44,0.052
216,45,0.053
216,46,0.053
216,47,0.053
216,48,0.053
217,1,0.065
217,2,0.053
217,3,0.054
217,4,0.054
217,5,0.053
217,6,0.054
217,7,0.054
217,8,0.054
217,9,0.06
217,10,0.054
217,11,0.053
217,12,0.053
217,13,0.054
217,14,0.053
217,15,0.053
217,16,0.052
217,17,0.053
217,18,0.053
217,19,0.052
217,20,0.053
217,21,0.053
217,22,0.053
217,23,0.053
217,24,0.052
217,25,0.052
217,26,0.053
217,27,0.053
217,28,0.054
217,29,0.053
217,30,0.054
217,31,0.054
217,32,0.054
217,33,0.054
217,34,0.054
217,35,0.053
217,36,0.053
217,37,0.053
217,38,0.053
217,39,0.053
217,40,0.054
217,41,0.054
217,42,0.054
217,43,0.054
217,44,0.053
217,45,0.053
217,46,0.053
217,47,0.053
217,48,0.053
218,1,0.054
218,2,0.055
218,3,0.054
218,4,0.067
218,5,0.055
218,6,0.055
218,7,0.054
218,8,0.055
218,9,0.055
218,10,0.054
218,11,0.054
218,12,0.055
218,13,0.055
218,14,0.054
218,15,0.054
218,16,0.054
218,17,0.054
218,18,0.054
218,19,0.052
218,20,0.053
218,21,0.053
218,22,0.053
218,23,0.053
218,24,0.052
218,25,0.053
218,26,0.053
218,27,0.053
218,28,0.053
218,29,0.053
218,30,0.053
218,31,0.053
218,32,0.053
218,33,0.052
218,34,0.052
218,35,0.053
218,36,0.054
218,37,0.053
218,38,0.053
218,39,0.053
218,40,0.053
218,41,0.053
218,42,0.053
218,43,0.053
218,44,0.053
218,45,0.056
218,46,0.059
218,47,0.013
218,48,0.013
219,1,0.013
219,2,0.013
219,3,0.013
219,4,0.013
219,5,0.013
219,6,0.013
219,7,0.013
219,8,0.013
219,9,0.013
219,10,0.013
219,11,0.013
219,12,0.013
219,13,0.013
219,14,0.013
219,15,0.013
219,16,0.013
219,17,0.013
219,18,0.013
219,19,0.013
219,20,0.013
219,21,0.013
219,22,0.013
219,23,0.013
219,24,0.013
219,25,0.013
219,26,0.013
219,27,0.013
219,28,0.013
219,29,0.013
219,30,0.013
219,31,0.013
219,32,0.013
219,33,0.013
219,34,0.013
219,35,0.013
219,36,0.013
219,37,0.013
219,38,0.013
219,39,0.013
219,40,0.013
219,41,0.013
219,42,0.013
219,43,0.013
219,44,0.012
219,45,0.013
219,46,0.013
219,47,0.013
219,48,0.013
220,1,0.013
220,2,0.013
220,3,0.013
220,4,0.013
220,5,0.013
220,6,0.013
220,7,0.013
220,8,0.013
220,9,0.013
220,10,0.013
220,11,0.013
220,12,0.013
220,13,0.013
220,14,0.013
220,15,0.013
220,16,0.013
220,17,0.013
220,18,0.013
220,19,0.013
220,20,0.013
220,21,0.013
220,22,0.013
220,23,0.013
220,24,0.013
220,25,0.013
220,26,0.013
220,27,0.013
220,28,0.013
220,29,0.013
220,30,0.013
220,31,0.013
220,32,0.013
220,33,0.013
220,34,0.013
220,35,0.013
220,36,0.013
220,37,0.013
220,38,0.013
220,39,0.013
220,40,0.013
220,41,0.013
220,42,0.013
220,43,0.013
220,44,0.012
220,45,0.013
220,46,0.013
220,47,0.013
220,48,0.013
221,1,0.025
221,2,0.013
221,3,0.013
221,4,0.013
221,5,0.013
221,6,0.013
221,7,0.013
221,8,0.013
221,9,0.013
221,10,0.013
221,11,0.013
221,12,0.013
221,13,0.013
221,14,0.013
221,15,0.013
221,16,0.013
221,17,0.013
221,18,0.013
221,19,0.013
221,20,0.013
221,21,0.013
221,22,0.013
221,23,0.013
221,24,0.013
221,25,0.013
221,26,0.013
221,27,0.013
221,28,0.013
221,29,0.012
221,30,0.013
221,31,0.013
221,32,0.013
221,33,0.013
221,34,0.013
221,35,0.013
221,36,0.013
221,37,0.013
221,38,0.013
221,39,0.013
221,40,0.013
221,41,0.013
221,42,0.013
221,43,0.013
221,44,0.013
221,45,0.013
221,46,0.013
221,47,0.013
221,48,0.013
222,1,0.013
222,2,0.013
222,3,0.013
222,4,0.013
222,5,0.013
222,6,0.013
222,7,0.013
222,8,0.013
222,9,0.013
222,10,0.013
222,11,0.013
222,12,0.013
222,13,0.013
222,14,0.013
222,15,0.013
222,16,0.013
222,17,0.013
222,18,0.013
222,19,0.013
222,20,0.013
222,21,0.013
222,22,0.013
222,23,0.013
222,24,0.013
222,25,0.013
222,26,0.013
222,27,0.013
222,28,0.013
222,29,0.013
222,30,0.013
222,31,0.013
222,32,0.013
222,33,0.013
222,34,0.013
222,35,0.013
222,36,0.013
222,37,0.013
222,38,0.013
222,39,0.013
222,40,0.013
222,41,0.013
222,42,0.013
222,43,0.013
222,44,0.013
222,45,0.013
222,46,0.013
222,47,0.013
222,48,0.013
223,1,0.013
223,2,0.013
223,3,0.013
223,4,0.013
223,5,0.013
223,6,0.013
223,7,0.013
223,8,0.013
223,9,0.013
223,10,0.013
223,11,0.013
223,12,0.013
223,13,0.013
223,14,0.013
223,15,0.013
223,16,0.013
223,17,0.013
223,18,0.013
223,19,0.013
223,20,0.013
223,21,0.013
223,22,0.013
223,23,0.013
223,24,0.013
223,25,0.012
223,26,0.013
223,27,0.013
223,28,0.013
223,29,0.013
223,30,0.013
223,31,0.013
223,32,0.013
223,33,0.013
223,34,0.013
223,35,0.013
223,36,0.013
223,37,0.013
223,38,0.013
223,39,0.013
223,40,0.013
223,41,0.013
223,42,0.013
223,43,0.013
223,44,0.013
223,45,0.013
223,46,0.013
223,47,0.013
223,48,0.013
224,1,0.013
224,2,0.013
224,3,0.013
224,4,0.021
224,5,0.03
224,6,0.013
224,7,0.013
224,8,0.013
224,9,0.013
224,10,0.013
224,11,0.013
224,12,0.013
224,13,0.013
224,14,0.013
224,15,0.013
224,16,0.013
224,17,0.013
224,18,0.013
224,19,0.013
224,20,0.013
224,21,0.013
224,22,0.013
224,23,0.013
224,24,0.013
224,25,0.013
224,26,0.013
224,27,0.013
224,28,0.013
224,29,0.013
224,30,0.013
224,31,0.013
224,32,0.013
224,33,0.013
224,34,0.013
224,35,0.013
224,36,0.013
224,37,0.013
224,38,0.013
224,39,0.013
224,40,0.013
224,41,0.013
224,42,0.013
224,43,0.013
224,44,0.012
224,45,0.012
224,46,0.013
224,47,0.013
224,48,0.013
225,1,0.013
225,2,0.013
225,3,0.013
225,4,0.013
225,5,0.013
225,6,0.013
225,7,0.013
225,8,0.013
225,9,0.013
225,10,0.013
225,11,0.013
225,12,0.013
225,13,0.013
225,14,0.013
225,15,0.013
225,16,0.013
225,17,0.013
225,18,0.013
225,19,0.013
225,20,0.013
225,21,0.013
225,22,0.013
225,23,0.013
225,24,0.013
225,25,0.013
225,26,0.013
225,27,0.013
225,28,0.013
225,29,0.013
225,30,0.013
225,31,0.013
225,32,0.013
225,33,0.013
225,34,0.013
225,35,0.013
225,36,0.012
225,37,0.012
225,38,0.013
225,39,0.013
225,40,0.013
225,41,0.013
225,42,0.013
225,43,0.013
225,44,0.013
225,45,0.013
225,46,0.013
225,47,0.013
225,48,0.013
226,1,0.013
226,2,0.013
226,3,0.013
226,4,0.013
226,5,0.013
226,6,0.013
226,7,0.013
226,8,0.013
226,9,0.013
226,10,0.013
226,11,0.013
226,12,0.013
226,13,0.013
226,14,0.013
226,15,0.013
226,16,0.013
226,17,0.013
226,18,0.013
226,19,0.013
226,20,0.266
226,21,0.34
226,22,0.127
226,23,0.123
226,24,0.179
226,25,0.196
226,26,0.128
226,27,0.122
226,28,0.123
226,29,0.114
226,30,0.02
226,31,0.02
226,32,0.02
226,33,0.02
226,34,0.02
226,35,0.02
226,36,0.02
226,37,0.02
226,38,0.02
226,39,0.02
226,40,0.02
226,41,0.02
226,42,0.02
226,43,0.02
226,44,0.02
226,45,0.02
226,46,0.02
226,47,0.02
226,48,0.02
227,1,0.02
227,2,0.045
227,3,0.021
227,4,0.021
227,5,0.021
227,6,0.03
227,7,0.024
227,8,0.021
227,9,0.021
227,10,0.021
227,11,0.02
227,12,0.02
227,13,0.02
227,14,0.021
227,15,0.02
227,16,0.02
227,17,0.02
227,18,0.021
227,19,0.02
227,20,0.02
227,21,0.02
227,22,0.02
227,23,0.02
227,24,0.02
227,25,0.02
227,26,0.019
227,27,0.02
227,28,0.02
227,29,0.02
227,30,0.02
227,31,0.02
227,32,0.02
227,33,0.02
227,34,0.02
227,35,0.02
227,36,0.02
227,37,0.02
227,38,0.02
227,39,0.02
227,40,0.019
227,41,0.02
227,42,0.02
227,43,0.02
227,44,0.02
227,45,0.02
227,46,0.02
227,47,0.02
227,48,0.02
228,1,0.032
228,2,0.02
228,3,0.02
228,4,0.02
228,5,0.02
228,6,0.02
228,7,0.02
228,8,0.02
228,9,0.02
228,10,0.02
228,11,0.02
228,12,0.02
228,13,0.02
228,14,0.02
228,15,0.02
228,16,0.02
228,17,0.02
228,18,0.02
228,19,0.02
228,20,0.02
228,21,0.02
228,22,0.02
228,23,0.02
228,24,0.02
228,25,0.02
228,26,0.02
228,27,0.02
228,28,0.02
228,29,0.02
228,30,0.02
228,31,0.02
228,32,0.02
228,33,0.02
228,34,0.02
228,35,0.02
228,36,0.02
228,37,0.021
228,38,0.02
228,39,0.02
228,40,0.02
228,41,0.02
228,42,0.02
228,43,0.02
228,44,0.02
228,45,0.02
228,46,0.02
228,47,0.021
228,48,0.02
229,1,0.02
229,2,0.02
229,3,0.02
229,4,0.021
229,5,0.021
229,6,0.021
229,7,0.021
229,8,0.021
229,9,0.021
229,10,0.021
229,11,0.02
229,12,0.02
229,13,0.02
229,14,0.02
229,15,0.02
229,16,0.02
229,17,0.02
229,18,0.02
229,19,0.02
229,20,0.088
229,21,0.162
229,22,0.131
229,23,0.128
229,24,0.134
229,25,0.128
229,26,0.128
229,27,0.128
229,28,0.129
229,29,0.15
229,30,0.129
229,31,0.128
229,32,0.128
229,33,0.128
229,34,0.128
229,35,0.128
229,36,0.128
229,37,0.082
229,38,0.026
229,39,0.026
229,40,0.026
229,41,0.026
229,42,0.026
229,43,0.025
229,44,0.025
229,45,0.025
229,46,0.031
229,47,0.026
229,48,0.026
230,1,0.026
230,2,0.026
230,3,0.026
230,4,0.026
230,5,0.026
230,6,0.026
230,7,0.026
230,8,0.026
230,9,0.026
230,10,0.026
230,11,0.026
230,12,0.026
230,13,0.026
230,14,0.026
230,15,0.026
230,16,0.026
230,17,0.025
230,18,0.026
230,19,0.076
230,20,0.163
230,21,0.162
230,22,0.156
230,23,0.129
230,24,0.129
230,25,0.129
230,26,0.128
230,27,0.129
230,28,0.128
230,29,0.128
230,30,0.156
230,31,0.137
230,32,0.025
230,33,0.025
230,34,0.025
230,35,0.086
230,36,0.16
230,37,0.026
230,38,0.025
230,39,0.025
230,40,0.026
230,41,0.026
230,42,0.025
230,43,0.025
230,44,0.026
230,45,0.025
230,46,0.026
230,47,0.034
230,48,0.051
231,1,0.029
231,2,0.038
231,3,0.026
231,4,0.026
231,5,0.063
231,6,0.026
231,7,0.026
231,8,0.026
231,9,0.026
231,10,0.026
231,11,0.026
231,12,0.026
231,13,0.026
231,14,0.026
231,15,0.026
231,16,0.026
231,17,0.026
231,18,0.025
231,19,0.026
231,20,0.072
231,21,0.308
231,22,0.189
231,23,0.128
231,24,0.138
231,25,0.198
231,26,0.128
231,27,0.128
231,28,0.128
231,29,0.099
231,30,0.025
231,31,0.025
231,32,0.025
231,33,0.025
231,34,0.025
231,35,0.025
231,36,0.026
231,37,0.026
231,38,0.025
231,39,0.025
231,40,0.025
231,41,0.025
231,42,0.026
231,43,0.026
231,44,0.025
231,45,0.025
231,46,0.026
231,47,0.026
231,48,0.025
232,1,0.026
232,2,0.026
232,3,0.034
232,4,0.033
232,5,0.027
232,6,0.026
232,7,0.026
232,8,0.026
232,9,0.026
232,10,0.026
232,11,0.026
232,12,0.026
232,13,0.026
232,14,0.026
232,15,0.026
232,16,0.026
232,17,0.026
232,18,0.221
232,19,0.336
232,20,0.27
232,21,0.129
232,22,0.129
232,23,0.129
232,24,0.129
232,25,0.129
232,26,0.129
232,27,0.129
232,28,0.129
232,29,0.176
232,30,0.17
232,31,0.162
232,32,0.133
232,33,0.026
232,34,0.026
232,35,0.025
232,36,0.025
232,37,0.025
232,38,0.026
232,39,0.026
232,40,0.026
232,41,0.026
232,42,0.026
232,43,0.025
232,44,0.025
232,45,0.026
232,46,0.025
232,47,0.026
232,48,0.026
233,1,0.025
233,2,0.026
233,3,0.026
233,4,0.026
233,5,0.026
233,6,0.026
233,7,0.026
233,8,0.026
233,9,0.026
233,10,0.026
233,11,0.026
233,12,0.026
233,13,0.026
233,14,0.026
233,15,0.026
233,16,0.026
233,17,0.026
233,18,0.039
233,19,0.164
233,20,0.161
233,21,0.136
233,22,0.128
233,23,0.15
233,24,0.132
233,25,0.128
233,26,0.128
233,27,0.129
233,28,0.129
233,29,0.136
233,30,0.128
233,31,0.162
233,32,0.091
233,33,0.026
233,34,0.026
233,35,0.026
233,36,0.025
233,37,0.025
233,38,0.025
233,39,0.025
233,40,0.025
233,41,0.025
233,42,0.025
233,43,0.025
233,44,0.025
233,45,0.025
233,46,0.025
233,47,0.025
233,48,0.025
234,1,0.026
234,2,0.026
234,3,0.026
234,4,0.026
234,5,0.026
234,6,0.026
234,7,0.026
234,8,0.026
234,9,0.026
234,10,0.026
234,11,0.026
234,12,0.026
234,13,0.026
234,14,0.026
234,15,0.025
234,16,0.025
234,17,0.026
234,18,0.026
234,19,0.026
234,20,0.026
234,21,0.026
234,22,0.025
234,23,0.025
234,24,0.025
234,25,0.025
234,26,0.025
234,27,0.025
234,28,0.025
234,29,0.025
234,30,0.025
234,31,0.025
234,32,0.025
234,33,0.025
234,34,0.025
234,35,0.025
234,36,0.025
234,37,0.024
234,38,0.025
234,39,0.025
234,40,0.025
234,41,0.025
234,42,0.025
234,43,0.025
234,44,0.025
234,45,0.025
234,46,0.025
234,47,0.025
234,48,0.025
235,1,0.026
235,2,0.026
235,3,0.026
235,4,0.026
235,5,0.026
235,6,0.026
235,7,0.026
235,8,0.026
235,9,0.026
235,10,0.026
235,11,0.026
235,12,0.025
235,13,0.025
235,14,0.025
235,15,0.025
235,16,0.025
235,17,0.025
235,18,0.025
235,19,0.025
235,20,0.026
235,21,0.026
235,22,0.025
235,23,0.025
235,24,0.025
235,25,0.025
235,26,0.024
235,27,0.025
235,28,0.025
235,29,0.025
235,30,0.025
235,31,0.025
235,32,0.025
235,33,0.025
235,34,0.025
235,35,0.025
235,36,0.03
235,37,0.03
235,38,0.029
235,39,0.029
235,40,0.028
235,41,0.026
235,42,0.025
235,43,0.025
235,44,0.025
235,45,0.025
235,46,0.025
235,47,0.025
235,48,0.025
236,1,0.025
236,2,0.026
236,3,0.026
236,4,0.026
236,5,0.026
236,6,0.026
236,7,0.026
236,8,0.026
236,9,0.026
236,10,0.026
236,11,0.026
236,12,0.026
236,13,0.026
236,14,0.026
236,15,0.026
236,16,0.026
236,17,0.026
236,18,0.08
236,19,0.162
236,20,0.15
236,21,0.128
236,22,0.131
236,23,0.158
236,24,0.136
236,25,0.163
236,26,0.144
236,27,0.128
236,28,0.128
236,29,0.138
236,30,0.17
236,31,0.1
236,32,0.026
236,33,0.026
236,34,0.025
236,35,0.025
236,36,0.025
236,37,0.025
236,38,0.025
236,39,0.026
236,40,0.025
236,41,0.045
236,42,0.025
236,43,0.025
236,44,0.025
236,45,0.025
236,46,0.05
236,47,0.026
236,48,0.026
237,1,0.026
237,2,0.026
237,3,0.026
237,4,0.026
237,5,0.026
237,6,0.026
237,7,0.026
237,8,0.026
237,9,0.026
237,10,0.026
237,11,0.026
237,12,0.026
237,13,0.026
237,14,0.026
237,15,0.026
237,16,0.026
237,17,0.026
237,18,0.054
237,19,0.142
237,20,0.128
237,21,0.128
237,22,0.128
237,23,0.129
237,24,0.129
237,25,0.128
237,26,0.128
237,27,0.128
237,28,0.129
237,29,0.128
237,30,0.128
237,31,0.128
237,32,0.128
237,33,0.128
237,34,0.128
237,35,0.127
237,36,0.128
237,37,0.128
237,38,0.128
237,39,0.128
237,40,0.128
237,41,0.128
237,42,0.127
237,43,0.127
237,44,0.126
237,45,0.127
237,46,0.127
237,47,0.126
237,48,0.128
238,1,0.127
238,2,0.128
238,3,0.127
238,4,0.127
238,5,0.127
238,6,0.127
238,7,0.127
238,8,0.127
238,9,0.127
238,10,0.128
238,11,0.128
238,12,0.128
238,13,0.127
238,14,0.127
238,15,0.128
238,16,0.127
238,17,0.127
238,18,0.13
238,19,0.263
238,20,0.128
238,21,0.127
238,22,0.127
238,23,0.127
238,24,0.127
238,25,0.127
238,26,0.127
238,27,0.102
238,28,0.025
238,29,0.025
238,30,0.025
238,31,0.025
238,32,0.025
238,33,0.025
238,34,0.026
238,35,0.025
238,36,0.026
238,37,0.025
238,38,0.025
238,39,0.025
238,40,0.025
238,41,0.025
238,42,0.025
238,43,0.025
238,44,0.025
238,45,0.025
238,46,0.025
238,47,0.025
238,48,0.026
239,1,0.025
239,2,0.025
239,3,0.026
239,4,0.026
239,5,0.026
239,6,0.026
239,7,0.026
239,8,0.025
239,9,0.026
239,10,0.026
239,11,0.026
239,12,0.026
239,13,0.026
239,14,0.026
239,15,0.026
239,16,0.025
239,17,0.026
239,18,0.025
239,19,0.025
239,20,0.026
239,21,0.025
239,22,0.025
239,23,0.122
239,24,0.254
239,25,0.139
239,26,0.127
239,27,0.127
239,28,0.127
239,29,0.127
239,30,0.127
239,31,0.127
239,32,0.127
239,33,0.127
239,34,0.127
239,35,0.126
239,36,0.076
239,37,0.025
239,38,0.025
239,39,0.025
239,40,0.024
239,41,0.024
239,42,0.024
239,43,0.024
239,44,0.024
239,45,0.024
239,46,0.024
239,47,0.024
239,48,0.025
240,1,0.025
240,2,0.025
240,3,0.025
240,4,0.025
240,5,0.025
240,6,0.025
240,7,0.025
240,8,0.025
240,9,0.025
240,10,0.025
240,11,0.025
240,12,0.025
240,13,0.025
240,14,0.025
240,15,0.024
240,16,0.025
240,17,0.025
240,18,0.025
240,19,0.025
240,20,0.025
240,21,0.025
240,22,0.158
240,23,0.195
240,24,0.177
240,25,0.167
240,26,0.167
240,27,0.166
240,28,0.181
240,29,0.187
240,30,0.2
240,31,0.152
240,32,0.127
240,33,0.127
240,34,0.127
240,35,0.126
240,36,0.127
240,37,0.127
240,38,0.135
240,39,0.201
240,40,0.203
240,41,0.205
240,42,0.13
240,43,0.126
240,44,0.127
240,45,0.127
240,46,0.128
240,47,0.139
240,48,0.127
388,1,0.026
388,2,0.026
388,3,0.027
388,4,0.027
388,5,0.027
388,6,0.027
388,7,0.026
388,8,0.026
388,9,0.026
388,10,0.026
388,11,0.026
388,12,0.026
388,13,0.026
388,14,0.026
388,15,0.026
388,16,0.026
388,17,0.026
388,18,0.026
388,19,0.026
388,20,0.026
388,21,0.026
388,22,0.026
388,23,0.026
388,24,0.026
388,25,0.026
388,26,0.026
388,27,0.026
388,28,0.026
388,29,0.027
388,30,0.027
388,31,0.027
388,32,0.026
388,33,0.026
388,34,0.026
388,35,0.025
388,36,0.075
388,37,0.025
388,38,0.025
388,39,0.026
388,40,0.026
388,41,0.026
388,42,0.026
388,43,0.026
388,44,0.026
388,45,0.026
388,46,0.026
388,47,0.026
388,48,0.026
389,1,0.027
389,2,0.026
389,3,0.027
389,4,0.027
389,5,0.027
389,6,0.027
389,7,0.026
389,8,0.026
389,9,0.027
389,10,0.027
389,11,0.027
389,12,0.027
389,13,0.027
389,14,0.027
389,15,0.027
389,16,0.027
389,17,0.026
389,18,0.026
389,19,0.026
389,20,0.026
389,21,0.026
389,22,0.026
389,23,0.026
389,24,0.026
389,25,0.025
389,26,0.025
389,27,0.025
389,28,0.025
389,29,0.026
389,30,0.026
389,31,0.214
389,32,0.272
389,33,0.249
389,34,0.122
389,35,0.025
389,36,0.025
389,37,0.026
389,38,0.026
389,39,0.026
389,40,0.026
389,41,0.026
389,42,0.026
389,43,0.026
389,44,0.026
389,45,0.026
389,46,0.026
389,47,0.026
389,48,0.026
390,1,0.027
390,2,0.026
390,3,0.026
390,4,0.027
390,5,0.027
390,6,0.027
390,7,0.026
390,8,0.027
390,9,0.027
390,10,0.027
390,11,0.027
390,12,0.027
390,13,0.026
390,14,0.026
390,15,0.026
390,16,0.026
390,17,0.026
390,18,0.026
390,19,0.311
390,20,0.302
390,21,0.144
390,22,0.129
390,23,0.129
390,24,0.129
390,25,0.128
390,26,0.129
390,27,0.129
390,28,0.128
390,29,0.128
390,30,0.053
390,31,0.026
390,32,0.026
390,33,0.026
390,34,0.026
390,35,0.025
390,36,0.025
390,37,0.026
390,38,0.025
390,39,0.025
390,40,0.026
390,41,0.025
390,42,0.025
390,43,0.025
390,44,0.026
390,45,0.026
390,46,0.026
390,47,0.026
390,48,0.026
391,1,0.026
391,2,0.026
391,3,0.026
391,4,0.026
391,5,0.027
391,6,0.027
391,7,0.027
391,8,0.027
391,9,0.027
391,10,0.027
391,11,0.027
391,12,0.027
391,13,0.026
391,14,0.026
391,15,0.027
391,16,0.026
391,17,0.026
391,18,0.026
391,19,0.132
391,20,0.13
391,21,0.129
391,22,0.128
391,23,0.129
391,24,0.129
391,25,0.129
391,26,0.128
391,27,0.128
391,28,0.128
391,29,0.128
391,30,0.128
391,31,0.129
391,32,0.128
391,33,0.128
391,34,0.128
391,35,0.128
391,36,0.128
391,37,0.128
391,38,0.128
391,39,0.128
391,40,0.128
391,41,0.128
391,42,0.128
391,43,0.129
391,44,0.128
391,45,0.128
391,46,0.128
391,47,0.128
391,48,0.128
392,1,0.129
392,2,0.129
392,3,0.129
392,4,0.129
392,5,0.129
392,6,0.129
392,7,0.129
392,8,0.129
392,9,0.129
392,10,0.129
392,11,0.129
392,12,0.129
392,13,0.129
392,14,0.128
392,15,0.129
392,16,0.128
392,17,0.128
392,18,0.128
392,19,0.194
392,20,0.305
392,21,0.129
392,22,0.128
392,23,0.128
392,24,0.128
392,25,0.315
392,26,0.201
392,27,0.128
392,28,0.128
392,29,0.128
392,30,0.128
392,31,0.128
392,32,0.128
392,33,0.127
392,34,0.127
392,35,0.127
392,36,0.127
392,37,0.127
392,38,0.128
392,39,0.128
392,40,0.128
392,41,0.127
392,42,0.128
392,43,0.128
392,44,0.127
392,45,0.128
392,46,0.128
392,47,0.128
392,48,0.128
393,1,0.128
393,2,0.128
393,3,0.128
393,4,0.128
393,5,0.128
393,6,0.129
393,7,0.129
393,8,0.129
393,9,0.129
393,10,0.129
393,11,0.129
393,12,0.129
393,13,0.128
393,14,0.128
393,15,0.128
393,16,0.128
393,17,0.128
393,18,0.128
393,19,0.326
393,20,0.346
393,21,0.191
393,22,0.164
393,23,0.165
393,24,0.158
393,25,0.181
393,26,0.159
393,27,0.128
393,28,0.128
393,29,0.128
393,30,0.156
393,31,0.054
393,32,0.025
393,33,0.025
393,34,0.025
393,35,0.025
393,36,0.025
393,37,0.025
393,38,0.025
393,39,0.026
393,40,0.026
393,41,0.026
393,42,0.026
393,43,0.025
393,44,0.025
393,45,0.026
393,46,0.026
393,47,0.026
393,48,0.026
394,1,0.026
394,2,0.026
394,3,0.026
394,4,0.026
394,5,0.026
394,6,0.026
394,7,0.026
394,8,0.026
394,9,0.026
394,10,0.026
394,11,0.026
394,12,0.026
394,13,0.026
394,14,0.026
394,15,0.026
394,16,0.026
394,17,0.026
394,18,0.025
394,19,0.134
394,20,0.135
394,21,0.128
394,22,0.128
394,23,0.128
394,24,0.128
394,25,0.128
394,26,0.128
394,27,0.128
394,28,0.141
394,29,0.058
394,30,0.026
394,31,0.026
394,32,0.026
394,33,0.026
394,34,0.026
394,35,0.025
394,36,0.024
394,37,0.024
394,38,0.024
394,39,0.025
394,40,0.025
394,41,0.025
394,42,0.025
394,43,0.025
394,44,0.025
394,45,0.025
394,46,0.025
394,47,0.026
394,48,0.026
395,1,0.026
395,2,0.026
395,3,0.026
395,4,0.026
395,5,0.05
395,6,0.026
395,7,0.026
395,8,0.026
395,9,0.026
395,10,0.026
395,11,0.026
395,12,0.026
395,13,0.026
395,14,0.026
395,15,0.026
395,16,0.026
395,17,0.026
395,18,0.026
395,19,0.026
395,20,0.026
395,21,0.026
395,22,0.026
395,23,0.026
395,24,0.026
395,25,0.069
395,26,0.095
395,27,0.038
395,28,0.038
395,29,0.038
395,30,0.038
395,31,0.038
395,32,0.038
395,33,0.038
395,34,0.038
395,35,0.037
395,36,0.038
395,37,0.038
395,38,0.038
395,39,0.038
395,40,0.037
395,41,0.038
395,42,0.038
395,43,0.038
395,44,0.037
395,45,0.037
395,46,0.037
395,47,0.038
395,48,0.038
396,1,0.038
396,2,0.038
396,3,0.038
396,4,0.038
396,5,0.039
396,6,0.039
396,7,0.039
396,8,0.039
396,9,0.039
396,10,0.038
396,11,0.038
396,12,0.038
396,13,0.038
396,14,0.038
396,15,0.038
396,16,0.038
396,17,0.038
396,18,0.038
396,19,0.038
396,20,0.038
396,21,0.038
396,22,0.038
396,23,0.038
396,24,0.038
396,25,0.037
396,26,0.037
396,27,0.037
396,28,0.037
396,29,0.038
396,30,0.038
396,31,0.038
396,32,0.038
396,33,0.038
396,34,0.038
396,35,0.037
396,36,0.037
396,37,0.037
396,38,0.038
396,39,0.038
396,40,0.037
396,41,0.038
396,42,0.06
396,43,0.037
396,44,0.037
396,45,0.038
396,46,0.038
396,47,0.038
396,48,0.039
397,1,0.038
397,2,0.038
397,3,0.039
397,4,0.039
397,5,0.039
397,6,0.039
397,7,0.039
397,8,0.039
397,9,0.039
397,10,0.039
397,11,0.039
397,12,0.039
397,13,0.039
397,14,0.038
397,15,0.038
397,16,0.038
397,17,0.038
397,18,0.038
397,19,0.038
397,20,0.038
397,21,0.038
397,22,0.038
397,23,0.038
397,24,0.038
397,25,0.038
397,26,0.038
397,27,0.038
397,28,0.038
397,29,0.038
397,30,0.038
397,31,0.038
397,32,0.038
397,33,0.038
397,34,0.037
397,35,0.036
397,36,0.037
397,37,0.037
397,38,0.037
397,39,0.037
397,40,0.037
397,41,0.037
397,42,0.038
397,43,0.038
397,44,0.038
397,45,0.037
397,46,0.037
397,47,0.037
397,48,0.038
398,1,0.038
398,2,0.038
398,3,0.038
398,4,0.038
398,5,0.038
398,6,0.039
398,7,0.039
398,8,0.039
398,9,0.039
398,10,0.039
398,11,0.039
398,12,0.039
398,13,0.038
398,14,0.038
398,15,0.038
398,16,0.038
398,17,0.038
398,18,0.038
398,19,0.105
398,20,0.155
398,21,0.141
398,22,0.14
398,23,0.14
398,24,0.14
398,25,0.139
398,26,0.14
398,27,0.14
398,28,0.141
398,29,0.273
398,30,0.312
398,31,0.141
398,32,0.141
398,33,0.083
398,34,0.037
398,35,0.037
398,36,0.037
398,37,0.037
398,38,0.038
398,39,0.038
398,40,0.038
398,41,0.038
398,42,0.038
398,43,0.038
398,44,0.043
398,45,0.037
398,46,0.038
398,47,0.063
398,48,0.039
399,1,0.038
399,2,0.039
399,3,0.039
399,4,0.039
399,5,0.039
399,6,0.039
399,7,0.039
399,8,0.038
399,9,0.039
399,10,0.039
399,11,0.039
399,12,0.039
399,13,0.038
399,14,0.038
399,15,0.038
399,16,0.038
399,17,0.037
399,18,0.038
399,19,0.409
399,20,0.417
399,21,0.175
399,22,0.14
399,23,0.141
399,24,0.14
399,25,0.139
399,26,0.14
399,27,0.14
399,28,0.14
399,29,0.14
399,30,0.14
399,31,0.14
399,32,0.139
399,33,0.14
399,34,0.14
399,35,0.139
399,36,0.139
399,37,0.139
399,38,0.151
399,39,0.139
399,40,0.139
399,41,0.139
399,42,0.139
399,43,0.139
399,44,0.139
399,45,0.14
399,46,0.139
399,47,0.14
399,48,0.14
400,1,0.14
400,2,0.14
400,3,0.14
400,4,0.141
400,5,0.141
400,6,0.141
400,7,0.141
400,8,0.141
400,9,0.141
400,10,0.141
400,11,0.153
400,12,0.141
400,13,0.141
400,14,0.14
400,15,0.14
400,16,0.14
400,17,0.14
400,18,0.14
400,19,0.179
400,20,0.214
400,21,0.146
400,22,0.038
400,23,0.038
400,24,0.038
400,25,0.038
400,26,0.038
400,27,0.038
400,28,0.038
400,29,0.037
400,30,0.038
400,31,0.038
400,32,0.038
400,33,0.042
400,34,0.038
400,35,0.037
400,36,0.037
400,37,0.037
400,38,0.037
400,39,0.037
400,40,0.037
400,41,0.037
400,42,0.037
400,43,0.038
400,44,0.037
400,45,0.037
400,46,0.038
400,47,0.038
400,48,0.038
401,1,0.038
401,2,0.038
401,3,0.038
401,4,0.038
401,5,0.038
401,6,0.039
401,7,0.039
401,8,0.039
401,9,0.039
401,10,0.039
401,11,0.039
401,12,0.039
401,13,0.038
401,14,0.038
401,15,0.038
401,16,0.038
401,17,0.038
401,18,0.038
401,19,0.313
401,20,0.235
401,21,0.173
401,22,0.14
401,23,0.14
401,24,0.141
401,25,0.156
401,26,0.165
401,27,0.14
401,28,0.14
401,29,0.139
401,30,0.163
401,31,0.135
401,32,0.037
401,33,0.037
401,34,0.037
401,35,0.037
401,36,0.036
401,37,0.037
401,38,0.037
401,39,0.037
401,40,0.037
401,41,0.037
401,42,0.037
401,43,0.037
401,44,0.037
401,45,0.037
401,46,0.038
401,47,0.038
401,48,0.038
402,1,0.038
402,2,0.038
402,3,0.039
402,4,0.039
402,5,0.039
402,6,0.038
402,7,0.038
402,8,0.039
402,9,0.039
402,10,0.039
402,11,0.039
402,12,0.038
402,13,0.038
402,14,0.038
402,15,0.039
402,16,0.038
402,17,0.038
402,18,0.038
402,19,0.038
402,20,0.038
402,21,0.038
402,22,0.038
402,23,0.038
402,24,0.038
402,25,0.038
402,26,0.038
402,27,0.038
402,28,0.038
402,29,0.038
402,30,0.038
402,31,0.037
402,32,0.037
402,33,0.037
402,34,0.037
402,35,0.037
402,36,0.036
402,37,0.037
402,38,0.038
402,39,0.037
402,40,0.037
402,41,0.038
402,42,0.038
402,43,0.038
402,44,0.038
402,45,0.038
402,46,0.038
402,47,0.038
402,48,0.038
403,1,0.038
403,2,0.039
403,3,0.038
403,4,0.038
403,5,0.038
403,6,0.039
403,7,0.039
403,8,0.039
403,9,0.039
403,10,0.038
403,11,0.038
403,12,0.038
403,13,0.038
403,14,0.038
403,15,0.038
403,16,0.037
403,17,0.037
403,18,0.037
403,19,0.037
403,20,0.038
403,21,0.037
403,22,0.037
403,23,0.036
403,24,0.037
403,25,0.037
403,26,0.037
403,27,0.037
403,28,0.037
403,29,0.037
403,30,0.037
403,31,0.037
403,32,0.038
403,33,0.037
403,34,0.037
403,35,0.037
403,36,0.036
403,37,0.036
403,38,0.037
403,39,0.037
403,40,0.037
403,41,0.037
403,42,0.038
403,43,0.038
403,44,0.038
403,45,0.037
403,46,0.038
403,47,0.037
403,48,0.038
404,1,0.038
404,2,0.038
404,3,0.039
404,4,0.039
404,5,0.039
404,6,0.039
404,7,0.039
404,8,0.039
404,9,0.039
404,10,0.039
404,11,0.039
404,12,0.039
404,13,0.038
404,14,0.038
404,15,0.038
404,16,0.038
404,17,0.038
404,18,0.038
404,19,0.139
404,20,0.141
404,21,0.141
404,22,0.141
404,23,0.14
404,24,0.14
404,25,0.14
404,26,0.139
404,27,0.14
404,28,0.14
404,29,0.044
404,30,0.038
404,31,0.037
404,32,0.037
404,33,0.037
404,34,0.037
404,35,0.037
404,36,0.038
404,37,0.037
404,38,0.037
404,39,0.037
404,40,0.037
404,41,0.037
404,42,0.037
404,43,0.037
404,44,0.037
404,45,0.038
404,46,0.038
404,47,0.037
404,48,0.037
405,1,0.038
405,2,0.038
405,3,0.038
405,4,0.038
405,5,0.038
405,6,0.039
405,7,0.038
405,8,0.038
405,9,0.038
405,10,0.038
405,11,0.038
405,12,0.038
405,13,0.038
405,14,0.038
405,15,0.038
405,16,0.037
405,17,0.038
405,18,0.038
405,19,0.044
405,20,0.038
405,21,0.038
405,22,0.038
405,23,0.038
405,24,0.108
405,25,0.175
405,26,0.128
405,27,0.038
405,28,0.038
405,29,0.038
405,30,0.038
405,31,0.038
405,32,0.038
405,33,0.037
405,34,0.038
405,35,0.037
405,36,0.037
405,37,0.037
405,38,0.037
405,39,0.037
405,40,0.038
405,41,0.178
405,42,0.422
405,43,0.082
405,44,0.037
405,45,0.037
405,46,0.037
405,47,0.037
405,48,0.038
406,1,0.039
406,2,0.038
406,3,0.039
406,4,0.039
406,5,0.039
406,6,0.038
406,7,0.038
406,8,0.039
406,9,0.039
406,10,0.038
406,11,0.038
406,12,0.039
406,13,0.039
406,14,0.038
406,15,0.038
406,16,0.038
406,17,0.038
406,18,0.038
406,19,0.369
406,20,0.152
406,21,0.141
406,22,0.141
406,23,0.141
406,24,0.141
406,25,0.173
406,26,0.156
406,27,0.038
406,28,0.038
406,29,0.039
406,30,0.039
406,31,0.039
406,32,0.244
406,33,0.338
406,34,0.128
406,35,0.038
406,36,0.038
406,37,0.037
406,38,0.037
406,39,0.037
406,40,0.037
406,41,0.037
406,42,0.038
406,43,0.038
406,44,0.038
406,45,0.038
406,46,0.038
406,47,0.038
406,48,0.039
407,1,0.039
407,2,0.039
407,3,0.039
407,4,0.039
407,5,0.039
407,6,0.039
407,7,0.038
407,8,0.038
407,9,0.039
407,10,0.039
407,11,0.039
407,12,0.039
407,13,0.038
407,14,0.038
407,15,0.038
407,16,0.038
407,17,0.038
407,18,0.038
407,19,0.303
407,20,0.186
407,21,0.141
407,22,0.141
407,23,0.141
407,24,0.148
407,25,0.145
407,26,0.038
407,27,0.038
407,28,0.038
407,29,0.037
407,30,0.144
407,31,0.038
407,32,0.118
407,33,0.038
407,34,0.037
407,35,0.037
407,36,0.038
407,37,0.038
407,38,0.038
407,39,0.038
407,40,0.038
407,41,0.038
407,42,0.038
407,43,0.038
407,44,0.038
407,45,0.038
407,46,0.038
407,47,0.039
407,48,0.039
408,1,0.038
408,2,0.038
408,3,0.039
408,4,0.039
408,5,0.039
408,6,0.039
408,7,0.039
408,8,0.039
408,9,0.039
408,10,0.039
408,11,0.039
408,12,0.039
408,13,0.039
408,14,0.039
408,15,0.038
408,16,0.038
408,17,0.038
408,18,0.038
408,19,0.268
408,20,0.303
408,21,0.142
408,22,0.141
408,23,0.165
408,24,0.176
408,25,0.157
408,26,0.141
408,27,0.141
408,28,0.141
408,29,0.142
408,30,0.243
408,31,0.184
408,32,0.084
408,33,0.038
408,34,0.038
408,35,0.037
408,36,0.037
408,37,0.041
408,38,0.044
408,39,0.037
408,40,0.037
408,41,0.037
408,42,0.037
408,43,0.037
408,44,0.037
408,45,0.037
408,46,0.038
408,47,0.037
408,48,0.037
409,1,0.038
409,2,0.038
409,3,0.038
409,4,0.038
409,5,0.038
409,6,0.039
409,7,0.039
409,8,0.039
409,9,0.038
409,10,0.038
409,11,0.039
409,12,0.038
409,13,0.038
409,14,0.038
409,15,0.038
409,16,0.038
409,17,0.038
409,18,0.038
409,19,0.038
409,20,0.038
409,21,0.038
409,22,0.038
409,23,0.038
409,24,0.328
409,25,0.314
409,26,0.17
409,27,0.14
409,28,0.141
409,29,0.14
409,30,0.141
409,31,0.14
409,32,0.141
409,33,0.141
409,34,0.141
409,35,0.14
409,36,0.14
409,37,0.14
409,38,0.14
409,39,0.14
409,40,0.14
409,41,0.139
409,42,0.14
409,43,0.14
409,44,0.14
409,45,0.14
409,46,0.141
409,47,0.14
409,48,0.14
410,1,0.141
410,2,0.14
410,3,0.141
410,4,0.141
410,5,0.141
410,6,0.141
410,7,0.141
410,8,0.142
410,9,0.141
410,10,0.141
410,11,0.141
410,12,0.142
410,13,0.141
410,14,0.141
410,15,0.141
410,16,0.141
410,17,0.141
410,18,0.14
410,19,0.14
410,20,0.141
410,21,0.141
410,22,0.14
410,23,0.14
410,24,0.139
410,25,0.14
410,26,0.14
410,27,0.14
410,28,0.14
410,29,0.14
410,30,0.14
410,31,0.14
410,32,0.14
410,33,0.14
410,34,0.14
410,35,0.139
410,36,0.139
410,37,0.139
410,38,0.14
410,39,0.14
410,40,0.14
410,41,0.139
410,42,0.14
410,43,0.14
410,44,0.14
410,45,0.14
410,46,0.14
410,47,0.14
410,48,0.141
411,1,0.141
411,2,0.141
411,3,0.141
411,4,0.141
411,5,0.141
411,6,0.141
411,7,0.142
411,8,0.141
411,9,0.141
411,10,0.141
411,11,0.141
411,12,0.141
411,13,0.141
411,14,0.141
411,15,0.14
411,16,0.14
411,17,0.14
411,18,0.14
411,19,0.14
411,20,0.14
411,21,0.14
411,22,0.14
411,23,0.141
411,24,0.14
411,25,0.14
411,26,0.14
411,27,0.14
411,28,0.14
411,29,0.14
411,30,0.139
411,31,0.14
411,32,0.14
411,33,0.14
411,34,0.14
411,35,0.14
411,36,0.139
411,37,0.139
411,38,0.14
411,39,0.139
411,40,0.139
411,41,0.139
411,42,0.14
411,43,0.139
411,44,0.139
411,45,0.14
411,46,0.141
411,47,0.14
411,48,0.141
412,1,0.141
412,2,0.141
412,3,0.141
412,4,0.141
412,5,0.141
412,6,0.141
412,7,0.141
412,8,0.141
412,9,0.141
412,10,0.141
412,11,0.141
412,12,0.141
412,13,0.141
412,14,0.14
412,15,0.14
412,16,0.141
412,17,0.14
412,18,0.14
412,19,0.228
412,20,0.326
412,21,0.233
412,22,0.141
412,23,0.144
412,24,0.165
412,25,0.14
412,26,0.141
412,27,0.14
412,28,0.14
412,29,0.3
412,30,0.279
412,31,0.204
412,32,0.167
412,33,0.07
412,34,0.037
412,35,0.037
412,36,0.041
412,37,0.038
412,38,0.037
412,39,0.037
412,40,0.037
412,41,0.038
412,42,0.038
412,43,0.037
412,44,0.038
412,45,0.038
412,46,0.039
412,47,0.038
412,48,0.039
413,1,0.039
413,2,0.039
413,3,0.039
413,4,0.038
413,5,0.039
413,6,0.039
413,7,0.039
413,8,0.039
413,9,0.039
413,10,0.039
413,11,0.039
413,12,0.039
413,13,0.038
413,14,0.038
413,15,0.039
413,16,0.038
413,17,0.038
413,18,0.429
413,19,0.504
413,20,0.194
413,21,0.142
413,22,0.148
413,23,0.384
413,24,0.355
413,25,0.196
413,26,0.141
413,27,0.141
413,28,0.142
413,29,0.141
413,30,0.141
413,31,0.348
413,32,0.168
413,33,0.141
413,34,0.141
413,35,0.14
413,36,0.14
413,37,0.14
413,38,0.14
413,39,0.14
413,40,0.141
413,41,0.141
413,42,0.141
413,43,0.141
413,44,0.141
413,45,0.141
413,46,0.141
413,47,0.141
413,48,0.142
414,1,0.142
414,2,0.142
414,3,0.142
414,4,0.142
414,5,0.142
414,6,0.143
414,7,0.143
414,8,0.142
414,9,0.141
414,10,0.142
414,11,0.142
414,12,0.142
414,13,0.142
414,14,0.142
414,15,0.141
414,16,0.142
414,17,0.141
414,18,0.268
414,19,0.328
414,20,0.253
414,21,0.145
414,22,0.141
414,23,0.164
414,24,0.179
414,25,0.166
414,26,0.101
414,27,0.038
414,28,0.038
414,29,0.039
414,30,0.039
414,31,0.039
414,32,0.038
414,33,0.038
414,34,0.038
414,35,0.043
414,36,0.037
414,37,0.037
414,38,0.037
414,39,0.038
414,40,0.038
414,41,0.056
414,42,0.238
414,43,0.293
414,44,0.038
414,45,0.038
414,46,0.038
414,47,0.038
414,48,0.038
415,1,0.038
415,2,0.038
415,3,0.039
415,4,0.039
415,5,0.039
415,6,0.038
415,7,0.039
415,8,0.038
415,9,0.039
415,10,0.039
415,11,0.039
415,12,0.039
415,13,0.039
415,14,0.039
415,15,0.038
415,16,0.039
415,17,0.038
415,18,0.241
415,19,0.351
415,20,0.142
415,21,0.141
415,22,0.142
415,23,0.141
415,24,0.141
415,25,0.141
415,26,0.141
415,27,0.173
415,28,0.142
415,29,0.189
415,30,0.392
415,31,0.317
415,32,0.056
415,33,0.039
415,34,0.093
415,35,0.039
415,36,0.04
415,37,0.038
415,38,0.039
415,39,0.039
415,40,0.039
415,41,0.039
415,42,0.039
415,43,0.039
415,44,0.039
415,45,0.039
415,46,0.039
415,47,0.039
415,48,0.039
