213,1,0.151
213,2,0.139
213,3,0.131
213,4,0.059
213,5,0.131
213,6,0.146
213,7,0.149
213,8,0.144
213,9,0.085
213,10,0.076
213,11,0.153
213,12,0.152
213,13,0.138
213,14,0.078
213,15,0.083
213,16,0.392
213,17,0.143
213,18,0.08
213,19,0.086
213,20,0.146
213,21,0.149
213,22,0.139
213,23,0.089
213,24,0.073
213,25,0.162
213,26,0.144
213,27,0.152
213,28,0.484
213,29,0.147
213,30,0.885
213,31,0.231
213,32,2.232
213,33,4.992
213,34,2.914
213,35,4.48
213,36,0.88
213,37,1.202
213,38,6.654
213,39,2.519
213,40,0.667
213,41,0.905
213,42,0.468
213,43,0.564
213,44,1.152
213,45,0.991
213,46,1.001
213,47,0.897
213,48,0.828
214,1,0.822
214,2,0.511
214,3,0.169
214,4,0.141
214,5,0.154
214,6,0.15
214,7,0.122
214,8,0.068
214,9,0.111
214,10,0.159
214,11,0.154
214,12,0.143
214,13,0.154
214,14,0.14
214,15,0.151
214,16,0.149
214,17,0.077
214,18,0.076
214,19,0.383
214,20,2.421
214,21,1.783
214,22,1.733
214,23,1.945
214,24,2.166
214,25,1.74
214,26,3.446
214,27,1.744
214,28,0.629
214,29,1.97
214,30,1.457
214,31,5.559
214,32,0.439
214,33,0.299
214,34,0.244
214,35,0.248
214,36,0.225
214,37,0.142
214,38,0.153
214,39,0.139
214,40,0.076
214,41,0.093
214,42,0.159
214,43,0.142
214,44,2.276
214,45,0.838
214,46,0.789
214,47,0.471
214,48,0.156
215,1,0.14
215,2,0.151
215,3,0.148
215,4,0.141
215,5,0.091
215,6,0.057
215,7,0.165
215,8,0.148
215,9,0.146
215,10,0.151
215,11,0.138
215,12,0.12
215,13,0.058
215,14,0.121
215,15,0.11
215,16,0.119
215,17,0.117
215,18,0.215
215,19,2.369
215,20,2.222
215,21,1.737
215,22,1.718
215,23,1.962
215,24,4.096
215,25,2.908
215,26,0.549
215,27,1.562
215,28,0.883
215,29,1.824
215,30,0.298
215,31,0.218
215,32,0.256
215,33,0.159
215,34,0.138
215,35,0.136
215,36,3.417
215,37,2.096
215,38,0.213
215,39,0.138
215,40,0.295
215,41,0.294
215,42,0.297
215,43,0.554
215,44,0.653
215,45,0.734
215,46,0.648
215,47,0.614
215,48,0.356
216,1,0.133
216,2,0.053
216,3,0.097
216,4,0.153
216,5,0.14
216,6,0.139
216,7,0.139
216,8,0.157
216,9,0.155
216,10,0.098
216,11,0.067
216,12,0.133
216,13,0.141
216,14,0.138
216,15,0.141
216,16,0.149
216,17,0.447
216,18,0.093
216,19,0.198
216,20,0.221
216,21,0.378
216,22,1.463
216,23,1.354
216,24,3.031
216,25,1.844
216,26,3.816
216,27,1.279
216,28,0.283
216,29,0.687
216,30,0.522
216,31,1.969
216,32,1.579
216,33,1.048
216,34,0.199
216,35,0.219
216,36,2.447
216,37,0.455
216,38,0.19
216,39,1.944
216,40,3.629
216,41,0.171
216,42,0.056
216,43,0.627
216,44,0.458
216,45,0.743
216,46,0.736
216,47,0.161
216,48,0.086
217,1,0.106
217,2,0.164
217,3,0.16
217,4,0.159
217,5,0.168
217,6,0.158
217,7,0.157
217,8,0.155
217,9,0.136
217,10,0.071
217,11,0.107
217,12,0.157
217,13,0.155
217,14,0.154
217,15,0.155
217,16,0.153
217,17,0.481
217,18,0.085
217,19,0.07
217,20,0.164
217,21,0.354
217,22,0.894
217,23,0.342
217,24,2.272
217,25,2.602
217,26,3.283
217,27,1.016
217,28,0.167
217,29,2.205
217,30,1.808
217,31,1.414
217,32,0.188
217,33,0.686
217,34,0.228
217,35,0.264
217,36,0.466
217,37,0.153
217,38,0.139
217,39,0.072
217,40,0.138
217,41,0.496
217,42,0.313
217,43,0.154
217,44,0.145
217,45,0.156
217,46,0.831
217,47,0.444
217,48,0.141
218,1,0.151
218,2,0.153
218,3,0.153
218,4,0.141
218,5,0.153
218,6,0.154
218,7,0.133
218,8,0.071
218,9,0.102
218,10,0.154
218,11,0.152
218,12,0.138
218,13,0.151
218,14,0.12
218,15,0.069
218,16,0.122
218,17,0.466
218,18,0.208
218,19,0.136
218,20,2.188
218,21,2.126
218,22,3.081
218,23,3.286
218,24,3.778
218,25,4.308
218,26,4.427
218,27,2.977
218,28,0.843
218,29,0.522
218,30,1.612
218,31,1.67
218,32,0.227
218,33,0.151
218,34,0.151
218,35,0.155
218,36,2.033
218,37,1.763
218,38,4.016
218,39,0.16
218,40,2.403
218,41,1.008
218,42,0.257
218,43,0.265
218,44,0.314
218,45,0.692
218,46,0.68
218,47,0.874
218,48,0.463
219,1,0.154
219,2,0.148
219,3,0.143
219,4,0.153
219,5,0.143
219,6,0.145
219,7,0.113
219,8,0.059
219,9,0.143
219,10,0.157
219,11,0.15
219,12,0.152
219,13,0.15
219,14,0.139
219,15,0.15
219,16,0.062
219,17,0.416
219,18,0.159
219,19,0.141
219,20,0.08
219,21,0.087
219,22,0.157
219,23,0.537
219,24,1.767
219,25,2.398
219,26,2.134
219,27,0.809
219,28,0.188
219,29,3.672
219,30,1.457
219,31,1.231
219,32,0.318
219,33,4.29
219,34,0.41
219,35,0.474
219,36,0.536
219,37,3.277
219,38,0.258
219,39,2.828
219,40,0.692
219,41,2.066
219,42,0.449
219,43,0.416
219,44,1.008
219,45,0.825
219,46,0.583
219,47,0.746
219,48,0.284
220,1,0.149
220,2,0.155
220,3,0.153
220,4,0.144
220,5,0.153
220,6,0.152
220,7,0.14
220,8,0.153
220,9,0.151
220,10,0.058
220,11,0.098
220,12,0.161
220,13,0.143
220,14,0.153
220,15,0.151
220,16,0.107
220,17,0.351
220,18,0.161
220,19,0.146
220,20,0.154
220,21,0.144
220,22,0.131
220,23,0.07
220,24,0.121
220,25,0.152
220,26,0.377
220,27,0.161
220,28,1.451
220,29,1.954
220,30,2.294
220,31,3.244
220,32,3.423
220,33,3.202
220,34,3.918
220,35,1.337
220,36,0.887
220,37,1.453
220,38,6.826
220,39,0.834
220,40,0.24
220,41,0.554
220,42,0.885
220,43,0.489
220,44,0.43
220,45,0.774
220,46,0.319
220,47,0.16
220,48,0.157
221,1,0.155
221,2,0.143
221,3,0.154
221,4,0.153
221,5,0.087
221,6,0.099
221,7,0.161
221,8,0.146
221,9,0.155
221,10,0.15
221,11,0.142
221,12,0.114
221,13,0.066
221,14,0.155
221,15,0.154
221,16,0.149
221,17,0.454
221,18,0.102
221,19,0.08
221,20,0.161
221,21,0.153
221,22,0.344
221,23,1.814
221,24,1.454
221,25,2.294
221,26,3.114
221,27,2.041
221,28,0.207
221,29,0.482
221,30,0.276
221,31,0.444
221,32,0.44
221,33,1.854
221,34,1.492
221,35,0.618
221,36,0.434
221,37,2.092
221,38,1.193
221,39,1.506
221,40,0.295
221,41,0.32
221,42,0.313
221,43,0.494
221,44,0.59
221,45,0.701
221,46,0.219
221,47,0.161
221,48,0.199
222,1,0.221
222,2,0.142
222,3,0.149
222,4,0.071
222,5,0.099
222,6,0.159
222,7,0.156
222,8,0.14
222,9,0.15
222,10,0.15
222,11,0.137
222,12,0.07
222,13,0.092
222,14,0.148
222,15,0.155
222,16,0.154
222,17,0.443
222,18,0.164
222,19,0.136
222,20,0.226
222,21,0.234
222,22,0.369
222,23,0.846
222,24,3.098
222,25,2.994
222,26,4.171
222,27,1.526
222,28,0.527
222,29,0.193
222,30,2.328
222,31,1.923
222,32,1.074
222,33,0.311
222,34,0.115
222,35,0.185
222,36,0.309
222,37,0.157
222,38,0.141
222,39,0.365
222,40,0.095
222,41,0.164
222,42,0.286
222,43,0.633
222,44,0.557
222,45,0.606
222,46,0.159
222,47,0.157
222,48,0.149
223,1,0.153
223,2,0.149
223,3,0.063
223,4,0.113
223,5,0.155
223,6,0.149
223,7,0.155
223,8,0.149
223,9,0.146
223,10,0.134
223,11,0.07
223,12,0.114
223,13,0.158
223,14,0.152
223,15,0.139
223,16,0.185
223,17,0.353
223,18,0.121
223,19,0.38
223,20,0.217
223,21,0.228
223,22,0.143
223,23,0.703
223,24,1.388
223,25,1.788
223,26,3.862
223,27,1.136
223,28,0.64
223,29,2.23
223,30,0.968
223,31,1.492
223,32,0.293
223,33,0.153
223,34,0.152
223,35,0.361
223,36,2.116
223,37,0.093
223,38,0.163
223,39,0.822
223,40,2.831
223,41,2.044
223,42,0.95
223,43,0.32
223,44,0.315
223,45,0.803
223,46,0.918
223,47,0.297
223,48,0.249
224,1,0.16
224,2,0.152
224,3,0.147
224,4,0.162
224,5,0.144
224,6,0.142
224,7,0.149
224,8,0.062
224,9,0.093
224,10,0.159
224,11,0.144
224,12,0.149
224,13,0.151
224,14,0.138
224,15,0.152
224,16,0.153
224,17,0.47
224,18,0.184
224,19,0.135
224,20,0.174
224,21,0.237
224,22,0.38
224,23,0.406
224,24,2.933
224,25,2.582
224,26,3.871
224,27,2.345
224,28,1.978
224,29,0.36
224,30,2.019
224,31,0.92
224,32,1.321
224,33,0.129
224,34,0.069
224,35,0.77
224,36,1.534
224,37,0.285
224,38,0.153
224,39,1.796
224,40,2.566
224,41,0.261
224,42,0.327
224,43,0.762
224,44,0.776
224,45,0.816
224,46,0.524
224,47,0.152
224,48,0.119
225,1,0.07
225,2,0.139
225,3,0.166
225,4,0.153
225,5,0.143
225,6,0.154
225,7,0.154
225,8,0.145
225,9,0.151
225,10,0.154
225,11,0.152
225,12,0.141
225,13,0.117
225,14,0.07
225,15,0.12
225,16,0.155
225,17,0.487
225,18,0.144
225,19,0.674
225,20,2.454
225,21,2.089
225,22,2.264
225,23,3.665
225,24,3.045
225,25,4.28
225,26,3.824
225,27,0.512
225,28,1.417
225,29,2.256
225,30,0.992
225,31,1.373
225,32,0.297
225,33,0.138
225,34,0.152
225,35,0.073
225,36,0.102
225,37,3.503
225,38,2.364
225,39,1.9
225,40,0.27
225,41,0.814
225,42,0.322
225,43,0.676
225,44,0.782
225,45,0.775
225,46,0.864
225,47,0.431
225,48,0.154
226,1,0.147
226,2,0.151
226,3,0.151
226,4,0.149
226,5,0.144
226,6,0.154
226,7,0.154
226,8,0.149
226,9,0.146
226,10,0.154
226,11,0.154
226,12,0.076
226,13,0.061
226,14,0.161
226,15,0.157
226,16,0.149
226,17,0.505
226,18,0.153
226,19,0.158
226,20,0.118
226,21,0.071
226,22,0.411
226,23,1.012
226,24,3.719
226,25,5.741
226,26,3.594
226,27,1.188
226,28,0.469
226,29,1.064
226,30,0.159
226,31,0.303
226,32,0.313
226,33,0.58
226,34,1.589
226,35,1.852
226,36,1.532
226,37,0.538
226,38,0.08
226,39,2.864
226,40,0.727
226,41,0.309
226,42,2.397
226,43,4.141
226,44,1.103
226,45,1.016
226,46,1.0
226,47,0.855
226,48,0.635
227,1,0.157
227,2,0.146
227,3,0.149
227,4,0.154
227,5,0.154
227,6,0.143
227,7,0.154
227,8,0.155
227,9,0.153
227,10,0.14
227,11,0.153
227,12,0.152
227,13,0.152
227,14,0.139
227,15,0.153
227,16,0.419
227,17,0.134
227,18,0.065
227,19,0.094
227,20,0.158
227,21,0.148
227,22,0.156
227,23,0.155
227,24,0.149
227,25,0.144
227,26,0.301
227,27,0.361
227,28,0.159
227,29,1.325
227,30,2.479
227,31,1.973
227,32,2.544
227,33,3.707
227,34,3.137
227,35,4.577
227,36,1.87
227,37,0.231
227,38,2.097
227,39,4.006
227,40,1.56
227,41,0.525
227,42,0.424
227,43,0.72
227,44,1.481
227,45,2.468
227,46,1.766
227,47,1.118
227,48,0.155
228,1,0.155
228,2,0.156
228,3,0.145
228,4,0.15
228,5,0.153
228,6,0.152
228,7,0.153
228,8,0.096
228,9,0.064
228,10,0.12
228,11,0.16
228,12,0.156
228,13,0.154
228,14,0.147
228,15,0.148
228,16,0.153
228,17,0.153
228,18,1.97
228,19,1.495
228,20,1.444
228,21,1.368
228,22,1.733
228,23,2.347
228,24,3.332
228,25,0.245
228,26,1.115
228,27,6.025
228,28,1.978
228,29,0.989
228,30,0.075
228,31,0.107
228,32,0.149
228,33,0.156
228,34,0.154
228,35,0.153
228,36,0.148
228,37,0.464
228,38,0.152
228,39,0.77
228,40,0.337
228,41,0.333
228,42,0.281
228,43,0.592
228,44,0.869
228,45,0.806
228,46,0.546
228,47,0.46
228,48,0.473
229,1,0.449
229,2,0.381
229,3,0.177
229,4,0.354
229,5,0.153
229,6,0.076
229,7,0.075
229,8,0.165
229,9,0.157
229,10,0.142
229,11,0.154
229,12,0.153
229,13,0.15
229,14,0.141
229,15,0.151
229,16,0.153
229,17,0.472
229,18,0.886
229,19,0.287
229,20,0.228
229,21,0.232
229,22,0.748
229,23,1.219
229,24,1.887
229,25,3.426
229,26,3.335
229,27,1.72
229,28,0.198
229,29,1.735
229,30,1.151
229,31,1.197
229,32,2.17
229,33,0.297
229,34,0.208
229,35,1.781
229,36,2.019
229,37,0.294
229,38,0.465
229,39,4.192
229,40,0.324
229,41,0.188
229,42,0.359
229,43,0.641
229,44,1.048
229,45,0.877
229,46,0.577
229,47,0.153
229,48,0.147
230,1,0.162
230,2,0.153
230,3,0.154
230,4,0.154
230,5,0.153
230,6,0.105
230,7,0.072
230,8,0.132
230,9,0.172
230,10,0.153
230,11,0.145
230,12,0.154
230,13,0.159
230,14,0.152
230,15,0.145
230,16,0.148
230,17,0.516
230,18,0.195
230,19,0.219
230,20,0.215
230,21,0.738
230,22,0.288
230,23,0.775
230,24,1.624
230,25,3.05
230,26,4.399
230,27,0.293
230,28,0.072
230,29,0.158
230,30,0.158
230,31,0.149
230,32,0.149
230,33,0.154
230,34,0.153
230,35,0.627
230,36,2.323
230,37,1.731
230,38,0.361
230,39,0.16
230,40,0.209
230,41,2.657
230,42,0.45
230,43,0.867
230,44,0.888
230,45,0.756
230,46,0.396
230,47,0.12
230,48,0.167
231,1,0.163
231,2,0.151
231,3,0.147
231,4,0.154
231,5,0.153
231,6,0.148
231,7,0.146
231,8,0.153
231,9,0.154
231,10,0.147
231,11,0.146
231,12,0.153
231,13,0.152
231,14,0.122
231,15,0.067
231,16,0.1
231,17,0.476
231,18,0.195
231,19,0.225
231,20,0.217
231,21,0.134
231,22,0.874
231,23,1.888
231,24,2.533
231,25,3.818
231,26,4.644
231,27,0.774
231,28,2.249
231,29,1.854
231,30,0.905
231,31,1.18
231,32,0.301
231,33,0.301
231,34,0.207
231,35,1.042
231,36,1.433
231,37,0.151
231,38,0.204
231,39,4.148
231,40,1.873
231,41,0.399
231,42,1.084
231,43,0.81
231,44,0.837
231,45,0.85
231,46,0.567
231,47,0.102
231,48,0.163
232,1,0.157
232,2,0.146
232,3,0.156
232,4,0.152
232,5,0.148
232,6,0.145
232,7,0.154
232,8,0.154
232,9,0.147
232,10,0.149
232,11,0.155
232,12,0.154
232,13,0.14
232,14,0.152
232,15,0.151
232,16,0.148
232,17,0.462
232,18,0.192
232,19,0.14
232,20,0.156
232,21,0.232
232,22,0.343
232,23,0.439
232,24,1.886
232,25,5.403
232,26,3.384
232,27,0.923
232,28,0.578
232,29,2.54
232,30,0.715
232,31,1.476
232,32,0.204
232,33,1.135
232,34,1.392
232,35,0.295
232,36,1.245
232,37,0.559
232,38,0.062
232,39,0.267
232,40,3.894
232,41,2.7
232,42,0.734
232,43,0.84
232,44,1.124
232,45,1.303
232,46,0.876
232,47,0.191
232,48,0.152
233,1,0.15
233,2,0.118
233,3,0.071
233,4,0.129
233,5,0.152
233,6,0.175
233,7,0.181
233,8,0.178
233,9,0.151
233,10,0.145
233,11,0.143
233,12,0.15
233,13,0.119
233,14,0.066
233,15,0.128
233,16,0.462
233,17,0.153
233,18,0.14
233,19,0.147
233,20,0.091
233,21,0.069
233,22,0.159
233,23,0.143
233,24,0.151
233,25,0.191
233,26,0.56
233,27,0.89
233,28,0.239
233,29,1.522
233,30,2.611
233,31,2.361
233,32,2.075
233,33,2.206
233,34,2.178
233,35,1.551
233,36,1.227
233,37,3.045
233,38,1.678
233,39,0.266
233,40,4.85
233,41,0.402
233,42,0.5
233,43,1.13
233,44,1.087
233,45,0.861
233,46,0.728
233,47,0.101
233,48,0.168
234,1,0.144
234,2,0.151
234,3,0.148
234,4,0.142
234,5,0.148
234,6,0.057
234,7,0.106
234,8,0.157
234,9,0.139
234,10,0.15
234,11,0.137
234,12,0.129
234,13,0.059
234,14,0.118
234,15,0.594
234,16,0.158
234,17,0.102
234,18,0.063
234,19,0.141
234,20,0.156
234,21,0.146
234,22,0.147
234,23,0.154
234,24,0.14
234,25,0.151
234,26,0.414
234,27,0.658
234,28,0.861
234,29,2.472
234,30,2.69
234,31,1.996
234,32,2.279
234,33,2.182
234,34,3.994
234,35,2.185
234,36,0.85
234,37,1.847
234,38,1.706
234,39,0.752
234,40,0.29
234,41,0.14
234,42,0.517
234,43,0.802
234,44,0.676
234,45,0.739
234,46,0.821
234,47,0.625
234,48,0.2
235,1,0.156
235,2,0.143
235,3,0.153
235,4,0.153
235,5,0.144
235,6,0.15
235,7,0.153
235,8,0.149
235,9,0.086
235,10,0.071
235,11,0.157
235,12,0.147
235,13,0.156
235,14,0.155
235,15,0.142
235,16,0.153
235,17,0.151
235,18,1.834
235,19,2.13
235,20,1.804
235,21,1.758
235,22,6.357
235,23,3.471
235,24,2.901
235,25,0.83
235,26,1.121
235,27,1.397
235,28,1.781
235,29,0.495
235,30,0.257
235,31,0.28
235,32,0.313
235,33,0.31
235,34,0.275
235,35,0.103
235,36,0.142
235,37,0.146
235,38,0.15
235,39,0.152
235,40,0.149
235,41,2.035
235,42,0.269
235,43,0.511
235,44,0.5
235,45,0.571
235,46,0.511
235,47,0.488
235,48,0.634
236,1,0.456
236,2,0.177
236,3,0.094
236,4,0.301
236,5,0.159
236,6,0.162
236,7,0.141
236,8,0.151
236,9,0.143
236,10,0.082
236,11,0.071
236,12,0.151
236,13,0.153
236,14,0.141
236,15,0.15
236,16,0.13
236,17,0.387
236,18,0.178
236,19,0.217
236,20,0.209
236,21,0.793
236,22,0.255
236,23,0.598
236,24,3.932
236,25,3.237
236,26,3.248
236,27,3.036
236,28,1.566
236,29,1.098
236,30,1.24
236,31,2.29
236,32,0.253
236,33,0.198
236,34,0.901
236,35,0.263
236,36,3.458
236,37,0.164
236,38,0.754
236,39,0.222
236,40,0.201
236,41,0.679
236,42,4.667
236,43,1.239
236,44,1.602
236,45,0.834
236,46,0.541
236,47,0.147
236,48,0.146
237,1,0.162
237,2,0.119
237,3,0.07
237,4,0.143
237,5,0.156
237,6,0.142
237,7,0.152
237,8,0.15
237,9,0.14
237,10,0.141
237,11,0.062
237,12,0.101
237,13,0.157
237,14,0.141
237,15,0.152
237,16,0.145
237,17,0.454
237,18,0.739
237,19,0.287
237,20,0.274
237,21,0.202
237,22,0.99
237,23,1.598
237,24,1.867
237,25,3.488
237,26,2.754
237,27,0.865
237,28,2.326
237,29,1.895
237,30,0.908
237,31,1.968
237,32,0.311
237,33,0.287
237,34,0.155
237,35,0.215
237,36,2.156
237,37,0.172
237,38,0.122
237,39,0.29
237,40,1.723
237,41,0.267
237,42,0.324
237,43,0.807
237,44,0.804
237,45,0.831
237,46,0.803
237,47,0.583
237,48,0.15
238,1,0.133
238,2,0.131
238,3,0.118
238,4,0.127
238,5,0.117
238,6,0.066
238,7,0.076
238,8,0.124
238,9,0.128
238,10,0.126
238,11,0.126
238,12,0.057
238,13,0.057
238,14,0.136
238,15,0.127
238,16,0.119
238,17,0.451
238,18,0.099
238,19,0.25
238,20,0.182
238,21,0.119
238,22,0.3
238,23,0.15
238,24,2.612
238,25,2.362
238,26,2.01
238,27,0.58
238,28,0.16
238,29,1.713
238,30,1.114
238,31,2.265
238,32,0.214
238,33,0.152
238,34,0.114
238,35,0.069
238,36,0.149
238,37,4.567
238,38,0.9
238,39,0.251
238,40,2.152
238,41,2.542
238,42,1.283
238,43,0.896
238,44,0.92
238,45,0.863
238,46,0.961
238,47,0.887
238,48,0.238
239,1,0.152
239,2,0.139
239,3,0.082
239,4,0.121
239,5,0.148
239,6,0.156
239,7,0.155
239,8,0.142
239,9,0.152
239,10,0.119
239,11,0.057
239,12,0.143
239,13,0.155
239,14,0.143
239,15,0.153
239,16,0.09
239,17,0.408
239,18,0.344
239,19,0.689
239,20,4.794
239,21,2.961
239,22,2.636
239,23,1.867
239,24,5.412
239,25,5.038
239,26,3.687
239,27,0.264
239,28,0.153
239,29,0.139
239,30,0.071
239,31,0.126
239,32,0.145
239,33,0.805
239,34,0.996
239,35,2.444
239,36,2.869
239,37,0.351
239,38,0.656
239,39,1.277
239,40,1.522
239,41,0.615
239,42,0.419
239,43,0.912
239,44,1.048
239,45,1.1
239,46,0.924
239,47,0.498
239,48,0.07
240,1,0.155
240,2,0.145
240,3,0.154
240,4,0.148
240,5,0.146
240,6,0.153
240,7,0.162
240,8,0.066
240,9,0.118
240,10,0.146
240,11,0.155
240,12,0.111
240,13,0.12
240,14,0.104
240,15,0.044
240,16,0.091
240,17,0.441
240,18,0.304
240,19,0.099
240,20,0.085
240,21,0.149
240,22,1.525
240,23,2.014
240,24,1.872
240,25,2.792
240,26,2.989
240,27,0.893
240,28,0.946
240,29,1.854
240,30,0.789
240,31,1.069
240,32,0.155
240,33,0.735
240,34,0.678
240,35,1.826
240,36,0.576
240,37,1.124
240,38,0.996
240,39,0.13
240,40,3.963
240,41,1.995
240,42,0.797
240,43,0.678
240,44,0.997
240,45,1.065
240,46,0.596
240,47,0.147
240,48,0.156
388,1,0.147
388,2,0.094
388,3,0.089
388,4,0.149
388,5,0.093
388,6,0.085
388,7,0.147
388,8,0.078
388,9,0.088
388,10,0.146
388,11,0.054
388,12,0.128
388,13,0.104
388,14,0.065
388,15,0.167
388,16,0.263
388,17,2.18
388,18,0.923
388,19,0.055
388,20,0.128
388,21,0.102
388,22,0.069
388,23,0.147
388,24,0.065
388,25,0.1
388,26,0.126
388,27,0.091
388,28,0.79
388,29,1.33
388,30,0.524
388,31,0.215
388,32,2.406
388,33,2.836
388,34,2.608
388,35,3.391
388,36,0.395
388,37,0.816
388,38,1.079
388,39,1.604
388,40,1.46
388,41,0.869
388,42,2.731
388,43,2.857
388,44,1.408
388,45,0.737
388,46,0.783
388,47,0.436
388,48,0.152
389,1,0.094
389,2,0.083
389,3,0.15
389,4,0.142
389,5,0.062
389,6,0.125
389,7,0.142
389,8,0.079
389,9,0.091
389,10,0.156
389,11,0.098
389,12,0.07
389,13,0.148
389,14,0.09
389,15,0.086
389,16,0.165
389,17,0.078
389,18,0.089
389,19,1.451
389,20,2.011
389,21,1.578
389,22,1.908
389,23,8.628
389,24,3.198
389,25,0.37
389,26,0.165
389,27,1.374
389,28,1.054
389,29,1.911
389,30,0.068
389,31,0.135
389,32,0.143
389,33,0.098
389,34,0.19
389,35,0.593
389,36,0.475
389,37,0.392
389,38,0.444
389,39,1.796
389,40,1.478
389,41,0.779
389,42,0.618
389,43,0.491
389,44,0.444
389,45,0.816
389,46,0.757
389,47,0.286
389,48,0.142
390,1,0.136
390,2,0.055
390,3,0.119
390,4,0.151
390,5,0.069
390,6,0.099
390,7,0.143
390,8,0.074
390,9,0.088
390,10,0.153
390,11,0.085
390,12,0.078
390,13,0.145
390,14,0.086
390,15,0.067
390,16,0.216
390,17,0.555
390,18,0.167
390,19,0.267
390,20,0.154
390,21,0.207
390,22,1.672
390,23,1.979
390,24,1.349
390,25,1.232
390,26,3.301
390,27,1.138
390,28,0.202
390,29,0.367
390,30,3.172
390,31,1.474
390,32,0.844
390,33,0.426
390,34,0.357
390,35,1.433
390,36,1.793
390,37,0.875
390,38,1.093
390,39,0.834
390,40,0.724
390,41,1.322
390,42,2.063
390,43,2.156
390,44,1.969
390,45,0.305
390,46,0.113
390,47,0.268
390,48,0.112
391,1,0.056
391,2,0.149
391,3,0.109
391,4,0.056
391,5,0.15
391,6,0.106
391,7,0.054
391,8,0.137
391,9,0.105
391,10,0.054
391,11,0.137
391,12,0.091
391,13,0.061
391,14,0.152
391,15,0.076
391,16,0.076
391,17,2.441
391,18,0.326
391,19,0.237
391,20,0.194
391,21,0.486
391,22,1.412
391,23,1.544
391,24,2.97
391,25,4.126
391,26,4.074
391,27,0.83
391,28,0.099
391,29,0.163
391,30,3.167
391,31,1.357
391,32,0.829
391,33,0.29
391,34,0.395
391,35,1.606
391,36,1.318
391,37,0.64
391,38,1.072
391,39,0.549
391,40,1.04
391,41,1.581
391,42,1.674
391,43,1.819
391,44,1.844
391,45,1.255
391,46,0.151
391,47,0.153
391,48,0.09
392,1,0.083
392,2,0.15
392,3,0.105
392,4,0.054
392,5,0.15
392,6,0.122
392,7,0.055
392,8,0.128
392,9,0.119
392,10,0.057
392,11,0.138
392,12,0.11
392,13,0.054
392,14,0.136
392,15,0.094
392,16,0.067
392,17,2.271
392,18,0.181
392,19,0.215
392,20,0.415
392,21,0.276
392,22,0.346
392,23,0.16
392,24,1.624
392,25,2.782
392,26,3.269
392,27,0.852
392,28,0.109
392,29,2.22
392,30,1.162
392,31,1.343
392,32,0.275
392,33,0.362
392,34,0.442
392,35,1.689
392,36,2.049
392,37,0.566
392,38,0.897
392,39,5.83
392,40,3.506
392,41,1.6
392,42,1.779
392,43,1.979
392,44,1.801
392,45,0.726
392,46,0.233
392,47,0.192
392,48,0.209
393,1,0.195
393,2,0.143
393,3,0.071
393,4,0.099
393,5,0.144
393,6,0.126
393,7,0.055
393,8,0.121
393,9,0.145
393,10,0.075
393,11,0.076
393,12,0.147
393,13,0.104
393,14,0.058
393,15,0.143
393,16,0.135
393,17,0.514
393,18,0.218
393,19,0.277
393,20,0.333
393,21,0.369
393,22,1.862
393,23,2.234
393,24,2.168
393,25,3.042
393,26,3.718
393,27,0.995
393,28,0.93
393,29,1.369
393,30,1.421
393,31,2.064
393,32,0.087
393,33,0.077
393,34,0.316
393,35,0.871
393,36,1.536
393,37,0.707
393,38,1.077
393,39,0.857
393,40,1.772
393,41,2.895
393,42,2.11
393,43,1.827
393,44,1.875
393,45,1.826
393,46,1.778
393,47,0.472
393,48,0.139
394,1,0.141
394,2,0.124
394,3,0.061
394,4,0.131
394,5,0.151
394,6,0.104
394,7,0.064
394,8,0.155
394,9,0.121
394,10,0.055
394,11,0.124
394,12,0.151
394,13,0.057
394,14,0.1
394,15,0.144
394,16,0.085
394,17,0.47
394,18,0.182
394,19,0.338
394,20,1.311
394,21,0.328
394,22,0.285
394,23,0.502
394,24,3.374
394,25,2.512
394,26,2.793
394,27,0.466
394,28,1.091
394,29,2.238
394,30,2.056
394,31,2.339
394,32,3.056
394,33,0.344
394,34,0.486
394,35,1.29
394,36,2.883
394,37,0.781
394,38,0.846
394,39,7.557
394,40,4.648
394,41,3.106
394,42,1.731
394,43,1.655
394,44,2.569
394,45,1.997
394,46,1.932
394,47,1.182
394,48,0.749
395,1,0.157
395,2,0.141
395,3,0.064
395,4,0.112
395,5,0.145
395,6,0.093
395,7,0.065
395,8,0.16
395,9,0.132
395,10,0.056
395,11,0.118
395,12,0.155
395,13,0.058
395,14,0.103
395,15,0.142
395,16,0.059
395,17,0.446
395,18,0.145
395,19,0.064
395,20,0.097
395,21,0.145
395,22,0.088
395,23,0.087
395,24,0.147
395,25,0.083
395,26,0.084
395,27,0.721
395,28,2.298
395,29,0.964
395,30,0.346
395,31,0.765
395,32,2.386
395,33,2.48
395,34,2.642
395,35,0.131
395,36,0.466
395,37,0.375
395,38,0.908
395,39,0.862
395,40,2.032
395,41,1.699
395,42,2.459
395,43,0.569
395,44,0.563
395,45,0.76
395,46,0.7
395,47,0.74
395,48,0.226
396,1,0.066
396,2,0.105
396,3,0.142
396,4,0.079
396,5,0.079
396,6,0.155
396,7,0.087
396,8,0.073
396,9,0.147
396,10,0.093
396,11,0.064
396,12,0.149
396,13,0.09
396,14,0.076
396,15,0.15
396,16,0.08
396,17,0.074
396,18,0.603
396,19,2.504
396,20,1.77
396,21,1.79
396,22,6.72
396,23,4.326
396,24,1.836
396,25,0.269
396,26,1.945
396,27,0.913
396,28,1.606
396,29,0.09
396,30,0.068
396,31,0.155
396,32,0.118
396,33,0.056
396,34,0.138
396,35,0.223
396,36,0.649
396,37,0.584
396,38,0.46
396,39,1.241
396,40,1.147
396,41,0.767
396,42,0.497
396,43,0.452
396,44,0.366
396,45,0.445
396,46,0.616
396,47,0.597
396,48,0.529
397,1,0.502
397,2,0.218
397,3,0.068
397,4,0.133
397,5,0.145
397,6,0.068
397,7,0.078
397,8,0.143
397,9,0.08
397,10,0.059
397,11,0.147
397,12,0.098
397,13,0.057
397,14,0.141
397,15,0.097
397,16,0.074
397,17,1.408
397,18,0.48
397,19,0.182
397,20,0.24
397,21,0.178
397,22,0.571
397,23,1.042
397,24,1.378
397,25,0.94
397,26,2.804
397,27,1.047
397,28,0.128
397,29,2.699
397,30,1.103
397,31,1.125
397,32,0.143
397,33,0.594
397,34,0.293
397,35,1.444
397,36,1.184
397,37,0.542
397,38,0.883
397,39,1.021
397,40,0.997
397,41,1.558
397,42,1.74
397,43,1.952
397,44,1.72
397,45,0.289
397,46,0.073
397,47,0.161
397,48,0.147
398,1,0.103
398,2,0.062
398,3,0.139
398,4,0.122
398,5,0.056
398,6,0.117
398,7,0.136
398,8,0.055
398,9,0.098
398,10,0.149
398,11,0.07
398,12,0.082
398,13,0.145
398,14,0.076
398,15,0.066
398,16,0.211
398,17,0.527
398,18,0.14
398,19,0.256
398,20,0.313
398,21,0.415
398,22,1.385
398,23,1.019
398,24,1.251
398,25,1.901
398,26,2.34
398,27,0.754
398,28,0.088
398,29,0.744
398,30,1.659
398,31,0.441
398,32,0.666
398,33,0.332
398,34,0.19
398,35,0.275
398,36,0.744
398,37,0.842
398,38,1.449
398,39,1.236
398,40,1.925
398,41,2.063
398,42,1.878
398,43,0.862
398,44,0.55
398,45,0.211
398,46,0.152
398,47,0.056
398,48,0.104
399,1,0.155
399,2,0.107
399,3,0.056
399,4,0.139
399,5,0.152
399,6,0.059
399,7,0.093
399,8,0.142
399,9,0.098
399,10,0.058
399,11,0.145
399,12,0.124
399,13,0.054
399,14,0.121
399,15,0.147
399,16,0.117
399,17,0.515
399,18,0.183
399,19,0.137
399,20,0.338
399,21,0.33
399,22,1.474
399,23,0.467
399,24,2.48
399,25,2.966
399,26,2.223
399,27,0.941
399,28,0.943
399,29,2.6
399,30,1.021
399,31,1.541
399,32,0.159
399,33,0.148
399,34,0.319
399,35,1.555
399,36,2.855
399,37,0.981
399,38,0.741
399,39,0.834
399,40,2.374
399,41,4.392
399,42,1.628
399,43,1.802
399,44,1.797
399,45,0.774
399,46,0.164
399,47,0.147
399,48,0.117
400,1,0.056
400,2,0.143
400,3,0.154
400,4,0.085
400,5,0.077
400,6,0.147
400,7,0.133
400,8,0.056
400,9,0.129
400,10,0.141
400,11,0.072
400,12,0.1
400,13,0.142
400,14,0.084
400,15,0.072
400,16,0.484
400,17,0.159
400,18,0.095
400,19,0.144
400,20,0.065
400,21,0.099
400,22,0.143
400,23,0.066
400,24,0.632
400,25,1.636
400,26,1.497
400,27,0.751
400,28,0.202
400,29,2.161
400,30,1.231
400,31,1.896
400,32,2.242
400,33,1.902
400,34,2.164
400,35,2.342
400,36,1.225
400,37,0.409
400,38,0.984
400,39,2.924
400,40,1.307
400,41,1.335
400,42,1.488
400,43,1.709
400,44,1.805
400,45,0.95
400,46,0.616
400,47,0.358
400,48,0.142
401,1,0.112
401,2,0.07
401,3,0.148
401,4,0.142
401,5,0.076
401,6,0.105
401,7,0.145
401,8,0.074
401,9,0.102
401,10,0.147
401,11,0.077
401,12,0.089
401,13,0.143
401,14,0.08
401,15,0.094
401,16,0.142
401,17,0.445
401,18,0.445
401,19,3.138
401,20,1.508
401,21,2.817
401,22,3.301
401,23,2.524
401,24,2.232
401,25,4.597
401,26,4.045
401,27,0.6
401,28,0.15
401,29,0.073
401,30,0.088
401,31,0.143
401,32,0.093
401,33,0.083
401,34,0.145
401,35,0.073
401,36,1.663
401,37,2.923
401,38,0.881
401,39,3.583
401,40,2.194
401,41,2.725
401,42,0.951
401,43,1.608
401,44,2.621
401,45,2.0
401,46,1.952
401,47,1.086
401,48,0.64
402,1,0.24
402,2,0.155
402,3,0.055
402,4,0.121
402,5,0.146
402,6,0.072
402,7,0.099
402,8,0.149
402,9,0.07
402,10,0.098
402,11,0.155
402,12,0.058
402,13,0.11
402,14,0.131
402,15,0.059
402,16,0.133
402,17,0.4
402,18,0.072
402,19,0.154
402,20,0.059
402,21,0.109
402,22,0.157
402,23,0.059
402,24,0.13
402,25,0.148
402,26,1.191
402,27,0.424
402,28,0.776
402,29,0.448
402,30,0.187
402,31,1.822
402,32,2.865
402,33,2.16
402,34,3.711
402,35,0.974
402,36,0.47
402,37,0.456
402,38,0.672
402,39,3.837
402,40,8.398
402,41,2.678
402,42,1.072
402,43,0.605
402,44,0.551
402,45,0.613
402,46,0.691
402,47,0.528
402,48,0.247
403,1,0.107
403,2,0.286
403,3,0.151
403,4,0.058
403,5,0.115
403,6,0.155
403,7,0.098
403,8,0.07
403,9,0.158
403,10,0.13
403,11,0.056
403,12,0.124
403,13,0.153
403,14,0.132
403,15,0.587
403,16,0.357
403,17,0.102
403,18,0.099
403,19,0.143
403,20,2.989
403,21,1.961
403,22,3.069
403,23,4.085
403,24,4.987
403,25,1.565
403,26,0.172
403,27,0.088
403,28,0.922
403,29,1.47
403,30,1.956
403,31,0.086
403,32,0.148
403,33,0.139
403,34,0.068
403,35,0.119
403,36,0.142
403,37,1.105
403,38,1.057
403,39,1.806
403,40,0.676
403,41,0.575
403,42,0.612
403,43,1.367
403,44,0.483
403,45,0.459
403,46,0.583
403,47,0.514
403,48,0.492
404,1,0.227
404,2,0.097
404,3,0.058
404,4,0.159
404,5,0.141
404,6,0.056
404,7,0.12
404,8,0.143
404,9,0.074
404,10,0.103
404,11,0.145
404,12,0.068
404,13,0.099
404,14,0.15
404,15,0.075
404,16,0.088
404,17,0.554
404,18,0.133
404,19,0.132
404,20,0.865
404,21,1.592
404,22,1.172
404,23,0.295
404,24,1.204
404,25,1.618
404,26,2.382
404,27,2.178
404,28,0.157
404,29,2.056
404,30,2.209
404,31,1.676
404,32,0.197
404,33,0.086
404,34,0.223
404,35,1.256
404,36,1.868
404,37,0.591
404,38,1.054
404,39,1.954
404,40,1.464
404,41,1.723
404,42,1.883
404,43,1.934
404,44,1.7
404,45,0.381
404,46,0.166
404,47,0.279
404,48,0.159
405,1,0.096
405,2,0.095
405,3,0.164
405,4,0.114
405,5,0.095
405,6,0.166
405,7,0.105
405,8,0.091
405,9,0.167
405,10,0.12
405,11,0.089
405,12,0.167
405,13,0.104
405,14,0.091
405,15,0.163
405,16,0.092
405,17,0.501
405,18,0.258
405,19,0.149
405,20,0.152
405,21,0.985
405,22,0.868
405,23,1.32
405,24,2.349
405,25,2.545
405,26,2.853
405,27,1.391
405,28,0.485
405,29,1.582
405,30,1.557
405,31,2.433
405,32,1.19
405,33,0.214
405,34,0.24
405,35,0.351
405,36,0.588
405,37,0.395
405,38,0.565
405,39,1.289
405,40,1.26
405,41,1.972
405,42,1.961
405,43,1.848
405,44,1.522
405,45,0.707
405,46,0.112
405,47,0.122
405,48,0.137
406,1,0.055
406,2,0.122
406,3,0.12
406,4,0.056
406,5,0.139
406,6,0.11
406,7,0.056
406,8,0.145
406,9,0.093
406,10,0.066
406,11,0.149
406,12,0.077
406,13,0.081
406,14,0.143
406,15,0.054
406,16,0.074
406,17,1.797
406,18,0.674
406,19,0.316
406,20,0.406
406,21,1.363
406,22,0.209
406,23,0.253
406,24,2.392
406,25,2.826
406,26,2.756
406,27,1.35
406,28,0.959
406,29,0.893
406,30,0.946
406,31,1.614
406,32,1.847
406,33,0.238
406,34,0.318
406,35,0.657
406,36,3.005
406,37,0.492
406,38,0.656
406,39,0.835
406,40,1.04
406,41,1.49
406,42,1.492
406,43,1.613
406,44,1.754
406,45,1.248
406,46,0.315
406,47,0.214
406,48,0.055
407,1,0.139
407,2,0.113
407,3,0.065
407,4,0.148
407,5,0.073
407,6,0.099
407,7,0.132
407,8,0.056
407,9,0.13
407,10,0.1
407,11,0.071
407,12,0.146
407,13,0.054
407,14,0.121
407,15,0.093
407,16,0.068
407,17,2.085
407,18,0.844
407,19,0.347
407,20,1.367
407,21,3.011
407,22,4.361
407,23,3.829
407,24,1.848
407,25,4.093
407,26,3.818
407,27,0.26
407,28,0.146
407,29,0.151
407,30,0.079
407,31,0.097
407,32,0.154
407,33,1.106
407,34,0.454
407,35,1.019
407,36,1.636
407,37,0.628
407,38,1.112
407,39,2.98
407,40,2.055
407,41,3.592
407,42,1.607
407,43,1.795
407,44,1.821
407,45,0.988
407,46,0.191
407,47,0.078
407,48,0.115
408,1,0.143
408,2,0.057
408,3,0.117
408,4,0.144
408,5,0.057
408,6,0.132
408,7,0.092
408,8,0.085
408,9,0.137
408,10,0.064
408,11,0.131
408,12,0.087
408,13,0.078
408,14,0.145
408,15,0.055
408,16,0.111
408,17,1.858
408,18,0.564
408,19,0.416
408,20,1.481
408,21,0.834
408,22,2.449
408,23,2.711
408,24,1.67
408,25,2.128
408,26,3.579
408,27,0.669
408,28,0.654
408,29,1.789
408,30,1.632
408,31,0.603
408,32,0.128
408,33,1.465
408,34,0.433
408,35,0.664
408,36,1.556
408,37,2.307
408,38,1.003
408,39,1.703
408,40,7.229
408,41,4.476
408,42,1.917
408,43,0.67
408,44,1.532
408,45,1.581
408,46,1.72
408,47,1.48
408,48,0.76
409,1,0.404
409,2,0.147
409,3,0.071
409,4,0.103
409,5,0.136
409,6,0.063
409,7,0.13
409,8,0.098
409,9,0.072
409,10,0.146
409,11,0.056
409,12,0.119
409,13,0.104
409,14,0.074
409,15,0.162
409,16,0.325
409,17,0.125
409,18,0.091
409,19,0.077
409,20,0.144
409,21,0.055
409,22,0.117
409,23,0.104
409,24,0.061
409,25,0.148
409,26,0.443
409,27,1.73
409,28,1.893
409,29,3.826
409,30,1.965
409,31,2.066
409,32,2.903
409,33,2.171
409,34,4.284
409,35,2.322
409,36,0.461
409,37,0.454
409,38,0.819
409,39,1.0
409,40,0.67
409,41,2.447
409,42,1.444
409,43,1.312
409,44,0.461
409,45,0.667
409,46,0.695
409,47,0.692
409,48,0.13
410,1,0.062
410,2,0.13
410,3,0.137
410,4,0.055
410,5,0.113
410,6,0.123
410,7,0.055
410,8,0.132
410,9,0.107
410,10,0.067
410,11,0.15
410,12,0.079
410,13,0.082
410,14,0.141
410,15,0.054
410,16,0.11
410,17,0.098
410,18,0.465
410,19,2.497
410,20,1.968
410,21,3.886
410,22,7.911
410,23,3.913
410,24,4.384
410,25,2.04
410,26,1.101
410,27,0.179
410,28,1.719
410,29,1.031
410,30,1.652
410,31,0.077
410,32,0.099
410,33,0.146
410,34,0.124
410,35,0.517
410,36,0.277
410,37,0.222
410,38,0.264
410,39,1.788
410,40,0.839
410,41,0.607
410,42,0.822
410,43,0.681
410,44,0.685
410,45,0.308
410,46,0.171
410,47,0.471
410,48,0.099
411,1,0.069
411,2,0.147
411,3,0.091
411,4,0.082
411,5,0.148
411,6,0.075
411,7,0.088
411,8,0.145
411,9,0.063
411,10,0.102
411,11,0.144
411,12,0.055
411,13,0.115
411,14,0.114
411,15,0.054
411,16,0.138
411,17,0.491
411,18,0.123
411,19,0.204
411,20,0.378
411,21,0.237
411,22,0.926
411,23,1.923
411,24,2.278
411,25,2.082
411,26,2.678
411,27,0.595
411,28,1.663
411,29,0.979
411,30,1.66
411,31,0.12
411,32,0.143
411,33,0.2
411,34,0.22
411,35,0.247
411,36,1.228
411,37,2.0
411,38,0.457
411,39,0.789
411,40,1.386
411,41,1.038
411,42,0.754
411,43,1.01
411,44,0.933
411,45,0.509
411,46,0.098
411,47,0.147
411,48,0.147
412,1,0.057
412,2,0.108
412,3,0.141
412,4,0.091
412,5,0.059
412,6,0.147
412,7,0.13
412,8,0.054
412,9,0.125
412,10,0.136
412,11,0.054
412,12,0.108
412,13,0.139
412,14,0.072
412,15,0.082
412,16,0.143
412,17,1.924
412,18,0.45
412,19,0.218
412,20,0.292
412,21,0.774
412,22,0.803
412,23,0.228
412,24,2.537
412,25,2.526
412,26,3.496
412,27,0.986
412,28,0.077
412,29,1.203
412,30,1.276
412,31,1.905
412,32,0.084
412,33,0.262
412,34,0.309
412,35,3.235
412,36,3.219
412,37,1.859
412,38,1.081
412,39,1.076
412,40,1.102
412,41,0.955
412,42,1.554
412,43,1.725
412,44,1.419
412,45,0.813
412,46,0.483
412,47,0.212
412,48,0.152
413,1,0.066
413,2,0.113
413,3,0.144
413,4,0.072
413,5,0.096
413,6,0.151
413,7,0.101
413,8,0.058
413,9,0.15
413,10,0.096
413,11,0.069
413,12,0.158
413,13,0.094
413,14,0.065
413,15,0.145
413,16,0.076
413,17,2.178
413,18,0.805
413,19,0.143
413,20,0.177
413,21,0.352
413,22,1.159
413,23,0.585
413,24,2.782
413,25,1.798
413,26,2.451
413,27,0.813
413,28,0.077
413,29,1.84
413,30,1.887
413,31,3.292
413,32,0.147
413,33,0.098
413,34,0.06
413,35,0.147
413,36,1.057
413,37,1.428
413,38,0.682
413,39,0.792
413,40,0.717
413,41,0.841
413,42,1.21
413,43,1.246
413,44,1.269
413,45,0.659
413,46,0.055
413,47,0.146
413,48,0.111
414,1,0.061
414,2,0.156
414,3,0.094
414,4,0.07
414,5,0.148
414,6,0.068
414,7,0.101
414,8,0.13
414,9,0.055
414,10,0.13
414,11,0.099
414,12,0.063
414,13,0.154
414,14,0.073
414,15,0.093
414,16,0.123
414,17,2.161
414,18,1.028
414,19,0.297
414,20,0.295
414,21,0.481
414,22,1.094
414,23,0.42
414,24,2.601
414,25,2.98
414,26,2.224
414,27,0.939
414,28,0.211
414,29,2.161
414,30,1.332
414,31,0.739
414,32,0.141
414,33,0.099
414,34,0.196
414,35,1.897
414,36,2.417
414,37,0.468
414,38,0.765
414,39,2.936
414,40,1.464
414,41,3.238
414,42,2.723
414,43,2.541
414,44,1.9
414,45,1.461
414,46,0.742
414,47,0.324
414,48,0.153
415,1,0.091
415,2,0.071
415,3,0.149
415,4,0.089
415,5,0.068
415,6,0.158
415,7,0.085
415,8,0.072
415,9,0.147
415,10,0.078
415,11,0.079
415,12,0.145
415,13,0.065
415,14,0.09
415,15,0.144
415,16,0.06
415,17,1.957
415,18,1.181
415,19,1.366
415,20,0.375
415,21,2.51
415,22,2.114
415,23,1.521
415,24,1.621
415,25,3.179
415,26,2.402
415,27,0.476
415,28,0.998
415,29,0.253
415,30,0.418
415,31,1.934
415,32,0.348
415,33,0.295
415,34,0.874
415,35,3.271
415,36,1.925
415,37,0.607
415,38,0.307
415,39,0.346
415,40,4.902
415,41,5.101
415,42,1.84
415,43,1.781
415,44,1.622
415,45,1.616
415,46,1.526
415,47,0.817
415,48,0.443
