213,1,0.843
213,2,0.814
213,3,0.61
213,4,0.688
213,5,0.255
213,6,0.362
213,7,0.194
213,8,0.251
213,9,0.816
213,10,0.394
213,11,0.329
213,12,0.323
213,13,0.331
213,14,0.303
213,15,0.338
213,16,0.285
213,17,0.348
213,18,0.596
213,19,0.992
213,20,0.4
213,21,0.419
213,22,0.256
213,23,0.305
213,24,0.186
213,25,0.185
213,26,0.159
213,27,0.192
213,28,0.168
213,29,0.203
213,30,0.331
213,31,0.233
213,32,0.189
213,33,0.238
213,34,0.191
213,35,0.238
213,36,0.813
213,37,1.084
213,38,2.037
213,39,1.053
213,40,1.627
213,41,0.335
213,42,0.325
213,43,0.311
213,44,0.215
213,45,0.292
213,46,0.214
213,47,0.282
213,48,0.233
214,1,0.229
214,2,0.285
214,3,0.295
214,4,0.358
214,5,0.258
214,6,0.264
214,7,0.346
214,8,0.836
214,9,1.762
214,10,0.763
214,11,0.202
214,12,0.647
214,13,0.225
214,14,0.263
214,15,0.209
214,16,0.254
214,17,0.215
214,18,0.21
214,19,0.265
214,20,0.212
214,21,0.292
214,22,0.315
214,23,1.691
214,24,2.059
214,25,3.047
214,26,1.72
214,27,1.587
214,28,1.253
214,29,1.193
214,30,1.025
214,31,0.583
214,32,0.612
214,33,0.863
214,34,1.688
214,35,1.469
214,36,0.356
214,37,0.332
214,38,0.408
214,39,0.389
214,40,0.301
214,41,0.226
214,42,0.283
214,43,0.821
214,44,1.609
214,45,1.456
214,46,1.568
214,47,1.253
214,48,1.161
215,1,1.204
215,2,1.526
215,3,1.166
215,4,1.057
215,5,0.793
215,6,0.734
215,7,0.455
215,8,0.422
215,9,0.38
215,10,0.341
215,11,0.296
215,12,0.505
215,13,0.288
215,14,0.235
215,15,0.221
215,16,0.16
215,17,0.202
215,18,0.173
215,19,0.181
215,20,0.206
215,21,0.158
215,22,0.233
215,23,0.159
215,24,0.364
215,25,0.176
215,26,0.14
215,27,0.298
215,28,0.325
215,29,1.419
215,30,0.306
215,31,0.383
215,32,0.297
215,33,0.253
215,34,0.173
215,35,0.522
215,36,0.308
215,37,0.427
215,38,0.648
215,39,0.415
215,40,0.464
215,41,0.331
215,42,0.477
215,43,0.41
215,44,0.444
215,45,0.421
215,46,0.42
215,47,0.449
215,48,0.331
216,1,0.388
216,2,0.336
216,3,0.392
216,4,0.406
216,5,0.464
216,6,0.431
216,7,0.36
216,8,0.842
216,9,0.714
216,10,0.479
216,11,0.373
216,12,0.243
216,13,0.291
216,14,0.289
216,15,0.245
216,16,0.268
216,17,0.144
216,18,0.169
216,19,0.182
216,20,0.14
216,21,0.205
216,22,0.143
216,23,0.158
216,24,0.192
216,25,0.147
216,26,0.217
216,27,0.373
216,28,0.385
216,29,0.361
216,30,0.586
216,31,0.762
216,32,0.789
216,33,0.29
216,34,0.205
216,35,0.207
216,36,0.172
216,37,0.424
216,38,0.627
216,39,0.806
216,40,0.507
216,41,0.535
216,42,0.349
216,43,1.182
216,44,1.554
216,45,0.881
216,46,0.752
216,47,0.932
216,48,0.713
217,1,0.823
217,2,0.768
217,3,2.424
217,4,1.235
217,5,0.82
217,6,0.638
217,7,0.449
217,8,0.322
217,9,0.306
217,10,0.325
217,11,0.27
217,12,0.305
217,13,0.257
217,14,0.275
217,15,0.149
217,16,0.16
217,17,0.186
217,18,0.13
217,19,0.219
217,20,0.423
217,21,0.244
217,22,0.18
217,23,0.248
217,24,0.547
217,25,1.022
217,26,0.179
217,27,0.309
217,28,0.478
217,29,0.959
217,30,0.232
217,31,0.223
217,32,0.481
217,33,0.262
217,34,1.054
217,35,0.956
217,36,1.021
217,37,1.465
217,38,0.622
217,39,0.428
217,40,1.908
217,41,0.241
217,42,0.244
217,43,1.065
217,44,0.406
217,45,0.813
217,46,0.574
217,47,0.61
217,48,0.659
218,1,0.802
218,2,0.504
218,3,0.417
218,4,0.324
218,5,0.396
218,6,0.358
218,7,0.406
218,8,0.195
218,9,0.254
218,10,0.193
218,11,0.222
218,12,0.168
218,13,0.184
218,14,0.191
218,15,0.168
218,16,0.221
218,17,0.153
218,18,0.216
218,19,0.364
218,20,0.398
218,21,0.49
218,22,0.366
218,23,0.794
218,24,0.316
218,25,0.188
218,26,0.267
218,27,0.216
218,28,0.173
218,29,0.193
218,30,1.102
218,31,0.262
218,32,0.278
218,33,0.32
218,34,1.901
218,35,1.052
218,36,1.815
218,37,1.576
218,38,2.009
218,39,0.602
218,40,0.36
218,41,0.581
218,42,1.259
218,43,1.52
218,44,0.758
218,45,0.842
218,46,1.054
218,47,1.057
218,48,1.168
219,1,1.025
219,2,0.81
219,3,0.861
219,4,0.926
219,5,0.796
219,6,0.214
219,7,0.264
219,8,0.219
219,9,0.263
219,10,0.212
219,11,0.221
219,12,0.177
219,13,0.16
219,14,0.193
219,15,0.151
219,16,0.203
219,17,0.141
219,18,0.197
219,19,0.464
219,20,0.632
219,21,0.773
219,22,1.619
219,23,0.625
219,24,0.437
219,25,0.907
219,26,0.202
219,27,0.196
219,28,0.425
219,29,0.217
219,30,0.231
219,31,0.214
219,32,0.325
219,33,0.185
219,34,0.248
219,35,0.447
219,36,0.236
219,37,0.224
219,38,0.226
219,39,0.635
219,40,0.98
219,41,1.522
219,42,1.631
219,43,2.864
219,44,0.814
219,45,0.916
219,46,0.905
219,47,0.845
219,48,0.83
220,1,0.827
220,2,0.751
220,3,0.895
220,4,0.797
220,5,0.805
220,6,0.707
220,7,0.668
220,8,0.605
220,9,0.514
220,10,0.239
220,11,0.146
220,12,0.222
220,13,0.136
220,14,0.215
220,15,0.14
220,16,0.235
220,17,0.23
220,18,0.228
220,19,0.151
220,20,0.438
220,21,0.972
220,22,1.04
220,23,0.26
220,24,0.215
220,25,0.284
220,26,0.263
220,27,0.231
220,28,0.187
220,29,0.283
220,30,0.181
220,31,0.169
220,32,0.462
220,33,0.344
220,34,0.84
220,35,0.512
220,36,0.33
220,37,0.201
220,38,0.836
220,39,1.302
220,40,0.642
220,41,0.251
220,42,0.501
220,43,0.375
220,44,0.552
220,45,0.414
220,46,0.452
220,47,0.435
220,48,0.433
221,1,0.438
221,2,0.421
221,3,0.44
221,4,0.497
221,5,0.43
221,6,0.509
221,7,0.428
221,8,0.483
221,9,0.44
221,10,0.49
221,11,0.732
221,12,0.326
221,13,0.136
221,14,0.195
221,15,0.15
221,16,0.178
221,17,0.176
221,18,0.152
221,19,0.187
221,20,0.15
221,21,0.201
221,22,0.141
221,23,0.208
221,24,0.141
221,25,0.339
221,26,0.571
221,27,0.405
221,28,0.915
221,29,0.276
221,30,0.643
221,31,0.523
221,32,0.312
221,33,0.516
221,34,0.636
221,35,0.508
221,36,0.287
221,37,0.367
221,38,1.264
221,39,1.6
221,40,1.38
221,41,0.604
221,42,0.675
221,43,0.56
221,44,0.667
221,45,0.857
221,46,1.729
221,47,1.606
221,48,1.538
222,1,0.617
222,2,0.589
222,3,0.682
222,4,0.726
222,5,0.781
222,6,0.89
222,7,0.448
222,8,0.41
222,9,0.444
222,10,0.37
222,11,0.402
222,12,0.307
222,13,0.375
222,14,0.323
222,15,0.369
222,16,0.317
222,17,0.317
222,18,0.162
222,19,0.196
222,20,0.192
222,21,0.163
222,22,0.782
222,23,0.428
222,24,0.385
222,25,0.2
222,26,0.157
222,27,0.272
222,28,0.23
222,29,0.27
222,30,0.308
222,31,0.845
222,32,0.222
222,33,0.445
222,34,0.156
222,35,0.24
222,36,0.919
222,37,1.0
222,38,0.85
222,39,0.982
222,40,0.48
222,41,0.595
222,42,0.586
222,43,0.655
222,44,0.883
222,45,0.932
222,46,1.014
222,47,0.705
222,48,0.772
223,1,0.682
223,2,0.721
223,3,0.398
223,4,0.255
223,5,0.215
223,6,0.259
223,7,0.673
223,8,0.87
223,9,0.34
223,10,0.38
223,11,0.371
223,12,0.398
223,13,0.292
223,14,0.312
223,15,0.262
223,16,0.308
223,17,0.244
223,18,0.319
223,19,0.354
223,20,0.245
223,21,0.145
223,22,0.209
223,23,0.265
223,24,0.498
223,25,0.245
223,26,0.261
223,27,0.361
223,28,0.319
223,29,1.174
223,30,1.182
223,31,0.64
223,32,0.814
223,33,0.793
223,34,0.968
223,35,0.932
223,36,0.722
223,37,0.536
223,38,0.426
223,39,0.302
223,40,0.63
223,41,0.474
223,42,0.53
223,43,0.724
223,44,1.083
223,45,1.228
223,46,0.841
223,47,0.805
223,48,0.892
224,1,1.746
224,2,0.631
224,3,0.752
224,4,0.649
224,5,0.361
224,6,0.359
224,7,0.333
224,8,0.211
224,9,0.26
224,10,0.203
224,11,0.23
224,12,0.192
224,13,0.206
224,14,0.458
224,15,0.476
224,16,0.399
224,17,0.446
224,18,0.192
224,19,0.153
224,20,0.213
224,21,0.147
224,22,0.197
224,23,0.475
224,24,0.774
224,25,0.139
224,26,0.224
224,27,0.343
224,28,0.552
224,29,0.202
224,30,0.298
224,31,0.271
224,32,0.342
224,33,0.466
224,34,0.407
224,35,0.184
224,36,0.783
224,37,3.056
224,38,2.345
224,39,1.776
224,40,1.281
224,41,0.487
224,42,0.324
224,43,0.389
224,44,1.42
224,45,1.039
224,46,1.711
224,47,1.116
224,48,1.384
225,1,0.998
225,2,0.447
225,3,0.231
225,4,0.224
225,5,0.189
225,6,0.226
225,7,0.182
225,8,0.234
225,9,0.78
225,10,0.492
225,11,0.356
225,12,0.478
225,13,0.406
225,14,0.473
225,15,0.407
225,16,0.424
225,17,0.238
225,18,0.252
225,19,0.146
225,20,0.193
225,21,0.163
225,22,0.172
225,23,0.727
225,24,0.455
225,25,0.28
225,26,0.218
225,27,0.242
225,28,0.212
225,29,0.212
225,30,0.145
225,31,1.156
225,32,0.438
225,33,0.28
225,34,0.243
225,35,0.213
225,36,0.279
225,37,1.103
225,38,0.794
225,39,0.444
225,40,2.092
225,41,0.364
225,42,0.354
225,43,0.878
225,44,0.68
225,45,0.512
225,46,0.912
225,47,0.711
225,48,0.748
226,1,0.756
226,2,0.722
226,3,0.574
226,4,0.326
226,5,0.244
226,6,0.187
226,7,0.236
226,8,0.186
226,9,0.482
226,10,0.284
226,11,0.277
226,12,0.158
226,13,0.188
226,14,0.183
226,15,0.19
226,16,0.83
226,17,0.294
226,18,0.343
226,19,0.154
226,20,0.212
226,21,0.159
226,22,0.178
226,23,0.184
226,24,0.145
226,25,0.389
226,26,0.136
226,27,0.362
226,28,0.22
226,29,0.232
226,30,0.466
226,31,0.227
226,32,0.211
226,33,0.356
226,34,0.237
226,35,0.233
226,36,0.185
226,37,0.337
226,38,0.305
226,39,1.972
226,40,1.294
226,41,0.603
226,42,0.597
226,43,1.17
226,44,0.819
226,45,1.181
226,46,1.138
226,47,0.83
226,48,0.733
227,1,0.68
227,2,2.434
227,3,0.565
227,4,0.419
227,5,0.328
227,6,0.256
227,7,0.257
227,8,0.315
227,9,0.249
227,10,0.472
227,11,0.322
227,12,0.175
227,13,0.229
227,14,0.192
227,15,0.219
227,16,0.083
227,17,0.0
227,18,0.321
227,19,0.234
227,20,0.217
227,21,0.66
227,22,0.225
227,23,0.179
227,24,0.286
227,25,0.158
227,26,0.218
227,27,0.235
227,28,0.217
227,29,0.368
227,30,0.558
227,31,0.662
227,32,0.327
227,33,0.242
227,34,0.4
227,35,0.263
227,36,0.466
227,37,0.746
227,38,1.058
227,39,0.219
227,40,0.207
227,41,0.321
227,42,0.435
227,43,0.766
227,44,0.644
227,45,0.647
227,46,0.584
227,47,0.592
227,48,0.557
228,1,0.834
228,2,0.562
228,3,0.552
228,4,0.511
228,5,0.323
228,6,0.227
228,7,0.179
228,8,0.217
228,9,0.193
228,10,0.207
228,11,0.437
228,12,0.326
228,13,0.228
228,14,0.141
228,15,0.245
228,16,0.223
228,17,0.271
228,18,0.151
228,19,0.156
228,20,0.185
228,21,0.144
228,22,0.193
228,23,0.811
228,24,2.372
228,25,1.657
228,26,2.324
228,27,1.317
228,28,1.536
228,29,1.525
228,30,0.595
228,31,1.314
228,32,0.317
228,33,0.435
228,34,1.156
228,35,0.706
228,36,0.454
228,37,1.234
228,38,0.837
228,39,1.109
228,40,0.554
228,41,1.066
228,42,3.892
228,43,3.112
228,44,2.553
228,45,2.32
228,46,0.807
228,47,0.984
228,48,0.811
229,1,0.757
229,2,0.647
229,3,0.632
229,4,0.764
229,5,1.066
229,6,0.82
229,7,0.457
229,8,0.353
229,9,0.305
229,10,0.377
229,11,0.285
229,12,0.236
229,13,0.14
229,14,0.174
229,15,0.166
229,16,0.147
229,17,0.194
229,18,0.133
229,19,0.209
229,20,0.13
229,21,0.198
229,22,0.151
229,23,2.38
229,24,0.391
229,25,0.144
229,26,0.206
229,27,0.394
229,28,0.373
229,29,0.936
229,30,0.24
229,31,0.346
229,32,0.177
229,33,0.41
229,34,0.192
229,35,0.175
229,36,0.378
229,37,1.173
229,38,3.197
229,39,1.39
229,40,1.056
229,41,0.356
229,42,0.53
229,43,0.521
229,44,0.803
229,45,0.836
229,46,0.719
229,47,0.746
229,48,0.846
230,1,0.837
230,2,0.658
230,3,0.547
230,4,0.507
230,5,0.799
230,6,0.779
230,7,0.712
230,8,0.283
230,9,0.305
230,10,0.301
230,11,0.27
230,12,0.384
230,13,0.291
230,14,0.299
230,15,0.16
230,16,0.167
230,17,0.179
230,18,0.139
230,19,0.217
230,20,0.133
230,21,0.828
230,22,1.067
230,23,0.996
230,24,0.556
230,25,0.595
230,26,0.683
230,27,0.859
230,28,0.776
230,29,0.646
230,30,0.442
230,31,0.219
230,32,0.16
230,33,0.223
230,34,0.138
230,35,0.22
230,36,0.767
230,37,1.576
230,38,1.314
230,39,0.68
230,40,0.607
230,41,0.738
230,42,0.637
230,43,0.771
230,44,0.591
230,45,0.617
230,46,0.526
230,47,0.577
230,48,0.469
231,1,0.568
231,2,0.707
231,3,0.459
231,4,0.46
231,5,0.705
231,6,0.514
231,7,0.491
231,8,0.42
231,9,0.288
231,10,0.359
231,11,0.208
231,12,0.232
231,13,0.206
231,14,0.153
231,15,0.234
231,16,0.164
231,17,0.176
231,18,0.188
231,19,0.203
231,20,0.147
231,21,0.196
231,22,0.167
231,23,0.457
231,24,0.459
231,25,0.144
231,26,0.406
231,27,0.282
231,28,0.278
231,29,0.259
231,30,0.254
231,31,0.269
231,32,0.563
231,33,0.544
231,34,0.795
231,35,0.357
231,36,0.765
231,37,0.764
231,38,0.451
231,39,0.689
231,40,0.38
231,41,0.493
231,42,0.725
231,43,0.727
231,44,0.618
231,45,0.696
231,46,0.715
231,47,0.939
231,48,0.941
232,1,0.859
232,2,0.695
232,3,0.327
232,4,0.134
232,5,0.252
232,6,0.174
232,7,0.785
232,8,0.43
232,9,0.302
232,10,0.257
232,11,0.168
232,12,0.24
232,13,0.137
232,14,0.197
232,15,0.156
232,16,0.156
232,17,0.332
232,18,0.27
232,19,0.577
232,20,0.303
232,21,0.24
232,22,0.319
232,23,0.218
232,24,0.469
232,25,0.621
232,26,0.282
232,27,0.141
232,28,0.371
232,29,0.896
232,30,0.575
232,31,0.684
232,32,0.313
232,33,0.205
232,34,0.187
232,35,0.246
232,36,0.917
232,37,0.883
232,38,0.301
232,39,0.255
232,40,0.366
232,41,0.314
232,42,0.47
232,43,0.798
232,44,0.563
232,45,0.546
232,46,0.728
232,47,0.845
232,48,0.838
233,1,0.58
233,2,0.189
233,3,0.391
233,4,0.317
233,5,0.351
233,6,0.275
233,7,0.339
233,8,0.294
233,9,0.291
233,10,0.334
233,11,0.283
233,12,0.327
233,13,0.321
233,14,0.172
233,15,0.202
233,16,0.136
233,17,0.139
233,18,0.195
233,19,0.132
233,20,0.179
233,21,0.158
233,22,0.519
233,23,0.2
233,24,0.679
233,25,0.418
233,26,0.448
233,27,0.226
233,28,0.156
233,29,0.221
233,30,0.459
233,31,0.199
233,32,0.15
233,33,0.311
233,34,0.206
233,35,1.131
233,36,2.285
233,37,2.581
233,38,1.634
233,39,0.534
233,40,0.397
233,41,0.819
233,42,0.53
233,43,0.913
233,44,0.752
233,45,1.011
233,46,1.811
233,47,1.93
233,48,1.029
234,1,0.707
234,2,0.637
234,3,0.548
234,4,0.295
234,5,0.207
234,6,0.32
234,7,0.285
234,8,0.23
234,9,0.248
234,10,0.42
234,11,0.251
234,12,0.273
234,13,0.226
234,14,0.289
234,15,0.172
234,16,0.195
234,17,0.142
234,18,0.177
234,19,0.15
234,20,0.585
234,21,0.767
234,22,0.232
234,23,0.159
234,24,0.16
234,25,0.194
234,26,0.153
234,27,0.2
234,28,0.259
234,29,0.294
234,30,0.278
234,31,0.154
234,32,0.399
234,33,0.2
234,34,0.223
234,35,0.179
234,36,0.543
234,37,1.613
234,38,1.004
234,39,0.321
234,40,0.749
234,41,0.503
234,42,0.466
234,43,0.536
234,44,0.594
234,45,0.438
234,46,0.465
234,47,0.347
234,48,0.549
235,1,1.553
235,2,0.995
235,3,1.027
235,4,1.018
235,5,0.301
235,6,0.187
235,7,0.246
235,8,0.181
235,9,0.776
235,10,0.29
235,11,0.216
235,12,0.23
235,13,0.137
235,14,0.217
235,15,0.151
235,16,0.2
235,17,0.161
235,18,0.169
235,19,0.186
235,20,0.141
235,21,0.22
235,22,0.146
235,23,0.188
235,24,0.23
235,25,0.552
235,26,0.717
235,27,0.569
235,28,0.293
235,29,0.275
235,30,0.93
235,31,0.956
235,32,0.99
235,33,1.09
235,34,0.449
235,35,0.207
235,36,1.029
235,37,0.398
235,38,0.217
235,39,0.48
235,40,1.302
235,41,0.706
235,42,0.69
235,43,0.755
235,44,0.935
235,45,0.848
235,46,0.922
235,47,0.684
235,48,0.724
236,1,0.95
236,2,0.656
236,3,0.137
236,4,0.195
236,5,0.188
236,6,0.647
236,7,0.324
236,8,0.304
236,9,0.32
236,10,0.277
236,11,0.356
236,12,0.273
236,13,0.32
236,14,0.327
236,15,0.262
236,16,0.285
236,17,0.179
236,18,0.196
236,19,0.13
236,20,0.793
236,21,0.171
236,22,0.291
236,23,0.267
236,24,0.234
236,25,0.283
236,26,0.203
236,27,0.193
236,28,0.171
236,29,0.15
236,30,1.059
236,31,0.342
236,32,0.208
236,33,0.896
236,34,0.264
236,35,0.366
236,36,1.068
236,37,1.512
236,38,0.403
236,39,0.342
236,40,1.148
236,41,0.765
236,42,0.631
236,43,0.613
236,44,0.696
236,45,0.837
236,46,1.558
236,47,0.92
236,48,0.652
237,1,0.746
237,2,0.68
237,3,0.62
237,4,0.639
237,5,0.498
237,6,0.317
237,7,0.395
237,8,0.332
237,9,0.282
237,10,0.453
237,11,0.434
237,12,0.434
237,13,0.365
237,14,0.265
237,15,0.293
237,16,0.249
237,17,0.304
237,18,0.228
237,19,0.169
237,20,0.254
237,21,0.846
237,22,0.377
237,23,0.652
237,24,0.203
237,25,0.153
237,26,0.206
237,27,0.229
237,28,0.207
237,29,0.148
237,30,0.34
237,31,0.783
237,32,0.82
237,33,0.801
237,34,0.647
237,35,0.275
237,36,0.464
237,37,1.07
237,38,0.672
237,39,1.128
237,40,1.949
237,41,0.921
237,42,0.742
237,43,0.683
237,44,0.719
237,45,1.362
237,46,0.925
237,47,0.75
237,48,0.709
238,1,0.719
238,2,0.299
238,3,0.216
238,4,0.167
238,5,0.273
238,6,0.186
238,7,0.239
238,8,0.444
238,9,0.356
238,10,0.381
238,11,0.33
238,12,0.326
238,13,0.149
238,14,0.163
238,15,0.195
238,16,0.137
238,17,0.208
238,18,0.135
238,19,0.162
238,20,0.19
238,21,0.142
238,22,0.202
238,23,0.349
238,24,0.367
238,25,0.273
238,26,0.382
238,27,0.27
238,28,0.195
238,29,0.233
238,30,0.257
238,31,0.382
238,32,0.149
238,33,0.538
238,34,0.397
238,35,0.313
238,36,0.653
238,37,1.61
238,38,1.644
238,39,0.627
238,40,0.597
238,41,0.419
238,42,0.613
238,43,1.162
238,44,0.784
238,45,0.655
238,46,0.911
238,47,0.726
238,48,0.822
239,1,0.908
239,2,0.71
239,3,0.661
239,4,0.539
239,5,0.361
239,6,0.324
239,7,0.558
239,8,0.418
239,9,0.476
239,10,0.36
239,11,0.323
239,12,0.331
239,13,0.391
239,14,0.33
239,15,0.306
239,16,0.375
239,17,0.339
239,18,0.274
239,19,0.314
239,20,0.24
239,21,0.335
239,22,0.334
239,23,0.288
239,24,0.329
239,25,0.278
239,26,0.622
239,27,0.41
239,28,0.413
239,29,0.234
239,30,0.284
239,31,1.052
239,32,0.55
239,33,0.459
239,34,0.145
239,35,0.32
239,36,1.047
239,37,1.404
239,38,0.344
239,39,0.497
239,40,0.24
239,41,0.291
239,42,0.679
239,43,0.574
239,44,0.523
239,45,0.737
239,46,0.812
239,47,1.594
239,48,1.632
240,1,1.018
240,2,0.677
240,3,0.784
240,4,0.407
240,5,0.323
240,6,0.35
240,7,0.387
240,8,0.374
240,9,0.334
240,10,0.282
240,11,0.337
240,12,0.293
240,13,0.349
240,14,0.311
240,15,0.222
240,16,0.273
240,17,0.194
240,18,0.132
240,19,0.2
240,20,0.144
240,21,0.146
240,22,0.18
240,23,0.143
240,24,0.176
240,25,0.151
240,26,0.138
240,27,0.527
240,28,0.787
240,29,0.379
240,30,0.18
240,31,0.475
240,32,0.194
240,33,0.405
240,34,0.336
240,35,0.213
240,36,0.783
240,37,3.246
240,38,2.356
240,39,0.335
240,40,0.466
240,41,0.359
240,42,0.341
240,43,0.718
240,44,0.654
240,45,0.757
240,46,0.859
240,47,0.991
240,48,0.763
388,1,1.08
388,2,0.645
388,3,0.679
388,4,0.634
388,5,0.494
388,6,0.37
388,7,0.411
388,8,0.388
388,9,0.336
388,10,0.838
388,11,0.339
388,12,0.222
388,13,0.281
388,14,0.212
388,15,0.17
388,16,0.249
388,17,0.171
388,18,0.168
388,19,0.811
388,20,0.229
388,21,0.138
388,22,0.167
388,23,0.387
388,24,0.135
388,25,0.176
388,26,0.141
388,27,0.127
388,28,0.188
388,29,0.141
388,30,0.147
388,31,2.265
388,32,2.276
388,33,2.017
388,34,1.596
388,35,2.499
388,36,0.9
388,37,1.109
388,38,0.867
388,39,1.115
388,40,0.94
388,41,0.952
388,42,0.827
388,43,0.899
388,44,0.815
388,45,1.481
388,46,0.904
388,47,1.1
388,48,0.826
389,1,0.757
389,2,0.899
389,3,1.011
389,4,0.654
389,5,0.486
389,6,0.476
389,7,0.41
389,8,0.419
389,9,0.972
389,10,0.446
389,11,0.343
389,12,0.287
389,13,0.283
389,14,0.198
389,15,0.151
389,16,0.209
389,17,0.148
389,18,0.135
389,19,0.179
389,20,0.143
389,21,0.131
389,22,0.191
389,23,0.682
389,24,0.279
389,25,0.234
389,26,0.223
389,27,0.205
389,28,0.276
389,29,0.214
389,30,0.667
389,31,0.936
389,32,0.828
389,33,0.339
389,34,0.486
389,35,1.948
389,36,1.392
389,37,1.204
389,38,2.258
389,39,2.391
389,40,1.554
389,41,1.052
389,42,1.351
389,43,0.798
389,44,0.787
389,45,0.727
389,46,0.668
389,47,0.601
389,48,0.825
390,1,0.724
390,2,0.801
390,3,0.512
390,4,0.424
390,5,0.498
390,6,0.565
390,7,0.555
390,8,1.142
390,9,0.552
390,10,0.29
390,11,0.337
390,12,0.287
390,13,0.378
390,14,0.314
390,15,0.37
390,16,0.23
390,17,0.162
390,18,0.164
390,19,0.16
390,20,0.137
390,21,0.173
390,22,0.146
390,23,0.134
390,24,0.166
390,25,0.304
390,26,0.495
390,27,0.642
390,28,0.579
390,29,0.206
390,30,0.087
390,31,0.422
390,32,0.136
390,33,0.101
390,34,0.175
390,35,0.193
390,36,1.445
390,37,1.474
390,38,2.55
390,39,2.386
390,40,1.404
390,41,1.162
390,42,0.868
390,43,0.775
390,44,0.777
390,45,0.741
390,46,0.752
390,47,0.633
390,48,0.726
391,1,0.839
391,2,0.502
391,3,0.369
391,4,0.448
391,5,0.392
391,6,0.324
391,7,0.6
391,8,0.561
391,9,0.345
391,10,0.378
391,11,0.339
391,12,0.342
391,13,0.273
391,14,0.204
391,15,0.182
391,16,0.238
391,17,0.184
391,18,0.518
391,19,0.169
391,20,0.126
391,21,0.15
391,22,0.902
391,23,0.467
391,24,0.175
391,25,0.121
391,26,0.104
391,27,0.122
391,28,0.095
391,29,0.136
391,30,0.1
391,31,0.083
391,32,0.154
391,33,0.349
391,34,0.866
391,35,1.608
391,36,3.02
391,37,1.913
391,38,1.238
391,39,1.164
391,40,1.179
391,41,1.604
391,42,1.082
391,43,1.106
391,44,1.084
391,45,0.711
391,46,0.736
391,47,0.778
391,48,0.594
392,1,0.535
392,2,0.788
392,3,0.379
392,4,0.437
392,5,0.459
392,6,0.286
392,7,0.278
392,8,0.309
392,9,0.219
392,10,0.184
392,11,0.206
392,12,0.19
392,13,0.175
392,14,0.21
392,15,0.22
392,16,0.158
392,17,1.802
392,18,2.498
392,19,0.637
392,20,0.457
392,21,0.339
392,22,0.263
392,23,0.524
392,24,0.8
392,25,0.244
392,26,0.122
392,27,0.384
392,28,0.167
392,29,0.111
392,30,0.108
392,31,0.093
392,32,0.133
392,33,0.093
392,34,0.081
392,35,0.247
392,36,0.695
392,37,1.73
392,38,1.521
392,39,1.174
392,40,1.217
392,41,0.836
392,42,0.938
392,43,1.076
392,44,0.882
392,45,1.143
392,46,0.971
392,47,0.739
392,48,0.735
393,1,0.712
393,2,0.489
393,3,0.228
393,4,0.297
393,5,0.283
393,6,0.272
393,7,0.272
393,8,0.216
393,9,0.231
393,10,0.251
393,11,0.225
393,12,0.192
393,13,0.171
393,14,0.125
393,15,0.114
393,16,0.266
393,17,0.132
393,18,0.168
393,19,0.162
393,20,0.115
393,21,0.142
393,22,0.167
393,23,0.115
393,24,0.425
393,25,0.385
393,26,0.693
393,27,0.226
393,28,0.159
393,29,0.097
393,30,0.351
393,31,0.193
393,32,0.235
393,33,0.186
393,34,0.201
393,35,0.206
393,36,0.186
393,37,0.301
393,38,0.19
393,39,0.225
393,40,0.992
393,41,0.807
393,42,1.015
393,43,0.858
393,44,0.962
393,45,1.014
393,46,1.424
393,47,0.891
393,48,0.279
394,1,0.186
394,2,0.236
394,3,0.17
394,4,0.246
394,5,0.247
394,6,0.203
394,7,0.232
394,8,0.263
394,9,0.202
394,10,0.159
394,11,0.257
394,12,0.113
394,13,0.119
394,14,0.256
394,15,0.177
394,16,0.089
394,17,0.113
394,18,0.117
394,19,0.17
394,20,0.152
394,21,0.332
394,22,0.374
394,23,0.127
394,24,0.141
394,25,0.083
394,26,0.105
394,27,0.137
394,28,0.083
394,29,0.11
394,30,0.132
394,31,0.082
394,32,0.118
394,33,0.124
394,34,0.08
394,35,0.446
394,36,1.31
394,37,1.708
394,38,1.319
394,39,0.83
394,40,0.895
394,41,1.718
394,42,2.324
394,43,1.787
394,44,2.423
394,45,1.08
394,46,1.013
394,47,1.329
394,48,0.849
395,1,0.663
395,2,0.354
395,3,0.287
395,4,0.361
395,5,0.343
395,6,0.316
395,7,0.481
395,8,0.284
395,9,0.318
395,10,0.293
395,11,0.183
395,12,0.219
395,13,0.161
395,14,0.144
395,15,0.187
395,16,0.119
395,17,0.122
395,18,0.181
395,19,0.116
395,20,0.278
395,21,0.735
395,22,0.271
395,23,0.109
395,24,0.108
395,25,0.09
395,26,0.127
395,27,0.097
395,28,0.085
395,29,0.134
395,30,0.093
395,31,0.079
395,32,0.161
395,33,0.432
395,34,0.326
395,35,0.501
395,36,0.66
395,37,0.6
395,38,0.859
395,39,1.926
395,40,1.518
395,41,1.065
395,42,0.819
395,43,1.397
395,44,1.136
395,45,0.789
395,46,0.648
395,47,0.857
395,48,0.749
396,1,0.299
396,2,0.315
396,3,0.25
396,4,0.285
396,5,0.345
396,6,0.302
396,7,0.287
396,8,0.274
396,9,0.226
396,10,0.196
396,11,0.156
396,12,0.227
396,13,0.161
396,14,0.153
396,15,0.119
396,16,0.191
396,17,0.121
396,18,0.13
396,19,0.117
396,20,0.171
396,21,0.385
396,22,0.227
396,23,0.717
396,24,0.912
396,25,0.757
396,26,0.759
396,27,1.265
396,28,0.224
396,29,0.159
396,30,0.593
396,31,0.266
396,32,0.146
396,33,0.159
396,34,0.146
396,35,0.329
396,36,0.482
396,37,0.234
396,38,0.156
396,39,0.517
396,40,0.889
396,41,1.013
396,42,0.849
396,43,1.045
396,44,0.722
396,45,1.512
396,46,1.589
396,47,0.894
396,48,0.394
397,1,0.271
397,2,0.305
397,3,0.236
397,4,0.264
397,5,0.341
397,6,0.28
397,7,0.261
397,8,0.206
397,9,0.215
397,10,0.154
397,11,0.235
397,12,0.147
397,13,0.218
397,14,0.143
397,15,0.111
397,16,0.111
397,17,0.117
397,18,0.183
397,19,0.116
397,20,0.58
397,21,1.12
397,22,1.638
397,23,1.122
397,24,1.047
397,25,0.91
397,26,2.727
397,27,2.008
397,28,1.626
397,29,1.456
397,30,0.692
397,31,0.348
397,32,0.294
397,33,0.253
397,34,0.635
397,35,0.751
397,36,1.188
397,37,1.045
397,38,1.317
397,39,1.103
397,40,0.847
397,41,1.777
397,42,2.332
397,43,1.097
397,44,0.827
397,45,2.055
397,46,1.295
397,47,1.99
397,48,0.752
398,1,0.788
398,2,0.706
398,3,0.298
398,4,0.282
398,5,0.277
398,6,0.335
398,7,0.289
398,8,0.266
398,9,0.251
398,10,0.242
398,11,0.295
398,12,0.232
398,13,0.163
398,14,0.158
398,15,0.085
398,16,0.108
398,17,0.116
398,18,0.078
398,19,0.11
398,20,0.103
398,21,1.303
398,22,0.955
398,23,1.539
398,24,1.024
398,25,1.498
398,26,2.798
398,27,1.089
398,28,0.472
398,29,1.258
398,30,0.854
398,31,1.092
398,32,1.166
398,33,1.889
398,34,1.651
398,35,2.451
398,36,1.96
398,37,1.414
398,38,1.302
398,39,1.864
398,40,0.959
398,41,0.918
398,42,0.788
398,43,1.086
398,44,1.25
398,45,0.707
398,46,0.706
398,47,0.669
398,48,0.242
399,1,0.163
399,2,0.19
399,3,0.211
399,4,0.19
399,5,0.268
399,6,0.203
399,7,0.203
399,8,0.27
399,9,0.382
399,10,0.209
399,11,0.331
399,12,0.151
399,13,0.165
399,14,0.198
399,15,0.115
399,16,0.137
399,17,0.152
399,18,0.122
399,19,0.874
399,20,0.339
399,21,0.263
399,22,0.233
399,23,0.135
399,24,0.075
399,25,0.144
399,26,0.464
399,27,0.201
399,28,0.126
399,29,0.092
399,30,0.23
399,31,0.474
399,32,0.109
399,33,0.107
399,34,0.105
399,35,0.084
399,36,0.096
399,37,0.973
399,38,2.17
399,39,1.784
399,40,0.914
399,41,1.666
399,42,0.772
399,43,1.148
399,44,1.005
399,45,2.041
399,46,2.029
399,47,1.466
399,48,0.76
400,1,0.843
400,2,0.744
400,3,0.579
400,4,0.288
400,5,0.458
400,6,0.293
400,7,0.892
400,8,0.703
400,9,0.447
400,10,0.456
400,11,0.41
400,12,0.292
400,13,0.339
400,14,0.218
400,15,0.171
400,16,0.219
400,17,0.277
400,18,0.176
400,19,0.197
400,20,0.196
400,21,0.398
400,22,0.178
400,23,0.213
400,24,0.587
400,25,0.563
400,26,0.446
400,27,0.577
400,28,0.383
400,29,0.442
400,30,0.31
400,31,0.137
400,32,0.155
400,33,0.572
400,34,1.025
400,35,1.8
400,36,2.079
400,37,1.509
400,38,1.101
400,39,2.25
400,40,1.279
400,41,1.067
400,42,1.668
400,43,1.135
400,44,1.174
400,45,1.039
400,46,1.085
400,47,0.944
400,48,0.633
401,1,0.845
401,2,0.386
401,3,0.379
401,4,0.384
401,5,0.493
401,6,0.334
401,7,0.366
401,8,0.309
401,9,0.368
401,10,0.304
401,11,0.194
401,12,0.234
401,13,0.243
401,14,0.163
401,15,0.232
401,16,0.172
401,17,0.18
401,18,0.227
401,19,0.16
401,20,0.434
401,21,0.357
401,22,0.217
401,23,0.179
401,24,0.194
401,25,0.208
401,26,0.908
401,27,0.111
401,28,0.356
401,29,0.172
401,30,0.094
401,31,2.861
401,32,0.377
401,33,0.095
401,34,0.465
401,35,0.488
401,36,1.311
401,37,1.302
401,38,0.991
401,39,1.054
401,40,0.973
401,41,1.606
401,42,1.233
401,43,1.082
401,44,1.023
401,45,0.899
401,46,0.779
401,47,0.821
401,48,0.726
402,1,0.887
402,2,1.212
402,3,0.449
402,4,0.232
402,5,0.258
402,6,0.235
402,7,0.276
402,8,0.22
402,9,0.197
402,10,0.223
402,11,0.177
402,12,0.21
402,13,0.222
402,14,0.158
402,15,0.182
402,16,0.15
402,17,0.135
402,18,0.19
402,19,0.487
402,20,0.167
402,21,0.475
402,22,0.859
402,23,0.14
402,24,0.104
402,25,0.099
402,26,0.126
402,27,0.119
402,28,2.767
402,29,0.593
402,30,0.303
402,31,2.719
402,32,0.617
402,33,1.037
402,34,2.946
402,35,1.907
402,36,0.843
402,37,1.213
402,38,1.098
402,39,1.077
402,40,0.968
402,41,1.059
402,42,0.67
402,43,0.617
402,44,0.665
402,45,0.643
402,46,0.713
402,47,0.68
402,48,0.628
403,1,0.628
403,2,0.702
403,3,0.616
403,4,0.611
403,5,0.974
403,6,0.543
403,7,0.618
403,8,0.312
403,9,0.251
403,10,0.292
403,11,0.271
403,12,0.253
403,13,0.265
403,14,0.264
403,15,0.215
403,16,0.205
403,17,0.283
403,18,0.351
403,19,0.1
403,20,0.155
403,21,0.09
403,22,0.105
403,23,0.143
403,24,0.104
403,25,0.091
403,26,0.158
403,27,0.101
403,28,0.093
403,29,0.128
403,30,0.646
403,31,1.023
403,32,0.549
403,33,1.275
403,34,0.399
403,35,0.415
403,36,0.671
403,37,1.544
403,38,2.986
403,39,2.443
403,40,0.959
403,41,2.263
403,42,1.736
403,43,2.045
403,44,1.178
403,45,1.048
403,46,1.331
403,47,1.096
403,48,0.634
404,1,0.214
404,2,0.184
404,3,0.263
404,4,0.21
404,5,0.331
404,6,0.245
404,7,0.222
404,8,0.283
404,9,0.217
404,10,0.232
404,11,0.309
404,12,0.19
404,13,0.171
404,14,0.221
404,15,0.143
404,16,0.227
404,17,0.651
404,18,0.208
404,19,0.105
404,20,0.128
404,21,0.637
404,22,1.13
404,23,0.325
404,24,0.745
404,25,0.466
404,26,0.299
404,27,0.19
404,28,0.425
404,29,0.279
404,30,0.261
404,31,0.495
404,32,0.6
404,33,0.464
404,34,0.936
404,35,3.324
404,36,2.527
404,37,0.922
404,38,1.507
404,39,1.215
404,40,0.775
404,41,0.917
404,42,0.768
404,43,0.805
404,44,0.896
404,45,0.771
404,46,0.821
404,47,0.78
404,48,0.772
405,1,1.225
405,2,0.769
405,3,0.859
405,4,0.443
405,5,0.257
405,6,0.318
405,7,0.256
405,8,0.492
405,9,0.3
405,10,0.262
405,11,0.249
405,12,0.315
405,13,0.187
405,14,0.187
405,15,0.172
405,16,0.132
405,17,0.144
405,18,0.194
405,19,0.148
405,20,0.13
405,21,0.175
405,22,0.161
405,23,0.141
405,24,0.135
405,25,0.173
405,26,0.493
405,27,0.411
405,28,0.74
405,29,0.111
405,30,0.425
405,31,0.548
405,32,0.194
405,33,0.252
405,34,1.309
405,35,1.225
405,36,2.329
405,37,2.156
405,38,1.141
405,39,1.389
405,40,1.307
405,41,0.873
405,42,1.22
405,43,1.147
405,44,0.991
405,45,1.048
405,46,1.095
405,47,1.115
405,48,1.598
406,1,1.032
406,2,0.822
406,3,0.32
406,4,0.186
406,5,0.213
406,6,0.201
406,7,0.317
406,8,0.174
406,9,0.23
406,10,0.264
406,11,0.248
406,12,0.308
406,13,0.234
406,14,0.229
406,15,0.227
406,16,0.17
406,17,0.193
406,18,0.209
406,19,0.174
406,20,0.214
406,21,0.192
406,22,0.177
406,23,0.426
406,24,0.493
406,25,0.11
406,26,1.727
406,27,0.177
406,28,0.18
406,29,0.648
406,30,0.284
406,31,1.031
406,32,0.139
406,33,0.1
406,34,0.871
406,35,1.304
406,36,1.556
406,37,2.342
406,38,1.795
406,39,1.258
406,40,1.008
406,41,0.935
406,42,1.981
406,43,1.554
406,44,2.012
406,45,1.236
406,46,1.114
406,47,0.588
406,48,0.937
407,1,0.685
407,2,0.83
407,3,0.469
407,4,0.571
407,5,0.548
407,6,0.406
407,7,0.325
407,8,0.319
407,9,0.291
407,10,0.327
407,11,0.293
407,12,0.241
407,13,0.285
407,14,0.24
407,15,0.204
407,16,0.246
407,17,0.219
407,18,0.169
407,19,0.167
407,20,0.21
407,21,0.168
407,22,0.167
407,23,0.174
407,24,0.528
407,25,0.218
407,26,0.646
407,27,0.691
407,28,0.199
407,29,0.389
407,30,0.308
407,31,0.211
407,32,0.145
407,33,0.31
407,34,0.52
407,35,1.515
407,36,1.381
407,37,0.767
407,38,0.931
407,39,0.894
407,40,0.858
407,41,0.997
407,42,1.062
407,43,1.035
407,44,1.295
407,45,0.98
407,46,1.139
407,47,0.975
407,48,2.561
408,1,0.853
408,2,0.555
408,3,0.465
408,4,0.506
408,5,0.425
408,6,0.487
408,7,0.396
408,8,0.338
408,9,0.359
408,10,0.313
408,11,0.338
408,12,0.344
408,13,0.263
408,14,0.282
408,15,0.255
408,16,0.243
408,17,0.251
408,18,0.253
408,19,0.21
408,20,0.241
408,21,0.234
408,22,0.208
408,23,0.158
408,24,0.188
408,25,0.147
408,26,0.149
408,27,0.391
408,28,0.422
408,29,0.935
408,30,0.249
408,31,0.145
408,32,0.181
408,33,0.14
408,34,0.142
408,35,1.036
408,36,2.168
408,37,1.545
408,38,1.413
408,39,1.07
408,40,1.005
408,41,1.199
408,42,1.474
408,43,1.188
408,44,1.507
408,45,1.122
408,46,1.532
408,47,1.24
408,48,0.847
409,1,0.852
409,2,0.768
409,3,1.337
409,4,0.991
409,5,0.941
409,6,0.322
409,7,0.374
409,8,0.848
409,9,0.513
409,10,0.301
409,11,0.332
409,12,0.251
409,13,0.255
409,14,0.269
409,15,0.131
409,16,0.182
409,17,0.14
409,18,0.157
409,19,0.233
409,20,0.162
409,21,0.138
409,22,0.699
409,23,0.089
409,24,0.143
409,25,0.133
409,26,0.27
409,27,0.238
409,28,0.19
409,29,0.187
409,30,0.229
409,31,0.187
409,32,0.471
409,33,0.675
409,34,1.105
409,35,0.872
409,36,1.107
409,37,2.104
409,38,1.064
409,39,1.09
409,40,1.171
409,41,1.221
409,42,1.107
409,43,0.809
409,44,0.832
409,45,0.816
409,46,1.07
409,47,0.975
409,48,0.73
410,1,1.108
410,2,0.833
410,3,0.263
410,4,0.396
410,5,0.215
410,6,0.242
410,7,0.27
410,8,0.305
410,9,0.585
410,10,0.528
410,11,0.382
410,12,0.407
410,13,0.415
410,14,0.338
410,15,0.304
410,16,0.221
410,17,0.136
410,18,0.133
410,19,0.211
410,20,0.216
410,21,0.212
410,22,0.606
410,23,0.46
410,24,0.295
410,25,0.564
410,26,0.819
410,27,2.133
410,28,1.929
410,29,1.822
410,30,1.83
410,31,2.085
410,32,1.414
410,33,1.287
410,34,1.19
410,35,0.766
410,36,0.979
410,37,1.045
410,38,1.071
410,39,1.126
410,40,1.034
410,41,1.09
410,42,1.041
410,43,1.244
410,44,1.252
410,45,2.209
410,46,2.027
410,47,1.499
410,48,0.896
411,1,1.018
411,2,0.739
411,3,0.288
411,4,0.265
411,5,0.229
411,6,0.899
411,7,0.546
411,8,0.368
411,9,0.441
411,10,0.31
411,11,0.316
411,12,0.265
411,13,0.163
411,14,0.212
411,15,0.148
411,16,0.14
411,17,0.162
411,18,0.166
411,19,0.146
411,20,0.67
411,21,0.329
411,22,0.203
411,23,0.233
411,24,0.229
411,25,0.142
411,26,0.109
411,27,0.149
411,28,0.797
411,29,0.195
411,30,0.217
411,31,0.21
411,32,0.192
411,33,0.092
411,34,0.361
411,35,0.384
411,36,1.327
411,37,2.567
411,38,1.649
411,39,1.181
411,40,1.007
411,41,0.838
411,42,0.844
411,43,0.726
411,44,1.337
411,45,0.899
411,46,0.982
411,47,0.642
411,48,0.778
412,1,0.81
412,2,0.353
412,3,0.256
412,4,0.212
412,5,0.214
412,6,0.286
412,7,0.764
412,8,0.605
412,9,0.388
412,10,0.383
412,11,0.43
412,12,0.428
412,13,0.241
412,14,0.218
412,15,0.132
412,16,0.152
412,17,0.181
412,18,0.125
412,19,0.404
412,20,0.371
412,21,0.145
412,22,0.169
412,23,0.244
412,24,0.098
412,25,0.112
412,26,0.182
412,27,0.296
412,28,0.888
412,29,0.212
412,30,0.149
412,31,0.102
412,32,0.153
412,33,0.541
412,34,1.118
412,35,1.044
412,36,1.156
412,37,2.372
412,38,1.439
412,39,0.922
412,40,1.069
412,41,1.368
412,42,1.589
412,43,1.252
412,44,1.727
412,45,1.297
412,46,0.94
412,47,0.86
412,48,0.683
413,1,0.763
413,2,0.946
413,3,0.604
413,4,0.255
413,5,0.3
413,6,0.263
413,7,0.354
413,8,0.828
413,9,0.489
413,10,0.354
413,11,0.214
413,12,0.245
413,13,0.278
413,14,0.189
413,15,0.166
413,16,0.248
413,17,0.167
413,18,0.168
413,19,0.229
413,20,0.172
413,21,0.146
413,22,0.547
413,23,0.153
413,24,0.42
413,25,0.262
413,26,0.336
413,27,0.27
413,28,0.519
413,29,0.952
413,30,0.318
413,31,0.517
413,32,0.129
413,33,0.314
413,34,0.406
413,35,1.001
413,36,1.595
413,37,1.672
413,38,0.891
413,39,0.995
413,40,0.897
413,41,1.028
413,42,1.05
413,43,0.887
413,44,0.843
413,45,1.144
413,46,1.032
413,47,0.778
413,48,0.7
414,1,0.437
414,2,0.45
414,3,0.408
414,4,0.45
414,5,0.396
414,6,1.061
414,7,0.489
414,8,0.381
414,9,0.428
414,10,0.39
414,11,0.326
414,12,0.228
414,13,0.168
414,14,0.161
414,15,0.185
414,16,0.132
414,17,0.13
414,18,0.17
414,19,0.159
414,20,0.13
414,21,0.17
414,22,0.14
414,23,0.133
414,24,0.148
414,25,0.159
414,26,0.579
414,27,0.119
414,28,1.019
414,29,0.36
414,30,0.161
414,31,0.326
414,32,0.672
414,33,1.318
414,34,1.572
414,35,1.512
414,36,1.009
414,37,2.386
414,38,0.861
414,39,1.1
414,40,1.41
414,41,1.233
414,42,1.332
414,43,2.161
414,44,2.341
414,45,1.406
414,46,0.988
414,47,0.855
414,48,0.745
415,1,1.081
415,2,1.561
415,3,0.437
415,4,0.491
415,5,0.287
415,6,0.407
415,7,0.331
415,8,0.285
415,9,0.353
415,10,0.246
415,11,0.246
415,12,0.195
415,13,0.127
415,14,0.11
415,15,0.147
415,16,0.099
415,17,0.084
415,18,0.12
415,19,0.12
415,20,0.255
415,21,0.218
415,22,1.01
415,23,0.192
415,24,0.138
415,25,0.111
415,26,0.301
415,27,0.196
415,28,0.404
415,29,0.223
415,30,0.141
415,31,0.189
415,32,0.137
415,33,0.126
415,34,0.201
415,35,0.321
415,36,1.466
415,37,1.597
415,38,1.441
415,39,1.038
415,40,0.963
415,41,1.084
415,42,0.991
415,43,1.056
415,44,1.041
415,45,1.144
415,46,0.999
415,47,0.815
415,48,0.98
