213,1,0.304
213,2,0.315
213,3,0.371
213,4,0.398
213,5,0.341
213,6,0.308
213,7,0.354
213,8,0.306
213,9,0.33
213,10,0.271
213,11,0.484
213,12,0.516
213,13,0.453
213,14,0.358
213,15,0.089
213,16,0.342
213,17,0.364
213,18,0.147
213,19,4.233
213,20,1.449
213,21,2.368
213,22,5.528
213,23,5.412
213,24,1.905
213,25,1.13
213,26,0.27
213,27,0.277
213,28,0.267
213,29,1.324
213,30,1.238
213,31,0.334
213,32,0.368
213,33,0.351
213,34,0.233
213,35,0.559
213,36,2.181
213,37,0.367
213,38,0.203
213,39,0.216
213,40,0.184
213,41,0.198
213,42,0.12
213,43,0.195
213,44,0.21
213,45,0.204
213,46,0.111
213,47,0.192
213,48,0.336
214,1,0.331
214,2,0.256
214,3,0.248
214,4,0.203
214,5,0.273
214,6,0.132
214,7,0.258
214,8,0.217
214,9,0.12
214,10,0.179
214,11,0.199
214,12,0.174
214,13,0.127
214,14,0.195
214,15,0.182
214,16,0.131
214,17,0.081
214,18,0.137
214,19,0.17
214,20,0.141
214,21,0.367
214,22,1.796
214,23,0.996
214,24,2.252
214,25,1.146
214,26,2.454
214,27,1.744
214,28,0.268
214,29,0.532
214,30,0.577
214,31,0.88
214,32,1.131
214,33,0.382
214,34,0.443
214,35,0.35
214,36,0.479
214,37,0.369
214,38,0.167
214,39,0.146
214,40,0.243
214,41,0.271
214,42,0.304
214,43,0.282
214,44,0.392
214,45,0.586
214,46,0.524
214,47,0.343
214,48,0.218
215,1,0.204
215,2,0.267
215,3,0.218
215,4,0.145
215,5,0.249
215,6,0.219
215,7,0.215
215,8,0.19
215,9,0.222
215,10,0.227
215,11,0.219
215,12,0.108
215,13,0.187
215,14,0.216
215,15,0.195
215,16,0.189
215,17,0.204
215,18,0.324
215,19,0.304
215,20,0.812
215,21,1.684
215,22,0.326
215,23,0.123
215,24,0.166
215,25,0.06
215,26,0.107
215,27,0.17
215,28,0.124
215,29,0.121
215,30,0.144
215,31,0.18
215,32,0.215
215,33,0.286
215,34,0.262
215,35,1.918
215,36,3.433
215,37,2.215
215,38,0.947
215,39,2.7
215,40,2.286
215,41,2.431
215,42,1.582
215,43,1.795
215,44,1.072
215,45,1.225
215,46,1.708
215,47,0.464
215,48,0.385
216,1,0.268
216,2,0.272
216,3,0.231
216,4,0.216
216,5,0.251
216,6,0.129
216,7,0.382
216,8,0.453
216,9,0.35
216,10,0.369
216,11,0.382
216,12,0.342
216,13,0.402
216,14,0.343
216,15,0.462
216,16,0.181
216,17,0.349
216,18,0.582
216,19,2.555
216,20,2.004
216,21,4.305
216,22,3.107
216,23,2.34
216,24,0.785
216,25,0.957
216,26,0.201
216,27,0.125
216,28,0.938
216,29,0.837
216,30,1.962
216,31,0.763
216,32,0.466
216,33,0.763
216,34,0.992
216,35,0.232
216,36,0.184
216,37,0.286
216,38,0.253
216,39,0.45
216,40,0.163
216,41,0.179
216,42,0.244
216,43,0.196
216,44,0.452
216,45,0.5
216,46,0.439
216,47,0.354
216,48,0.321
217,1,0.359
217,2,0.285
217,3,0.302
217,4,0.165
217,5,0.294
217,6,0.476
217,7,0.435
217,8,0.398
217,9,0.318
217,10,0.232
217,11,0.567
217,12,0.366
217,13,0.534
217,14,0.542
217,15,0.402
217,16,0.374
217,17,0.747
217,18,1.003
217,19,1.375
217,20,0.725
217,21,1.142
217,22,0.172
217,23,0.984
217,24,0.262
217,25,0.346
217,26,0.216
217,27,0.193
217,28,0.239
217,29,0.284
217,30,0.207
217,31,0.169
217,32,0.281
217,33,0.302
217,34,1.015
217,35,0.812
217,36,0.779
217,37,0.291
217,38,0.372
217,39,0.307
217,40,0.579
217,41,0.441
217,42,0.324
217,43,0.331
217,44,0.429
217,45,0.437
217,46,0.426
217,47,0.396
217,48,0.282
218,1,0.205
218,2,0.222
218,3,0.185
218,4,0.232
218,5,0.374
218,6,0.36
218,7,0.255
218,8,0.186
218,9,0.231
218,10,0.184
218,11,0.206
218,12,0.208
218,13,0.281
218,14,0.134
218,15,0.091
218,16,2.112
218,17,0.538
218,18,0.506
218,19,0.513
218,20,1.342
218,21,1.463
218,22,0.645
218,23,0.142
218,24,0.245
218,25,0.225
218,26,0.267
218,27,0.3
218,28,0.257
218,29,0.426
218,30,0.475
218,31,0.165
218,32,0.18
218,33,0.147
218,34,0.107
218,35,0.118
218,36,0.138
218,37,0.294
218,38,0.218
218,39,0.144
218,40,0.167
218,41,0.129
218,42,0.173
218,43,0.25
218,44,0.301
218,45,1.647
218,46,1.173
218,47,0.396
218,48,0.296
219,1,0.305
219,2,0.317
219,3,0.224
219,4,0.269
219,5,0.21
219,6,0.165
219,7,0.24
219,8,0.198
219,9,0.24
219,10,0.169
219,11,0.131
219,12,0.241
219,13,0.195
219,14,0.222
219,15,0.323
219,16,0.113
219,17,0.285
219,18,0.226
219,19,0.334
219,20,1.235
219,21,0.169
219,22,0.181
219,23,0.132
219,24,0.473
219,25,0.314
219,26,0.362
219,27,0.2
219,28,0.16
219,29,0.146
219,30,0.136
219,31,0.158
219,32,0.129
219,33,0.143
219,34,0.159
219,35,0.129
219,36,0.195
219,37,1.216
219,38,0.327
219,39,0.323
219,40,0.146
219,41,0.177
219,42,0.775
219,43,0.839
219,44,1.335
219,45,1.217
219,46,0.361
219,47,0.309
219,48,0.193
220,1,0.194
220,2,0.272
220,3,2.33
220,4,0.693
220,5,0.715
220,6,0.685
220,7,0.712
220,8,0.585
220,9,0.657
220,10,0.649
220,11,0.659
220,12,0.677
220,13,0.647
220,14,0.571
220,15,0.21
220,16,0.211
220,17,0.262
220,18,0.408
220,19,0.299
220,20,0.459
220,21,0.51
220,22,0.225
220,23,0.607
220,24,0.584
220,25,0.578
220,26,0.533
220,27,2.233
220,28,0.419
220,29,1.058
220,30,0.172
220,31,1.32
220,32,2.305
220,33,0.231
220,34,0.185
220,35,0.125
220,36,0.196
220,37,0.607
220,38,1.448
220,39,2.142
220,40,0.564
220,41,0.319
220,42,0.353
220,43,0.534
220,44,0.749
220,45,0.417
220,46,0.364
220,47,0.301
220,48,0.392
221,1,0.364
221,2,0.365
221,3,0.366
221,4,0.337
221,5,0.343
221,6,0.227
221,7,0.246
221,8,0.326
221,9,0.283
221,10,0.293
221,11,0.304
221,12,0.214
221,13,0.298
221,14,0.283
221,15,0.277
221,16,0.331
221,17,0.356
221,18,2.885
221,19,0.972
221,20,5.389
221,21,5.207
221,22,1.666
221,23,0.892
221,24,0.224
221,25,0.104
221,26,1.022
221,27,1.875
221,28,1.081
221,29,1.281
221,30,1.997
221,31,2.042
221,32,0.733
221,33,1.705
221,34,0.668
221,35,2.069
221,36,2.353
221,37,2.669
221,38,1.761
221,39,2.398
221,40,1.623
221,41,1.63
221,42,1.392
221,43,0.593
221,44,0.811
221,45,0.325
221,46,0.294
221,47,0.269
221,48,0.169
222,1,0.4
222,2,0.357
222,3,0.17
222,4,0.185
222,5,0.163
222,6,0.183
222,7,0.225
222,8,0.178
222,9,0.216
222,10,0.101
222,11,0.184
222,12,0.226
222,13,0.186
222,14,0.2
222,15,0.176
222,16,0.398
222,17,0.611
222,18,0.514
222,19,0.437
222,20,1.103
222,21,1.094
222,22,0.306
222,23,0.247
222,24,0.115
222,25,0.187
222,26,1.204
222,27,0.242
222,28,0.168
222,29,1.091
222,30,2.573
222,31,2.997
222,32,0.864
222,33,0.276
222,34,0.358
222,35,1.584
222,36,2.513
222,37,1.68
222,38,1.065
222,39,1.841
222,40,2.533
222,41,1.951
222,42,0.631
222,43,0.791
222,44,0.724
222,45,0.406
222,46,0.391
222,47,0.567
222,48,0.664
223,1,0.587
223,2,0.536
223,3,0.541
223,4,0.578
223,5,0.341
223,6,0.273
223,7,0.268
223,8,0.247
223,9,0.23
223,10,0.222
223,11,0.263
223,12,0.212
223,13,0.69
223,14,0.43
223,15,0.477
223,16,0.938
223,17,0.892
223,18,0.39
223,19,0.816
223,20,0.213
223,21,0.303
223,22,1.198
223,23,0.13
223,24,0.159
223,25,0.221
223,26,1.246
223,27,0.6
223,28,1.2
223,29,1.868
223,30,1.028
223,31,0.822
223,32,0.425
223,33,0.382
223,34,0.367
223,35,0.162
223,36,0.249
223,37,0.333
223,38,0.505
223,39,1.041
223,40,1.217
223,41,0.606
223,42,0.472
223,43,0.651
223,44,0.618
223,45,0.418
223,46,0.536
223,47,0.434
223,48,0.518
224,1,0.329
224,2,0.282
224,3,0.299
224,4,0.226
224,5,0.314
224,6,0.293
224,7,0.287
224,8,0.29
224,9,0.23
224,10,0.3
224,11,0.311
224,12,0.279
224,13,0.267
224,14,0.2
224,15,0.423
224,16,0.367
224,17,0.365
224,18,0.281
224,19,0.147
224,20,0.221
224,21,0.146
224,22,0.126
224,23,0.182
224,24,0.132
224,25,0.712
224,26,1.829
224,27,0.95
224,28,3.036
224,29,2.825
224,30,1.136
224,31,0.799
224,32,1.728
224,33,1.324
224,34,1.168
224,35,1.295
224,36,1.493
224,37,1.102
224,38,0.452
224,39,0.186
224,40,0.309
224,41,0.251
224,42,1.26
224,43,1.483
224,44,0.575
224,45,0.451
224,46,0.32
224,47,0.398
224,48,0.318
225,1,0.225
225,2,0.251
225,3,0.141
225,4,0.233
225,5,0.218
225,6,0.22
225,7,0.243
225,8,0.133
225,9,0.241
225,10,0.22
225,11,0.212
225,12,0.251
225,13,0.118
225,14,0.242
225,15,0.221
225,16,0.23
225,17,0.417
225,18,0.289
225,19,0.62
225,20,0.134
225,21,0.112
225,22,0.083
225,23,0.106
225,24,0.137
225,25,0.133
225,26,0.098
225,27,0.304
225,28,0.146
225,29,0.113
225,30,0.155
225,31,0.088
225,32,0.053
225,33,0.145
225,34,0.121
225,35,0.152
225,36,0.152
225,37,0.073
225,38,0.112
225,39,0.114
225,40,0.29
225,41,1.139
225,42,1.608
225,43,1.384
225,44,0.612
225,45,0.424
225,46,0.339
225,47,0.315
225,48,1.666
226,1,0.342
226,2,0.25
226,3,0.279
226,4,0.23
226,5,0.336
226,6,0.218
226,7,0.321
226,8,0.214
226,9,0.235
226,10,0.236
226,11,0.209
226,12,0.256
226,13,0.207
226,14,0.253
226,15,0.603
226,16,0.546
226,17,0.547
226,18,0.763
226,19,0.741
226,20,1.264
226,21,1.082
226,22,0.131
226,23,0.12
226,24,0.151
226,25,0.169
226,26,0.268
226,27,0.227
226,28,0.554
226,29,0.412
226,30,0.39
226,31,1.034
226,32,0.42
226,33,1.843
226,34,1.408
226,35,2.216
226,36,2.344
226,37,3.352
226,38,2.103
226,39,1.154
226,40,1.461
226,41,0.736
226,42,0.756
226,43,0.804
226,44,0.622
226,45,0.734
226,46,0.67
226,47,0.71
226,48,0.413
227,1,0.235
227,2,0.287
227,3,0.241
227,4,0.249
227,5,0.265
227,6,0.231
227,7,0.276
227,8,0.23
227,9,0.228
227,10,0.274
227,11,0.227
227,12,0.259
227,13,0.25
227,14,0.227
227,15,0.324
227,16,0.587
227,17,0.412
227,18,0.545
227,19,0.528
227,20,0.766
227,21,0.871
227,22,3.124
227,23,3.687
227,24,2.434
227,25,1.974
227,26,1.808
227,27,0.269
227,28,0.258
227,29,1.373
227,30,0.271
227,31,0.304
227,32,1.373
227,33,0.589
227,34,1.21
227,35,0.367
227,36,0.268
227,37,0.553
227,38,0.403
227,39,0.399
227,40,0.308
227,41,0.499
227,42,1.169
227,43,0.603
227,44,0.772
227,45,0.742
227,46,0.48
227,47,0.462
227,48,0.427
228,1,0.396
228,2,0.343
228,3,0.319
228,4,0.451
228,5,0.404
228,6,0.319
228,7,0.336
228,8,0.382
228,9,0.377
228,10,0.339
228,11,0.285
228,12,0.329
228,13,0.482
228,14,0.204
228,15,0.182
228,16,0.267
228,17,1.267
228,18,1.628
228,19,1.184
228,20,0.775
228,21,0.471
228,22,0.366
228,23,0.183
228,24,0.432
228,25,0.422
228,26,0.87
228,27,0.408
228,28,1.352
228,29,2.557
228,30,0.891
228,31,0.336
228,32,0.268
228,33,0.143
228,34,0.261
228,35,0.343
228,36,0.331
228,37,1.531
228,38,1.286
228,39,0.417
228,40,0.752
228,41,0.534
228,42,1.623
228,43,0.907
228,44,0.349
228,45,0.348
228,46,0.31
228,47,0.293
228,48,0.221
229,1,0.197
229,2,0.194
229,3,0.226
229,4,0.309
229,5,0.294
229,6,0.221
229,7,0.23
229,8,0.211
229,9,0.24
229,10,0.25
229,11,0.227
229,12,0.196
229,13,0.192
229,14,0.222
229,15,0.275
229,16,0.448
229,17,0.298
229,18,0.248
229,19,0.226
229,20,0.833
229,21,3.156
229,22,2.27
229,23,1.452
229,24,2.854
229,25,3.064
229,26,1.984
229,27,0.782
229,28,0.69
229,29,0.329
229,30,0.219
229,31,0.174
229,32,0.174
229,33,0.683
229,34,1.778
229,35,1.654
229,36,0.309
229,37,0.244
229,38,0.946
229,39,0.312
229,40,2.572
229,41,4.438
229,42,1.02
229,43,0.899
229,44,0.843
229,45,0.75
229,46,0.372
229,47,0.416
229,48,0.41
230,1,0.378
230,2,0.268
230,3,0.256
230,4,0.309
230,5,0.255
230,6,0.35
230,7,0.313
230,8,0.245
230,9,0.216
230,10,0.261
230,11,0.261
230,12,0.304
230,13,0.252
230,14,0.24
230,15,0.213
230,16,0.498
230,17,0.417
230,18,0.461
230,19,1.368
230,20,1.01
230,21,1.351
230,22,0.547
230,23,0.972
230,24,1.046
230,25,0.332
230,26,0.33
230,27,0.351
230,28,0.126
230,29,0.425
230,30,0.372
230,31,0.285
230,32,0.308
230,33,0.34
230,34,0.488
230,35,0.321
230,36,0.359
230,37,0.691
230,38,0.2
230,39,0.201
230,40,0.215
230,41,0.335
230,42,0.426
230,43,0.516
230,44,0.74
230,45,0.681
230,46,0.74
230,47,0.352
230,48,0.262
231,1,0.289
231,2,0.267
231,3,0.253
231,4,0.299
231,5,0.253
231,6,0.268
231,7,0.294
231,8,0.255
231,9,0.283
231,10,0.273
231,11,0.252
231,12,0.297
231,13,0.252
231,14,0.258
231,15,0.323
231,16,0.507
231,17,1.227
231,18,0.999
231,19,1.468
231,20,0.638
231,21,0.954
231,22,0.466
231,23,1.607
231,24,1.102
231,25,1.001
231,26,2.722
231,27,2.943
231,28,2.698
231,29,0.97
231,30,0.652
231,31,1.921
231,32,0.546
231,33,0.505
231,34,0.579
231,35,2.122
231,36,1.169
231,37,1.231
231,38,0.676
231,39,2.702
231,40,1.628
231,41,0.878
231,42,0.535
231,43,0.381
231,44,0.434
231,45,0.441
231,46,0.35
231,47,0.294
231,48,0.234
232,1,0.252
232,2,0.266
232,3,0.213
232,4,0.252
232,5,0.311
232,6,0.219
232,7,0.309
232,8,0.217
232,9,0.271
232,10,0.246
232,11,0.207
232,12,0.459
232,13,0.416
232,14,0.39
232,15,0.439
232,16,0.442
232,17,0.441
232,18,0.497
232,19,4.441
232,20,3.964
232,21,0.725
232,22,0.79
232,23,2.957
232,24,2.105
232,25,1.622
232,26,0.774
232,27,0.753
232,28,1.298
232,29,3.636
232,30,3.346
232,31,2.105
232,32,2.216
232,33,1.794
232,34,1.225
232,35,0.434
232,36,1.127
232,37,0.579
232,38,1.159
232,39,1.307
232,40,0.474
232,41,0.931
232,42,0.708
232,43,1.175
232,44,0.834
232,45,0.799
232,46,0.658
232,47,0.556
232,48,0.659
233,1,0.426
233,2,0.345
233,3,0.397
233,4,0.34
233,5,0.48
233,6,0.323
233,7,0.282
233,8,0.22
233,9,0.201
233,10,0.241
233,11,0.281
233,12,0.286
233,13,0.164
233,14,0.158
233,15,0.217
233,16,0.432
233,17,0.319
233,18,0.353
233,19,1.766
233,20,4.176
233,21,1.618
233,22,0.673
233,23,0.606
233,24,2.334
233,25,3.155
233,26,2.273
233,27,1.967
233,28,0.244
233,29,0.0
233,30,0.0
233,31,0.117
233,32,0.552
233,33,2.912
233,34,4.41
233,35,3.995
233,36,2.904
233,37,1.538
233,38,0.893
233,39,1.749
233,40,1.298
233,41,0.31
233,42,0.225
233,43,0.534
233,44,0.554
233,45,0.397
233,46,0.429
233,47,0.288
233,48,0.787
234,1,0.354
234,2,0.327
234,3,0.295
234,4,0.178
234,5,0.239
234,6,0.28
234,7,0.223
234,8,0.159
234,9,0.283
234,10,0.238
234,11,0.221
234,12,0.214
234,13,0.239
234,14,0.265
234,15,0.281
234,16,0.175
234,17,0.367
234,18,0.305
234,19,0.66
234,20,0.342
234,21,0.452
234,22,0.592
234,23,0.658
234,24,0.349
234,25,0.966
234,26,0.827
234,27,1.158
234,28,2.428
234,29,1.046
234,30,0.442
234,31,0.426
234,32,0.343
234,33,1.997
234,34,6.35
234,35,1.702
234,36,2.383
234,37,0.765
234,38,0.707
234,39,0.589
234,40,1.726
234,41,0.577
234,42,0.772
234,43,1.409
234,44,1.729
234,45,0.593
234,46,0.345
234,47,0.342
234,48,0.274
235,1,0.307
235,2,0.25
235,3,0.213
235,4,0.341
235,5,0.331
235,6,0.309
235,7,0.348
235,8,0.245
235,9,0.234
235,10,0.282
235,11,0.29
235,12,0.297
235,13,0.268
235,14,0.295
235,15,0.269
235,16,0.541
235,17,0.527
235,18,1.439
235,19,2.11
235,20,0.658
235,21,1.189
235,22,1.222
235,23,0.365
235,24,0.415
235,25,0.317
235,26,0.215
235,27,0.5
235,28,0.196
235,29,0.226
235,30,1.063
235,31,0.959
235,32,1.24
235,33,1.176
235,34,1.69
235,35,1.015
235,36,1.105
235,37,3.546
235,38,3.612
235,39,2.681
235,40,2.742
235,41,2.446
235,42,0.811
235,43,0.543
235,44,0.548
235,45,0.558
235,46,0.728
235,47,0.596
235,48,0.4
236,1,0.283
236,2,0.231
236,3,0.228
236,4,0.254
236,5,0.296
236,6,0.338
236,7,0.289
236,8,0.288
236,9,0.255
236,10,0.295
236,11,0.347
236,12,0.291
236,13,0.167
236,14,0.188
236,15,0.198
236,16,0.359
236,17,0.329
236,18,1.561
236,19,3.058
236,20,2.871
236,21,1.494
236,22,2.032
236,23,1.081
236,24,1.45
236,25,1.34
236,26,0.424
236,27,0.446
236,28,0.278
236,29,0.506
236,30,0.276
236,31,0.454
236,32,0.353
236,33,0.377
236,34,0.69
236,35,0.566
236,36,0.517
236,37,1.226
236,38,1.053
236,39,1.473
236,40,0.602
236,41,0.469
236,42,0.883
236,43,0.691
236,44,0.511
236,45,0.754
236,46,0.657
236,47,0.538
236,48,0.463
237,1,0.255
237,2,0.192
237,3,0.205
237,4,0.173
237,5,0.175
237,6,0.13
237,7,0.175
237,8,0.219
237,9,0.151
237,10,0.123
237,11,0.203
237,12,0.181
237,13,0.193
237,14,0.105
237,15,0.176
237,16,0.219
237,17,0.418
237,18,1.039
237,19,1.073
237,20,2.337
237,21,1.949
237,22,1.229
237,23,0.992
237,24,1.126
237,25,0.177
237,26,0.227
237,27,0.222
237,28,0.218
237,29,1.38
237,30,1.239
237,31,0.293
237,32,0.211
237,33,0.413
237,34,0.301
237,35,1.124
237,36,2.786
237,37,0.539
237,38,1.437
237,39,0.573
237,40,1.265
237,41,0.363
237,42,0.343
237,43,1.599
237,44,0.615
237,45,0.412
237,46,0.331
237,47,0.245
237,48,0.435
238,1,0.441
238,2,0.408
238,3,0.28
238,4,0.322
238,5,0.349
238,6,0.175
238,7,0.366
238,8,0.258
238,9,0.256
238,10,0.298
238,11,0.192
238,12,0.253
238,13,0.274
238,14,0.358
238,15,0.323
238,16,0.275
238,17,0.575
238,18,0.932
238,19,0.293
238,20,1.362
238,21,1.171
238,22,0.615
238,23,0.362
238,24,3.885
238,25,2.539
238,26,2.152
238,27,1.077
238,28,1.712
238,29,0.61
238,30,4.808
238,31,0.345
238,32,0.366
238,33,1.122
238,34,1.448
238,35,0.555
238,36,1.102
238,37,2.107
238,38,4.067
238,39,2.426
238,40,0.739
238,41,0.734
238,42,0.695
238,43,0.76
238,44,0.687
238,45,0.63
238,46,0.442
238,47,0.354
238,48,0.38
239,1,0.342
239,2,0.234
239,3,0.222
239,4,0.202
239,5,0.235
239,6,0.278
239,7,0.213
239,8,0.185
239,9,0.262
239,10,0.236
239,11,0.266
239,12,0.153
239,13,0.231
239,14,0.517
239,15,1.001
239,16,0.227
239,17,1.051
239,18,0.961
239,19,0.549
239,20,0.897
239,21,0.538
239,22,0.347
239,23,0.145
239,24,0.399
239,25,0.226
239,26,0.22
239,27,0.353
239,28,0.508
239,29,0.492
239,30,0.343
239,31,1.818
239,32,1.151
239,33,0.502
239,34,1.26
239,35,1.097
239,36,0.408
239,37,0.811
239,38,0.45
239,39,0.496
239,40,0.356
239,41,0.431
239,42,0.892
239,43,0.624
239,44,0.65
239,45,0.502
239,46,1.164
239,47,1.69
239,48,0.586
240,1,0.598
240,2,0.482
240,3,0.296
240,4,0.226
240,5,0.257
240,6,0.249
240,7,0.227
240,8,0.273
240,9,0.227
240,10,0.243
240,11,0.256
240,12,0.377
240,13,0.439
240,14,0.263
240,15,0.357
240,16,0.299
240,17,0.503
240,18,1.816
240,19,0.864
240,20,0.377
240,21,1.49
240,22,3.85
240,23,3.237
240,24,1.594
240,25,0.45
240,26,0.424
240,27,0.338
240,28,0.465
240,29,0.448
240,30,0.576
240,31,0.452
240,32,0.74
240,33,4.37
240,34,3.09
240,35,1.681
240,36,0.74
240,37,4.921
240,38,1.256
240,39,1.229
240,40,1.244
240,41,0.913
240,42,4.859
240,43,3.94
240,44,3.236
240,45,0.951
240,46,1.965
240,47,0.725
240,48,0.352
388,1,0.442
388,2,0.448
388,3,0.518
388,4,0.477
388,5,0.526
388,6,0.512
388,7,0.482
388,8,0.5
388,9,0.496
388,10,0.451
388,11,0.495
388,12,0.48
388,13,0.514
388,14,0.837
388,15,0.71
388,16,0.627
388,17,0.81
388,18,0.528
388,19,0.417
388,20,0.443
388,21,0.36
388,22,0.35
388,23,0.455
388,24,0.47
388,25,0.768
388,26,1.578
388,27,2.704
388,28,1.632
388,29,0.95
388,30,2.209
388,31,1.973
388,32,0.599
388,33,0.521
388,34,0.485
388,35,1.077
388,36,1.086
388,37,0.7
388,38,0.716
388,39,0.799
388,40,0.546
388,41,0.976
388,42,1.846
388,43,0.858
388,44,0.744
388,45,0.977
388,46,0.81
388,47,0.749
388,48,0.788
389,1,0.691
389,2,0.674
389,3,0.708
389,4,0.681
389,5,0.666
389,6,0.838
389,7,0.731
389,8,0.613
389,9,0.558
389,10,0.52
389,11,0.541
389,12,0.568
389,13,0.535
389,14,0.562
389,15,0.682
389,16,0.683
389,17,0.671
389,18,2.139
389,19,1.568
389,20,2.357
389,21,0.622
389,22,1.695
389,23,3.279
389,24,3.951
389,25,2.379
389,26,2.037
389,27,1.753
389,28,3.7
389,29,2.656
389,30,2.451
389,31,1.32
389,32,0.977
389,33,1.045
389,34,0.706
389,35,1.559
389,36,1.12
389,37,1.332
389,38,0.808
389,39,1.018
389,40,0.998
389,41,0.748
389,42,0.74
389,43,0.91
389,44,0.674
389,45,0.665
389,46,0.63
389,47,0.647
389,48,0.603
390,1,0.554
390,2,0.566
390,3,0.55
390,4,0.505
390,5,0.598
390,6,0.547
390,7,0.591
390,8,0.604
390,9,0.602
390,10,0.591
390,11,0.568
390,12,0.564
390,13,0.578
390,14,0.865
390,15,0.804
390,16,0.796
390,17,3.416
390,18,2.08
390,19,0.791
390,20,1.293
390,21,0.518
390,22,0.468
390,23,2.758
390,24,1.198
390,25,4.146
390,26,2.98
390,27,1.687
390,28,1.706
390,29,0.459
390,30,0.365
390,31,1.58
390,32,1.834
390,33,0.581
390,34,1.271
390,35,4.238
390,36,2.737
390,37,1.071
390,38,0.99
390,39,1.043
390,40,0.99
390,41,0.888
390,42,0.819
390,43,0.692
390,44,0.618
390,45,0.637
390,46,0.886
390,47,0.74
390,48,0.685
391,1,0.625
391,2,0.56
391,3,0.542
391,4,0.626
391,5,0.508
391,6,0.517
391,7,0.554
391,8,0.561
391,9,0.572
391,10,0.511
391,11,0.548
391,12,0.654
391,13,0.527
391,14,0.597
391,15,0.885
391,16,0.926
391,17,0.886
391,18,0.777
391,19,0.608
391,20,2.138
391,21,0.818
391,22,3.225
391,23,2.332
391,24,2.475
391,25,1.768
391,26,0.82
391,27,2.251
391,28,1.621
391,29,1.329
391,30,0.546
391,31,0.307
391,32,1.338
391,33,2.034
391,34,0.68
391,35,1.6
391,36,1.476
391,37,1.076
391,38,0.948
391,39,0.875
391,40,0.76
391,41,0.729
391,42,0.844
391,43,0.869
391,44,0.829
391,45,1.008
391,46,0.692
391,47,0.594
391,48,0.599
392,1,0.643
392,2,0.702
392,3,0.551
392,4,0.504
392,5,0.498
392,6,0.509
392,7,0.457
392,8,0.453
392,9,0.519
392,10,0.489
392,11,0.511
392,12,0.531
392,13,0.422
392,14,0.762
392,15,0.658
392,16,0.679
392,17,0.802
392,18,1.011
392,19,1.339
392,20,1.529
392,21,2.727
392,22,0.883
392,23,0.651
392,24,0.648
392,25,1.018
392,26,2.067
392,27,1.738
392,28,1.269
392,29,0.466
392,30,0.492
392,31,0.366
392,32,0.679
392,33,2.134
392,34,1.927
392,35,1.635
392,36,0.651
392,37,0.661
392,38,0.885
392,39,0.7
392,40,0.74
392,41,0.728
392,42,0.668
392,43,1.414
392,44,2.082
392,45,1.824
392,46,1.662
392,47,1.498
392,48,0.8
393,1,0.587
393,2,0.646
393,3,0.499
393,4,0.445
393,5,0.543
393,6,0.427
393,7,0.45
393,8,0.504
393,9,0.518
393,10,0.524
393,11,0.514
393,12,0.446
393,13,0.47
393,14,0.832
393,15,3.96
393,16,0.749
393,17,0.924
393,18,1.349
393,19,1.8
393,20,2.242
393,21,0.421
393,22,1.396
393,23,0.276
393,24,0.274
393,25,0.994
393,26,0.592
393,27,0.641
393,28,0.711
393,29,0.38
393,30,1.888
393,31,3.334
393,32,2.059
393,33,1.964
393,34,1.424
393,35,1.505
393,36,0.781
393,37,1.525
393,38,1.245
393,39,0.893
393,40,0.909
393,41,0.912
393,42,0.789
393,43,0.685
393,44,0.661
393,45,0.673
393,46,0.553
393,47,0.527
393,48,0.538
394,1,0.594
394,2,0.549
394,3,0.546
394,4,0.6
394,5,0.722
394,6,0.577
394,7,0.528
394,8,0.448
394,9,0.448
394,10,0.501
394,11,0.458
394,12,0.451
394,13,0.508
394,14,0.467
394,15,0.503
394,16,0.628
394,17,2.166
394,18,0.73
394,19,0.838
394,20,0.337
394,21,0.338
394,22,0.421
394,23,0.323
394,24,0.339
394,25,0.3
394,26,0.446
394,27,1.936
394,28,2.081
394,29,0.477
394,30,0.4
394,31,1.439
394,32,1.523
394,33,1.796
394,34,2.751
394,35,1.823
394,36,2.453
394,37,2.488
394,38,2.175
394,39,1.355
394,40,1.827
394,41,1.653
394,42,1.744
394,43,0.648
394,44,0.602
394,45,0.566
394,46,0.61
394,47,0.454
394,48,0.669
395,1,0.929
395,2,0.515
395,3,0.547
395,4,0.574
395,5,0.555
395,6,0.605
395,7,0.539
395,8,0.532
395,9,0.579
395,10,0.535
395,11,0.535
395,12,0.611
395,13,0.962
395,14,1.046
395,15,0.71
395,16,0.478
395,17,0.534
395,18,0.998
395,19,1.178
395,20,0.412
395,21,0.506
395,22,0.405
395,23,0.683
395,24,1.456
395,25,1.054
395,26,1.1
395,27,0.788
395,28,0.479
395,29,0.93
395,30,1.959
395,31,0.728
395,32,0.45
395,33,1.248
395,34,3.846
395,35,2.548
395,36,2.565
395,37,1.934
395,38,2.109
395,39,2.702
395,40,1.281
395,41,1.725
395,42,0.902
395,43,0.813
395,44,0.818
395,45,0.683
395,46,0.592
395,47,0.638
395,48,0.536
396,1,0.58
396,2,0.564
396,3,0.551
396,4,0.508
396,5,0.572
396,6,0.529
396,7,0.614
396,8,0.499
396,9,0.495
396,10,0.582
396,11,0.573
396,12,0.501
396,13,0.589
396,14,0.766
396,15,0.648
396,16,0.803
396,17,0.991
396,18,3.24
396,19,3.318
396,20,1.927
396,21,7.953
396,22,2.884
396,23,1.009
396,24,3.072
396,25,2.234
396,26,2.582
396,27,2.485
396,28,1.986
396,29,4.314
396,30,2.177
396,31,1.537
396,32,0.762
396,33,1.609
396,34,0.529
396,35,0.874
396,36,0.943
396,37,0.94
396,38,3.27
396,39,2.876
396,40,3.22
396,41,1.284
396,42,1.712
396,43,0.906
396,44,0.726
396,45,0.704
396,46,0.618
396,47,0.572
396,48,0.632
397,1,0.592
397,2,0.529
397,3,0.574
397,4,0.461
397,5,0.484
397,6,0.509
397,7,0.486
397,8,0.485
397,9,0.448
397,10,0.436
397,11,0.506
397,12,0.516
397,13,0.702
397,14,0.675
397,15,0.658
397,16,0.722
397,17,0.801
397,18,0.854
397,19,0.689
397,20,0.438
397,21,0.648
397,22,0.881
397,23,2.569
397,24,1.556
397,25,1.462
397,26,0.453
397,27,2.456
397,28,2.164
397,29,1.659
397,30,0.961
397,31,0.9
397,32,3.953
397,33,3.623
397,34,2.515
397,35,1.567
397,36,1.686
397,37,1.576
397,38,0.933
397,39,0.869
397,40,1.267
397,41,3.081
397,42,1.983
397,43,1.024
397,44,0.811
397,45,0.783
397,46,0.629
397,47,0.436
397,48,0.44
398,1,0.442
398,2,0.489
398,3,0.45
398,4,0.454
398,5,0.496
398,6,0.453
398,7,0.438
398,8,0.475
398,9,0.429
398,10,0.432
398,11,0.461
398,12,0.425
398,13,0.435
398,14,0.473
398,15,5.628
398,16,1.51
398,17,3.0
398,18,0.932
398,19,0.35
398,20,0.247
398,21,0.467
398,22,0.471
398,23,0.501
398,24,0.512
398,25,0.461
398,26,0.391
398,27,0.568
398,28,0.427
398,29,0.378
398,30,0.724
398,31,0.424
398,32,0.698
398,33,2.959
398,34,0.78
398,35,0.915
398,36,1.207
398,37,1.185
398,38,1.2
398,39,1.713
398,40,1.932
398,41,0.949
398,42,0.559
398,43,0.618
398,44,0.755
398,45,0.807
398,46,0.655
398,47,0.572
398,48,0.603
399,1,0.545
399,2,0.442
399,3,0.46
399,4,0.428
399,5,0.426
399,6,0.483
399,7,0.46
399,8,0.466
399,9,0.527
399,10,0.483
399,11,0.5
399,12,0.562
399,13,0.509
399,14,0.562
399,15,0.827
399,16,0.747
399,17,1.181
399,18,2.06
399,19,1.288
399,20,1.653
399,21,1.387
399,22,1.954
399,23,1.063
399,24,2.934
399,25,2.514
399,26,2.047
399,27,1.796
399,28,1.443
399,29,0.893
399,30,0.532
399,31,0.607
399,32,2.213
399,33,2.303
399,34,0.635
399,35,3.55
399,36,1.313
399,37,1.078
399,38,1.132
399,39,1.1
399,40,1.107
399,41,1.016
399,42,0.87
399,43,1.182
399,44,1.279
399,45,1.039
399,46,0.598
399,47,0.612
399,48,0.575
400,1,0.631
400,2,0.655
400,3,0.618
400,4,0.536
400,5,0.484
400,6,0.487
400,7,0.526
400,8,0.492
400,9,0.523
400,10,0.53
400,11,0.506
400,12,0.542
400,13,0.552
400,14,0.501
400,15,4.219
400,16,2.745
400,17,0.728
400,18,1.779
400,19,3.8
400,20,1.956
400,21,0.465
400,22,0.294
400,23,0.335
400,24,0.351
400,25,0.324
400,26,0.343
400,27,0.294
400,28,0.259
400,29,0.322
400,30,1.225
400,31,4.574
400,32,3.154
400,33,1.891
400,34,2.324
400,35,0.836
400,36,1.164
400,37,3.136
400,38,2.766
400,39,1.5
400,40,0.992
400,41,0.885
400,42,0.711
400,43,0.582
400,44,0.562
400,45,0.808
400,46,0.76
400,47,0.849
400,48,0.807
401,1,0.698
401,2,0.643
401,3,0.643
401,4,0.437
401,5,0.538
401,6,0.476
401,7,0.47
401,8,0.518
401,9,0.471
401,10,0.472
401,11,0.544
401,12,0.499
401,13,0.562
401,14,0.909
401,15,1.101
401,16,1.127
401,17,1.463
401,18,1.28
401,19,1.497
401,20,1.271
401,21,0.806
401,22,1.657
401,23,3.115
401,24,3.581
401,25,1.854
401,26,2.407
401,27,1.022
401,28,2.214
401,29,1.828
401,30,1.397
401,31,1.474
401,32,0.927
401,33,1.038
401,34,3.934
401,35,3.063
401,36,3.285
401,37,1.816
401,38,1.946
401,39,1.091
401,40,1.756
401,41,1.418
401,42,0.994
401,43,0.644
401,44,0.534
401,45,0.423
401,46,0.448
401,47,0.425
401,48,0.413
402,1,0.462
402,2,0.425
402,3,0.406
402,4,0.51
402,5,0.442
402,6,0.473
402,7,0.414
402,8,0.42
402,9,0.478
402,10,0.404
402,11,0.42
402,12,0.429
402,13,0.694
402,14,2.642
402,15,2.608
402,16,1.344
402,17,0.927
402,18,0.616
402,19,1.9
402,20,1.15
402,21,0.777
402,22,0.675
402,23,0.821
402,24,0.65
402,25,0.701
402,26,0.942
402,27,0.493
402,28,0.417
402,29,1.905
402,30,3.268
402,31,2.802
402,32,1.482
402,33,1.289
402,34,0.847
402,35,0.697
402,36,1.25
402,37,0.828
402,38,0.704
402,39,0.718
402,40,0.664
402,41,1.139
402,42,0.866
402,43,0.743
402,44,0.642
402,45,0.623
402,46,0.679
402,47,0.587
402,48,0.625
403,1,0.631
403,2,0.603
403,3,0.647
403,4,0.53
403,5,0.494
403,6,0.527
403,7,0.478
403,8,0.508
403,9,0.497
403,10,0.472
403,11,0.532
403,12,0.498
403,13,0.501
403,14,0.605
403,15,0.856
403,16,0.776
403,17,2.118
403,18,1.816
403,19,8.33
403,20,4.687
403,21,4.27
403,22,2.739
403,23,1.966
403,24,1.831
403,25,1.68
403,26,1.646
403,27,2.1
403,28,2.096
403,29,2.645
403,30,3.021
403,31,2.974
403,32,2.031
403,33,1.634
403,34,0.838
403,35,1.178
403,36,0.785
403,37,2.121
403,38,0.968
403,39,2.987
403,40,2.766
403,41,2.483
403,42,2.029
403,43,1.706
403,44,1.266
403,45,0.954
403,46,0.855
403,47,0.786
403,48,0.693
404,1,0.639
404,2,0.71
404,3,0.599
404,4,0.529
404,5,0.563
404,6,0.436
404,7,0.482
404,8,0.436
404,9,0.453
404,10,0.45
404,11,0.419
404,12,0.459
404,13,0.65
404,14,0.736
404,15,0.792
404,16,1.352
404,17,3.271
404,18,1.249
404,19,1.068
404,20,1.094
404,21,0.632
404,22,2.947
404,23,2.276
404,24,1.812
404,25,2.133
404,26,2.25
404,27,2.49
404,28,0.798
404,29,1.376
404,30,2.525
404,31,1.986
404,32,3.095
404,33,2.646
404,34,2.088
404,35,2.322
404,36,1.998
404,37,2.414
404,38,0.798
404,39,0.726
404,40,0.903
404,41,0.779
404,42,1.38
404,43,0.743
404,44,0.664
404,45,0.602
404,46,0.544
404,47,0.519
404,48,0.559
405,1,0.511
405,2,0.52
405,3,0.527
405,4,0.491
405,5,0.526
405,6,0.515
405,7,0.497
405,8,0.545
405,9,0.519
405,10,0.525
405,11,0.568
405,12,0.818
405,13,0.839
405,14,1.078
405,15,0.858
405,16,0.891
405,17,2.329
405,18,1.094
405,19,0.372
405,20,0.403
405,21,0.723
405,22,1.262
405,23,0.661
405,24,2.607
405,25,1.608
405,26,3.414
405,27,0.556
405,28,2.142
405,29,1.55
405,30,1.589
405,31,2.301
405,32,1.997
405,33,1.874
405,34,1.011
405,35,1.794
405,36,2.428
405,37,1.219
405,38,1.432
405,39,0.85
405,40,1.054
405,41,0.964
405,42,1.304
405,43,0.889
405,44,0.633
405,45,0.506
405,46,0.476
405,47,0.942
405,48,1.642
406,1,0.76
406,2,0.731
406,3,0.524
406,4,0.504
406,5,0.557
406,6,0.503
406,7,0.507
406,8,0.585
406,9,0.567
406,10,0.537
406,11,0.502
406,12,0.514
406,13,0.948
406,14,0.872
406,15,0.863
406,16,0.959
406,17,1.049
406,18,0.964
406,19,1.111
406,20,1.315
406,21,0.645
406,22,1.005
406,23,1.075
406,24,1.052
406,25,0.513
406,26,1.68
406,27,2.278
406,28,1.943
406,29,1.446
406,30,1.641
406,31,0.74
406,32,0.968
406,33,2.55
406,34,1.478
406,35,0.95
406,36,1.413
406,37,1.786
406,38,1.801
406,39,0.803
406,40,0.745
406,41,1.357
406,42,2.248
406,43,0.881
406,44,0.718
406,45,0.702
406,46,0.684
406,47,0.751
406,48,0.753
407,1,0.76
407,2,0.857
407,3,0.618
407,4,0.509
407,5,0.583
407,6,0.494
407,7,0.563
407,8,0.567
407,9,0.571
407,10,0.567
407,11,0.526
407,12,0.515
407,13,0.823
407,14,0.765
407,15,1.227
407,16,2.957
407,17,0.934
407,18,0.639
407,19,2.407
407,20,1.713
407,21,1.103
407,22,1.041
407,23,0.408
407,24,0.495
407,25,2.489
407,26,0.618
407,27,0.472
407,28,0.508
407,29,0.491
407,30,0.678
407,31,2.436
407,32,1.563
407,33,0.63
407,34,1.34
407,35,0.965
407,36,1.916
407,37,0.728
407,38,0.938
407,39,0.978
407,40,0.832
407,41,0.715
407,42,0.609
407,43,0.595
407,44,0.613
407,45,0.542
407,46,0.573
407,47,0.608
407,48,0.61
408,1,0.632
408,2,0.537
408,3,0.509
408,4,0.532
408,5,0.513
408,6,0.556
408,7,0.561
408,8,0.54
408,9,0.547
408,10,0.49
408,11,0.494
408,12,0.553
408,13,0.796
408,14,1.146
408,15,1.077
408,16,1.188
408,17,0.745
408,18,1.549
408,19,1.54
408,20,1.023
408,21,1.221
408,22,0.3
408,23,0.311
408,24,0.36
408,25,0.286
408,26,0.281
408,27,0.315
408,28,0.319
408,29,0.351
408,30,0.438
408,31,1.402
408,32,1.504
408,33,1.275
408,34,1.252
408,35,1.989
408,36,2.363
408,37,1.177
408,38,1.396
408,39,1.234
408,40,0.88
408,41,0.937
408,42,1.002
408,43,3.327
408,44,2.148
408,45,2.636
408,46,0.913
408,47,0.673
408,48,0.588
409,1,0.544
409,2,0.503
409,3,0.544
409,4,0.568
409,5,0.536
409,6,0.587
409,7,0.542
409,8,0.535
409,9,0.526
409,10,0.501
409,11,0.573
409,12,2.642
409,13,2.204
409,14,1.02
409,15,1.067
409,16,0.72
409,17,0.888
409,18,0.491
409,19,0.419
409,20,0.385
409,21,0.761
409,22,0.331
409,23,0.585
409,24,1.73
409,25,0.447
409,26,0.58
409,27,0.443
409,28,0.591
409,29,0.417
409,30,0.351
409,31,0.389
409,32,0.309
409,33,0.499
409,34,0.392
409,35,0.691
409,36,0.771
409,37,1.433
409,38,1.91
409,39,2.294
409,40,2.104
409,41,1.542
409,42,1.387
409,43,1.313
409,44,1.409
409,45,1.274
409,46,1.09
409,47,1.131
409,48,1.055
410,1,0.642
410,2,0.696
410,3,0.682
410,4,0.55
410,5,0.518
410,6,0.453
410,7,0.604
410,8,0.606
410,9,0.54
410,10,0.55
410,11,0.485
410,12,0.506
410,13,0.71
410,14,0.637
410,15,1.056
410,16,1.326
410,17,0.668
410,18,0.561
410,19,0.627
410,20,0.912
410,21,0.615
410,22,3.542
410,23,4.268
410,24,2.237
410,25,3.555
410,26,1.269
410,27,1.736
410,28,2.224
410,29,5.583
410,30,2.203
410,31,2.302
410,32,1.438
410,33,1.257
410,34,0.828
410,35,1.401
410,36,0.773
410,37,0.961
410,38,0.801
410,39,0.73
410,40,0.833
410,41,0.755
410,42,0.755
410,43,0.537
410,44,0.45
410,45,0.528
410,46,0.434
410,47,0.467
410,48,0.502
411,1,0.544
411,2,0.561
411,3,0.446
411,4,0.42
411,5,0.458
411,6,0.431
411,7,0.465
411,8,0.449
411,9,0.439
411,10,0.487
411,11,0.44
411,12,0.43
411,13,0.666
411,14,0.571
411,15,0.976
411,16,4.804
411,17,4.792
411,18,0.776
411,19,0.822
411,20,2.096
411,21,0.66
411,22,0.392
411,23,2.832
411,24,2.698
411,25,3.265
411,26,3.267
411,27,1.387
411,28,1.294
411,29,1.732
411,30,1.672
411,31,1.378
411,32,2.162
411,33,1.979
411,34,1.629
411,35,0.468
411,36,0.806
411,37,0.695
411,38,0.567
411,39,0.569
411,40,0.576
411,41,0.567
411,42,0.586
411,43,0.731
411,44,1.436
411,45,1.264
411,46,0.586
411,47,0.251
411,48,0.208
412,1,0.426
412,2,0.367
412,3,0.375
412,4,0.322
412,5,0.271
412,6,0.293
412,7,0.275
412,8,0.255
412,9,0.305
412,10,0.253
412,11,0.281
412,12,0.262
412,13,0.433
412,14,0.679
412,15,0.757
412,16,0.77
412,17,0.603
412,18,0.571
412,19,0.447
412,20,0.216
412,21,0.251
412,22,0.297
412,23,0.427
412,24,0.29
412,25,0.29
412,26,0.184
412,27,0.339
412,28,0.345
412,29,0.345
412,30,0.286
412,31,1.422
412,32,0.643
412,33,0.315
412,34,1.082
412,35,1.787
412,36,0.549
412,37,1.688
412,38,0.845
412,39,1.876
412,40,0.766
412,41,0.61
412,42,0.625
412,43,0.688
412,44,0.572
412,45,0.569
412,46,0.338
412,47,0.314
412,48,0.33
413,1,0.287
413,2,0.342
413,3,0.275
413,4,0.255
413,5,0.303
413,6,0.254
413,7,0.281
413,8,0.288
413,9,0.261
413,10,0.31
413,11,0.259
413,12,0.292
413,13,0.668
413,14,0.561
413,15,0.645
413,16,0.591
413,17,1.342
413,18,2.046
413,19,0.422
413,20,0.676
413,21,1.203
413,22,2.618
413,23,2.592
413,24,2.16
413,25,1.103
413,26,1.477
413,27,1.957
413,28,0.173
413,29,0.142
413,30,0.125
413,31,0.17
413,32,0.394
413,33,1.567
413,34,3.077
413,35,6.326
413,36,7.364
413,37,1.6
413,38,5.756
413,39,2.57
413,40,1.982
413,41,1.965
413,42,2.018
413,43,0.889
413,44,0.882
413,45,0.903
413,46,0.677
413,47,0.548
413,48,0.363
414,1,0.389
414,2,0.337
414,3,0.369
414,4,0.313
414,5,0.376
414,6,0.275
414,7,0.279
414,8,0.254
414,9,0.298
414,10,0.25
414,11,0.24
414,12,0.289
414,13,0.382
414,14,0.435
414,15,1.616
414,16,2.475
414,17,3.061
414,18,2.085
414,19,1.372
414,20,0.608
414,21,1.608
414,22,2.968
414,23,5.291
414,24,3.303
414,25,1.671
414,26,1.393
414,27,0.456
414,28,0.426
414,29,0.33
414,30,0.506
414,31,0.319
414,32,0.381
414,33,0.525
414,34,0.804
414,35,0.465
414,36,0.677
414,37,0.788
414,38,2.057
414,39,1.718
414,40,1.118
414,41,1.142
414,42,0.966
414,43,0.519
414,44,0.514
414,45,0.494
414,46,0.464
414,47,0.411
414,48,0.29
415,1,0.299
415,2,0.247
415,3,0.276
415,4,0.269
415,5,0.254
415,6,0.299
415,7,0.256
415,8,0.261
415,9,0.292
415,10,0.255
415,11,0.28
415,12,0.268
415,13,0.462
415,14,0.659
415,15,0.624
415,16,0.501
415,17,0.562
415,18,0.492
415,19,0.69
415,20,1.612
415,21,1.505
415,22,2.252
415,23,2.253
415,24,1.235
415,25,0.432
415,26,0.601
415,27,0.339
415,28,0.42
415,29,0.419
415,30,0.458
415,31,0.386
415,32,0.298
415,33,0.25
415,34,0.192
415,35,0.174
415,36,0.615
415,37,0.368
415,38,0.373
415,39,0.705
415,40,0.636
415,41,0.563
415,42,0.477
415,43,0.398
415,44,0.655
415,45,0.577
415,46,0.44
415,47,0.301
415,48,0.301
