213,1,0.189
213,2,0.126
213,3,0.179
213,4,0.558
213,5,1.023
213,6,1.096
213,7,0.891
213,8,0.242
213,9,0.115
213,10,0.209
213,11,0.114
213,12,0.195
213,13,0.128
213,14,0.176
213,15,0.148
213,16,0.156
213,17,0.162
213,18,0.141
213,19,0.172
213,20,0.128
213,21,0.183
213,22,0.115
213,23,0.197
213,24,0.117
213,25,2.744
213,26,0.176
213,27,0.211
213,28,0.179
213,29,0.18
213,30,0.162
213,31,0.146
213,32,0.182
213,33,0.106
213,34,0.206
213,35,0.137
213,36,0.181
213,37,0.142
213,38,0.155
213,39,0.172
213,40,0.135
213,41,0.196
213,42,0.114
213,43,0.198
213,44,0.139
213,45,0.173
213,46,0.163
213,47,0.14
213,48,0.491
214,1,1.528
214,2,2.181
214,3,1.454
214,4,1.324
214,5,0.95
214,6,0.798
214,7,0.366
214,8,0.142
214,9,0.177
214,10,0.127
214,11,0.19
214,12,0.11
214,13,0.2
214,14,0.11
214,15,0.177
214,16,0.126
214,17,0.164
214,18,0.13
214,19,0.16
214,20,0.143
214,21,0.14
214,22,0.16
214,23,0.128
214,24,0.169
214,25,0.372
214,26,0.331
214,27,1.912
214,28,0.558
214,29,0.544
214,30,0.874
214,31,0.573
214,32,0.552
214,33,0.65
214,34,1.446
214,35,1.785
214,36,0.695
214,37,0.535
214,38,3.29
214,39,4.251
214,40,1.711
214,41,0.924
214,42,0.812
214,43,0.569
214,44,0.782
214,45,0.727
214,46,1.035
214,47,1.452
214,48,1.385
215,1,1.15
215,2,1.147
215,3,1.11
215,4,2.075
215,5,2.859
215,6,1.787
215,7,0.96
215,8,0.307
215,9,0.185
215,10,0.247
215,11,0.18
215,12,0.226
215,13,0.223
215,14,0.181
215,15,0.249
215,16,0.193
215,17,0.21
215,18,0.245
215,19,0.154
215,20,0.248
215,21,0.186
215,22,0.219
215,23,0.36
215,24,0.379
215,25,0.7
215,26,0.541
215,27,0.695
215,28,0.579
215,29,0.946
215,30,0.678
215,31,0.606
215,32,0.595
215,33,0.616
215,34,2.517
215,35,1.944
215,36,2.087
215,37,2.483
215,38,2.958
215,39,0.637
215,40,0.621
215,41,0.966
215,42,1.928
215,43,0.975
215,44,0.809
215,45,1.024
215,46,0.868
215,47,0.88
215,48,2.163
216,1,2.203
216,2,2.335
216,3,0.911
216,4,0.656
216,5,0.687
216,6,0.57
216,7,0.594
216,8,0.811
216,9,0.696
216,10,0.771
216,11,0.606
216,12,0.604
216,13,0.738
216,14,0.594
216,15,0.66
216,16,0.479
216,17,0.515
216,18,0.442
216,19,0.12
216,20,0.346
216,21,0.141
216,22,0.161
216,23,0.319
216,24,0.17
216,25,1.228
216,26,0.422
216,27,0.577
216,28,0.564
216,29,0.544
216,30,0.493
216,31,0.498
216,32,0.513
216,33,0.552
216,34,0.486
216,35,2.583
216,36,1.781
216,37,0.848
216,38,0.772
216,39,0.586
216,40,1.868
216,41,1.61
216,42,1.43
216,43,0.638
216,44,1.369
216,45,1.107
216,46,0.857
216,47,0.776
216,48,0.675
217,1,0.699
217,2,0.628
217,3,0.799
217,4,0.517
217,5,0.44
217,6,0.347
217,7,0.14
217,8,0.216
217,9,0.192
217,10,0.156
217,11,0.217
217,12,0.149
217,13,0.194
217,14,0.171
217,15,0.165
217,16,0.21
217,17,0.127
217,18,0.39
217,19,0.364
217,20,0.438
217,21,0.239
217,22,0.178
217,23,0.247
217,24,0.176
217,25,0.257
217,26,0.363
217,27,0.757
217,28,0.553
217,29,0.349
217,30,0.459
217,31,0.467
217,32,0.607
217,33,0.531
217,34,0.426
217,35,1.852
217,36,4.353
217,37,3.768
217,38,0.755
217,39,0.627
217,40,0.713
217,41,1.581
217,42,1.269
217,43,2.769
217,44,1.544
217,45,1.552
217,46,1.472
217,47,1.031
217,48,1.12
218,1,1.075
218,2,0.934
218,3,0.801
218,4,0.757
218,5,0.704
218,6,0.757
218,7,0.755
218,8,0.726
218,9,0.731
218,10,0.682
218,11,0.359
218,12,0.238
218,13,0.165
218,14,0.141
218,15,0.199
218,16,0.133
218,17,0.166
218,18,0.289
218,19,0.131
218,20,0.207
218,21,0.167
218,22,0.329
218,23,2.155
218,24,2.118
218,25,0.639
218,26,0.225
218,27,0.191
218,28,0.452
218,29,0.417
218,30,0.48
218,31,0.426
218,32,0.416
218,33,0.436
218,34,0.428
218,35,0.468
218,36,1.495
218,37,3.151
218,38,0.735
218,39,0.575
218,40,0.9
218,41,0.896
218,42,0.841
218,43,0.908
218,44,1.237
218,45,1.398
218,46,1.462
218,47,1.354
218,48,1.384
219,1,1.398
219,2,1.552
219,3,1.514
219,4,1.484
219,5,1.363
219,6,1.714
219,7,2.398
219,8,1.193
219,9,1.104
219,10,0.162
219,11,0.197
219,12,0.17
219,13,0.139
219,14,0.201
219,15,0.123
219,16,0.176
219,17,0.168
219,18,0.131
219,19,0.197
219,20,0.117
219,21,0.176
219,22,0.135
219,23,0.196
219,24,0.456
219,25,0.2
219,26,0.274
219,27,0.804
219,28,1.508
219,29,0.548
219,30,0.697
219,31,0.819
219,32,0.241
219,33,0.18
219,34,0.194
219,35,0.118
219,36,0.194
219,37,0.168
219,38,0.149
219,39,0.2
219,40,0.133
219,41,0.194
219,42,0.174
219,43,0.14
219,44,0.202
219,45,0.133
219,46,0.182
219,47,0.174
219,48,0.146
220,1,0.212
220,2,0.137
220,3,0.181
220,4,0.171
220,5,0.145
220,6,0.204
220,7,0.129
220,8,0.411
220,9,0.173
220,10,0.153
220,11,0.192
220,12,0.124
220,13,0.201
220,14,0.153
220,15,0.16
220,16,0.186
220,17,0.114
220,18,0.203
220,19,0.131
220,20,0.164
220,21,0.168
220,22,0.122
220,23,0.2
220,24,0.257
220,25,0.813
220,26,0.64
220,27,0.714
220,28,2.176
220,29,1.632
220,30,1.015
220,31,0.577
220,32,0.546
220,33,2.166
220,34,0.817
220,35,0.596
220,36,0.678
220,37,0.459
220,38,0.504
220,39,0.485
220,40,2.267
220,41,1.747
220,42,0.719
220,43,0.579
220,44,1.121
220,45,1.083
220,46,1.001
220,47,1.406
220,48,1.193
221,1,1.1
221,2,1.19
221,3,1.144
221,4,2.56
221,5,2.036
221,6,1.983
221,7,0.225
221,8,0.185
221,9,0.15
221,10,0.214
221,11,0.143
221,12,0.189
221,13,0.18
221,14,0.139
221,15,0.208
221,16,0.126
221,17,0.189
221,18,0.154
221,19,0.154
221,20,0.18
221,21,0.121
221,22,0.203
221,23,0.136
221,24,0.391
221,25,0.175
221,26,0.169
221,27,0.341
221,28,0.368
221,29,0.744
221,30,0.709
221,31,0.602
221,32,0.633
221,33,0.536
221,34,0.876
221,35,0.783
221,36,3.646
221,37,3.131
221,38,0.773
221,39,0.654
221,40,1.767
221,41,1.018
221,42,1.025
221,43,0.732
221,44,0.827
221,45,0.907
221,46,0.896
221,47,1.229
221,48,1.146
222,1,1.149
222,2,1.09
222,3,1.048
222,4,1.117
222,5,2.671
222,6,1.17
222,7,1.266
222,8,0.123
222,9,0.207
222,10,0.152
222,11,0.172
222,12,0.191
222,13,0.121
222,14,0.216
222,15,0.148
222,16,0.176
222,17,0.177
222,18,0.126
222,19,0.749
222,20,0.273
222,21,0.271
222,22,0.485
222,23,0.195
222,24,0.214
222,25,0.336
222,26,0.391
222,27,0.594
222,28,0.331
222,29,0.509
222,30,0.55
222,31,0.61
222,32,0.656
222,33,0.503
222,34,0.519
222,35,1.846
222,36,3.196
222,37,3.794
222,38,0.716
222,39,0.647
222,40,0.585
222,41,0.405
222,42,0.456
222,43,0.428
222,44,0.474
222,45,0.584
222,46,0.51
222,47,0.592
222,48,0.55
223,1,0.553
223,2,0.936
223,3,0.778
223,4,0.887
223,5,2.231
223,6,1.558
223,7,1.926
223,8,0.503
223,9,0.649
223,10,0.275
223,11,0.173
223,12,0.185
223,13,0.135
223,14,0.204
223,15,0.118
223,16,0.207
223,17,0.129
223,18,0.279
223,19,0.145
223,20,0.16
223,21,0.17
223,22,0.135
223,23,0.366
223,24,0.269
223,25,0.328
223,26,0.378
223,27,0.658
223,28,1.531
223,29,2.515
223,30,0.935
223,31,0.464
223,32,0.55
223,33,0.638
223,34,2.095
223,35,1.807
223,36,2.778
223,37,2.909
223,38,1.733
223,39,0.702
223,40,0.683
223,41,0.652
223,42,0.615
223,43,0.706
223,44,0.75
223,45,0.841
223,46,1.408
223,47,2.228
223,48,2.01
224,1,2.562
224,2,1.201
224,3,1.45
224,4,1.397
224,5,1.249
224,6,0.531
224,7,0.959
224,8,0.318
224,9,0.24
224,10,0.274
224,11,0.263
224,12,0.189
224,13,0.27
224,14,0.244
224,15,0.195
224,16,0.27
224,17,0.213
224,18,0.234
224,19,0.266
224,20,0.184
224,21,0.934
224,22,0.329
224,23,1.552
224,24,0.465
224,25,0.184
224,26,0.347
224,27,0.679
224,28,0.821
224,29,0.602
224,30,0.611
224,31,0.599
224,32,0.612
224,33,0.539
224,34,0.619
224,35,1.258
224,36,4.252
224,37,2.202
224,38,0.707
224,39,0.863
224,40,2.146
224,41,0.681
224,42,0.847
224,43,0.968
224,44,1.048
224,45,1.193
224,46,1.057
224,47,1.042
224,48,1.27
225,1,0.998
225,2,1.12
225,3,1.182
225,4,2.422
225,5,1.453
225,6,1.941
225,7,0.385
225,8,0.185
225,9,0.202
225,10,0.235
225,11,0.158
225,12,0.233
225,13,0.213
225,14,0.167
225,15,0.224
225,16,0.151
225,17,0.177
225,18,0.409
225,19,0.122
225,20,0.188
225,21,0.157
225,22,0.249
225,23,0.315
225,24,0.447
225,25,1.425
225,26,0.87
225,27,0.635
225,28,0.664
225,29,0.588
225,30,0.616
225,31,0.552
225,32,0.636
225,33,0.549
225,34,0.583
225,35,1.596
225,36,3.304
225,37,1.604
225,38,0.545
225,39,0.641
225,40,0.636
225,41,0.579
225,42,0.623
225,43,0.545
225,44,0.581
225,45,0.879
225,46,1.002
225,47,0.879
225,48,0.861
226,1,0.839
226,2,0.984
226,3,1.302
226,4,0.729
226,5,1.493
226,6,0.616
226,7,0.647
226,8,0.437
226,9,0.329
226,10,0.21
226,11,0.213
226,12,0.242
226,13,0.177
226,14,0.261
226,15,0.191
226,16,0.222
226,17,0.23
226,18,0.25
226,19,0.324
226,20,1.117
226,21,0.699
226,22,0.562
226,23,0.482
226,24,0.521
226,25,0.444
226,26,2.0
226,27,1.65
226,28,0.968
226,29,0.589
226,30,0.387
226,31,0.559
226,32,0.508
226,33,0.469
226,34,0.489
226,35,1.149
226,36,4.155
226,37,3.722
226,38,1.063
226,39,0.701
226,40,0.723
226,41,0.873
226,42,1.059
226,43,0.976
226,44,1.377
226,45,2.924
226,46,1.784
226,47,2.105
226,48,0.513
227,1,0.484
227,2,0.553
227,3,0.482
227,4,0.628
227,5,0.794
227,6,0.582
227,7,0.32
227,8,0.192
227,9,0.204
227,10,0.241
227,11,0.146
227,12,0.234
227,13,0.2
227,14,0.175
227,15,0.233
227,16,0.172
227,17,0.202
227,18,0.211
227,19,0.144
227,20,0.23
227,21,0.348
227,22,0.16
227,23,0.261
227,24,0.366
227,25,0.268
227,26,0.538
227,27,0.345
227,28,0.557
227,29,0.689
227,30,0.37
227,31,2.936
227,32,2.206
227,33,0.971
227,34,0.642
227,35,0.548
227,36,0.522
227,37,0.577
227,38,1.084
227,39,1.55
227,40,2.234
227,41,0.655
227,42,0.501
227,43,0.551
227,44,1.527
227,45,0.881
227,46,0.874
227,47,0.808
227,48,0.799
228,1,0.659
228,2,0.65
228,3,0.685
228,4,0.709
228,5,0.46
228,6,0.186
228,7,0.173
228,8,0.199
228,9,0.122
228,10,0.211
228,11,0.158
228,12,0.157
228,13,0.196
228,14,0.117
228,15,0.204
228,16,0.142
228,17,0.178
228,18,0.178
228,19,0.115
228,20,0.198
228,21,0.376
228,22,2.423
228,23,1.181
228,24,0.518
228,25,0.5
228,26,0.597
228,27,0.603
228,28,1.245
228,29,0.838
228,30,1.005
228,31,1.032
228,32,0.85
228,33,0.9
228,34,3.158
228,35,3.785
228,36,0.853
228,37,0.553
228,38,0.605
228,39,0.832
228,40,0.851
228,41,0.915
228,42,0.693
228,43,0.745
228,44,1.216
228,45,1.322
228,46,1.394
228,47,2.904
228,48,1.444
229,1,1.96
229,2,0.818
229,3,0.929
229,4,0.899
229,5,0.928
229,6,0.399
229,7,0.387
229,8,0.21
229,9,0.176
229,10,0.178
229,11,0.103
229,12,0.184
229,13,0.185
229,14,0.15
229,15,0.196
229,16,0.13
229,17,0.178
229,18,0.27
229,19,0.119
229,20,0.262
229,21,0.27
229,22,1.956
229,23,0.386
229,24,0.386
229,25,0.433
229,26,0.553
229,27,0.662
229,28,0.472
229,29,0.684
229,30,0.297
229,31,0.322
229,32,0.285
229,33,0.336
229,34,1.664
229,35,1.708
229,36,2.138
229,37,2.195
229,38,1.814
229,39,0.631
229,40,0.685
229,41,0.646
229,42,0.953
229,43,1.189
229,44,1.087
229,45,1.149
229,46,1.204
229,47,1.49
229,48,1.503
230,1,1.503
230,2,1.959
230,3,2.586
230,4,1.96
230,5,0.678
230,6,0.241
230,7,0.147
230,8,0.196
230,9,0.143
230,10,0.159
230,11,0.183
230,12,0.112
230,13,0.181
230,14,0.157
230,15,0.128
230,16,0.192
230,17,0.128
230,18,0.158
230,19,0.179
230,20,0.311
230,21,0.43
230,22,0.359
230,23,0.499
230,24,0.351
230,25,0.268
230,26,0.348
230,27,0.476
230,28,0.546
230,29,0.43
230,30,0.598
230,31,0.509
230,32,0.563
230,33,0.49
230,34,0.441
230,35,1.536
230,36,3.218
230,37,5.065
230,38,1.228
230,39,0.799
230,40,0.505
230,41,0.674
230,42,0.693
230,43,0.667
230,44,0.706
230,45,0.995
230,46,0.951
230,47,1.077
230,48,1.123
231,1,1.297
231,2,1.453
231,3,0.98
231,4,0.914
231,5,0.805
231,6,0.311
231,7,0.263
231,8,0.177
231,9,0.166
231,10,0.205
231,11,0.184
231,12,0.133
231,13,0.201
231,14,0.173
231,15,0.111
231,16,0.197
231,17,0.167
231,18,0.207
231,19,1.743
231,20,1.037
231,21,1.544
231,22,0.174
231,23,0.117
231,24,0.148
231,25,0.291
231,26,0.358
231,27,0.682
231,28,0.499
231,29,0.436
231,30,0.493
231,31,0.497
231,32,0.453
231,33,1.739
231,34,0.56
231,35,0.461
231,36,2.474
231,37,3.249
231,38,1.905
231,39,1.197
231,40,1.221
231,41,1.268
231,42,1.308
231,43,1.295
231,44,1.332
231,45,1.347
231,46,1.37
231,47,1.319
231,48,2.052
232,1,1.784
232,2,1.741
232,3,1.498
232,4,0.792
232,5,0.565
232,6,0.467
232,7,0.209
232,8,0.194
232,9,0.129
232,10,0.192
232,11,0.193
232,12,0.151
232,13,0.163
232,14,0.193
232,15,0.16
232,16,0.14
232,17,0.194
232,18,0.15
232,19,1.493
232,20,1.146
232,21,0.374
232,22,0.298
232,23,0.31
232,24,0.383
232,25,0.302
232,26,0.411
232,27,0.436
232,28,0.398
232,29,0.609
232,30,0.66
232,31,0.679
232,32,0.606
232,33,0.541
232,34,0.595
232,35,0.572
232,36,1.114
232,37,1.833
232,38,1.635
232,39,1.03
232,40,0.485
232,41,3.868
232,42,0.706
232,43,1.114
232,44,1.148
232,45,1.192
232,46,1.147
232,47,1.11
232,48,1.167
233,1,1.116
233,2,1.142
233,3,1.178
233,4,1.11
233,5,1.178
233,6,1.266
233,7,0.503
233,8,0.322
233,9,0.429
233,10,0.321
233,11,0.26
233,12,0.196
233,13,0.273
233,14,0.215
233,15,0.242
233,16,0.261
233,17,0.189
233,18,0.218
233,19,0.172
233,20,0.219
233,21,0.264
233,22,0.355
233,23,0.467
233,24,0.419
233,25,0.409
233,26,0.505
233,27,0.48
233,28,0.538
233,29,0.62
233,30,0.511
233,31,0.646
233,32,0.57
233,33,0.657
233,34,2.386
233,35,0.918
233,36,2.07
233,37,4.889
233,38,1.278
233,39,0.541
233,40,0.621
233,41,1.001
233,42,0.913
233,43,0.985
233,44,0.949
233,45,1.303
233,46,1.367
233,47,1.309
233,48,1.342
234,1,1.322
234,2,1.254
234,3,1.342
234,4,1.355
234,5,1.292
234,6,1.348
234,7,1.438
234,8,1.242
234,9,1.962
234,10,1.393
234,11,0.619
234,12,0.171
234,13,0.207
234,14,0.222
234,15,0.161
234,16,0.203
234,17,0.205
234,18,0.153
234,19,0.224
234,20,0.172
234,21,0.184
234,22,0.222
234,23,0.206
234,24,0.353
234,25,0.346
234,26,1.48
234,27,1.23
234,28,0.462
234,29,0.433
234,30,0.469
234,31,0.391
234,32,0.396
234,33,0.427
234,34,0.518
234,35,2.064
234,36,1.13
234,37,1.237
234,38,1.274
234,39,1.459
234,40,1.497
234,41,1.466
234,42,3.426
234,43,1.623
234,44,1.843
234,45,1.864
234,46,1.868
234,47,1.834
234,48,1.815
235,1,1.952
235,2,1.922
235,3,1.896
235,4,1.944
235,5,1.943
235,6,1.846
235,7,1.93
235,8,1.764
235,9,1.314
235,10,1.34
235,11,0.938
235,12,0.201
235,13,0.196
235,14,0.194
235,15,0.192
235,16,0.19
235,17,0.192
235,18,0.192
235,19,0.19
235,20,0.186
235,21,0.183
235,22,0.18
235,23,0.183
235,24,0.182
235,25,0.283
235,26,0.136
235,27,0.249
235,28,0.222
235,29,0.174
235,30,0.222
235,31,0.393
235,32,1.808
235,33,1.28
235,34,1.04
235,35,0.516
235,36,0.51
235,37,0.842
235,38,0.812
235,39,0.87
235,40,0.993
235,41,1.016
235,42,0.936
235,43,0.988
235,44,1.077
235,45,1.026
235,46,1.093
235,47,1.09
235,48,1.184
236,1,1.226
236,2,1.392
236,3,1.368
236,4,1.316
236,5,1.217
236,6,0.527
236,7,0.207
236,8,0.219
236,9,0.241
236,10,0.179
236,11,0.237
236,12,0.211
236,13,0.199
236,14,0.236
236,15,0.175
236,16,0.225
236,17,0.198
236,18,0.199
236,19,0.24
236,20,0.167
236,21,0.191
236,22,0.294
236,23,0.281
236,24,0.407
236,25,0.342
236,26,0.388
236,27,0.398
236,28,0.412
236,29,0.479
236,30,0.418
236,31,0.427
236,32,0.451
236,33,0.38
236,34,1.896
236,35,1.634
236,36,0.77
236,37,0.483
236,38,0.661
236,39,0.694
236,40,0.72
236,41,0.749
236,42,0.771
236,43,0.707
236,44,0.752
236,45,0.734
236,46,0.93
236,47,1.086
236,48,2.324
237,1,1.883
237,2,2.389
237,3,0.806
237,4,0.752
237,5,0.668
237,6,0.656
237,7,0.694
237,8,0.246
237,9,0.177
237,10,0.165
237,11,0.137
237,12,0.188
237,13,0.128
237,14,0.171
237,15,0.157
237,16,0.134
237,17,0.185
237,18,0.249
237,19,0.166
237,20,0.156
237,21,0.129
237,22,0.354
237,23,0.702
237,24,1.279
237,25,0.737
237,26,0.519
237,27,0.731
237,28,0.442
237,29,0.644
237,30,0.527
237,31,0.474
237,32,0.518
237,33,2.165
237,34,2.17
237,35,1.873
237,36,2.134
237,37,2.964
237,38,1.737
237,39,0.77
237,40,0.556
237,41,0.629
237,42,0.719
237,43,0.754
237,44,1.078
237,45,1.416
237,46,1.377
237,47,1.337
237,48,1.394
238,1,1.383
238,2,1.121
238,3,0.999
238,4,0.792
238,5,0.68
238,6,0.764
238,7,0.456
238,8,0.178
238,9,0.212
238,10,0.203
238,11,0.124
238,12,0.207
238,13,0.177
238,14,0.14
238,15,0.195
238,16,0.147
238,17,0.166
238,18,0.279
238,19,0.107
238,20,0.17
238,21,0.148
238,22,0.188
238,23,0.304
238,24,0.301
238,25,0.301
238,26,0.326
238,27,0.508
238,28,0.932
238,29,1.988
238,30,3.909
238,31,1.231
238,32,0.416
238,33,0.459
238,34,0.457
238,35,1.167
238,36,3.563
238,37,2.912
238,38,0.679
238,39,0.613
238,40,0.572
238,41,0.631
238,42,2.42
238,43,1.19
238,44,1.099
238,45,1.068
238,46,1.046
238,47,1.191
238,48,1.179
239,1,2.315
239,2,1.02
239,3,0.648
239,4,0.646
239,5,0.433
239,6,0.172
239,7,0.201
239,8,0.144
239,9,0.176
239,10,0.178
239,11,0.129
239,12,0.197
239,13,0.147
239,14,0.164
239,15,0.183
239,16,0.113
239,17,0.184
239,18,0.138
239,19,0.15
239,20,0.17
239,21,0.116
239,22,0.362
239,23,0.171
239,24,0.295
239,25,0.299
239,26,0.36
239,27,1.588
239,28,0.399
239,29,2.129
239,30,2.07
239,31,2.787
239,32,1.472
239,33,2.395
239,34,2.269
239,35,3.13
239,36,3.005
239,37,0.564
239,38,0.813
239,39,0.507
239,40,0.565
239,41,0.587
239,42,0.682
239,43,1.149
239,44,1.317
239,45,1.468
239,46,1.212
239,47,1.155
239,48,1.182
240,1,1.071
240,2,1.265
240,3,0.92
240,4,0.841
240,5,0.608
240,6,0.495
240,7,0.168
240,8,0.162
240,9,0.2
240,10,0.129
240,11,0.186
240,12,0.153
240,13,0.146
240,14,0.186
240,15,0.116
240,16,0.189
240,17,0.143
240,18,0.149
240,19,0.263
240,20,0.122
240,21,0.19
240,22,0.133
240,23,0.303
240,24,0.4
240,25,0.684
240,26,1.587
240,27,1.37
240,28,0.92
240,29,2.166
240,30,1.307
240,31,1.31
240,32,0.438
240,33,0.348
240,34,0.373
240,35,6.738
240,36,3.851
240,37,0.846
240,38,0.475
240,39,0.716
240,40,1.135
240,41,0.612
240,42,0.908
240,43,1.748
240,44,1.665
240,45,3.122
240,46,1.522
240,47,0.939
240,48,0.949
388,1,1.481
388,2,1.737
388,3,1.164
388,4,0.998
388,5,1.098
388,6,1.857
388,7,1.001
388,8,1.567
388,9,1.316
388,10,0.959
388,11,0.132
388,12,0.149
388,13,0.161
388,14,0.135
388,15,0.124
388,16,0.153
388,17,0.152
388,18,0.124
388,19,0.134
388,20,0.152
388,21,0.141
388,22,0.117
388,23,0.147
388,24,0.144
388,25,0.143
388,26,0.407
388,27,0.143
388,28,0.35
388,29,0.365
388,30,0.739
388,31,3.693
388,32,1.991
388,33,1.062
388,34,2.183
388,35,1.434
388,36,0.881
388,37,0.968
388,38,1.101
388,39,0.949
388,40,1.18
388,41,1.08
388,42,1.293
388,43,1.688
388,44,1.721
388,45,1.913
388,46,1.686
388,47,1.544
388,48,1.274
389,1,1.347
389,2,1.368
389,3,1.92
389,4,2.091
389,5,1.697
389,6,2.162
389,7,0.92
389,8,0.244
389,9,0.156
389,10,0.175
389,11,0.182
389,12,0.157
389,13,0.15
389,14,0.181
389,15,0.173
389,16,0.148
389,17,0.156
389,18,0.169
389,19,0.162
389,20,0.139
389,21,0.162
389,22,0.169
389,23,0.153
389,24,0.351
389,25,0.405
389,26,0.476
389,27,0.687
389,28,0.605
389,29,0.41
389,30,1.772
389,31,2.045
389,32,2.892
389,33,3.347
389,34,0.934
389,35,0.837
389,36,1.356
389,37,1.119
389,38,0.92
389,39,1.17
389,40,1.146
389,41,1.033
389,42,1.157
389,43,1.237
389,44,1.259
389,45,2.153
389,46,2.025
389,47,1.287
389,48,1.144
390,1,2.826
390,2,2.044
390,3,2.974
390,4,1.096
390,5,1.618
390,6,0.395
390,7,0.222
390,8,0.148
390,9,0.135
390,10,0.165
390,11,0.158
390,12,0.134
390,13,0.136
390,14,0.156
390,15,0.157
390,16,0.123
390,17,0.272
390,18,0.165
390,19,0.26
390,20,0.463
390,21,0.338
390,22,0.648
390,23,1.395
390,24,0.429
390,25,0.328
390,26,0.292
390,27,1.143
390,28,0.63
390,29,0.332
390,30,0.365
390,31,0.342
390,32,0.386
390,33,0.464
390,34,0.434
390,35,0.491
390,36,3.755
390,37,3.54
390,38,1.298
390,39,1.942
390,40,1.193
390,41,1.103
390,42,1.524
390,43,1.716
390,44,1.281
390,45,1.226
390,46,1.522
390,47,1.042
390,48,1.227
391,1,1.095
391,2,1.33
391,3,1.344
391,4,1.232
391,5,1.129
391,6,1.102
391,7,1.06
391,8,1.026
391,9,1.972
391,10,1.383
391,11,1.823
391,12,0.399
391,13,0.144
391,14,0.143
391,15,0.153
391,16,0.308
391,17,0.439
391,18,1.837
391,19,1.551
391,20,0.77
391,21,0.375
391,22,0.238
391,23,0.126
391,24,0.143
391,25,0.155
391,26,0.158
391,27,0.125
391,28,0.48
391,29,0.21
391,30,0.203
391,31,0.268
391,32,0.152
391,33,0.282
391,34,0.775
391,35,1.131
391,36,3.835
391,37,3.077
391,38,1.123
391,39,0.945
391,40,1.202
391,41,1.435
391,42,1.505
391,43,1.522
391,44,1.501
391,45,1.72
391,46,1.558
391,47,1.318
391,48,1.432
392,1,1.144
392,2,2.109
392,3,0.925
392,4,0.747
392,5,0.561
392,6,1.865
392,7,0.918
392,8,1.635
392,9,0.149
392,10,0.161
392,11,0.154
392,12,0.136
392,13,0.153
392,14,0.16
392,15,0.139
392,16,0.132
392,17,0.167
392,18,0.16
392,19,0.127
392,20,0.144
392,21,0.188
392,22,0.191
392,23,1.564
392,24,0.532
392,25,0.973
392,26,0.131
392,27,0.652
392,28,0.65
392,29,0.423
392,30,0.394
392,31,1.397
392,32,1.544
392,33,1.499
392,34,1.872
392,35,2.646
392,36,2.655
392,37,1.138
392,38,1.124
392,39,1.838
392,40,2.066
392,41,1.352
392,42,1.229
392,43,1.462
392,44,1.358
392,45,1.37
392,46,1.333
392,47,1.318
392,48,1.617
393,1,1.319
393,2,1.229
393,3,1.081
393,4,2.097
393,5,1.081
393,6,1.641
393,7,0.193
393,8,0.168
393,9,0.165
393,10,0.127
393,11,0.137
393,12,0.158
393,13,0.147
393,14,0.126
393,15,0.147
393,16,0.159
393,17,0.46
393,18,0.131
393,19,0.165
393,20,0.157
393,21,0.13
393,22,0.136
393,23,0.189
393,24,0.352
393,25,0.149
393,26,0.16
393,27,0.47
393,28,0.312
393,29,0.36
393,30,0.409
393,31,0.528
393,32,0.421
393,33,0.374
393,34,0.876
393,35,0.86
393,36,3.71
393,37,2.444
393,38,0.941
393,39,1.272
393,40,1.12
393,41,0.784
393,42,0.845
393,43,1.033
393,44,0.927
393,45,0.899
393,46,1.184
393,47,1.287
393,48,1.091
394,1,1.17
394,2,1.887
394,3,1.167
394,4,1.118
394,5,1.439
394,6,1.025
394,7,1.858
394,8,0.184
394,9,0.157
394,10,0.158
394,11,0.137
394,12,0.138
394,13,0.165
394,14,0.14
394,15,0.133
394,16,0.191
394,17,0.456
394,18,0.128
394,19,0.161
394,20,0.152
394,21,0.439
394,22,0.162
394,23,0.155
394,24,0.123
394,25,0.141
394,26,0.163
394,27,0.418
394,28,0.259
394,29,0.305
394,30,0.157
394,31,0.193
394,32,0.198
394,33,0.661
394,34,0.76
394,35,3.706
394,36,3.276
394,37,1.069
394,38,1.161
394,39,1.103
394,40,1.234
394,41,1.303
394,42,1.194
394,43,1.26
394,44,1.549
394,45,1.249
394,46,1.078
394,47,1.04
394,48,1.07
395,1,1.122
395,2,2.667
395,3,2.048
395,4,1.065
395,5,1.184
395,6,2.235
395,7,0.903
395,8,1.485
395,9,0.175
395,10,0.172
395,11,0.131
395,12,0.16
395,13,0.166
395,14,0.131
395,15,0.145
395,16,0.159
395,17,0.145
395,18,0.124
395,19,0.155
395,20,0.151
395,21,0.117
395,22,0.223
395,23,0.308
395,24,0.272
395,25,0.284
395,26,0.47
395,27,0.834
395,28,1.917
395,29,1.708
395,30,2.026
395,31,1.506
395,32,0.747
395,33,0.575
395,34,0.539
395,35,0.75
395,36,0.707
395,37,1.176
395,38,2.487
395,39,1.45
395,40,3.539
395,41,4.127
395,42,1.984
395,43,1.274
395,44,1.28
395,45,1.506
395,46,1.314
395,47,1.084
395,48,2.325
396,1,1.959
396,2,2.652
396,3,1.292
396,4,0.477
396,5,0.286
396,6,0.228
396,7,0.248
396,8,0.194
396,9,0.17
396,10,0.177
396,11,0.193
396,12,0.159
396,13,0.154
396,14,0.177
396,15,0.163
396,16,0.132
396,17,0.179
396,18,0.159
396,19,0.137
396,20,0.159
396,21,0.176
396,22,0.265
396,23,0.325
396,24,0.524
396,25,0.2
396,26,0.396
396,27,0.792
396,28,0.411
396,29,0.382
396,30,0.495
396,31,0.513
396,32,0.392
396,33,0.525
396,34,0.397
396,35,0.76
396,36,0.777
396,37,1.27
396,38,2.444
396,39,2.269
396,40,3.539
396,41,1.529
396,42,1.354
396,43,1.434
396,44,1.464
396,45,1.324
396,46,1.644
396,47,1.565
396,48,1.463
397,1,2.211
397,2,0.738
397,3,0.282
397,4,0.203
397,5,0.202
397,6,0.139
397,7,0.155
397,8,0.168
397,9,0.142
397,10,0.128
397,11,0.168
397,12,0.148
397,13,0.135
397,14,0.152
397,15,0.156
397,16,0.28
397,17,1.332
397,18,1.5
397,19,0.215
397,20,0.17
397,21,0.149
397,22,0.157
397,23,0.119
397,24,0.136
397,25,0.153
397,26,0.132
397,27,0.123
397,28,0.156
397,29,0.142
397,30,0.114
397,31,0.155
397,32,0.158
397,33,0.121
397,34,2.476
397,35,1.589
397,36,1.291
397,37,1.243
397,38,1.093
397,39,1.025
397,40,0.912
397,41,0.958
397,42,1.015
397,43,0.997
397,44,0.931
397,45,1.89
397,46,2.044
397,47,2.473
397,48,2.173
398,1,3.916
398,2,1.36
398,3,1.071
398,4,1.023
398,5,0.569
398,6,0.171
398,7,0.137
398,8,0.149
398,9,0.167
398,10,0.148
398,11,0.125
398,12,0.166
398,13,0.154
398,14,0.121
398,15,0.156
398,16,0.307
398,17,0.465
398,18,0.14
398,19,0.161
398,20,0.127
398,21,1.822
398,22,1.273
398,23,0.428
398,24,0.222
398,25,0.192
398,26,0.194
398,27,0.632
398,28,0.169
398,29,0.205
398,30,0.352
398,31,0.411
398,32,0.397
398,33,0.459
398,34,0.957
398,35,1.194
398,36,3.221
398,37,4.909
398,38,1.334
398,39,1.332
398,40,1.171
398,41,1.162
398,42,1.14
398,43,1.239
398,44,1.113
398,45,1.085
398,46,1.571
398,47,1.185
398,48,1.366
399,1,1.304
399,2,1.362
399,3,1.231
399,4,1.081
399,5,2.524
399,6,1.0
399,7,1.74
399,8,1.144
399,9,0.165
399,10,0.141
399,11,0.166
399,12,0.173
399,13,0.133
399,14,0.399
399,15,0.168
399,16,0.156
399,17,0.207
399,18,0.164
399,19,0.159
399,20,0.925
399,21,0.191
399,22,0.206
399,23,0.281
399,24,0.549
399,25,0.362
399,26,0.636
399,27,0.759
399,28,0.501
399,29,0.478
399,30,1.487
399,31,0.877
399,32,0.545
399,33,0.429
399,34,0.473
399,35,0.439
399,36,1.687
399,37,2.452
399,38,2.074
399,39,0.827
399,40,0.778
399,41,0.666
399,42,0.779
399,43,0.909
399,44,0.972
399,45,1.277
399,46,1.258
399,47,0.944
399,48,0.987
400,1,0.71
400,2,0.719
400,3,0.316
400,4,0.278
400,5,0.226
400,6,0.2
400,7,0.175
400,8,0.135
400,9,0.156
400,10,0.174
400,11,0.137
400,12,0.147
400,13,0.172
400,14,0.129
400,15,0.145
400,16,0.265
400,17,0.601
400,18,1.895
400,19,0.948
400,20,0.153
400,21,0.138
400,22,0.178
400,23,0.141
400,24,0.135
400,25,0.174
400,26,0.156
400,27,0.867
400,28,0.445
400,29,1.527
400,30,1.15
400,31,2.601
400,32,1.862
400,33,1.736
400,34,2.23
400,35,2.542
400,36,2.468
400,37,1.124
400,38,1.036
400,39,2.012
400,40,2.617
400,41,1.301
400,42,1.275
400,43,1.693
400,44,1.388
400,45,1.348
400,46,1.532
400,47,1.338
400,48,1.429
401,1,1.544
401,2,0.707
401,3,0.261
401,4,0.187
401,5,0.164
401,6,0.194
401,7,0.145
401,8,0.166
401,9,0.19
401,10,0.136
401,11,0.172
401,12,0.177
401,13,0.143
401,14,0.344
401,15,0.235
401,16,0.262
401,17,0.519
401,18,0.179
401,19,0.134
401,20,0.153
401,21,0.175
401,22,0.165
401,23,0.189
401,24,0.214
401,25,0.189
401,26,0.65
401,27,0.769
401,28,0.223
401,29,0.159
401,30,0.233
401,31,0.266
401,32,0.17
401,33,0.756
401,34,0.514
401,35,3.374
401,36,3.358
401,37,0.946
401,38,1.197
401,39,1.014
401,40,1.277
401,41,1.054
401,42,1.029
401,43,1.77
401,44,2.383
401,45,2.112
401,46,1.708
401,47,0.787
401,48,0.87
402,1,0.923
402,2,0.909
402,3,0.595
402,4,0.628
402,5,0.607
402,6,0.307
402,7,0.187
402,8,0.149
402,9,0.169
402,10,0.139
402,11,0.141
402,12,0.166
402,13,0.15
402,14,0.125
402,15,0.166
402,16,0.149
402,17,0.12
402,18,0.16
402,19,0.161
402,20,0.125
402,21,0.147
402,22,0.159
402,23,0.135
402,24,0.33
402,25,0.482
402,26,1.564
402,27,5.654
402,28,1.593
402,29,1.803
402,30,0.614
402,31,0.532
402,32,2.112
402,33,1.145
402,34,1.794
402,35,0.398
402,36,0.393
402,37,0.424
402,38,0.45
402,39,0.704
402,40,4.8
402,41,3.049
402,42,1.823
402,43,1.256
402,44,1.183
402,45,1.135
402,46,1.35
402,47,1.575
402,48,2.317
403,1,1.752
403,2,1.47
403,3,1.246
403,4,0.969
403,5,0.661
403,6,0.624
403,7,0.601
403,8,0.602
403,9,0.57
403,10,0.56
403,11,0.602
403,12,0.564
403,13,0.156
403,14,0.178
403,15,0.184
403,16,0.152
403,17,0.146
403,18,0.17
403,19,0.145
403,20,0.129
403,21,0.17
403,22,0.156
403,23,0.283
403,24,0.558
403,25,0.408
403,26,0.34
403,27,0.684
403,28,0.63
403,29,0.791
403,30,0.455
403,31,0.951
403,32,2.46
403,33,1.812
403,34,1.211
403,35,2.146
403,36,2.157
403,37,2.354
403,38,1.527
403,39,1.227
403,40,1.233
403,41,1.136
403,42,1.305
403,43,1.305
403,44,2.619
403,45,1.464
403,46,1.469
403,47,1.199
403,48,1.163
404,1,1.102
404,2,1.138
404,3,1.461
404,4,1.568
404,5,1.598
404,6,1.002
404,7,0.175
404,8,0.2
404,9,0.192
404,10,0.156
404,11,0.18
404,12,0.175
404,13,0.128
404,14,0.156
404,15,0.164
404,16,0.292
404,17,1.919
404,18,0.838
404,19,0.405
404,20,1.045
404,21,0.239
404,22,0.15
404,23,0.121
404,24,0.16
404,25,0.163
404,26,0.121
404,27,0.629
404,28,0.279
404,29,0.241
404,30,0.303
404,31,0.321
404,32,0.318
404,33,1.151
404,34,3.056
404,35,1.779
404,36,0.724
404,37,0.676
404,38,0.753
404,39,0.963
404,40,1.145
404,41,1.151
404,42,1.132
404,43,1.11
404,44,1.055
404,45,1.034
404,46,1.178
404,47,1.704
404,48,1.315
405,1,0.966
405,2,0.704
405,3,0.512
405,4,0.465
405,5,0.426
405,6,0.36
405,7,0.38
405,8,0.387
405,9,0.346
405,10,0.371
405,11,0.386
405,12,0.342
405,13,0.356
405,14,0.372
405,15,0.344
405,16,0.501
405,17,0.606
405,18,0.37
405,19,0.28
405,20,0.314
405,21,0.297
405,22,0.319
405,23,0.255
405,24,0.401
405,25,0.252
405,26,0.261
405,27,0.258
405,28,0.748
405,29,0.161
405,30,0.363
405,31,1.073
405,32,1.161
405,33,1.375
405,34,2.209
405,35,3.262
405,36,1.279
405,37,0.933
405,38,0.881
405,39,1.247
405,40,1.254
405,41,1.195
405,42,1.226
405,43,1.206
405,44,1.346
405,45,1.409
405,46,1.168
405,47,1.173
405,48,0.866
406,1,1.156
406,2,2.325
406,3,1.161
406,4,1.884
406,5,0.299
406,6,0.186
406,7,0.202
406,8,0.202
406,9,0.17
406,10,0.164
406,11,0.19
406,12,0.175
406,13,0.151
406,14,0.308
406,15,0.187
406,16,0.175
406,17,0.325
406,18,0.161
406,19,0.142
406,20,0.125
406,21,0.153
406,22,0.155
406,23,0.123
406,24,0.143
406,25,0.164
406,26,0.134
406,27,1.781
406,28,0.987
406,29,0.422
406,30,0.387
406,31,0.686
406,32,0.774
406,33,0.493
406,34,0.432
406,35,1.245
406,36,5.518
406,37,1.76
406,38,1.354
406,39,1.274
406,40,1.124
406,41,1.186
406,42,1.116
406,43,1.043
406,44,1.0
406,45,1.06
406,46,1.157
406,47,1.34
406,48,0.958
407,1,1.284
407,2,2.406
407,3,1.043
407,4,1.708
407,5,0.236
407,6,0.138
407,7,0.194
407,8,0.192
407,9,0.159
407,10,0.164
407,11,0.184
407,12,0.175
407,13,0.141
407,14,0.168
407,15,0.174
407,16,0.273
407,17,0.438
407,18,0.162
407,19,0.144
407,20,0.52
407,21,0.19
407,22,0.158
407,23,0.12
407,24,0.146
407,25,0.154
407,26,0.136
407,27,0.124
407,28,0.16
407,29,0.146
407,30,0.115
407,31,0.158
407,32,0.152
407,33,0.228
407,34,3.066
407,35,1.73
407,36,0.822
407,37,0.953
407,38,0.912
407,39,0.978
407,40,1.356
407,41,1.2
407,42,1.107
407,43,1.194
407,44,1.19
407,45,2.03
407,46,1.383
407,47,1.158
407,48,1.198
408,1,1.444
408,2,1.086
408,3,0.46
408,4,0.191
408,5,0.165
408,6,0.153
408,7,0.17
408,8,0.151
408,9,0.138
408,10,0.162
408,11,0.168
408,12,0.131
408,13,0.151
408,14,0.258
408,15,0.137
408,16,0.279
408,17,0.296
408,18,0.146
408,19,0.124
408,20,0.159
408,21,0.157
408,22,0.125
408,23,0.141
408,24,0.157
408,25,0.14
408,26,0.141
408,27,0.818
408,28,0.508
408,29,0.338
408,30,1.056
408,31,1.887
408,32,1.627
408,33,2.065
408,34,1.956
408,35,2.42
408,36,0.82
408,37,0.663
408,38,0.98
408,39,1.058
408,40,0.909
408,41,2.347
408,42,1.326
408,43,1.216
408,44,1.141
408,45,1.267
408,46,1.189
408,47,1.182
408,48,1.373
409,1,1.319
409,2,1.045
409,3,0.857
409,4,0.839
409,5,0.895
409,6,1.693
409,7,1.203
409,8,1.857
409,9,0.273
409,10,0.12
409,11,0.094
409,12,0.099
409,13,0.119
409,14,0.1
409,15,0.084
409,16,0.117
409,17,0.114
409,18,0.078
409,19,0.104
409,20,0.115
409,21,0.084
409,22,0.092
409,23,0.117
409,24,0.114
409,25,0.082
409,26,0.193
409,27,0.753
409,28,1.894
409,29,1.494
409,30,0.64
409,31,0.371
409,32,0.656
409,33,0.405
409,34,0.414
409,35,2.281
409,36,3.108
409,37,1.712
409,38,1.924
409,39,2.11
409,40,1.428
409,41,0.824
409,42,0.884
409,43,1.164
409,44,1.134
409,45,1.236
409,46,1.233
409,47,1.195
409,48,1.327
410,1,1.195
410,2,1.238
410,3,1.152
410,4,0.928
410,5,0.263
410,6,0.178
410,7,0.164
410,8,0.186
410,9,0.188
410,10,0.148
410,11,0.168
410,12,0.165
410,13,0.132
410,14,0.13
410,15,0.149
410,16,0.141
410,17,0.117
410,18,0.146
410,19,0.153
410,20,0.109
410,21,0.141
410,22,0.147
410,23,0.132
410,24,0.366
410,25,0.568
410,26,0.568
410,27,0.571
410,28,0.655
410,29,2.251
410,30,0.583
410,31,0.555
410,32,0.385
410,33,0.36
410,34,0.409
410,35,0.46
410,36,2.899
410,37,1.015
410,38,0.972
410,39,0.941
410,40,0.976
410,41,1.008
410,42,0.996
410,43,1.101
410,44,1.086
410,45,0.992
410,46,1.055
410,47,1.016
410,48,0.961
411,1,0.939
411,2,1.401
411,3,1.692
411,4,1.036
411,5,0.349
411,6,0.364
411,7,0.35
411,8,0.316
411,9,0.306
411,10,0.265
411,11,0.26
411,12,0.289
411,13,0.259
411,14,0.25
411,15,0.281
411,16,0.263
411,17,0.236
411,18,0.2
411,19,0.112
411,20,0.077
411,21,0.362
411,22,1.852
411,23,0.471
411,24,0.441
411,25,0.31
411,26,1.463
411,27,1.876
411,28,0.903
411,29,0.31
411,30,0.324
411,31,0.344
411,32,0.301
411,33,0.306
411,34,0.557
411,35,2.008
411,36,3.962
411,37,1.796
411,38,1.31
411,39,1.132
411,40,1.174
411,41,1.439
411,42,1.525
411,43,1.597
411,44,2.642
411,45,2.454
411,46,3.058
411,47,2.97
411,48,1.581
412,1,1.354
412,2,0.561
412,3,0.247
412,4,0.205
412,5,0.175
412,6,0.177
412,7,0.17
412,8,0.128
412,9,0.187
412,10,0.17
412,11,0.134
412,12,0.159
412,13,0.168
412,14,0.122
412,15,0.164
412,16,0.158
412,17,0.121
412,18,0.158
412,19,0.298
412,20,0.353
412,21,0.413
412,22,0.469
412,23,0.511
412,24,0.413
412,25,0.431
412,26,0.474
412,27,0.537
412,28,0.697
412,29,0.548
412,30,0.452
412,31,0.402
412,32,0.346
412,33,0.906
412,34,2.546
412,35,2.079
412,36,2.19
412,37,2.481
412,38,1.507
412,39,2.418
412,40,1.352
412,41,1.288
412,42,1.355
412,43,1.304
412,44,2.063
412,45,1.673
412,46,1.364
412,47,1.612
412,48,3.216
413,1,1.326
413,2,1.33
413,3,1.3
413,4,1.568
413,5,1.91
413,6,1.144
413,7,1.322
413,8,0.273
413,9,0.256
413,10,0.271
413,11,0.318
413,12,0.261
413,13,0.232
413,14,0.27
413,15,0.239
413,16,0.22
413,17,0.259
413,18,0.253
413,19,0.215
413,20,0.253
413,21,0.958
413,22,0.211
413,23,0.257
413,24,0.265
413,25,0.234
413,26,0.364
413,27,0.809
413,28,0.516
413,29,0.866
413,30,0.946
413,31,0.475
413,32,0.456
413,33,0.447
413,34,0.426
413,35,2.332
413,36,3.669
413,37,0.989
413,38,1.063
413,39,1.321
413,40,1.412
413,41,1.571
413,42,0.837
413,43,0.765
413,44,0.746
413,45,0.722
413,46,0.838
413,47,0.925
413,48,1.236
414,1,2.759
414,2,1.101
414,3,1.074
414,4,1.259
414,5,1.24
414,6,0.765
414,7,0.825
414,8,0.213
414,9,0.157
414,10,0.184
414,11,0.168
414,12,0.132
414,13,0.175
414,14,0.166
414,15,0.125
414,16,0.175
414,17,0.167
414,18,0.125
414,19,0.17
414,20,0.153
414,21,0.126
414,22,0.172
414,23,0.149
414,24,0.124
414,25,0.169
414,26,0.446
414,27,0.504
414,28,0.502
414,29,0.565
414,30,0.495
414,31,2.176
414,32,0.403
414,33,0.311
414,34,0.34
414,35,0.293
414,36,0.307
414,37,0.563
414,38,0.849
414,39,1.71
414,40,1.573
414,41,0.783
414,42,1.339
414,43,1.305
414,44,1.277
414,45,1.023
414,46,0.856
414,47,0.828
414,48,0.889
415,1,0.973
415,2,1.023
415,3,1.038
415,4,0.974
415,5,0.971
415,6,0.856
415,7,0.71
415,8,0.588
415,9,0.231
415,10,0.191
415,11,0.135
415,12,0.193
415,13,0.167
415,14,0.125
415,15,0.169
415,16,0.163
415,17,0.122
415,18,0.169
415,19,0.163
415,20,0.118
415,21,0.164
415,22,0.156
415,23,0.119
415,24,0.161
415,25,0.158
415,26,0.115
415,27,0.322
415,28,0.547
415,29,0.519
415,30,0.485
415,31,0.494
415,32,0.458
415,33,0.516
415,34,0.565
415,35,0.51
415,36,0.513
415,37,1.978
415,38,1.159
415,39,2.981
415,40,1.653
415,41,1.111
415,42,0.763
415,43,0.733
415,44,0.847
415,45,1.164
415,46,0.973
415,47,1.175
415,48,0.932
