213,1,0.105
213,2,0.037
213,3,0.137
213,4,0.102
213,5,0.038
213,6,0.097
213,7,0.158
213,8,0.037
213,9,0.037
213,10,0.158
213,11,0.08
213,12,0.037
213,13,0.103
213,14,0.139
213,15,0.107
213,16,0.104
213,17,0.17
213,18,0.381
213,19,1.035
213,20,0.432
213,21,0.324
213,22,0.156
213,23,1.262
213,24,0.967
213,25,0.135
213,26,0.156
213,27,0.27
213,28,0.383
213,29,0.067
213,30,0.171
213,31,0.315
213,32,0.14
213,33,0.936
213,34,0.132
213,35,0.227
213,36,0.472
213,37,0.23
213,38,1.296
213,39,1.277
213,40,1.482
213,41,1.136
213,42,1.162
213,43,0.816
213,44,0.502
213,45,0.741
213,46,0.957
213,47,0.922
213,48,0.565
214,1,0.099
214,2,0.144
214,3,0.116
214,4,0.036
214,5,0.11
214,6,0.138
214,7,0.036
214,8,0.074
214,9,0.159
214,10,0.036
214,11,0.036
214,12,0.632
214,13,0.708
214,14,0.129
214,15,0.175
214,16,0.104
214,17,0.111
214,18,0.113
214,19,0.034
214,20,0.076
214,21,0.15
214,22,0.034
214,23,0.034
214,24,0.163
214,25,0.06
214,26,0.034
214,27,0.124
214,28,0.096
214,29,0.046
214,30,0.341
214,31,0.375
214,32,0.406
214,33,0.862
214,34,0.202
214,35,0.126
214,36,0.163
214,37,0.074
214,38,0.038
214,39,0.154
214,40,0.151
214,41,0.103
214,42,0.142
214,43,0.09
214,44,0.038
214,45,0.128
214,46,0.101
214,47,0.038
214,48,0.116
215,1,0.118
215,2,0.039
215,3,0.099
215,4,0.137
215,5,0.04
215,6,0.076
215,7,0.16
215,8,0.04
215,9,0.048
215,10,0.173
215,11,0.058
215,12,0.04
215,13,0.153
215,14,0.091
215,15,0.11
215,16,0.188
215,17,0.117
215,18,0.04
215,19,0.088
215,20,0.15
215,21,0.038
215,22,0.053
215,23,0.167
215,24,0.049
215,25,0.038
215,26,0.162
215,27,0.067
215,28,0.038
215,29,0.153
215,30,0.075
215,31,0.039
215,32,0.154
215,33,0.077
215,34,0.039
215,35,0.158
215,36,0.07
215,37,0.038
215,38,0.166
215,39,0.07
215,40,0.103
215,41,0.231
215,42,0.066
215,43,0.038
215,44,0.166
215,45,0.066
215,46,0.038
215,47,0.166
215,48,0.068
216,1,0.038
216,2,0.163
216,3,0.072
216,4,0.039
216,5,0.158
216,6,0.074
216,7,0.039
216,8,0.157
216,9,0.079
216,10,0.039
216,11,0.149
216,12,0.086
216,13,0.04
216,14,0.144
216,15,0.16
216,16,0.106
216,17,0.134
216,18,0.1
216,19,0.038
216,20,0.125
216,21,0.105
216,22,0.039
216,23,0.12
216,24,0.109
216,25,0.039
216,26,0.12
216,27,0.11
216,28,0.039
216,29,0.128
216,30,0.104
216,31,0.039
216,32,0.137
216,33,0.098
216,34,0.038
216,35,0.144
216,36,0.094
216,37,0.038
216,38,0.148
216,39,0.088
216,40,0.104
216,41,0.225
216,42,0.071
216,43,0.042
216,44,0.17
216,45,0.052
216,46,0.067
216,47,0.163
216,48,0.039
217,1,0.09
217,2,0.141
217,3,0.04
217,4,0.11
217,5,0.123
217,6,0.04
217,7,0.127
217,8,0.109
217,9,0.04
217,10,0.133
217,11,0.101
217,12,0.04
217,13,0.136
217,14,0.1
217,15,0.104
217,16,0.2
217,17,0.098
217,18,0.038
217,19,0.126
217,20,0.103
217,21,0.039
217,22,0.117
217,23,0.116
217,24,0.039
217,25,0.108
217,26,0.116
217,27,0.038
217,28,0.517
217,29,0.622
217,30,0.046
217,31,0.168
217,32,0.039
217,33,0.065
217,34,0.155
217,35,0.035
217,36,0.084
217,37,0.152
217,38,0.033
217,39,0.102
217,40,0.206
217,41,0.099
217,42,0.114
217,43,0.119
217,44,0.033
217,45,0.13
217,46,0.102
217,47,0.033
217,48,0.14
218,1,0.09
218,2,0.034
218,3,0.152
218,4,0.078
218,5,0.035
218,6,0.166
218,7,0.064
218,8,0.037
218,9,0.172
218,10,0.058
218,11,0.044
218,12,0.169
218,13,0.05
218,14,0.052
218,15,0.237
218,16,0.112
218,17,0.043
218,18,0.163
218,19,0.048
218,20,0.039
218,21,0.165
218,22,0.046
218,23,0.043
218,24,0.166
218,25,0.043
218,26,0.049
218,27,0.165
218,28,0.036
218,29,0.058
218,30,0.161
218,31,0.034
218,32,0.072
218,33,0.151
218,34,0.034
218,35,0.084
218,36,0.143
218,37,0.035
218,38,0.091
218,39,0.135
218,40,0.1
218,41,0.171
218,42,0.121
218,43,0.034
218,44,0.113
218,45,0.113
218,46,0.033
218,47,0.114
218,48,0.108
219,1,0.034
219,2,0.12
219,3,0.101
219,4,0.035
219,5,0.128
219,6,0.099
219,7,0.035
219,8,0.122
219,9,0.104
219,10,0.035
219,11,0.113
219,12,0.115
219,13,0.035
219,14,0.1
219,15,0.198
219,16,0.101
219,17,0.072
219,18,0.152
219,19,0.034
219,20,0.047
219,21,0.166
219,22,0.046
219,23,0.034
219,24,0.156
219,25,0.065
219,26,0.034
219,27,0.141
219,28,0.078
219,29,0.034
219,30,0.133
219,31,0.085
219,32,0.035
219,33,0.136
219,34,0.082
219,35,0.035
219,36,0.146
219,37,0.079
219,38,0.034
219,39,0.155
219,40,0.137
219,41,0.099
219,42,0.164
219,43,0.371
219,44,0.254
219,45,0.352
219,46,0.206
219,47,0.249
219,48,0.308
220,1,0.204
220,2,0.262
220,3,0.234
220,4,0.035
220,5,0.08
220,6,0.149
220,7,0.035
220,8,0.074
220,9,0.156
220,10,0.036
220,11,0.067
220,12,0.162
220,13,0.036
220,14,0.064
220,15,0.235
220,16,0.104
220,17,0.048
220,18,0.166
220,19,0.046
220,20,0.035
220,21,0.171
220,22,0.057
220,23,0.035
220,24,0.156
220,25,0.072
220,26,0.035
220,27,0.144
220,28,0.079
220,29,0.034
220,30,0.142
220,31,0.082
220,32,0.034
220,33,0.148
220,34,0.086
220,35,0.035
220,36,0.152
220,37,0.081
220,38,0.034
220,39,0.165
220,40,0.134
220,41,0.107
220,42,0.169
220,43,0.053
220,44,0.057
220,45,0.164
220,46,0.043
220,47,0.066
220,48,0.165
221,1,0.037
221,2,0.072
221,3,0.156
221,4,0.035
221,5,0.091
221,6,0.141
221,7,0.035
221,8,0.106
221,9,0.122
221,10,0.036
221,11,0.122
221,12,0.105
221,13,0.035
221,14,0.14
221,15,0.162
221,16,0.102
221,17,0.144
221,18,0.083
221,19,0.035
221,20,0.151
221,21,0.073
221,22,0.033
221,23,0.163
221,24,0.065
221,25,0.034
221,26,0.169
221,27,0.053
221,28,0.052
221,29,0.167
221,30,0.046
221,31,0.059
221,32,0.165
221,33,0.045
221,34,0.065
221,35,0.166
221,36,0.038
221,37,0.07
221,38,0.163
221,39,0.039
221,40,0.139
221,41,0.219
221,42,0.035
221,43,0.084
221,44,0.15
221,45,0.033
221,46,0.086
221,47,0.146
221,48,0.033
222,1,0.088
222,2,0.151
222,3,0.035
222,4,0.081
222,5,0.166
222,6,0.037
222,7,0.058
222,8,0.168
222,9,0.056
222,10,0.035
222,11,0.164
222,12,0.084
222,13,0.035
222,14,0.139
222,15,0.179
222,16,0.103
222,17,0.103
222,18,0.135
222,19,0.034
222,20,0.072
222,21,0.16
222,22,0.035
222,23,0.05
222,24,0.168
222,25,0.052
222,26,0.033
222,27,0.163
222,28,0.07
222,29,0.033
222,30,0.158
222,31,0.076
222,32,0.034
222,33,0.158
222,34,0.074
222,35,0.034
222,36,0.164
222,37,0.077
222,38,0.033
222,39,0.159
222,40,0.147
222,41,0.097
222,42,0.146
222,43,0.096
222,44,0.033
222,45,0.131
222,46,0.105
222,47,0.034
222,48,0.126
223,1,0.12
223,2,0.035
223,3,0.109
223,4,0.136
223,5,0.035
223,6,0.098
223,7,0.145
223,8,0.035
223,9,0.085
223,10,0.152
223,11,0.035
223,12,0.074
223,13,0.16
223,14,0.039
223,15,0.13
223,16,0.23
223,17,0.044
223,18,0.04
223,19,0.166
223,20,0.055
223,21,0.034
223,22,0.158
223,23,0.067
223,24,0.034
223,25,0.148
223,26,0.075
223,27,0.034
223,28,0.148
223,29,0.083
223,30,0.035
223,31,0.144
223,32,0.09
223,33,0.034
223,34,0.143
223,35,0.094
223,36,0.034
223,37,0.142
223,38,0.101
223,39,0.038
223,40,0.198
223,41,0.171
223,42,0.034
223,43,0.122
223,44,0.125
223,45,0.033
223,46,0.102
223,47,0.142
223,48,0.034
224,1,0.086
224,2,0.163
224,3,0.035
224,4,0.065
224,5,0.167
224,6,0.049
224,7,0.046
224,8,0.171
224,9,0.075
224,10,0.035
224,11,0.148
224,12,0.107
224,13,0.035
224,14,0.116
224,15,0.208
224,16,0.102
224,17,0.073
224,18,0.163
224,19,0.04
224,20,0.038
224,21,0.171
224,22,0.074
224,23,0.035
224,24,0.14
224,25,0.102
224,26,0.035
224,27,0.168
224,28,0.163
224,29,0.129
224,30,0.034
224,31,0.124
224,32,0.181
224,33,0.034
224,34,0.111
224,35,0.132
224,36,0.034
224,37,0.112
224,38,0.137
224,39,0.038
224,40,0.163
224,41,0.222
224,42,0.035
224,43,0.067
224,44,0.16
224,45,0.043
224,46,0.722
224,47,0.457
224,48,0.321
225,1,0.376
225,2,0.443
225,3,0.142
225,4,0.067
225,5,0.167
225,6,0.054
225,7,0.039
225,8,0.172
225,9,0.075
225,10,0.041
225,11,0.154
225,12,0.091
225,13,0.035
225,14,0.134
225,15,0.17
225,16,0.103
225,17,0.47
225,18,0.359
225,19,0.082
225,20,0.042
225,21,0.499
225,22,0.289
225,23,1.702
225,24,0.868
225,25,0.355
225,26,0.91
225,27,0.175
225,28,0.115
225,29,0.265
225,30,0.509
225,31,0.385
225,32,1.072
225,33,0.275
225,34,0.202
225,35,0.415
225,36,1.926
225,37,0.285
225,38,0.364
225,39,0.142
225,40,0.26
225,41,0.135
225,42,0.414
225,43,0.309
225,44,0.34
225,45,0.412
225,46,0.836
225,47,0.195
225,48,0.084
226,1,0.127
226,2,0.106
226,3,0.035
226,4,0.112
226,5,0.15
226,6,0.035
226,7,0.067
226,8,0.166
226,9,0.041
226,10,0.035
226,11,0.169
226,12,0.071
226,13,0.035
226,14,0.137
226,15,0.174
226,16,0.103
226,17,0.095
226,18,0.143
226,19,0.034
226,20,0.042
226,21,0.738
226,22,0.259
226,23,0.103
226,24,0.153
226,25,0.359
226,26,0.036
226,27,0.06
226,28,0.165
226,29,0.048
226,30,0.036
226,31,0.169
226,32,0.071
226,33,0.034
226,34,0.151
226,35,0.092
226,36,0.035
226,37,0.131
226,38,0.42
226,39,0.532
226,40,1.851
226,41,3.026
226,42,0.457
226,43,0.592
226,44,0.533
226,45,0.338
226,46,0.314
226,47,0.38
226,48,0.256
227,1,0.059
227,2,0.077
227,3,0.166
227,4,0.083
227,5,0.073
227,6,0.168
227,7,0.048
227,8,0.048
227,9,0.172
227,10,0.072
227,11,0.036
227,12,0.158
227,13,0.097
227,14,0.04
227,15,0.197
227,16,0.192
227,17,0.036
227,18,0.098
227,19,0.155
227,20,0.034
227,21,0.06
227,22,0.168
227,23,0.802
227,24,0.146
227,25,0.348
227,26,0.257
227,27,0.068
227,28,0.042
227,29,0.166
227,30,0.069
227,31,0.035
227,32,0.164
227,33,0.083
227,34,0.034
227,35,0.145
227,36,0.1
227,37,0.033
227,38,0.127
227,39,0.128
227,40,0.105
227,41,0.172
227,42,2.178
227,43,0.487
227,44,0.409
227,45,0.861
227,46,1.952
227,47,0.969
227,48,0.654
228,1,0.378
228,2,0.272
228,3,0.163
228,4,0.036
228,5,0.061
228,6,0.169
228,7,0.072
228,8,0.037
228,9,0.142
228,10,0.103
228,11,0.037
228,12,0.109
228,13,0.134
228,14,0.041
228,15,0.143
228,16,0.235
228,17,0.041
228,18,0.037
228,19,0.166
228,20,0.076
228,21,0.037
228,22,0.682
228,23,0.337
228,24,0.378
228,25,0.201
228,26,0.162
228,27,0.039
228,28,0.048
228,29,0.163
228,30,0.049
228,31,0.034
228,32,0.161
228,33,0.072
228,34,0.034
228,35,0.138
228,36,0.102
228,37,0.034
228,38,0.106
228,39,0.164
228,40,0.107
228,41,0.127
228,42,0.602
228,43,0.393
228,44,0.4
228,45,0.608
228,46,0.538
228,47,0.497
228,48,0.564
229,1,0.458
229,2,0.137
229,3,0.152
229,4,0.088
229,5,0.036
229,6,0.125
229,7,0.118
229,8,0.036
229,9,0.089
229,10,0.152
229,11,0.036
229,12,0.052
229,13,0.168
229,14,0.06
229,15,0.106
229,16,0.212
229,17,0.463
229,18,0.48
229,19,0.165
229,20,0.053
229,21,0.034
229,22,0.148
229,23,0.08
229,24,0.034
229,25,0.116
229,26,0.116
229,27,0.034
229,28,0.078
229,29,0.155
229,30,0.034
229,31,0.038
229,32,0.17
229,33,0.069
229,34,0.034
229,35,0.137
229,36,0.118
229,37,0.351
229,38,0.222
229,39,0.247
229,40,0.349
229,41,0.491
229,42,0.161
229,43,0.247
229,44,0.608
229,45,0.59
229,46,0.258
229,47,0.692
229,48,1.572
230,1,0.959
230,2,0.13
230,3,0.266
230,4,0.231
230,5,0.06
230,6,0.139
230,7,0.124
230,8,0.036
230,9,0.091
230,10,0.163
230,11,0.036
230,12,0.041
230,13,0.17
230,14,0.085
230,15,0.108
230,16,0.19
230,17,0.628
230,18,0.078
230,19,0.151
230,20,0.092
230,21,0.034
230,22,0.111
230,23,0.138
230,24,0.034
230,25,0.054
230,26,0.164
230,27,0.064
230,28,0.034
230,29,0.131
230,30,0.119
230,31,0.034
230,32,0.085
230,33,0.162
230,34,0.046
230,35,0.034
230,36,0.158
230,37,0.097
230,38,0.034
230,39,0.11
230,40,0.215
230,41,0.147
230,42,0.157
230,43,0.811
230,44,1.897
230,45,0.666
230,46,1.524
230,47,0.556
230,48,0.096
231,1,0.445
231,2,0.476
231,3,0.191
231,4,0.087
231,5,0.128
231,6,0.163
231,7,0.055
231,8,0.037
231,9,0.166
231,10,0.107
231,11,0.037
231,12,0.104
231,13,0.161
231,14,0.041
231,15,0.517
231,16,0.339
231,17,0.124
231,18,0.034
231,19,0.095
231,20,0.161
231,21,0.04
231,22,0.039
231,23,0.169
231,24,0.079
231,25,0.034
231,26,0.129
231,27,0.131
231,28,0.035
231,29,0.075
231,30,0.342
231,31,0.58
231,32,0.666
231,33,0.934
231,34,0.25
231,35,0.034
231,36,0.074
231,37,0.165
231,38,0.063
231,39,0.398
231,40,0.318
231,41,0.294
231,42,0.415
231,43,0.579
231,44,0.641
231,45,0.927
231,46,0.375
231,47,0.279
231,48,0.355
232,1,0.144
232,2,0.098
232,3,0.139
232,4,0.129
232,5,0.036
232,6,0.115
232,7,0.152
232,8,0.035
232,9,0.049
232,10,0.17
232,11,0.082
232,12,0.036
232,13,0.119
232,14,0.142
232,15,0.105
232,16,0.121
232,17,0.168
232,18,0.364
232,19,0.215
232,20,0.162
232,21,0.063
232,22,0.034
232,23,0.133
232,24,0.123
232,25,0.034
232,26,0.069
232,27,0.162
232,28,0.055
232,29,0.034
232,30,0.136
232,31,0.114
232,32,0.034
232,33,0.077
232,34,0.164
232,35,0.048
232,36,0.035
232,37,0.156
232,38,0.109
232,39,0.038
232,40,0.165
232,41,0.226
232,42,0.237
232,43,0.626
232,44,0.465
232,45,0.146
232,46,0.099
232,47,0.178
232,48,0.193
233,1,0.098
233,2,0.072
233,3,0.182
233,4,0.134
233,5,0.039
233,6,0.117
233,7,0.131
233,8,0.036
233,9,0.036
233,10,0.17
233,11,0.078
233,12,0.036
233,13,0.087
233,14,0.163
233,15,0.106
233,16,0.105
233,17,0.8
233,18,0.108
233,19,0.036
233,20,0.055
233,21,0.164
233,22,0.057
233,23,0.036
233,24,0.103
233,25,0.138
233,26,0.035
233,27,0.035
233,28,0.144
233,29,0.094
233,30,0.036
233,31,0.066
233,32,0.164
233,33,0.048
233,34,0.036
233,35,0.129
233,36,0.107
233,37,0.036
233,38,0.963
233,39,1.232
233,40,0.258
233,41,0.339
233,42,0.264
233,43,0.294
233,44,0.22
233,45,0.264
233,46,0.346
233,47,0.919
233,48,0.327
234,1,0.111
234,2,0.04
234,3,0.106
234,4,0.136
234,5,0.037
234,6,0.045
234,7,0.167
234,8,0.068
234,9,0.037
234,10,0.106
234,11,0.14
234,12,0.036
234,13,0.036
234,14,0.15
234,15,0.173
234,16,0.103
234,17,0.038
234,18,0.498
234,19,0.295
234,20,0.271
234,21,0.086
234,22,0.146
234,23,0.035
234,24,0.035
234,25,0.134
234,26,0.106
234,27,0.034
234,28,0.049
234,29,0.165
234,30,0.064
234,31,0.035
234,32,0.106
234,33,0.136
234,34,0.035
234,35,0.363
234,36,0.171
234,37,0.068
234,38,0.035
234,39,0.122
234,40,0.203
234,41,0.101
234,42,0.035
234,43,0.165
234,44,0.085
234,45,0.035
234,46,0.087
234,47,0.162
234,48,0.04
235,1,0.036
235,2,0.152
235,3,0.112
235,4,0.037
235,5,0.072
235,6,0.168
235,7,0.064
235,8,0.037
235,9,0.118
235,10,0.14
235,11,0.037
235,12,0.037
235,13,0.174
235,14,0.093
235,15,0.109
235,16,0.162
235,17,0.165
235,18,0.041
235,19,0.036
235,20,0.138
235,21,0.124
235,22,0.036
235,23,0.055
235,24,0.167
235,25,0.078
235,26,0.036
235,27,0.102
235,28,0.157
235,29,0.036
235,30,0.036
235,31,0.191
235,32,0.193
235,33,0.413
235,34,0.261
235,35,0.22
235,36,0.065
235,37,0.081
235,38,0.166
235,39,0.095
235,40,0.102
235,41,0.19
235,42,0.235
235,43,0.793
235,44,0.761
235,45,1.778
235,46,0.609
235,47,0.736
235,48,0.193
236,1,0.294
236,2,0.099
236,3,0.037
236,4,0.107
236,5,0.165
236,6,0.04
236,7,0.036
236,8,0.16
236,9,0.109
236,10,0.036
236,11,0.082
236,12,0.194
236,13,0.421
236,14,0.075
236,15,0.232
236,16,0.115
236,17,0.113
236,18,0.379
236,19,1.773
236,20,0.539
236,21,0.118
236,22,0.214
236,23,0.293
236,24,0.036
236,25,0.036
236,26,0.157
236,27,0.113
236,28,0.035
236,29,0.06
236,30,0.165
236,31,0.08
236,32,0.036
236,33,0.101
236,34,0.156
236,35,0.036
236,36,0.035
236,37,0.163
236,38,0.105
236,39,0.04
236,40,0.15
236,41,0.225
236,42,0.06
236,43,0.035
236,44,0.124
236,45,0.574
236,46,0.426
236,47,0.414
236,48,1.48
237,1,0.203
237,2,0.134
237,3,0.131
237,4,0.166
237,5,0.046
237,6,0.037
237,7,0.13
237,8,0.127
237,9,0.037
237,10,0.06
237,11,0.187
237,12,0.089
237,13,0.037
237,14,0.073
237,15,0.233
237,16,0.116
237,17,0.036
237,18,0.51
237,19,0.23
237,20,0.036
237,21,0.034
237,22,0.168
237,23,0.132
237,24,0.326
237,25,0.203
237,26,0.249
237,27,0.109
237,28,0.034
237,29,0.11
237,30,0.137
237,31,0.034
237,32,0.035
237,33,0.157
237,34,0.095
237,35,0.035
237,36,0.091
237,37,0.163
237,38,0.038
237,39,1.402
237,40,0.512
237,41,0.579
237,42,0.262
237,43,0.577
237,44,0.592
237,45,0.406
237,46,0.099
237,47,0.191
237,48,0.159
238,1,0.037
238,2,0.035
238,3,0.161
238,4,0.116
238,5,0.036
238,6,0.081
238,7,0.164
238,8,0.063
238,9,0.036
238,10,0.113
238,11,0.163
238,12,0.036
238,13,0.035
238,14,0.135
238,15,0.198
238,16,0.448
238,17,0.314
238,18,0.334
238,19,0.119
238,20,0.034
238,21,0.047
238,22,0.167
238,23,0.108
238,24,0.035
238,25,0.063
238,26,0.167
238,27,0.081
238,28,0.034
238,29,0.102
238,30,0.164
238,31,0.052
238,32,0.107
238,33,0.537
238,34,0.736
238,35,0.225
238,36,0.035
238,37,0.527
238,38,0.212
238,39,0.095
238,40,0.148
238,41,0.94
238,42,1.844
238,43,0.94
238,44,0.137
238,45,0.269
238,46,0.266
238,47,0.071
238,48,0.589
239,1,0.213
239,2,0.089
239,3,0.035
239,4,0.088
239,5,0.166
239,6,0.054
239,7,0.035
239,8,0.117
239,9,0.155
239,10,0.036
239,11,0.035
239,12,0.135
239,13,0.13
239,14,0.04
239,15,0.104
239,16,0.212
239,17,0.109
239,18,0.411
239,19,0.284
239,20,0.148
239,21,0.035
239,22,0.035
239,23,0.133
239,24,0.123
239,25,0.035
239,26,0.035
239,27,0.16
239,28,0.092
239,29,0.034
239,30,0.067
239,31,0.164
239,32,0.062
239,33,0.035
239,34,0.101
239,35,0.161
239,36,0.04
239,37,0.393
239,38,0.255
239,39,0.363
239,40,0.197
239,41,1.639
239,42,1.67
239,43,0.588
239,44,1.442
239,45,0.35
239,46,0.56
239,47,1.202
239,48,0.159
240,1,0.165
240,2,0.269
240,3,0.149
240,4,0.037
240,5,0.136
240,6,0.13
240,7,0.037
240,8,0.037
240,9,0.159
240,10,0.11
240,11,0.037
240,12,0.037
240,13,0.157
240,14,0.109
240,15,0.105
240,16,0.099
240,17,0.508
240,18,0.427
240,19,0.058
240,20,0.036
240,21,0.115
240,22,0.143
240,23,0.036
240,24,0.036
240,25,0.102
240,26,0.15
240,27,0.036
240,28,0.035
240,29,0.098
240,30,0.152
240,31,0.036
240,32,0.036
240,33,0.107
240,34,0.14
240,35,0.036
240,36,0.037
240,37,0.139
240,38,0.339
240,39,0.15
240,40,0.749
240,41,0.507
240,42,0.229
240,43,0.229
240,44,0.348
240,45,0.556
240,46,0.096
240,47,0.119
240,48,0.217
388,1,0.16
388,2,0.097
388,3,0.204
388,4,0.692
388,5,0.117
388,6,0.07
388,7,0.161
388,8,0.076
388,9,0.034
388,10,0.034
388,11,0.035
388,12,0.055
388,13,0.161
388,14,0.107
388,15,0.126
388,16,0.108
388,17,0.04
388,18,0.033
388,19,0.128
388,20,0.151
388,21,0.307
388,22,0.176
388,23,0.144
388,24,0.48
388,25,0.295
388,26,0.371
388,27,2.972
388,28,1.285
388,29,0.142
388,30,0.471
388,31,0.289
388,32,0.093
388,33,0.034
388,34,0.039
388,35,1.3
388,36,1.007
388,37,0.514
388,38,0.57
388,39,0.601
388,40,0.533
388,41,0.644
388,42,0.776
388,43,0.365
388,44,1.556
388,45,1.973
388,46,0.499
388,47,0.515
388,48,0.524
389,1,0.702
389,2,0.383
389,3,0.066
389,4,0.037
389,5,0.037
389,6,0.11
389,7,0.156
389,8,0.049
389,9,0.038
389,10,0.038
389,11,0.038
389,12,0.082
389,13,0.159
389,14,0.089
389,15,0.128
389,16,0.113
389,17,0.044
389,18,0.037
389,19,0.086
389,20,0.158
389,21,0.091
389,22,0.035
389,23,1.783
389,24,0.987
389,25,1.003
389,26,0.521
389,27,0.069
389,28,0.061
389,29,0.035
389,30,0.101
389,31,0.154
389,32,0.066
389,33,0.035
389,34,0.034
389,35,0.034
389,36,0.034
389,37,0.092
389,38,0.152
389,39,0.088
389,40,0.163
389,41,1.088
389,42,0.229
389,43,0.222
389,44,0.342
389,45,0.917
389,46,0.777
389,47,1.002
389,48,1.388
390,1,0.177
390,2,0.155
390,3,0.157
390,4,0.069
390,5,0.036
390,6,0.036
390,7,0.035
390,8,0.035
390,9,0.038
390,10,0.167
390,11,0.147
390,12,0.035
390,13,0.034
390,14,0.034
390,15,0.122
390,16,0.108
390,17,0.39
390,18,3.548
390,19,0.33
390,20,0.074
390,21,0.034
390,22,0.034
390,23,0.034
390,24,0.034
390,25,0.148
390,26,0.147
390,27,0.034
390,28,0.034
390,29,0.034
390,30,0.033
390,31,0.033
390,32,0.034
390,33,0.164
390,34,0.14
390,35,0.032
390,36,0.155
390,37,0.104
390,38,0.103
390,39,0.307
390,40,0.229
390,41,0.155
390,42,0.037
390,43,0.033
390,44,0.47
390,45,0.921
390,46,1.839
390,47,0.852
390,48,0.262
391,1,0.227
391,2,0.197
391,3,0.182
391,4,0.101
391,5,0.036
391,6,0.036
391,7,0.035
391,8,0.038
391,9,0.169
391,10,0.131
391,11,0.036
391,12,0.035
391,13,2.951
391,14,2.81
391,15,0.251
391,16,0.201
391,17,0.063
391,18,0.032
391,19,0.032
391,20,0.053
391,21,0.156
391,22,0.102
391,23,0.032
391,24,0.032
391,25,0.032
391,26,0.033
391,27,0.072
391,28,0.157
391,29,0.1
391,30,0.033
391,31,0.033
391,32,0.033
391,33,0.032
391,34,0.032
391,35,0.115
391,36,0.146
391,37,0.066
391,38,0.032
391,39,0.867
391,40,0.8
391,41,0.63
391,42,1.012
391,43,0.815
391,44,2.083
391,45,1.008
391,46,1.85
391,47,0.511
391,48,0.624
392,1,0.417
392,2,0.097
392,3,0.098
392,4,0.057
392,5,0.035
392,6,0.142
392,7,0.153
392,8,0.043
392,9,0.034
392,10,0.034
392,11,0.034
392,12,0.045
392,13,0.16
392,14,0.116
392,15,0.124
392,16,0.107
392,17,0.04
392,18,0.592
392,19,0.701
392,20,0.142
392,21,0.033
392,22,0.034
392,23,0.034
392,24,0.071
392,25,0.158
392,26,0.124
392,27,0.382
392,28,0.448
392,29,0.375
392,30,0.397
392,31,0.538
392,32,0.369
392,33,0.195
392,34,0.032
392,35,0.077
392,36,0.149
392,37,0.042
392,38,0.031
392,39,0.031
392,40,0.213
392,41,0.763
392,42,0.777
392,43,0.333
392,44,0.398
392,45,0.757
392,46,0.792
392,47,0.253
392,48,0.272
393,1,0.309
393,2,1.185
393,3,0.64
393,4,0.061
393,5,0.168
393,6,0.126
393,7,0.034
393,8,0.035
393,9,0.035
393,10,0.136
393,11,0.134
393,12,0.035
393,13,0.034
393,14,0.033
393,15,0.123
393,16,0.239
393,17,0.884
393,18,0.06
393,19,0.033
393,20,0.033
393,21,0.033
393,22,0.133
393,23,0.149
393,24,0.035
393,25,0.032
393,26,0.033
393,27,0.033
393,28,0.043
393,29,0.16
393,30,0.122
393,31,0.032
393,32,0.033
393,33,0.047
393,34,0.118
393,35,0.58
393,36,0.504
393,37,2.353
393,38,1.034
393,39,0.916
393,40,0.747
393,41,0.108
393,42,0.037
393,43,0.075
393,44,0.153
393,45,0.052
393,46,0.032
393,47,0.033
393,48,0.063
394,1,1.326
394,2,1.342
394,3,0.149
394,4,0.127
394,5,0.158
394,6,0.261
394,7,0.108
394,8,0.035
394,9,0.039
394,10,0.036
394,11,0.083
394,12,0.157
394,13,0.077
394,14,0.034
394,15,0.124
394,16,0.111
394,17,0.08
394,18,0.165
394,19,0.668
394,20,0.187
394,21,0.157
394,22,0.033
394,23,0.157
394,24,0.12
394,25,0.033
394,26,0.033
394,27,0.033
394,28,0.033
394,29,0.127
394,30,0.151
394,31,0.045
394,32,0.033
394,33,0.033
394,34,0.032
394,35,0.032
394,36,0.105
394,37,0.148
394,38,0.076
394,39,0.032
394,40,0.176
394,41,0.168
394,42,0.037
394,43,0.032
394,44,0.154
394,45,0.145
394,46,0.037
394,47,0.034
394,48,0.034
395,1,0.034
395,2,0.612
395,3,0.325
395,4,0.035
395,5,0.117
395,6,0.155
395,7,0.105
395,8,0.034
395,9,0.034
395,10,0.034
395,11,0.034
395,12,0.034
395,13,0.041
395,14,0.037
395,15,0.131
395,16,0.116
395,17,0.153
395,18,0.154
395,19,0.458
395,20,0.112
395,21,0.275
395,22,0.371
395,23,0.169
395,24,0.46
395,25,0.248
395,26,0.287
395,27,0.163
395,28,0.362
395,29,0.11
395,30,0.073
395,31,0.035
395,32,0.035
395,33,0.035
395,34,0.082
395,35,0.156
395,36,1.055
395,37,1.746
395,38,2.301
395,39,0.557
395,40,0.771
395,41,0.782
395,42,0.323
395,43,0.234
395,44,0.233
395,45,0.828
395,46,0.215
395,47,0.143
395,48,0.15
396,1,0.038
396,2,0.035
396,3,0.035
396,4,0.036
396,5,0.036
396,6,0.035
396,7,0.095
396,8,0.157
396,9,0.122
396,10,0.035
396,11,0.035
396,12,0.035
396,13,0.035
396,14,0.034
396,15,0.124
396,16,0.11
396,17,0.039
396,18,0.152
396,19,0.339
396,20,0.58
396,21,0.194
396,22,0.179
396,23,0.122
396,24,0.427
396,25,0.139
396,26,0.1
396,27,0.134
396,28,0.151
396,29,0.07
396,30,0.034
396,31,0.625
396,32,1.79
396,33,0.852
396,34,0.112
396,35,0.124
396,36,0.18
396,37,0.253
396,38,0.136
396,39,0.034
396,40,0.12
396,41,0.107
396,42,0.039
396,43,0.035
396,44,0.035
396,45,0.035
396,46,0.456
396,47,0.549
396,48,1.259
397,1,1.578
397,2,0.312
397,3,1.373
397,4,0.192
397,5,0.036
397,6,0.035
397,7,0.157
397,8,0.148
397,9,0.057
397,10,0.035
397,11,0.035
397,12,0.035
397,13,0.034
397,14,0.033
397,15,0.123
397,16,0.108
397,17,0.091
397,18,2.447
397,19,1.009
397,20,0.069
397,21,0.034
397,22,0.033
397,23,0.034
397,24,0.034
397,25,0.156
397,26,0.148
397,27,0.043
397,28,0.034
397,29,0.034
397,30,0.034
397,31,0.034
397,32,0.034
397,33,0.033
397,34,0.135
397,35,0.147
397,36,0.068
397,37,0.032
397,38,0.032
397,39,0.032
397,40,0.119
397,41,0.105
397,42,0.037
397,43,0.146
397,44,0.149
397,45,1.239
397,46,0.842
397,47,0.249
397,48,0.093
398,1,0.051
398,2,0.05
398,3,0.165
398,4,0.123
398,5,0.036
398,6,0.036
398,7,0.036
398,8,0.035
398,9,0.035
398,10,0.04
398,11,0.167
398,12,0.139
398,13,0.034
398,14,0.033
398,15,0.122
398,16,2.214
398,17,1.496
398,18,0.166
398,19,0.057
398,20,0.034
398,21,0.034
398,22,0.035
398,23,0.035
398,24,0.102
398,25,0.155
398,26,0.071
398,27,0.034
398,28,0.035
398,29,0.035
398,30,0.035
398,31,0.072
398,32,0.158
398,33,0.096
398,34,0.034
398,35,0.033
398,36,0.033
398,37,0.033
398,38,0.033
398,39,0.144
398,40,0.835
398,41,0.757
398,42,0.649
398,43,0.305
398,44,0.407
398,45,0.798
398,46,1.057
398,47,0.498
398,48,0.11
399,1,0.035
399,2,0.164
399,3,0.094
399,4,0.036
399,5,0.036
399,6,0.036
399,7,0.154
399,8,0.115
399,9,0.036
399,10,0.036
399,11,0.036
399,12,0.036
399,13,0.16
399,14,0.118
399,15,0.127
399,16,0.109
399,17,0.042
399,18,0.376
399,19,2.921
399,20,1.893
399,21,0.258
399,22,1.204
399,23,0.954
399,24,0.789
399,25,0.881
399,26,0.032
399,27,0.389
399,28,0.814
399,29,0.733
399,30,0.152
399,31,0.033
399,32,0.033
399,33,0.033
399,34,0.073
399,35,0.153
399,36,0.362
399,37,0.033
399,38,0.033
399,39,0.07
399,40,0.238
399,41,0.159
399,42,0.534
399,43,1.111
399,44,0.576
399,45,0.428
399,46,0.725
399,47,0.269
399,48,0.685
400,1,0.244
400,2,0.107
400,3,0.037
400,4,0.037
400,5,0.037
400,6,0.16
400,7,0.113
400,8,0.037
400,9,0.036
400,10,0.036
400,11,0.036
400,12,0.139
400,13,0.146
400,14,0.035
400,15,0.124
400,16,0.111
400,17,0.042
400,18,0.41
400,19,0.346
400,20,0.15
400,21,0.034
400,22,0.034
400,23,0.034
400,24,0.096
400,25,0.152
400,26,0.057
400,27,0.033
400,28,0.033
400,29,0.033
400,30,0.074
400,31,0.154
400,32,0.076
400,33,0.033
400,34,0.033
400,35,0.033
400,36,0.032
400,37,0.134
400,38,0.645
400,39,0.314
400,40,0.428
400,41,1.334
400,42,0.842
400,43,0.559
400,44,0.381
400,45,0.809
400,46,0.374
400,47,0.626
400,48,0.361
401,1,0.874
401,2,0.188
401,3,0.045
401,4,0.035
401,5,0.089
401,6,0.153
401,7,0.035
401,8,0.035
401,9,0.053
401,10,0.159
401,11,0.071
401,12,0.034
401,13,0.034
401,14,0.068
401,15,0.246
401,16,0.125
401,17,0.041
401,18,0.429
401,19,0.195
401,20,0.103
401,21,0.033
401,22,0.033
401,23,0.034
401,24,0.136
401,25,0.125
401,26,0.034
401,27,0.862
401,28,2.415
401,29,1.429
401,30,0.466
401,31,0.587
401,32,0.153
401,33,0.036
401,34,0.109
401,35,0.138
401,36,0.265
401,37,0.137
401,38,0.033
401,39,0.086
401,40,0.235
401,41,0.109
401,42,0.039
401,43,0.034
401,44,0.08
401,45,0.153
401,46,0.061
401,47,0.034
401,48,0.034
402,1,0.035
402,2,0.518
402,3,0.197
402,4,0.04
402,5,0.037
402,6,0.037
402,7,0.037
402,8,0.101
402,9,0.159
402,10,0.065
402,11,0.037
402,12,0.037
402,13,0.037
402,14,0.037
402,15,0.234
402,16,0.218
402,17,0.041
402,18,0.037
402,19,0.036
402,20,0.045
402,21,0.93
402,22,1.192
402,23,0.243
402,24,1.082
402,25,0.409
402,26,0.68
402,27,1.727
402,28,0.305
402,29,0.257
402,30,0.305
402,31,0.305
402,32,0.123
402,33,0.049
402,34,0.034
402,35,0.111
402,36,0.147
402,37,0.033
402,38,0.034
402,39,0.034
402,40,0.668
402,41,0.277
402,42,0.802
402,43,0.56
402,44,0.413
402,45,0.273
402,46,0.434
402,47,0.363
402,48,0.46
403,1,0.326
403,2,0.037
403,3,0.101
403,4,0.186
403,5,0.069
403,6,0.036
403,7,0.035
403,8,0.06
403,9,0.16
403,10,0.077
403,11,0.035
403,12,0.035
403,13,0.035
403,14,0.092
403,15,0.245
403,16,0.115
403,17,0.04
403,18,0.035
403,19,0.043
403,20,0.662
403,21,0.18
403,22,0.231
403,23,0.71
403,24,1.375
403,25,0.982
403,26,0.916
403,27,0.182
403,28,0.207
403,29,0.174
403,30,2.334
403,31,0.809
403,32,0.548
403,33,0.399
403,34,0.705
403,35,0.31
403,36,0.443
403,37,0.531
403,38,0.356
403,39,1.257
403,40,0.278
403,41,0.997
403,42,0.491
403,43,0.236
403,44,0.234
403,45,0.413
403,46,0.764
403,47,0.276
403,48,0.283
404,1,0.635
404,2,0.223
404,3,0.165
404,4,0.065
404,5,0.035
404,6,0.035
404,7,0.104
404,8,0.154
404,9,0.047
404,10,0.034
404,11,0.034
404,12,0.034
404,13,0.055
404,14,0.156
404,15,0.191
404,16,0.107
404,17,0.392
404,18,0.59
404,19,0.214
404,20,0.145
404,21,0.033
404,22,0.033
404,23,0.032
404,24,0.033
404,25,0.032
404,26,0.161
404,27,0.144
404,28,0.033
404,29,0.032
404,30,0.033
404,31,0.032
404,32,0.033
404,33,0.032
404,34,0.16
404,35,0.144
404,36,0.538
404,37,0.106
404,38,0.102
404,39,0.616
404,40,1.513
404,41,0.598
404,42,0.384
404,43,0.831
404,44,1.053
404,45,0.537
404,46,0.464
404,47,0.443
404,48,1.181
405,1,1.507
405,2,0.199
405,3,0.182
405,4,0.29
405,5,0.232
405,6,0.078
405,7,0.036
405,8,0.035
405,9,0.161
405,10,0.109
405,11,0.036
405,12,0.035
405,13,0.337
405,14,2.196
405,15,0.295
405,16,0.107
405,17,0.04
405,18,0.034
405,19,0.052
405,20,0.158
405,21,0.096
405,22,0.034
405,23,0.034
405,24,0.033
405,25,0.033
405,26,0.128
405,27,0.147
405,28,0.04
405,29,0.033
405,30,0.034
405,31,0.034
405,32,0.034
405,33,0.092
405,34,0.151
405,35,0.082
405,36,0.033
405,37,0.033
405,38,0.033
405,39,0.034
405,40,0.123
405,41,0.159
405,42,0.158
405,43,1.31
405,44,1.854
405,45,0.98
405,46,1.592
405,47,0.54
405,48,0.271
406,1,0.141
406,2,0.035
406,3,0.034
406,4,0.034
406,5,0.078
406,6,0.159
406,7,0.086
406,8,0.034
406,9,0.034
406,10,0.034
406,11,0.034
406,12,0.076
406,13,0.155
406,14,0.1
406,15,0.116
406,16,0.103
406,17,1.9
406,18,0.976
406,19,0.289
406,20,0.045
406,21,0.032
406,22,0.033
406,23,0.032
406,24,0.155
406,25,0.116
406,26,0.032
406,27,0.597
406,28,2.566
406,29,2.685
406,30,2.294
406,31,0.096
406,32,0.032
406,33,0.033
406,34,0.032
406,35,0.14
406,36,0.234
406,37,0.034
406,38,0.642
406,39,0.537
406,40,1.866
406,41,2.874
406,42,0.604
406,43,0.473
406,44,0.777
406,45,0.595
406,46,0.491
406,47,0.77
406,48,0.722
407,1,0.381
407,2,0.796
407,3,1.628
407,4,0.925
407,5,0.131
407,6,0.119
407,7,0.284
407,8,0.183
407,9,0.035
407,10,0.035
407,11,0.035
407,12,0.035
407,13,0.131
407,14,0.146
407,15,0.131
407,16,0.105
407,17,0.272
407,18,1.535
407,19,0.201
407,20,0.186
407,21,0.032
407,22,0.032
407,23,0.033
407,24,0.033
407,25,0.033
407,26,0.161
407,27,0.129
407,28,0.033
407,29,0.033
407,30,0.033
407,31,0.033
407,32,0.033
407,33,0.045
407,34,0.16
407,35,0.14
407,36,0.032
407,37,0.032
407,38,0.032
407,39,0.032
407,40,0.116
407,41,0.102
407,42,0.121
407,43,0.327
407,44,0.811
407,45,0.557
407,46,0.293
407,47,0.707
407,48,0.459
408,1,0.502
408,2,0.034
408,3,0.034
408,4,0.035
408,5,0.035
408,6,0.034
408,7,0.094
408,8,0.155
408,9,0.093
408,10,0.034
408,11,0.034
408,12,0.034
408,13,0.033
408,14,0.032
408,15,0.123
408,16,0.128
408,17,0.246
408,18,2.366
408,19,2.026
408,20,0.144
408,21,1.482
408,22,0.035
408,23,0.097
408,24,0.153
408,25,0.09
408,26,0.034
408,27,0.033
408,28,0.033
408,29,0.034
408,30,0.034
408,31,0.159
408,32,0.148
408,33,0.034
408,34,0.034
408,35,0.033
408,36,0.032
408,37,0.033
408,38,0.538
408,39,1.048
408,40,1.777
408,41,0.258
408,42,0.115
408,43,0.111
408,44,0.124
408,45,0.058
408,46,0.159
408,47,0.107
408,48,1.194
409,1,0.895
409,2,0.933
409,3,0.075
409,4,0.156
409,5,0.157
409,6,0.051
409,7,0.036
409,8,0.036
409,9,0.036
409,10,0.036
409,11,0.139
409,12,0.155
409,13,0.037
409,14,0.035
409,15,0.126
409,16,0.111
409,17,0.897
409,18,0.9
409,19,0.748
409,20,1.537
409,21,0.678
409,22,0.177
409,23,0.154
409,24,0.05
409,25,0.033
409,26,0.033
409,27,0.032
409,28,0.158
409,29,0.112
409,30,0.469
409,31,0.28
409,32,0.165
409,33,0.374
409,34,0.326
409,35,0.464
409,36,0.324
409,37,0.29
409,38,0.293
409,39,0.294
409,40,0.424
409,41,0.26
409,42,0.104
409,43,0.101
409,44,0.101
409,45,0.1
409,46,0.226
409,47,0.19
409,48,0.102
410,1,0.104
410,2,0.106
410,3,0.108
410,4,0.137
410,5,0.234
410,6,0.179
410,7,0.105
410,8,0.105
410,9,0.105
410,10,0.106
410,11,0.106
410,12,0.168
410,13,0.225
410,14,0.163
410,15,0.191
410,16,0.177
410,17,0.107
410,18,0.103
410,19,0.103
410,20,0.19
410,21,0.222
410,22,0.127
410,23,0.103
410,24,0.104
410,25,0.103
410,26,0.104
410,27,0.102
410,28,0.189
410,29,0.223
410,30,0.13
410,31,0.102
410,32,0.103
410,33,0.103
410,34,0.104
410,35,0.102
410,36,0.177
410,37,0.213
410,38,0.128
410,39,0.097
410,40,0.184
410,41,0.174
410,42,0.105
410,43,0.136
410,44,0.226
410,45,0.165
410,46,0.102
410,47,0.1
410,48,0.103
411,1,0.103
411,2,0.105
411,3,0.23
411,4,0.213
411,5,0.108
411,6,0.109
411,7,0.107
411,8,0.107
411,9,0.106
411,10,0.132
411,11,0.234
411,12,0.195
411,13,0.104
411,14,0.101
411,15,0.191
411,16,0.178
411,17,0.109
411,18,0.174
411,19,0.219
411,20,0.134
411,21,0.103
411,22,0.104
411,23,0.105
411,24,0.104
411,25,0.126
411,26,0.231
411,27,0.186
411,28,0.102
411,29,0.103
411,30,0.103
411,31,0.102
411,32,0.101
411,33,0.194
411,34,0.218
411,35,0.118
411,36,0.101
411,37,0.101
411,38,0.101
411,39,0.1
411,40,0.228
411,41,0.297
411,42,0.162
411,43,0.247
411,44,0.254
411,45,0.251
411,46,0.626
411,47,0.157
411,48,0.091
412,1,0.033
412,2,0.034
412,3,0.034
412,4,0.034
412,5,0.034
412,6,0.148
412,7,0.149
412,8,0.04
412,9,0.034
412,10,0.034
412,11,0.034
412,12,0.034
412,13,0.033
412,14,0.032
412,15,0.225
412,16,0.228
412,17,0.049
412,18,0.032
412,19,0.032
412,20,0.032
412,21,0.032
412,22,0.032
412,23,0.095
412,24,0.154
412,25,0.103
412,26,0.033
412,27,0.033
412,28,0.033
412,29,0.032
412,30,0.032
412,31,0.032
412,32,0.054
412,33,0.16
412,34,0.132
412,35,0.032
412,36,0.032
412,37,0.031
412,38,0.031
412,39,0.031
412,40,0.113
412,41,0.171
412,42,0.374
412,43,0.317
412,44,0.217
412,45,0.032
412,46,0.032
412,47,0.032
412,48,0.033
413,1,0.061
413,2,0.161
413,3,0.128
413,4,0.035
413,5,0.035
413,6,0.035
413,7,0.034
413,8,0.034
413,9,0.034
413,10,0.034
413,11,0.113
413,12,0.153
413,13,0.093
413,14,0.032
413,15,0.124
413,16,0.108
413,17,0.038
413,18,0.033
413,19,0.033
413,20,0.033
413,21,0.159
413,22,0.146
413,23,0.051
413,24,0.033
413,25,0.033
413,26,0.033
413,27,0.033
413,28,0.033
413,29,0.033
413,30,3.37
413,31,4.117
413,32,1.003
413,33,0.167
413,34,0.033
413,35,0.032
413,36,0.031
413,37,0.061
413,38,0.152
413,39,0.103
413,40,0.115
413,41,0.098
413,42,0.035
413,43,0.031
413,44,0.06
413,45,0.153
413,46,0.102
413,47,0.032
413,48,0.032
414,1,0.033
414,2,0.033
414,3,0.034
414,4,0.077
414,5,0.158
414,6,0.107
414,7,0.034
414,8,0.034
414,9,0.034
414,10,0.034
414,11,0.033
414,12,0.033
414,13,0.033
414,14,0.136
414,15,0.241
414,16,0.124
414,17,0.036
414,18,0.032
414,19,0.031
414,20,0.032
414,21,0.032
414,22,0.044
414,23,0.16
414,24,0.134
414,25,0.032
414,26,0.033
414,27,0.033
414,28,0.033
414,29,0.032
414,30,0.033
414,31,0.033
414,32,0.067
414,33,0.161
414,34,0.126
414,35,0.033
414,36,0.032
414,37,0.032
414,38,0.032
414,39,0.032
414,40,0.156
414,41,0.338
414,42,0.34
414,43,0.146
414,44,0.041
414,45,0.032
414,46,0.032
414,47,0.032
414,48,0.033
415,1,0.033
415,2,0.034
415,3,0.034
415,4,0.145
415,5,0.151
415,6,0.083
415,7,0.033
415,8,0.033
415,9,0.034
415,10,0.033
415,11,0.033
415,12,0.033
415,13,0.033
415,14,0.032
415,15,0.122
415,16,0.106
415,17,0.153
415,18,0.148
415,19,0.088
415,20,0.033
415,21,0.032
415,22,0.033
415,23,0.033
415,24,0.033
415,25,0.033
415,26,0.032
415,27,0.033
415,28,0.033
415,29,0.04
415,30,0.165
415,31,0.146
415,32,0.08
415,33,0.033
415,34,0.033
415,35,0.033
415,36,0.033
415,37,0.031
415,38,0.031
415,39,0.031
415,40,0.122
415,41,0.122
415,42,0.168
415,43,0.145
415,44,0.041
415,45,0.032
415,46,0.032
415,47,0.032
415,48,0.032
