213,1,0.201
213,2,0.167
213,3,0.199
213,4,0.213
213,5,0.158
213,6,0.173
213,7,0.231
213,8,0.147
213,9,0.205
213,10,0.146
213,11,0.211
213,12,0.198
213,13,0.141
213,14,0.198
213,15,0.289
213,16,0.245
213,17,0.186
213,18,0.141
213,19,0.591
213,20,0.24
213,21,0.988
213,22,1.321
213,23,2.0
213,24,0.466
213,25,0.153
213,26,0.17
213,27,0.216
213,28,1.85
213,29,0.367
213,30,0.445
213,31,0.209
213,32,0.287
213,33,0.302
213,34,0.294
213,35,0.266
213,36,0.263
213,37,0.578
213,38,0.283
213,39,0.323
213,40,0.368
213,41,0.371
213,42,0.367
213,43,0.403
213,44,0.417
213,45,0.394
213,46,0.363
213,47,0.47
213,48,0.328
214,1,0.315
214,2,0.283
214,3,0.249
214,4,0.23
214,5,0.146
214,6,0.195
214,7,0.202
214,8,0.143
214,9,0.141
214,10,0.231
214,11,0.159
214,12,0.168
214,13,0.181
214,14,0.164
214,15,0.272
214,16,0.245
214,17,0.141
214,18,0.841
214,19,0.369
214,20,0.382
214,21,1.117
214,22,0.937
214,23,1.013
214,24,0.171
214,25,0.145
214,26,0.247
214,27,0.153
214,28,0.146
214,29,0.278
214,30,0.282
214,31,0.229
214,32,0.299
214,33,0.228
214,34,0.575
214,35,0.303
214,36,0.219
214,37,0.226
214,38,0.337
214,39,0.318
214,40,0.333
214,41,0.35
214,42,0.374
214,43,0.357
214,44,0.426
214,45,0.336
214,46,0.328
214,47,0.291
214,48,0.159
215,1,0.267
215,2,0.272
215,3,0.28
215,4,0.24
215,5,0.298
215,6,0.234
215,7,0.241
215,8,0.343
215,9,0.234
215,10,0.234
215,11,0.305
215,12,0.196
215,13,0.163
215,14,0.167
215,15,0.285
215,16,0.225
215,17,0.704
215,18,0.303
215,19,0.37
215,20,1.469
215,21,0.939
215,22,0.555
215,23,0.279
215,24,0.255
215,25,0.293
215,26,0.359
215,27,0.346
215,28,1.914
215,29,1.14
215,30,0.338
215,31,0.453
215,32,0.482
215,33,0.317
215,34,0.499
215,35,0.315
215,36,0.291
215,37,0.431
215,38,0.309
215,39,0.338
215,40,0.345
215,41,0.412
215,42,0.391
215,43,0.453
215,44,0.531
215,45,0.426
215,46,0.275
215,47,0.243
215,48,0.212
216,1,0.253
216,2,0.315
216,3,0.258
216,4,0.292
216,5,0.293
216,6,0.276
216,7,0.283
216,8,0.166
216,9,0.232
216,10,0.21
216,11,0.167
216,12,0.231
216,13,0.163
216,14,0.209
216,15,0.268
216,16,0.293
216,17,0.523
216,18,0.443
216,19,0.42
216,20,0.585
216,21,0.521
216,22,1.257
216,23,0.302
216,24,1.291
216,25,0.244
216,26,0.383
216,27,0.352
216,28,0.34
216,29,0.417
216,30,0.246
216,31,0.325
216,32,0.352
216,33,0.444
216,34,2.236
216,35,1.421
216,36,0.206
216,37,0.333
216,38,0.275
216,39,0.447
216,40,0.42
216,41,0.239
216,42,0.243
216,43,0.468
216,44,0.413
216,45,0.381
216,46,0.431
216,47,0.312
216,48,0.185
217,1,0.295
217,2,0.303
217,3,0.189
217,4,0.206
217,5,0.179
217,6,0.188
217,7,0.18
217,8,0.187
217,9,0.186
217,10,0.165
217,11,0.216
217,12,0.17
217,13,0.232
217,14,0.195
217,15,0.195
217,16,0.144
217,17,0.194
217,18,0.218
217,19,0.637
217,20,0.393
217,21,0.856
217,22,1.015
217,23,0.719
217,24,1.102
217,25,0.463
217,26,0.301
217,27,1.77
217,28,1.345
217,29,0.371
217,30,0.28
217,31,0.227
217,32,0.437
217,33,0.386
217,34,0.363
217,35,0.347
217,36,0.336
217,37,0.626
217,38,1.675
217,39,0.449
217,40,0.317
217,41,0.386
217,42,0.402
217,43,0.341
217,44,0.401
217,45,0.445
217,46,0.331
217,47,0.263
217,48,0.174
218,1,0.287
218,2,0.232
218,3,0.291
218,4,0.28
218,5,0.231
218,6,0.273
218,7,0.277
218,8,0.278
218,9,0.228
218,10,0.275
218,11,0.224
218,12,0.141
218,13,0.181
218,14,0.196
218,15,0.257
218,16,0.217
218,17,0.522
218,18,0.312
218,19,0.49
218,20,0.572
218,21,1.133
218,22,0.264
218,23,1.301
218,24,0.14
218,25,0.198
218,26,0.195
218,27,0.14
218,28,0.182
218,29,0.191
218,30,0.171
218,31,0.169
218,32,0.161
218,33,0.188
218,34,0.191
218,35,0.142
218,36,0.212
218,37,0.168
218,38,0.192
218,39,0.162
218,40,0.288
218,41,0.185
218,42,0.156
218,43,0.313
218,44,0.82
218,45,0.814
218,46,0.423
218,47,0.305
218,48,0.182
219,1,0.206
219,2,0.141
219,3,0.201
219,4,0.177
219,5,0.157
219,6,0.171
219,7,0.194
219,8,0.183
219,9,0.16
219,10,0.155
219,11,0.216
219,12,0.141
219,13,0.193
219,14,0.14
219,15,0.315
219,16,0.22
219,17,0.448
219,18,0.271
219,19,0.247
219,20,0.372
219,21,0.34
219,22,0.331
219,23,0.276
219,24,0.292
219,25,0.246
219,26,0.292
219,27,0.221
219,28,0.828
219,29,1.041
219,30,0.527
219,31,0.483
219,32,0.583
219,33,0.572
219,34,0.528
219,35,0.426
219,36,0.384
219,37,1.342
219,38,0.362
219,39,0.837
219,40,1.574
219,41,0.593
219,42,1.485
219,43,0.741
219,44,0.575
219,45,0.817
219,46,0.5
219,47,0.254
219,48,0.202
220,1,0.213
220,2,0.141
220,3,0.199
220,4,0.212
220,5,0.143
220,6,0.197
220,7,0.179
220,8,0.167
220,9,0.178
220,10,0.163
220,11,0.207
220,12,0.143
220,13,0.198
220,14,0.193
220,15,0.248
220,16,0.228
220,17,0.588
220,18,0.356
220,19,0.358
220,20,0.747
220,21,0.3
220,22,0.364
220,23,0.384
220,24,0.481
220,25,0.326
220,26,0.265
220,27,1.157
220,28,0.318
220,29,0.245
220,30,0.211
220,31,0.237
220,32,0.263
220,33,0.298
220,34,0.64
220,35,1.482
220,36,1.519
220,37,1.161
220,38,0.696
220,39,1.49
220,40,0.416
220,41,1.436
220,42,0.349
220,43,0.401
220,44,0.533
220,45,0.492
220,46,0.436
220,47,0.301
220,48,0.188
221,1,0.273
221,2,0.303
221,3,0.275
221,4,0.266
221,5,0.233
221,6,0.2
221,7,0.188
221,8,0.179
221,9,0.216
221,10,0.171
221,11,0.181
221,12,0.193
221,13,0.226
221,14,0.156
221,15,0.191
221,16,0.204
221,17,0.154
221,18,0.271
221,19,0.627
221,20,0.331
221,21,1.246
221,22,0.781
221,23,2.556
221,24,1.505
221,25,1.064
221,26,3.103
221,27,2.416
221,28,1.209
221,29,0.264
221,30,0.255
221,31,0.856
221,32,1.044
221,33,1.261
221,34,0.225
221,35,0.249
221,36,0.328
221,37,0.508
221,38,0.345
221,39,1.108
221,40,1.014
221,41,0.892
221,42,0.357
221,43,0.422
221,44,0.37
221,45,0.275
221,46,0.324
221,47,0.33
221,48,0.312
222,1,0.315
222,2,0.311
222,3,0.285
222,4,0.283
222,5,0.298
222,6,0.329
222,7,0.26
222,8,0.301
222,9,0.312
222,10,0.296
222,11,0.262
222,12,0.322
222,13,0.298
222,14,0.258
222,15,0.392
222,16,0.422
222,17,0.749
222,18,0.396
222,19,0.485
222,20,0.643
222,21,0.423
222,22,0.457
222,23,0.327
222,24,0.412
222,25,0.318
222,26,0.546
222,27,0.707
222,28,0.713
222,29,1.442
222,30,0.383
222,31,0.276
222,32,0.414
222,33,0.638
222,34,0.419
222,35,0.521
222,36,0.331
222,37,1.562
222,38,0.365
222,39,1.532
222,40,0.807
222,41,1.13
222,42,0.373
222,43,0.386
222,44,0.569
222,45,0.65
222,46,0.32
222,47,0.294
222,48,0.163
223,1,0.191
223,2,0.185
223,3,0.142
223,4,0.237
223,5,0.148
223,6,0.161
223,7,0.187
223,8,0.165
223,9,0.181
223,10,0.14
223,11,0.229
223,12,0.139
223,13,0.183
223,14,0.14
223,15,0.326
223,16,0.641
223,17,0.263
223,18,0.551
223,19,0.285
223,20,0.179
223,21,0.193
223,22,0.177
223,23,0.141
223,24,0.22
223,25,0.154
223,26,0.141
223,27,0.191
223,28,0.169
223,29,0.178
223,30,0.136
223,31,0.206
223,32,0.157
223,33,0.18
223,34,0.157
223,35,0.218
223,36,0.183
223,37,0.554
223,38,0.283
223,39,0.348
223,40,0.323
223,41,0.278
223,42,0.334
223,43,1.084
223,44,1.013
223,45,0.655
223,46,0.143
223,47,0.171
223,48,0.16
224,1,0.206
224,2,0.189
224,3,0.147
224,4,0.224
224,5,0.159
224,6,0.189
224,7,0.154
224,8,0.222
224,9,0.159
224,10,0.192
224,11,0.159
224,12,0.221
224,13,0.157
224,14,0.189
224,15,0.162
224,16,0.214
224,17,0.482
224,18,0.508
224,19,0.35
224,20,0.326
224,21,0.295
224,22,0.306
224,23,0.339
224,24,0.302
224,25,0.177
224,26,0.189
224,27,0.176
224,28,0.153
224,29,0.22
224,30,0.258
224,31,0.227
224,32,0.545
224,33,0.939
224,34,1.07
224,35,0.557
224,36,0.411
224,37,0.272
224,38,0.393
224,39,0.515
224,40,0.26
224,41,0.237
224,42,0.263
224,43,0.359
224,44,0.405
224,45,0.262
224,46,0.328
224,47,0.297
224,48,0.257
225,1,0.299
225,2,0.349
225,3,0.24
225,4,0.256
225,5,0.14
225,6,0.227
225,7,0.14
225,8,0.183
225,9,0.15
225,10,0.219
225,11,0.14
225,12,0.182
225,13,0.157
225,14,0.212
225,15,0.236
225,16,0.271
225,17,0.157
225,18,0.699
225,19,0.254
225,20,0.752
225,21,0.546
225,22,0.364
225,23,0.476
225,24,0.401
225,25,0.472
225,26,1.265
225,27,0.708
225,28,0.265
225,29,0.307
225,30,0.259
225,31,0.253
225,32,0.138
225,33,0.192
225,34,0.507
225,35,1.393
225,36,2.147
225,37,0.764
225,38,0.624
225,39,1.609
225,40,0.623
225,41,1.03
225,42,0.329
225,43,0.246
225,44,0.23
225,45,0.415
225,46,0.253
225,47,0.143
225,48,0.212
226,1,0.339
226,2,0.256
226,3,0.303
226,4,0.153
226,5,0.191
226,6,0.141
226,7,0.226
226,8,0.18
226,9,0.153
226,10,0.157
226,11,0.211
226,12,0.19
226,13,0.142
226,14,0.184
226,15,0.184
226,16,0.19
226,17,0.204
226,18,0.564
226,19,0.413
226,20,0.428
226,21,0.518
226,22,2.117
226,23,0.194
226,24,0.149
226,25,0.205
226,26,0.222
226,27,0.147
226,28,0.479
226,29,1.887
226,30,0.318
226,31,0.399
226,32,0.712
226,33,0.559
226,34,0.511
226,35,0.347
226,36,2.25
226,37,0.511
226,38,0.993
226,39,1.025
226,40,1.456
226,41,0.368
226,42,0.317
226,43,0.374
226,44,0.346
226,45,0.323
226,46,0.226
226,47,0.215
226,48,0.226
227,1,0.304
227,2,0.302
227,3,0.31
227,4,0.301
227,5,0.21
227,6,0.223
227,7,0.214
227,8,0.211
227,9,0.21
227,10,0.224
227,11,0.211
227,12,0.21
227,13,0.21
227,14,0.222
227,15,0.301
227,16,0.245
227,17,0.215
227,18,0.208
227,19,0.203
227,20,0.424
227,21,0.496
227,22,0.359
227,23,0.279
227,24,0.289
227,25,0.269
227,26,0.326
227,27,0.401
227,28,0.294
227,29,0.213
227,30,0.497
227,31,0.224
227,32,0.226
227,33,0.234
227,34,0.219
227,35,0.306
227,36,0.695
227,37,0.515
227,38,0.383
227,39,0.454
227,40,0.403
227,41,0.295
227,42,0.412
227,43,0.525
227,44,0.506
227,45,0.385
227,46,0.393
227,47,0.238
227,48,0.141
228,1,0.281
228,2,0.226
228,3,0.225
228,4,0.229
228,5,0.275
228,6,0.172
228,7,0.162
228,8,0.156
228,9,0.145
228,10,0.194
228,11,0.161
228,12,0.16
228,13,0.162
228,14,0.191
228,15,0.261
228,16,0.169
228,17,0.152
228,18,0.152
228,19,0.571
228,20,0.23
228,21,0.191
228,22,0.155
228,23,0.217
228,24,0.803
228,25,1.853
228,26,1.512
228,27,1.136
228,28,1.851
228,29,1.788
228,30,0.42
228,31,0.912
228,32,0.933
228,33,1.222
228,34,0.17
228,35,0.21
228,36,0.177
228,37,0.231
228,38,0.439
228,39,0.495
228,40,0.33
228,41,0.298
228,42,0.369
228,43,0.616
228,44,0.756
228,45,0.425
228,46,0.286
228,47,0.165
228,48,0.164
229,1,0.21
229,2,0.166
229,3,0.178
229,4,0.204
229,5,0.166
229,6,0.17
229,7,0.203
229,8,0.166
229,9,0.171
229,10,0.194
229,11,0.166
229,12,0.166
229,13,0.198
229,14,0.166
229,15,0.165
229,16,0.216
229,17,0.554
229,18,0.708
229,19,0.599
229,20,2.0
229,21,0.522
229,22,1.689
229,23,0.838
229,24,0.387
229,25,0.307
229,26,0.245
229,27,1.345
229,28,2.016
229,29,1.173
229,30,0.552
229,31,0.261
229,32,0.289
229,33,0.237
229,34,0.189
229,35,0.563
229,36,1.081
229,37,1.042
229,38,0.843
229,39,0.343
229,40,0.334
229,41,0.282
229,42,0.296
229,43,0.258
229,44,0.302
229,45,0.304
229,46,0.282
229,47,0.182
229,48,0.208
230,1,0.28
230,2,0.256
230,3,0.252
230,4,0.292
230,5,0.261
230,6,0.2
230,7,0.173
230,8,0.201
230,9,0.165
230,10,0.171
230,11,0.199
230,12,0.184
230,13,0.15
230,14,0.169
230,15,0.305
230,16,0.56
230,17,0.241
230,18,0.263
230,19,0.278
230,20,1.608
230,21,1.255
230,22,1.451
230,23,0.731
230,24,0.364
230,25,0.389
230,26,0.394
230,27,0.476
230,28,0.274
230,29,0.293
230,30,0.238
230,31,0.416
230,32,0.343
230,33,0.287
230,34,0.293
230,35,0.363
230,36,0.482
230,37,0.662
230,38,0.437
230,39,0.326
230,40,0.306
230,41,0.356
230,42,0.385
230,43,0.66
230,44,0.715
230,45,0.724
230,46,0.718
230,47,0.7
230,48,0.314
231,1,0.321
231,2,0.31
231,3,0.32
231,4,0.28
231,5,0.281
231,6,0.29
231,7,0.175
231,8,0.16
231,9,0.159
231,10,0.212
231,11,0.168
231,12,0.176
231,13,0.196
231,14,0.172
231,15,0.268
231,16,0.214
231,17,0.202
231,18,0.572
231,19,0.257
231,20,0.555
231,21,0.416
231,22,0.282
231,23,0.429
231,24,0.233
231,25,1.014
231,26,1.098
231,27,2.298
231,28,1.631
231,29,1.114
231,30,0.295
231,31,0.183
231,32,0.171
231,33,0.202
231,34,0.171
231,35,0.285
231,36,1.976
231,37,0.278
231,38,0.961
231,39,1.102
231,40,0.735
231,41,0.294
231,42,0.287
231,43,0.456
231,44,0.616
231,45,0.562
231,46,0.336
231,47,0.249
231,48,0.165
232,1,0.281
232,2,0.271
232,3,0.255
232,4,0.28
232,5,0.293
232,6,0.256
232,7,0.25
232,8,0.198
232,9,0.17
232,10,0.17
232,11,0.22
232,12,0.17
232,13,0.167
232,14,0.56
232,15,0.344
232,16,0.564
232,17,0.208
232,18,0.158
232,19,0.164
232,20,0.179
232,21,0.191
232,22,0.147
232,23,0.162
232,24,0.22
232,25,0.159
232,26,0.155
232,27,0.206
232,28,0.165
232,29,0.165
232,30,0.17
232,31,0.19
232,32,0.165
232,33,0.166
232,34,0.213
232,35,0.172
232,36,0.165
232,37,0.815
232,38,0.382
232,39,0.336
232,40,0.328
232,41,0.301
232,42,0.49
232,43,0.297
232,44,0.356
232,45,0.514
232,46,0.612
232,47,0.489
232,48,0.424
233,1,0.19
233,2,0.173
233,3,0.236
233,4,0.186
233,5,0.188
233,6,0.188
233,7,0.217
233,8,0.187
233,9,0.187
233,10,0.231
233,11,0.172
233,12,0.175
233,13,0.186
233,14,0.231
233,15,0.184
233,16,0.186
233,17,0.169
233,18,0.696
233,19,0.253
233,20,1.282
233,21,1.21
233,22,1.12
233,23,1.633
233,24,0.447
233,25,0.226
233,26,0.184
233,27,0.847
233,28,0.301
233,29,0.282
233,30,2.815
233,31,3.259
233,32,1.904
233,33,2.929
233,34,2.134
233,35,1.061
233,36,0.28
233,37,0.261
233,38,0.295
233,39,0.368
233,40,0.429
233,41,0.281
233,42,0.316
233,43,0.294
233,44,0.4
233,45,0.512
233,46,0.691
233,47,0.309
233,48,0.217
234,1,0.279
234,2,0.279
234,3,0.314
234,4,0.285
234,5,0.287
234,6,0.316
234,7,0.288
234,8,0.287
234,9,0.305
234,10,0.277
234,11,0.274
234,12,0.254
234,13,0.208
234,14,0.185
234,15,0.28
234,16,0.229
234,17,0.183
234,18,1.391
234,19,1.114
234,20,0.635
234,21,0.292
234,22,0.209
234,23,0.21
234,24,0.177
234,25,0.164
234,26,0.234
234,27,0.182
234,28,0.18
234,29,0.159
234,30,0.23
234,31,0.185
234,32,0.185
234,33,0.2
234,34,0.656
234,35,0.388
234,36,0.409
234,37,0.427
234,38,0.393
234,39,0.404
234,40,0.372
234,41,0.29
234,42,0.274
234,43,0.301
234,44,0.306
234,45,0.271
234,46,0.295
234,47,0.21
234,48,0.166
235,1,0.262
235,2,0.285
235,3,0.258
235,4,0.257
235,5,0.254
235,6,0.284
235,7,0.257
235,8,0.257
235,9,0.255
235,10,0.284
235,11,0.256
235,12,0.221
235,13,0.163
235,14,0.202
235,15,0.266
235,16,0.218
235,17,0.549
235,18,0.264
235,19,0.24
235,20,0.289
235,21,0.234
235,22,0.242
235,23,0.755
235,24,0.515
235,25,0.514
235,26,0.618
235,27,1.965
235,28,1.796
235,29,0.589
235,30,1.662
235,31,0.53
235,32,1.833
235,33,0.379
235,34,0.439
235,35,0.709
235,36,1.858
235,37,0.484
235,38,0.495
235,39,0.509
235,40,0.755
235,41,0.435
235,42,0.531
235,43,0.532
235,44,0.399
235,45,0.27
235,46,0.268
235,47,0.306
235,48,0.224
236,1,0.265
236,2,0.27
236,3,0.317
236,4,0.25
236,5,0.268
236,6,0.275
236,7,0.299
236,8,0.272
236,9,0.272
236,10,0.273
236,11,0.296
236,12,0.271
236,13,0.273
236,14,0.267
236,15,0.469
236,16,0.576
236,17,0.495
236,18,0.698
236,19,0.421
236,20,0.274
236,21,0.302
236,22,0.215
236,23,0.185
236,24,0.185
236,25,0.185
236,26,0.21
236,27,0.205
236,28,0.295
236,29,1.167
236,30,0.599
236,31,0.327
236,32,0.382
236,33,0.403
236,34,0.65
236,35,0.336
236,36,0.371
236,37,0.318
236,38,0.421
236,39,0.361
236,40,0.398
236,41,0.27
236,42,0.506
236,43,0.804
236,44,0.682
236,45,0.341
236,46,0.285
236,47,0.206
236,48,0.173
237,1,0.262
237,2,0.26
237,3,0.288
237,4,0.259
237,5,0.26
237,6,0.258
237,7,0.278
237,8,0.266
237,9,0.181
237,10,0.17
237,11,0.161
237,12,0.207
237,13,0.164
237,14,0.171
237,15,0.174
237,16,0.637
237,17,0.239
237,18,0.576
237,19,0.505
237,20,0.919
237,21,0.793
237,22,1.242
237,23,0.194
237,24,0.201
237,25,0.151
237,26,0.164
237,27,0.19
237,28,0.202
237,29,0.153
237,30,0.168
237,31,0.188
237,32,0.205
237,33,1.121
237,34,1.344
237,35,1.675
237,36,0.589
237,37,0.368
237,38,0.289
237,39,0.385
237,40,0.469
237,41,0.319
237,42,0.454
237,43,0.522
237,44,0.442
237,45,0.438
237,46,0.507
237,47,0.458
237,48,0.268
238,1,0.222
238,2,0.163
238,3,0.212
238,4,0.24
238,5,0.237
238,6,0.195
238,7,0.203
238,8,0.187
238,9,0.156
238,10,0.198
238,11,0.2
238,12,0.181
238,13,0.211
238,14,0.225
238,15,0.182
238,16,0.173
238,17,0.183
238,18,0.192
238,19,0.473
238,20,0.331
238,21,0.255
238,22,0.81
238,23,2.082
238,24,1.386
238,25,1.619
238,26,0.938
238,27,0.948
238,28,1.001
238,29,0.955
238,30,0.193
238,31,0.366
238,32,0.183
238,33,0.475
238,34,1.324
238,35,0.46
238,36,1.134
238,37,1.114
238,38,1.816
238,39,0.417
238,40,0.459
238,41,0.405
238,42,0.426
238,43,0.542
238,44,0.403
238,45,0.312
238,46,0.294
238,47,0.259
238,48,0.23
239,1,0.291
239,2,0.251
239,3,0.287
239,4,0.242
239,5,0.199
239,6,0.186
239,7,0.222
239,8,0.191
239,9,0.169
239,10,0.19
239,11,0.215
239,12,0.195
239,13,0.168
239,14,0.205
239,15,0.2
239,16,0.184
239,17,0.195
239,18,0.18
239,19,0.65
239,20,0.323
239,21,0.714
239,22,0.33
239,23,0.207
239,24,0.165
239,25,0.196
239,26,0.343
239,27,0.388
239,28,0.574
239,29,0.42
239,30,0.779
239,31,0.291
239,32,0.301
239,33,0.278
239,34,0.269
239,35,0.854
239,36,1.257
239,37,0.433
239,38,1.15
239,39,0.812
239,40,0.958
239,41,0.357
239,42,0.332
239,43,0.3
239,44,0.519
239,45,0.467
239,46,0.257
239,47,0.247
239,48,0.197
240,1,0.285
240,2,0.285
240,3,0.309
240,4,0.283
240,5,0.283
240,6,0.305
240,7,0.284
240,8,0.281
240,9,0.283
240,10,0.224
240,11,0.194
240,12,0.195
240,13,0.189
240,14,0.216
240,15,0.285
240,16,0.212
240,17,0.159
240,18,0.557
240,19,0.237
240,20,0.36
240,21,0.97
240,22,0.745
240,23,1.396
240,24,0.29
240,25,0.259
240,26,0.224
240,27,0.194
240,28,0.211
240,29,0.614
240,30,0.591
240,31,2.762
240,32,1.016
240,33,1.141
240,34,1.343
240,35,3.774
240,36,1.319
240,37,0.34
240,38,0.276
240,39,0.368
240,40,0.378
240,41,0.306
240,42,0.434
240,43,0.475
240,44,0.31
240,45,0.222
240,46,0.189
240,47,0.208
240,48,0.191
388,1,0.61
388,2,0.761
388,3,0.663
388,4,0.701
388,5,0.749
388,6,0.724
388,7,0.755
388,8,0.732
388,9,0.738
388,10,0.723
388,11,0.854
388,12,0.789
388,13,0.822
388,14,0.748
388,15,0.857
388,16,0.785
388,17,1.436
388,18,0.978
388,19,2.079
388,20,1.621
388,21,1.944
388,22,1.21
388,23,0.841
388,24,0.762
388,25,0.776
388,26,0.602
388,27,0.731
388,28,0.561
388,29,0.586
388,30,1.063
388,31,2.855
388,32,2.191
388,33,1.293
388,34,0.901
388,35,0.659
388,36,0.563
388,37,0.669
388,38,0.582
388,39,2.49
388,40,1.398
388,41,1.34
388,42,1.153
388,43,1.034
388,44,1.259
388,45,0.994
388,46,1.015
388,47,0.788
388,48,0.718
389,1,0.802
389,2,0.809
389,3,0.81
389,4,0.703
389,5,0.723
389,6,0.72
389,7,0.698
389,8,0.802
389,9,0.727
389,10,0.763
389,11,0.738
389,12,0.73
389,13,0.763
389,14,1.164
389,15,3.459
389,16,2.027
389,17,1.636
389,18,2.586
389,19,1.185
389,20,2.6
389,21,1.311
389,22,2.57
389,23,1.091
389,24,0.995
389,25,1.359
389,26,3.963
389,27,1.537
389,28,0.783
389,29,0.807
389,30,0.787
389,31,0.862
389,32,0.97
389,33,0.735
389,34,0.625
389,35,0.426
389,36,0.458
389,37,1.0
389,38,0.584
389,39,0.864
389,40,1.28
389,41,1.259
389,42,1.203
389,43,0.962
389,44,0.816
389,45,0.836
389,46,0.782
389,47,0.745
389,48,0.799
390,1,0.889
390,2,0.827
390,3,0.854
390,4,0.819
390,5,0.712
390,6,0.713
390,7,0.706
390,8,0.628
390,9,0.658
390,10,0.657
390,11,0.604
390,12,0.605
390,13,0.62
390,14,0.61
390,15,0.666
390,16,0.729
390,17,1.264
390,18,0.73
390,19,0.964
390,20,1.698
390,21,4.368
390,22,1.766
390,23,2.564
390,24,1.213
390,25,1.692
390,26,2.254
390,27,0.87
390,28,1.374
390,29,1.617
390,30,0.576
390,31,0.682
390,32,2.131
390,33,0.843
390,34,0.84
390,35,1.084
390,36,0.901
390,37,1.042
390,38,0.537
390,39,0.791
390,40,0.945
390,41,0.793
390,42,0.839
390,43,0.867
390,44,0.812
390,45,0.873
390,46,0.908
390,47,1.175
390,48,0.876
391,1,0.657
391,2,0.645
391,3,0.638
391,4,0.617
391,5,0.626
391,6,0.658
391,7,0.587
391,8,0.67
391,9,0.673
391,10,0.676
391,11,0.659
391,12,0.723
391,13,0.693
391,14,0.768
391,15,0.828
391,16,0.855
391,17,0.855
391,18,1.436
391,19,1.051
391,20,1.864
391,21,1.43
391,22,1.262
391,23,2.025
391,24,0.746
391,25,0.717
391,26,1.65
391,27,2.925
391,28,1.27
391,29,0.798
391,30,1.735
391,31,0.797
391,32,2.009
391,33,0.627
391,34,0.694
391,35,1.055
391,36,0.661
391,37,0.595
391,38,0.554
391,39,0.969
391,40,1.031
391,41,0.974
391,42,0.942
391,43,0.937
391,44,1.18
391,45,0.867
391,46,0.985
391,47,0.922
391,48,0.879
392,1,0.517
392,2,0.451
392,3,0.498
392,4,0.457
392,5,0.447
392,6,0.484
392,7,0.492
392,8,0.51
392,9,0.454
392,10,0.484
392,11,0.48
392,12,0.465
392,13,0.513
392,14,0.446
392,15,0.568
392,16,0.604
392,17,1.076
392,18,0.785
392,19,0.809
392,20,0.714
392,21,0.636
392,22,0.513
392,23,0.718
392,24,0.403
392,25,2.172
392,26,3.466
392,27,0.772
392,28,1.466
392,29,1.14
392,30,0.754
392,31,1.61
392,32,0.414
392,33,0.797
392,34,0.467
392,35,0.438
392,36,0.465
392,37,0.644
392,38,1.914
392,39,0.833
392,40,0.776
392,41,0.675
392,42,0.656
392,43,1.004
392,44,0.88
392,45,0.968
392,46,0.877
392,47,0.631
392,48,0.528
393,1,0.565
393,2,0.55
393,3,0.514
393,4,0.491
393,5,0.485
393,6,0.461
393,7,0.509
393,8,0.439
393,9,0.486
393,10,0.498
393,11,0.452
393,12,0.524
393,13,0.464
393,14,0.466
393,15,1.108
393,16,0.926
393,17,0.87
393,18,0.894
393,19,1.793
393,20,0.902
393,21,1.561
393,22,0.67
393,23,0.595
393,24,0.689
393,25,0.481
393,26,1.392
393,27,1.765
393,28,0.825
393,29,0.909
393,30,1.236
393,31,1.294
393,32,0.789
393,33,0.776
393,34,1.375
393,35,1.16
393,36,1.733
393,37,1.163
393,38,0.806
393,39,1.752
393,40,1.657
393,41,1.949
393,42,0.86
393,43,0.821
393,44,0.852
393,45,0.937
393,46,0.538
393,47,0.384
393,48,0.382
394,1,0.456
394,2,0.403
394,3,0.343
394,4,0.361
394,5,0.431
394,6,0.484
394,7,0.404
394,8,0.456
394,9,0.484
394,10,0.512
394,11,0.515
394,12,0.512
394,13,0.465
394,14,0.523
394,15,0.581
394,16,0.654
394,17,0.596
394,18,1.182
394,19,0.705
394,20,0.666
394,21,0.862
394,22,1.205
394,23,0.915
394,24,1.746
394,25,0.583
394,26,0.571
394,27,0.489
394,28,0.573
394,29,1.049
394,30,2.188
394,31,0.914
394,32,0.939
394,33,0.806
394,34,0.613
394,35,0.291
394,36,1.629
394,37,2.14
394,38,0.535
394,39,0.95
394,40,1.202
394,41,1.162
394,42,1.094
394,43,1.228
394,44,1.024
394,45,1.113
394,46,0.881
394,47,0.767
394,48,0.728
395,1,0.775
395,2,0.71
395,3,0.805
395,4,0.731
395,5,0.769
395,6,0.767
395,7,0.745
395,8,0.825
395,9,0.798
395,10,0.778
395,11,0.787
395,12,0.815
395,13,0.8
395,14,0.807
395,15,0.913
395,16,0.994
395,17,1.535
395,18,0.98
395,19,1.232
395,20,2.078
395,21,1.662
395,22,2.289
395,23,0.722
395,24,0.729
395,25,0.717
395,26,0.699
395,27,1.673
395,28,3.508
395,29,2.203
395,30,2.854
395,31,0.855
395,32,0.765
395,33,0.695
395,34,0.459
395,35,0.397
395,36,0.299
395,37,0.421
395,38,0.607
395,39,1.052
395,40,1.357
395,41,1.262
395,42,1.173
395,43,1.344
395,44,1.025
395,45,0.911
395,46,0.835
395,47,0.847
395,48,0.815
396,1,0.851
396,2,0.906
396,3,0.902
396,4,0.901
396,5,0.874
396,6,0.888
396,7,0.851
396,8,0.935
396,9,0.876
396,10,0.922
396,11,0.866
396,12,0.854
396,13,0.763
396,14,0.809
396,15,0.871
396,16,0.939
396,17,1.493
396,18,1.03
396,19,1.332
396,20,2.003
396,21,1.87
396,22,1.506
396,23,1.589
396,24,0.833
396,25,0.874
396,26,0.817
396,27,0.844
396,28,0.811
396,29,0.77
396,30,0.757
396,31,0.739
396,32,0.868
396,33,0.831
396,34,0.581
396,35,0.298
396,36,0.332
396,37,0.399
396,38,0.396
396,39,0.803
396,40,1.109
396,41,1.352
396,42,1.323
396,43,1.354
396,44,0.854
396,45,0.876
396,46,0.743
396,47,0.719
396,48,0.785
397,1,0.828
397,2,0.779
397,3,0.747
397,4,0.755
397,5,0.716
397,6,0.664
397,7,0.713
397,8,0.683
397,9,0.721
397,10,0.744
397,11,0.747
397,12,0.687
397,13,0.722
397,14,0.711
397,15,0.837
397,16,0.811
397,17,1.45
397,18,0.872
397,19,1.002
397,20,0.796
397,21,1.007
397,22,0.63
397,23,0.712
397,24,0.877
397,25,1.794
397,26,2.202
397,27,2.93
397,28,1.278
397,29,1.464
397,30,1.234
397,31,1.15
397,32,1.25
397,33,1.104
397,34,0.812
397,35,1.838
397,36,2.714
397,37,1.009
397,38,0.783
397,39,1.22
397,40,1.309
397,41,1.256
397,42,1.195
397,43,1.079
397,44,1.026
397,45,0.973
397,46,0.834
397,47,0.571
397,48,0.464
398,1,0.565
398,2,0.577
398,3,0.494
398,4,0.417
398,5,0.47
398,6,0.393
398,7,0.491
398,8,0.362
398,9,0.414
398,10,0.445
398,11,0.362
398,12,0.415
398,13,0.381
398,14,0.387
398,15,0.47
398,16,1.071
398,17,0.626
398,18,0.685
398,19,1.908
398,20,2.363
398,21,0.877
398,22,1.763
398,23,0.49
398,24,0.403
398,25,2.92
398,26,3.419
398,27,1.43
398,28,0.81
398,29,0.905
398,30,0.708
398,31,0.46
398,32,0.926
398,33,2.004
398,34,2.09
398,35,1.387
398,36,1.177
398,37,0.513
398,38,0.486
398,39,0.818
398,40,0.932
398,41,0.973
398,42,0.779
398,43,1.235
398,44,0.797
398,45,0.701
398,46,0.604
398,47,0.534
398,48,0.501
399,1,0.609
399,2,0.631
399,3,0.572
399,4,0.53
399,5,0.507
399,6,0.536
399,7,0.551
399,8,0.497
399,9,0.541
399,10,0.581
399,11,0.537
399,12,0.521
399,13,0.582
399,14,0.58
399,15,0.614
399,16,0.724
399,17,0.639
399,18,1.247
399,19,0.681
399,20,0.707
399,21,0.685
399,22,1.093
399,23,1.875
399,24,2.118
399,25,1.088
399,26,0.881
399,27,1.376
399,28,2.541
399,29,2.919
399,30,3.683
399,31,2.044
399,32,3.048
399,33,1.992
399,34,0.842
399,35,0.315
399,36,0.677
399,37,2.249
399,38,3.015
399,39,0.795
399,40,0.893
399,41,0.899
399,42,0.842
399,43,0.835
399,44,0.749
399,45,0.793
399,46,0.941
399,47,1.142
399,48,0.795
400,1,0.594
400,2,0.608
400,3,0.6
400,4,0.553
400,5,0.61
400,6,0.639
400,7,0.652
400,8,0.6
400,9,0.619
400,10,0.642
400,11,0.637
400,12,0.607
400,13,0.58
400,14,0.578
400,15,0.621
400,16,1.043
400,17,0.965
400,18,0.792
400,19,0.682
400,20,0.792
400,21,0.544
400,22,0.554
400,23,0.542
400,24,0.764
400,25,0.889
400,26,0.686
400,27,0.678
400,28,1.253
400,29,0.537
400,30,0.617
400,31,0.51
400,32,2.797
400,33,3.107
400,34,2.435
400,35,2.682
400,36,2.42
400,37,1.945
400,38,1.985
400,39,1.033
400,40,1.905
400,41,0.786
400,42,2.02
400,43,0.858
400,44,0.68
400,45,0.699
400,46,0.377
400,47,0.374
400,48,0.42
401,1,0.501
401,2,0.492
401,3,0.395
401,4,0.378
401,5,0.418
401,6,0.409
401,7,0.373
401,8,0.396
401,9,0.42
401,10,0.392
401,11,0.49
401,12,0.452
401,13,0.491
401,14,0.501
401,15,1.073
401,16,0.942
401,17,0.549
401,18,0.63
401,19,0.626
401,20,0.588
401,21,0.476
401,22,0.48
401,23,0.385
401,24,0.496
401,25,0.385
401,26,0.395
401,27,1.414
401,28,1.799
401,29,0.751
401,30,0.583
401,31,0.419
401,32,1.803
401,33,2.736
401,34,1.896
401,35,2.736
401,36,1.035
401,37,1.487
401,38,1.119
401,39,2.342
401,40,0.992
401,41,1.07
401,42,0.856
401,43,0.798
401,44,0.708
401,45,0.794
401,46,0.884
401,47,0.689
401,48,0.598
402,1,0.631
402,2,0.522
402,3,0.588
402,4,0.537
402,5,0.429
402,6,0.48
402,7,0.564
402,8,0.498
402,9,0.511
402,10,0.545
402,11,0.506
402,12,0.545
402,13,0.486
402,14,0.507
402,15,0.597
402,16,0.648
402,17,0.639
402,18,1.251
402,19,0.965
402,20,1.853
402,21,1.325
402,22,0.739
402,23,1.268
402,24,2.071
402,25,1.73
402,26,0.753
402,27,0.903
402,28,0.79
402,29,1.687
402,30,2.268
402,31,1.844
402,32,2.86
402,33,2.22
402,34,2.067
402,35,2.912
402,36,1.606
402,37,1.475
402,38,1.417
402,39,1.409
402,40,1.571
402,41,1.506
402,42,1.334
402,43,1.688
402,44,2.316
402,45,2.204
402,46,1.03
402,47,2.41
402,48,0.669
403,1,0.763
403,2,0.738
403,3,0.719
403,4,0.681
403,5,0.707
403,6,0.629
403,7,0.709
403,8,0.627
403,9,0.715
403,10,0.673
403,11,0.658
403,12,0.602
403,13,0.607
403,14,0.568
403,15,0.675
403,16,0.665
403,17,0.616
403,18,1.088
403,19,0.572
403,20,0.555
403,21,0.6
403,22,0.984
403,23,0.568
403,24,0.6
403,25,0.52
403,26,0.436
403,27,0.535
403,28,0.386
403,29,0.646
403,30,1.909
403,31,1.767
403,32,0.934
403,33,1.738
403,34,0.949
403,35,1.516
403,36,0.31
403,37,0.45
403,38,0.504
403,39,0.844
403,40,1.469
403,41,0.87
403,42,0.821
403,43,0.762
403,44,0.584
403,45,0.713
403,46,0.49
403,47,0.576
403,48,0.448
404,1,0.544
404,2,0.536
404,3,0.493
404,4,0.481
404,5,0.542
404,6,0.502
404,7,0.514
404,8,0.508
404,9,0.498
404,10,0.485
404,11,0.513
404,12,0.482
404,13,0.553
404,14,1.096
404,15,0.97
404,16,1.273
404,17,0.685
404,18,0.578
404,19,0.677
404,20,0.596
404,21,0.583
404,22,0.462
404,23,0.511
404,24,0.603
404,25,0.557
404,26,0.443
404,27,0.535
404,28,2.008
404,29,1.047
404,30,1.48
404,31,1.429
404,32,1.752
404,33,0.98
404,34,0.615
404,35,0.419
404,36,0.838
404,37,0.747
404,38,0.693
404,39,1.182
404,40,1.365
404,41,1.243
404,42,1.209
404,43,1.195
404,44,1.084
404,45,1.157
404,46,0.947
404,47,0.777
404,48,0.611
405,1,0.632
405,2,0.668
405,3,0.555
405,4,0.669
405,5,0.588
405,6,0.656
405,7,0.51
405,8,0.507
405,9,0.595
405,10,0.476
405,11,0.581
405,12,0.476
405,13,0.568
405,14,0.566
405,15,1.333
405,16,0.803
405,17,0.839
405,18,0.702
405,19,0.678
405,20,0.8
405,21,1.838
405,22,2.941
405,23,1.911
405,24,1.046
405,25,0.486
405,26,0.441
405,27,0.483
405,28,0.439
405,29,0.592
405,30,0.402
405,31,0.471
405,32,0.576
405,33,1.926
405,34,2.438
405,35,0.482
405,36,0.469
405,37,0.694
405,38,1.76
405,39,0.973
405,40,1.33
405,41,1.177
405,42,1.029
405,43,1.344
405,44,1.103
405,45,1.131
405,46,0.976
405,47,0.885
405,48,0.766
406,1,0.742
406,2,0.73
406,3,0.792
406,4,0.748
406,5,0.787
406,6,0.794
406,7,0.777
406,8,0.798
406,9,0.77
406,10,0.777
406,11,0.793
406,12,0.801
406,13,0.718
406,14,0.71
406,15,0.857
406,16,1.277
406,17,0.959
406,18,0.885
406,19,1.376
406,20,2.288
406,21,1.366
406,22,3.62
406,23,1.068
406,24,0.926
406,25,0.837
406,26,2.634
406,27,1.094
406,28,0.624
406,29,0.471
406,30,0.529
406,31,0.68
406,32,0.701
406,33,0.781
406,34,0.564
406,35,0.556
406,36,0.861
406,37,0.642
406,38,0.652
406,39,1.068
406,40,0.989
406,41,0.896
406,42,0.784
406,43,0.815
406,44,0.831
406,45,1.318
406,46,2.548
406,47,2.286
406,48,0.823
407,1,0.789
407,2,0.799
407,3,0.733
407,4,0.676
407,5,0.765
407,6,0.731
407,7,0.694
407,8,0.79
407,9,0.734
407,10,0.792
407,11,0.778
407,12,0.789
407,13,0.797
407,14,0.797
407,15,0.89
407,16,0.91
407,17,0.953
407,18,1.521
407,19,1.045
407,20,2.372
407,21,2.436
407,22,1.796
407,23,1.82
407,24,1.367
407,25,1.027
407,26,1.95
407,27,1.349
407,28,0.545
407,29,0.525
407,30,0.517
407,31,0.572
407,32,0.626
407,33,0.569
407,34,0.502
407,35,0.389
407,36,1.209
407,37,3.903
407,38,1.414
407,39,0.986
407,40,1.214
407,41,1.08
407,42,1.156
407,43,1.311
407,44,1.095
407,45,0.858
407,46,0.856
407,47,0.671
407,48,0.67
408,1,0.724
408,2,0.751
408,3,0.676
408,4,0.622
408,5,0.656
408,6,0.592
408,7,0.601
408,8,0.564
408,9,0.613
408,10,0.606
408,11,0.559
408,12,0.596
408,13,0.558
408,14,0.633
408,15,0.66
408,16,0.672
408,17,1.153
408,18,0.905
408,19,0.738
408,20,1.197
408,21,2.094
408,22,0.552
408,23,1.939
408,24,0.403
408,25,0.388
408,26,0.339
408,27,0.381
408,28,0.236
408,29,0.327
408,30,0.247
408,31,0.41
408,32,0.445
408,33,0.374
408,34,0.331
408,35,0.159
408,36,1.607
408,37,2.045
408,38,0.987
408,39,2.085
408,40,1.734
408,41,1.119
408,42,1.22
408,43,1.272
408,44,1.023
408,45,0.695
408,46,0.725
408,47,0.722
408,48,0.593
409,1,0.573
409,2,0.598
409,3,0.595
409,4,0.606
409,5,0.564
409,6,0.588
409,7,0.566
409,8,0.513
409,9,0.614
409,10,0.565
409,11,0.564
409,12,0.53
409,13,0.549
409,14,0.621
409,15,0.581
409,16,0.703
409,17,0.659
409,18,1.06
409,19,0.807
409,20,0.668
409,21,2.233
409,22,1.713
409,23,0.587
409,24,0.52
409,25,0.472
409,26,0.432
409,27,0.597
409,28,0.453
409,29,1.88
409,30,1.151
409,31,1.506
409,32,1.806
409,33,2.56
409,34,2.375
409,35,2.657
409,36,2.322
409,37,1.834
409,38,1.143
409,39,1.29
409,40,1.105
409,41,1.102
409,42,1.02
409,43,1.244
409,44,1.026
409,45,0.946
409,46,0.733
409,47,0.689
409,48,0.657
410,1,0.669
410,2,0.641
410,3,0.578
410,4,0.703
410,5,0.616
410,6,0.623
410,7,0.677
410,8,0.617
410,9,0.693
410,10,0.71
410,11,0.659
410,12,0.693
410,13,0.727
410,14,0.681
410,15,0.785
410,16,0.801
410,17,0.771
410,18,1.279
410,19,0.842
410,20,0.796
410,21,0.642
410,22,1.228
410,23,1.544
410,24,2.402
410,25,2.886
410,26,2.926
410,27,2.625
410,28,1.233
410,29,3.746
410,30,1.184
410,31,2.462
410,32,1.98
410,33,2.745
410,34,1.636
410,35,0.453
410,36,0.565
410,37,0.503
410,38,0.566
410,39,2.578
410,40,1.111
410,41,0.839
410,42,0.877
410,43,1.583
410,44,1.552
410,45,0.692
410,46,1.906
410,47,0.484
410,48,0.479
411,1,0.512
411,2,0.489
411,3,0.451
411,4,0.493
411,5,0.517
411,6,0.494
411,7,0.469
411,8,0.483
411,9,0.485
411,10,0.502
411,11,0.458
411,12,0.489
411,13,0.525
411,14,0.499
411,15,0.6
411,16,0.737
411,17,1.142
411,18,0.604
411,19,0.665
411,20,0.855
411,21,0.624
411,22,0.988
411,23,0.888
411,24,0.701
411,25,0.365
411,26,0.258
411,27,0.852
411,28,0.991
411,29,0.756
411,30,1.575
411,31,1.224
411,32,1.646
411,33,0.635
411,34,0.495
411,35,0.7
411,36,0.703
411,37,0.555
411,38,0.841
411,39,2.942
411,40,2.414
411,41,1.297
411,42,1.356
411,43,1.358
411,44,1.317
411,45,0.954
411,46,0.953
411,47,0.911
411,48,0.695
412,1,0.719
412,2,0.782
412,3,0.687
412,4,0.706
412,5,0.693
412,6,0.687
412,7,0.7
412,8,0.691
412,9,0.694
412,10,0.678
412,11,0.653
412,12,0.737
412,13,0.673
412,14,0.755
412,15,0.809
412,16,0.809
412,17,1.309
412,18,0.89
412,19,0.951
412,20,1.198
412,21,0.706
412,22,0.641
412,23,0.894
412,24,0.71
412,25,2.254
412,26,0.683
412,27,0.744
412,28,1.868
412,29,0.774
412,30,2.087
412,31,0.635
412,32,0.917
412,33,0.533
412,34,0.351
412,35,0.284
412,36,1.509
412,37,0.511
412,38,0.548
412,39,0.934
412,40,1.042
412,41,1.027
412,42,0.932
412,43,0.992
412,44,0.793
412,45,0.719
412,46,0.758
412,47,0.798
412,48,0.883
413,1,0.666
413,2,0.568
413,3,0.559
413,4,0.544
413,5,0.548
413,6,0.623
413,7,0.548
413,8,0.582
413,9,0.609
413,10,0.583
413,11,0.644
413,12,0.641
413,13,0.658
413,14,0.658
413,15,0.778
413,16,0.839
413,17,1.279
413,18,0.841
413,19,0.738
413,20,0.869
413,21,0.901
413,22,1.113
413,23,0.731
413,24,0.612
413,25,1.235
413,26,2.217
413,27,1.973
413,28,1.419
413,29,0.761
413,30,1.526
413,31,0.345
413,32,0.717
413,33,1.24
413,34,1.34
413,35,1.022
413,36,0.67
413,37,2.493
413,38,2.03
413,39,1.248
413,40,1.585
413,41,1.39
413,42,1.362
413,43,1.272
413,44,1.15
413,45,1.194
413,46,0.938
413,47,0.684
413,48,0.704
414,1,0.714
414,2,0.736
414,3,0.761
414,4,0.712
414,5,0.722
414,6,0.69
414,7,0.691
414,8,0.699
414,9,0.77
414,10,0.762
414,11,0.752
414,12,0.778
414,13,0.772
414,14,0.748
414,15,0.921
414,16,0.847
414,17,1.428
414,18,0.952
414,19,0.979
414,20,1.514
414,21,2.136
414,22,2.442
414,23,0.703
414,24,2.625
414,25,2.361
414,26,2.117
414,27,1.173
414,28,0.452
414,29,1.226
414,30,2.718
414,31,1.178
414,32,2.418
414,33,1.055
414,34,0.81
414,35,0.693
414,36,0.583
414,37,2.606
414,38,0.734
414,39,1.152
414,40,1.423
414,41,1.178
414,42,1.195
414,43,1.287
414,44,0.977
414,45,0.873
414,46,0.87
414,47,0.731
414,48,0.694
415,1,0.759
415,2,0.744
415,3,0.741
415,4,0.752
415,5,0.776
415,6,0.775
415,7,0.789
415,8,0.801
415,9,0.782
415,10,0.742
415,11,0.729
415,12,0.756
415,13,0.735
415,14,0.687
415,15,0.827
415,16,0.822
415,17,1.308
415,18,0.939
415,19,0.808
415,20,1.148
415,21,0.891
415,22,0.627
415,23,0.674
415,24,0.811
415,25,0.84
415,26,0.75
415,27,1.764
415,28,0.813
415,29,0.793
415,30,0.641
415,31,0.678
415,32,0.599
415,33,0.602
415,34,0.862
415,35,1.824
415,36,0.441
415,37,0.455
415,38,0.487
415,39,1.74
415,40,1.828
415,41,1.617
415,42,2.049
415,43,1.115
415,44,1.465
415,45,0.937
415,46,0.925
415,47,0.885
415,48,0.847
