213,1,0.376
213,2,0.495
213,3,0.505
213,4,0.515
213,5,0.389
213,6,0.467
213,7,0.493
213,8,0.396
213,9,0.509
213,10,0.497
213,11,0.49
213,12,0.557
213,13,0.468
213,14,0.531
213,15,0.537
213,16,0.462
213,17,0.497
213,18,0.53
213,19,0.491
213,20,0.516
213,21,0.41
213,22,0.378
213,23,0.428
213,24,0.367
213,25,0.311
213,26,0.475
213,27,0.33
213,28,1.79
213,29,0.754
213,30,0.674
213,31,0.784
213,32,0.804
213,33,0.726
213,34,0.779
213,35,0.748
213,36,0.586
213,37,0.444
213,38,0.47
213,39,0.677
213,40,0.558
213,41,0.544
213,42,0.342
213,43,0.522
213,44,0.924
213,45,0.858
213,46,0.932
213,47,0.894
213,48,0.948
214,1,0.859
214,2,0.645
214,3,0.669
214,4,0.771
214,5,0.632
214,6,0.723
214,7,0.703
214,8,0.662
214,9,0.75
214,10,0.659
214,11,0.578
214,12,0.604
214,13,0.437
214,14,0.497
214,15,0.547
214,16,0.468
214,17,0.511
214,18,0.49
214,19,0.456
214,20,0.548
214,21,0.479
214,22,0.445
214,23,0.53
214,24,0.602
214,25,0.731
214,26,0.752
214,27,0.81
214,28,0.533
214,29,0.576
214,30,0.537
214,31,0.533
214,32,0.559
214,33,0.502
214,34,0.582
214,35,0.566
214,36,0.466
214,37,0.612
214,38,0.574
214,39,0.421
214,40,0.346
214,41,0.324
214,42,0.275
214,43,1.002
214,44,1.05
214,45,0.524
214,46,0.65
214,47,0.671
214,48,0.73
215,1,0.839
215,2,0.766
215,3,0.725
215,4,0.788
215,5,0.8
215,6,0.724
215,7,0.81
215,8,0.74
215,9,0.776
215,10,0.813
215,11,0.707
215,12,0.794
215,13,0.823
215,14,0.692
215,15,0.791
215,16,0.818
215,17,0.69
215,18,0.808
215,19,0.721
215,20,0.754
215,21,0.813
215,22,0.767
215,23,0.863
215,24,2.389
215,25,0.812
215,26,0.92
215,27,0.953
215,28,0.938
215,29,0.946
215,30,1.29
215,31,1.006
215,32,1.979
215,33,1.453
215,34,0.766
215,35,0.74
215,36,0.818
215,37,0.771
215,38,0.754
215,39,0.804
215,40,0.974
215,41,1.071
215,42,0.784
215,43,0.689
215,44,0.915
215,45,2.599
215,46,1.873
215,47,0.936
215,48,0.947
216,1,1.246
216,2,0.594
216,3,0.452
216,4,0.382
216,5,0.443
216,6,0.477
216,7,0.367
216,8,0.431
216,9,0.49
216,10,0.347
216,11,0.465
216,12,0.443
216,13,0.375
216,14,0.835
216,15,0.469
216,16,0.396
216,17,0.464
216,18,0.356
216,19,0.766
216,20,1.472
216,21,0.458
216,22,1.971
216,23,1.602
216,24,2.275
216,25,1.049
216,26,0.718
216,27,0.958
216,28,3.294
216,29,1.75
216,30,0.833
216,31,0.28
216,32,1.345
216,33,2.007
216,34,0.859
216,35,2.169
216,36,3.618
216,37,0.736
216,38,0.767
216,39,0.679
216,40,0.609
216,41,0.759
216,42,0.76
216,43,0.697
216,44,0.902
216,45,0.99
216,46,0.887
216,47,0.938
216,48,1.22
217,1,0.745
217,2,0.73
217,3,0.366
217,4,0.317
217,5,0.375
217,6,0.431
217,7,0.308
217,8,0.397
217,9,0.385
217,10,0.333
217,11,0.42
217,12,0.355
217,13,0.247
217,14,0.58
217,15,0.121
217,16,0.198
217,17,0.23
217,18,0.113
217,19,0.169
217,20,0.395
217,21,0.531
217,22,0.831
217,23,0.26
217,24,0.18
217,25,0.331
217,26,2.022
217,27,1.241
217,28,1.201
217,29,0.848
217,30,3.593
217,31,0.492
217,32,0.608
217,33,0.578
217,34,0.453
217,35,0.428
217,36,0.592
217,37,3.699
217,38,1.943
217,39,0.515
217,40,1.036
217,41,0.312
217,42,0.167
217,43,0.201
217,44,0.207
217,45,0.809
217,46,1.061
217,47,1.167
217,48,1.441
218,1,0.713
218,2,0.751
218,3,0.608
218,4,0.298
218,5,0.456
218,6,0.327
218,7,0.316
218,8,0.397
218,9,0.268
218,10,0.289
218,11,0.335
218,12,0.238
218,13,0.327
218,14,1.262
218,15,0.419
218,16,0.509
218,17,0.413
218,18,1.298
218,19,0.918
218,20,0.635
218,21,2.584
218,22,1.27
218,23,0.354
218,24,0.556
218,25,2.127
218,26,0.824
218,27,0.631
218,28,0.673
218,29,0.544
218,30,0.546
218,31,0.643
218,32,0.836
218,33,0.513
218,34,0.471
218,35,0.524
218,36,1.488
218,37,3.035
218,38,1.799
218,39,0.886
218,40,2.884
218,41,0.934
218,42,0.601
218,43,0.363
218,44,0.309
218,45,0.666
218,46,1.369
218,47,1.622
218,48,0.897
219,1,0.828
219,2,0.729
219,3,1.72
219,4,1.597
219,5,0.759
219,6,0.541
219,7,0.546
219,8,0.443
219,9,0.495
219,10,0.424
219,11,0.467
219,12,0.502
219,13,0.381
219,14,0.881
219,15,0.492
219,16,0.331
219,17,0.437
219,18,0.344
219,19,0.553
219,20,0.937
219,21,0.348
219,22,1.727
219,23,0.59
219,24,1.62
219,25,0.642
219,26,0.418
219,27,0.306
219,28,0.391
219,29,0.355
219,30,0.53
219,31,3.934
219,32,2.463
219,33,0.616
219,34,0.303
219,35,0.54
219,36,0.238
219,37,0.246
219,38,0.303
219,39,1.292
219,40,1.825
219,41,0.387
219,42,2.086
219,43,0.723
219,44,0.742
219,45,0.304
219,46,0.191
219,47,0.177
219,48,0.237
220,1,0.315
220,2,0.39
220,3,0.197
220,4,0.27
220,5,0.149
220,6,0.206
220,7,0.206
220,8,0.136
220,9,0.404
220,10,0.469
220,11,0.464
220,12,0.533
220,13,0.471
220,14,0.49
220,15,0.514
220,16,0.453
220,17,0.51
220,18,0.495
220,19,0.442
220,20,0.508
220,21,0.335
220,22,0.278
220,23,0.36
220,24,0.477
220,25,0.33
220,26,0.38
220,27,0.295
220,28,0.398
220,29,1.34
220,30,3.102
220,31,1.327
220,32,0.369
220,33,0.313
220,34,0.468
220,35,0.409
220,36,0.338
220,37,0.347
220,38,0.436
220,39,0.89
220,40,0.6
220,41,0.694
220,42,0.679
220,43,0.71
220,44,0.77
220,45,0.691
220,46,0.362
220,47,0.685
220,48,0.808
221,1,0.927
221,2,0.906
221,3,0.813
221,4,0.845
221,5,0.951
221,6,0.852
221,7,0.826
221,8,0.871
221,9,0.902
221,10,0.803
221,11,0.885
221,12,0.858
221,13,2.005
221,14,2.59
221,15,0.711
221,16,0.517
221,17,0.675
221,18,0.546
221,19,0.534
221,20,0.667
221,21,1.111
221,22,0.689
221,23,0.639
221,24,0.608
221,25,0.603
221,26,0.711
221,27,0.648
221,28,0.783
221,29,0.702
221,30,0.507
221,31,0.408
221,32,0.525
221,33,0.554
221,34,0.397
221,35,1.452
221,36,0.554
221,37,0.493
221,38,0.451
221,39,0.483
221,40,0.767
221,41,0.482
221,42,0.685
221,43,1.192
221,44,0.673
221,45,1.617
221,46,0.807
221,47,1.345
221,48,0.451
222,1,0.46
222,2,0.542
222,3,0.624
222,4,0.471
222,5,0.527
222,6,0.537
222,7,0.535
222,8,0.52
222,9,0.469
222,10,0.284
222,11,0.235
222,12,0.377
222,13,0.273
222,14,0.674
222,15,0.482
222,16,0.306
222,17,0.355
222,18,0.391
222,19,0.288
222,20,1.448
222,21,0.916
222,22,0.604
222,23,2.466
222,24,1.728
222,25,0.371
222,26,2.822
222,27,2.851
222,28,0.365
222,29,0.28
222,30,0.31
222,31,0.241
222,32,0.372
222,33,4.202
222,34,4.192
222,35,2.286
222,36,1.165
222,37,0.632
222,38,0.681
222,39,0.426
222,40,0.62
222,41,0.969
222,42,0.942
222,43,1.274
222,44,3.108
222,45,1.048
222,46,1.237
222,47,1.199
222,48,1.554
223,1,0.712
223,2,0.545
223,3,0.278
223,4,0.252
223,5,0.333
223,6,0.341
223,7,0.275
223,8,0.316
223,9,0.283
223,10,0.27
223,11,0.383
223,12,0.266
223,13,2.189
223,14,1.452
223,15,0.655
223,16,0.623
223,17,0.639
223,18,0.732
223,19,0.361
223,20,0.259
223,21,0.749
223,22,0.344
223,23,0.51
223,24,0.364
223,25,0.354
223,26,0.29
223,27,0.623
223,28,0.338
223,29,0.216
223,30,1.856
223,31,1.609
223,32,1.572
223,33,1.223
223,34,0.683
223,35,1.168
223,36,1.16
223,37,4.3
223,38,0.658
223,39,0.304
223,40,0.369
223,41,0.696
223,42,4.024
223,43,3.256
223,44,0.957
223,45,0.968
223,46,1.129
223,47,1.131
223,48,0.92
224,1,0.846
224,2,0.767
224,3,0.671
224,4,0.364
224,5,0.246
224,6,0.353
224,7,0.286
224,8,0.302
224,9,0.369
224,10,0.243
224,11,0.298
224,12,0.37
224,13,0.495
224,14,1.313
224,15,0.404
224,16,0.272
224,17,0.327
224,18,0.319
224,19,0.285
224,20,0.611
224,21,0.276
224,22,0.192
224,23,0.303
224,24,0.289
224,25,1.619
224,26,2.289
224,27,2.045
224,28,0.67
224,29,1.093
224,30,0.486
224,31,0.794
224,32,0.672
224,33,0.378
224,34,0.424
224,35,1.142
224,36,3.904
224,37,0.86
224,38,1.001
224,39,0.544
224,40,0.552
224,41,0.628
224,42,3.763
224,43,1.86
224,44,1.96
224,45,1.422
224,46,1.008
224,47,0.914
224,48,1.548
225,1,0.744
225,2,1.21
225,3,0.202
225,4,0.403
225,5,0.407
225,6,0.346
225,7,0.423
225,8,0.431
225,9,0.324
225,10,0.443
225,11,0.369
225,12,0.345
225,13,0.445
225,14,0.688
225,15,0.424
225,16,0.378
225,17,0.266
225,18,0.337
225,19,0.354
225,20,0.281
225,21,0.288
225,22,0.303
225,23,1.152
225,24,0.407
225,25,0.307
225,26,0.187
225,27,0.548
225,28,0.253
225,29,0.257
225,30,0.278
225,31,0.165
225,32,0.525
225,33,0.591
225,34,0.225
225,35,0.278
225,36,1.837
225,37,1.526
225,38,0.48
225,39,0.305
225,40,0.324
225,41,0.399
225,42,0.674
225,43,0.494
225,44,0.635
225,45,1.178
225,46,0.798
225,47,0.717
225,48,0.618
226,1,0.337
226,2,0.281
226,3,0.322
226,4,0.33
226,5,0.273
226,6,0.291
226,7,0.381
226,8,0.243
226,9,0.242
226,10,0.259
226,11,0.23
226,12,0.287
226,13,0.23
226,14,0.597
226,15,0.445
226,16,0.277
226,17,0.338
226,18,0.36
226,19,0.256
226,20,0.436
226,21,0.594
226,22,0.388
226,23,0.421
226,24,0.437
226,25,0.415
226,26,0.419
226,27,0.382
226,28,0.418
226,29,0.802
226,30,1.052
226,31,0.369
226,32,1.008
226,33,0.584
226,34,0.625
226,35,0.653
226,36,0.528
226,37,3.095
226,38,3.611
226,39,0.774
226,40,2.9
226,41,1.309
226,42,1.908
226,43,1.445
226,44,0.798
226,45,1.115
226,46,0.957
226,47,0.999
226,48,0.917
227,1,1.119
227,2,1.047
227,3,0.776
227,4,2.645
227,5,1.39
227,6,0.714
227,7,0.333
227,8,0.32
227,9,0.3
227,10,0.321
227,11,0.299
227,12,0.265
227,13,0.351
227,14,0.313
227,15,0.247
227,16,0.331
227,17,0.338
227,18,0.201
227,19,0.286
227,20,0.23
227,21,0.324
227,22,1.761
227,23,0.956
227,24,0.442
227,25,0.425
227,26,0.925
227,27,0.601
227,28,0.442
227,29,0.424
227,30,0.464
227,31,0.548
227,32,1.071
227,33,0.447
227,34,0.329
227,35,0.266
227,36,0.344
227,37,3.011
227,38,1.362
227,39,2.572
227,40,0.657
227,41,0.436
227,42,2.005
227,43,1.496
227,44,2.487
227,45,1.602
227,46,0.915
227,47,1.004
227,48,1.016
228,1,1.122
228,2,1.175
228,3,1.487
228,4,0.606
228,5,0.458
228,6,0.183
228,7,0.301
228,8,0.298
228,9,0.233
228,10,0.284
228,11,0.193
228,12,0.222
228,13,0.316
228,14,0.185
228,15,0.248
228,16,0.213
228,17,0.192
228,18,0.307
228,19,0.229
228,20,0.264
228,21,0.256
228,22,0.195
228,23,0.996
228,24,1.606
228,25,0.265
228,26,2.61
228,27,1.735
228,28,0.979
228,29,1.204
228,30,1.443
228,31,0.232
228,32,0.203
228,33,0.167
228,34,0.18
228,35,0.131
228,36,0.225
228,37,0.183
228,38,1.109
228,39,1.28
228,40,0.258
228,41,0.384
228,42,0.337
228,43,0.228
228,44,0.23
228,45,0.194
228,46,0.178
228,47,0.484
228,48,0.741
229,1,0.788
229,2,0.756
229,3,0.747
229,4,0.798
229,5,0.832
229,6,0.84
229,7,0.824
229,8,0.835
229,9,0.908
229,10,0.786
229,11,0.817
229,12,0.831
229,13,0.799
229,14,0.865
229,15,0.777
229,16,0.786
229,17,0.836
229,18,0.815
229,19,0.837
229,20,0.801
229,21,0.698
229,22,0.824
229,23,0.588
229,24,0.537
229,25,0.549
229,26,0.924
229,27,2.066
229,28,1.449
229,29,1.37
229,30,0.67
229,31,0.549
229,32,0.543
229,33,0.468
229,34,0.462
229,35,0.638
229,36,0.453
229,37,0.536
229,38,0.461
229,39,0.42
229,40,0.506
229,41,0.448
229,42,2.688
229,43,2.846
229,44,2.225
229,45,1.124
229,46,1.199
229,47,1.135
229,48,0.976
230,1,0.942
230,2,0.859
230,3,0.966
230,4,0.957
230,5,0.901
230,6,0.97
230,7,0.524
230,8,0.564
230,9,0.506
230,10,0.444
230,11,0.542
230,12,0.513
230,13,0.479
230,14,0.536
230,15,0.449
230,16,0.517
230,17,0.533
230,18,0.883
230,19,0.376
230,20,0.318
230,21,0.378
230,22,0.463
230,23,0.366
230,24,0.891
230,25,0.492
230,26,0.414
230,27,0.518
230,28,0.503
230,29,0.447
230,30,1.306
230,31,0.792
230,32,1.415
230,33,0.683
230,34,0.462
230,35,0.779
230,36,1.72
230,37,4.568
230,38,1.363
230,39,0.783
230,40,1.583
230,41,0.704
230,42,0.68
230,43,0.627
230,44,0.774
230,45,1.01
230,46,1.224
230,47,1.565
230,48,1.202
231,1,0.531
231,2,0.359
231,3,0.266
231,4,0.361
231,5,0.348
231,6,0.233
231,7,0.25
231,8,0.248
231,9,0.226
231,10,0.278
231,11,0.247
231,12,0.172
231,13,0.314
231,14,0.747
231,15,0.222
231,16,0.288
231,17,0.207
231,18,0.254
231,19,0.244
231,20,0.455
231,21,0.238
231,22,0.187
231,23,0.244
231,24,3.436
231,25,3.991
231,26,1.594
231,27,0.54
231,28,0.393
231,29,0.373
231,30,0.412
231,31,0.486
231,32,3.636
231,33,1.243
231,34,1.289
231,35,1.756
231,36,3.095
231,37,0.975
231,38,0.445
231,39,0.486
231,40,0.409
231,41,0.802
231,42,2.318
231,43,2.462
231,44,1.1
231,45,0.76
231,46,0.578
231,47,0.538
231,48,0.643
232,1,0.651
232,2,0.404
232,3,0.382
232,4,0.358
232,5,0.35
232,6,0.408
232,7,0.356
232,8,0.293
232,9,0.448
232,10,0.339
232,11,0.33
232,12,0.395
232,13,0.338
232,14,0.782
232,15,0.363
232,16,0.321
232,17,0.357
232,18,0.39
232,19,0.302
232,20,0.581
232,21,0.771
232,22,0.772
232,23,0.614
232,24,1.366
232,25,0.499
232,26,1.264
232,27,2.282
232,28,0.365
232,29,0.398
232,30,1.345
232,31,1.706
232,32,0.519
232,33,0.492
232,34,0.49
232,35,0.73
232,36,0.848
232,37,0.5
232,38,1.042
232,39,1.157
232,40,1.648
232,41,0.656
232,42,0.546
232,43,0.542
232,44,0.923
232,45,1.14
232,46,0.871
232,47,0.62
232,48,0.456
233,1,0.528
233,2,0.463
233,3,0.255
233,4,0.262
233,5,0.352
233,6,0.245
233,7,0.301
233,8,0.29
233,9,0.247
233,10,0.361
233,11,0.195
233,12,0.214
233,13,0.245
233,14,0.359
233,15,0.202
233,16,0.279
233,17,0.184
233,18,0.287
233,19,0.225
233,20,0.226
233,21,0.807
233,22,1.045
233,23,0.197
233,24,0.201
233,25,0.146
233,26,0.335
233,27,1.853
233,28,1.464
233,29,0.281
233,30,1.616
233,31,0.34
233,32,0.159
233,33,0.975
233,34,1.256
233,35,0.472
233,36,0.267
233,37,0.52
233,38,0.392
233,39,1.981
233,40,1.782
233,41,0.687
233,42,0.662
233,43,0.816
233,44,0.631
233,45,0.653
233,46,0.574
233,47,0.449
233,48,0.478
234,1,0.446
234,2,0.383
234,3,0.244
234,4,0.155
234,5,0.317
234,6,0.183
234,7,0.198
234,8,0.26
234,9,0.212
234,10,0.238
234,11,0.223
234,12,0.178
234,13,0.243
234,14,0.256
234,15,0.174
234,16,0.274
234,17,0.155
234,18,0.257
234,19,0.24
234,20,0.968
234,21,0.828
234,22,1.295
234,23,1.14
234,24,2.2
234,25,0.1
234,26,0.474
234,27,0.188
234,28,0.213
234,29,0.802
234,30,0.983
234,31,1.346
234,32,1.851
234,33,0.233
234,34,0.333
234,35,0.272
234,36,0.232
234,37,2.984
234,38,6.231
234,39,2.517
234,40,3.034
234,41,0.813
234,42,0.294
234,43,1.815
234,44,1.282
234,45,1.4
234,46,1.367
234,47,1.33
234,48,0.981
235,1,0.863
235,2,0.754
235,3,0.559
235,4,0.432
235,5,0.548
235,6,0.518
235,7,0.488
235,8,0.973
235,9,0.464
235,10,0.262
235,11,0.323
235,12,0.239
235,13,0.314
235,14,0.354
235,15,0.678
235,16,0.75
235,17,0.668
235,18,0.698
235,19,0.59
235,20,0.356
235,21,0.294
235,22,0.323
235,23,0.235
235,24,0.24
235,25,0.348
235,26,0.223
235,27,0.489
235,28,0.544
235,29,0.798
235,30,0.779
235,31,0.429
235,32,0.326
235,33,0.336
235,34,0.463
235,35,0.773
235,36,0.717
235,37,1.919
235,38,4.414
235,39,1.14
235,40,2.33
235,41,0.783
235,42,0.655
235,43,1.237
235,44,2.079
235,45,2.308
235,46,2.012
235,47,1.609
235,48,2.152
236,1,1.048
236,2,1.27
236,3,0.322
236,4,0.239
236,5,0.318
236,6,0.271
236,7,0.245
236,8,0.49
236,9,0.551
236,10,0.459
236,11,0.497
236,12,0.582
236,13,1.782
236,14,2.229
236,15,0.644
236,16,0.604
236,17,0.676
236,18,0.898
236,19,1.545
236,20,0.755
236,21,1.724
236,22,0.946
236,23,0.233
236,24,0.309
236,25,0.364
236,26,0.299
236,27,0.308
236,28,1.19
236,29,0.659
236,30,0.234
236,31,3.092
236,32,2.239
236,33,1.53
236,34,0.415
236,35,3.369
236,36,1.374
236,37,1.314
236,38,0.76
236,39,0.691
236,40,0.623
236,41,0.642
236,42,0.795
236,43,1.112
236,44,0.862
236,45,0.936
236,46,0.955
236,47,1.361
236,48,1.08
237,1,0.942
237,2,0.895
237,3,0.475
237,4,0.231
237,5,0.196
237,6,0.19
237,7,0.196
237,8,0.238
237,9,0.11
237,10,0.192
237,11,0.252
237,12,0.165
237,13,0.128
237,14,0.676
237,15,0.474
237,16,0.4
237,17,0.491
237,18,0.462
237,19,0.405
237,20,0.678
237,21,1.682
237,22,1.078
237,23,0.361
237,24,2.021
237,25,0.791
237,26,0.36
237,27,0.436
237,28,0.49
237,29,0.337
237,30,0.438
237,31,0.729
237,32,5.454
237,33,1.716
237,34,1.739
237,35,3.376
237,36,0.595
237,37,0.487
237,38,1.381
237,39,1.51
237,40,0.729
237,41,1.588
237,42,0.408
237,43,0.793
237,44,0.587
237,45,0.836
237,46,0.563
237,47,0.605
237,48,0.421
238,1,0.423
238,2,0.418
238,3,0.624
238,4,0.608
238,5,0.483
238,6,0.469
238,7,0.559
238,8,0.491
238,9,0.406
238,10,0.558
238,11,0.547
238,12,0.459
238,13,0.459
238,14,1.031
238,15,0.548
238,16,0.472
238,17,0.568
238,18,0.546
238,19,0.497
238,20,0.498
238,21,1.098
238,22,0.386
238,23,0.247
238,24,0.312
238,25,0.358
238,26,0.325
238,27,0.229
238,28,0.811
238,29,0.405
238,30,0.581
238,31,0.35
238,32,0.431
238,33,0.602
238,34,0.566
238,35,0.373
238,36,2.22
238,37,0.978
238,38,0.584
238,39,0.724
238,40,0.73
238,41,0.745
238,42,0.953
238,43,1.006
238,44,1.051
238,45,1.437
238,46,1.314
238,47,1.006
238,48,0.537
239,1,0.566
239,2,0.388
239,3,0.217
239,4,0.258
239,5,0.264
239,6,0.22
239,7,0.219
239,8,0.3
239,9,0.221
239,10,0.174
239,11,0.309
239,12,0.242
239,13,0.194
239,14,0.768
239,15,0.307
239,16,0.161
239,17,0.695
239,18,1.486
239,19,1.279
239,20,1.512
239,21,0.276
239,22,0.18
239,23,0.303
239,24,0.47
239,25,0.376
239,26,0.351
239,27,0.307
239,28,0.687
239,29,2.089
239,30,0.449
239,31,0.321
239,32,0.6
239,33,0.347
239,34,0.194
239,35,0.194
239,36,1.967
239,37,0.88
239,38,0.29
239,39,0.447
239,40,0.359
239,41,1.991
239,42,0.769
239,43,0.722
239,44,0.827
239,45,1.818
239,46,1.219
239,47,0.646
239,48,0.819
240,1,0.745
240,2,0.214
240,3,0.229
240,4,0.325
240,5,0.167
240,6,0.24
240,7,0.263
240,8,0.232
240,9,0.248
240,10,0.317
240,11,0.252
240,12,0.304
240,13,0.347
240,14,0.897
240,15,0.519
240,16,0.405
240,17,0.305
240,18,0.341
240,19,0.355
240,20,1.162
240,21,1.997
240,22,0.919
240,23,0.361
240,24,1.206
240,25,0.5
240,26,1.813
240,27,2.577
240,28,0.966
240,29,0.657
240,30,0.483
240,31,0.297
240,32,0.342
240,33,0.317
240,34,0.476
240,35,0.486
240,36,0.601
240,37,2.225
240,38,1.072
240,39,0.741
240,40,0.676
240,41,0.621
240,42,1.887
240,43,2.656
240,44,1.307
240,45,1.207
240,46,1.311
240,47,1.398
240,48,0.904
388,1,0.572
388,2,0.498
388,3,0.174
388,4,0.151
388,5,0.245
388,6,0.201
388,7,0.159
388,8,0.303
388,9,0.212
388,10,0.233
388,11,0.253
388,12,0.273
388,13,0.255
388,14,0.225
388,15,0.3
388,16,0.181
388,17,0.204
388,18,0.181
388,19,0.292
388,20,0.195
388,21,0.181
388,22,0.302
388,23,4.892
388,24,2.019
388,25,1.216
388,26,0.511
388,27,0.505
388,28,0.417
388,29,0.463
388,30,0.47
388,31,0.439
388,32,0.475
388,33,0.5
388,34,0.46
388,35,0.562
388,36,0.665
388,37,0.861
388,38,0.963
388,39,1.112
388,40,1.439
388,41,4.178
388,42,1.788
388,43,1.052
388,44,2.772
388,45,3.979
388,46,2.275
388,47,2.033
388,48,0.78
389,1,0.717
389,2,0.679
389,3,0.751
389,4,0.644
389,5,0.34
389,6,0.393
389,7,0.474
389,8,0.373
389,9,0.359
389,10,0.322
389,11,0.394
389,12,0.278
389,13,0.289
389,14,0.312
389,15,0.357
389,16,0.308
389,17,0.279
389,18,0.3
389,19,0.271
389,20,0.85
389,21,1.424
389,22,0.256
389,23,0.218
389,24,0.238
389,25,0.431
389,26,0.869
389,27,3.071
389,28,2.386
389,29,1.322
389,30,0.702
389,31,1.856
389,32,0.605
389,33,0.67
389,34,0.629
389,35,0.576
389,36,2.88
389,37,3.301
389,38,2.808
389,39,1.652
389,40,1.829
389,41,1.516
389,42,1.334
389,43,1.385
389,44,2.061
389,45,0.872
389,46,0.938
389,47,1.475
389,48,0.848
390,1,0.41
390,2,0.364
390,3,0.258
390,4,0.26
390,5,0.348
390,6,0.244
390,7,0.261
390,8,0.27
390,9,0.265
390,10,0.236
390,11,0.261
390,12,0.235
390,13,0.324
390,14,0.416
390,15,0.424
390,16,0.435
390,17,1.674
390,18,0.98
390,19,0.319
390,20,0.234
390,21,0.259
390,22,2.693
390,23,0.409
390,24,0.244
390,25,0.177
390,26,0.209
390,27,0.22
390,28,0.266
390,29,0.22
390,30,0.178
390,31,0.199
390,32,0.632
390,33,2.136
390,34,2.965
390,35,1.704
390,36,1.713
390,37,1.403
390,38,2.384
390,39,1.328
390,40,1.385
390,41,1.98
390,42,3.565
390,43,1.981
390,44,3.013
390,45,1.427
390,46,1.603
390,47,2.643
390,48,1.346
391,1,0.441
391,2,0.257
391,3,0.269
391,4,0.317
391,5,0.259
391,6,0.28
391,7,0.332
391,8,0.269
391,9,0.23
391,10,0.261
391,11,0.316
391,12,0.227
391,13,0.253
391,14,0.362
391,15,0.339
391,16,0.38
391,17,1.466
391,18,0.339
391,19,0.391
391,20,0.277
391,21,0.745
391,22,0.474
391,23,0.529
391,24,0.501
391,25,0.455
391,26,0.445
391,27,0.454
391,28,0.529
391,29,0.464
391,30,0.436
391,31,0.464
391,32,0.796
391,33,1.102
391,34,1.507
391,35,3.592
391,36,3.308
391,37,1.372
391,38,1.132
391,39,2.234
391,40,1.272
391,41,1.801
391,42,3.357
391,43,0.953
391,44,1.039
391,45,1.1
391,46,1.064
391,47,1.448
391,48,1.01
392,1,0.792
392,2,0.376
392,3,0.261
392,4,0.209
392,5,0.195
392,6,0.306
392,7,0.196
392,8,0.168
392,9,0.269
392,10,0.176
392,11,0.191
392,12,0.224
392,13,0.271
392,14,0.32
392,15,0.238
392,16,0.34
392,17,1.688
392,18,0.359
392,19,0.211
392,20,0.264
392,21,0.183
392,22,0.159
392,23,0.222
392,24,0.212
392,25,0.174
392,26,0.189
392,27,0.27
392,28,0.312
392,29,1.768
392,30,1.175
392,31,0.699
392,32,1.018
392,33,0.917
392,34,1.31
392,35,2.93
392,36,3.213
392,37,1.228
392,38,1.234
392,39,1.22
392,40,1.601
392,41,1.992
392,42,2.16
392,43,2.087
392,44,1.585
392,45,0.988
392,46,1.458
392,47,1.978
392,48,1.055
393,1,0.415
393,2,0.488
393,3,0.43
393,4,0.463
393,5,0.538
393,6,0.383
393,7,0.4
393,8,0.403
393,9,0.347
393,10,0.43
393,11,0.389
393,12,0.356
393,13,0.488
393,14,0.983
393,15,0.753
393,16,0.76
393,17,0.996
393,18,0.508
393,19,0.26
393,20,0.279
393,21,0.207
393,22,0.187
393,23,0.215
393,24,0.221
393,25,0.187
393,26,0.161
393,27,0.273
393,28,0.175
393,29,0.222
393,30,0.225
393,31,0.203
393,32,0.899
393,33,4.082
393,34,2.862
393,35,1.077
393,36,1.628
393,37,2.601
393,38,2.058
393,39,2.761
393,40,1.665
393,41,1.311
393,42,1.14
393,43,1.198
393,44,1.158
393,45,1.587
393,46,1.028
393,47,0.941
393,48,1.099
394,1,0.538
394,2,0.373
394,3,0.398
394,4,0.29
394,5,0.301
394,6,0.355
394,7,0.291
394,8,0.302
394,9,0.348
394,10,0.269
394,11,0.234
394,12,0.364
394,13,0.228
394,14,0.355
394,15,0.385
394,16,1.209
394,17,1.138
394,18,1.405
394,19,1.192
394,20,1.727
394,21,0.511
394,22,0.636
394,23,1.245
394,24,0.894
394,25,0.707
394,26,0.621
394,27,0.714
394,28,0.754
394,29,0.802
394,30,1.059
394,31,1.031
394,32,1.027
394,33,0.956
394,34,0.878
394,35,0.831
394,36,4.113
394,37,2.551
394,38,1.888
394,39,1.411
394,40,1.222
394,41,1.38
394,42,1.326
394,43,1.212
394,44,1.186
394,45,1.063
394,46,0.493
394,47,0.455
394,48,0.465
395,1,0.418
395,2,0.402
395,3,0.485
395,4,0.44
395,5,0.391
395,6,0.413
395,7,0.475
395,8,0.414
395,9,0.391
395,10,0.422
395,11,0.482
395,12,0.405
395,13,0.422
395,14,0.442
395,15,0.491
395,16,0.395
395,17,0.413
395,18,0.381
395,19,0.409
395,20,0.471
395,21,0.408
395,22,0.379
395,23,0.395
395,24,0.379
395,25,0.41
395,26,0.536
395,27,0.399
395,28,0.394
395,29,0.394
395,30,0.389
395,31,0.404
395,32,0.487
395,33,0.385
395,34,0.398
395,35,0.549
395,36,1.281
395,37,1.816
395,38,1.296
395,39,1.452
395,40,1.201
395,41,1.238
395,42,1.336
395,43,1.502
395,44,1.243
395,45,0.877
395,46,1.106
395,47,1.042
395,48,1.308
396,1,0.931
396,2,0.444
396,3,0.422
396,4,0.358
396,5,0.432
396,6,0.39
396,7,0.377
396,8,0.371
396,9,0.37
396,10,0.431
396,11,0.412
396,12,0.385
396,13,0.356
396,14,0.378
396,15,0.366
396,16,0.458
396,17,0.417
396,18,0.375
396,19,0.349
396,20,0.531
396,21,0.474
396,22,0.502
396,23,1.888
396,24,1.336
396,25,1.601
396,26,2.934
396,27,1.257
396,28,1.924
396,29,0.53
396,30,0.776
396,31,1.402
396,32,0.59
396,33,0.465
396,34,0.508
396,35,0.987
396,36,3.925
396,37,3.898
396,38,2.141
396,39,1.413
396,40,1.676
396,41,3.076
396,42,2.243
396,43,1.139
396,44,1.08
396,45,0.902
396,46,2.231
396,47,1.159
396,48,0.493
397,1,0.248
397,2,0.266
397,3,0.238
397,4,0.35
397,5,0.247
397,6,0.24
397,7,0.255
397,8,0.241
397,9,0.336
397,10,0.229
397,11,0.253
397,12,0.237
397,13,0.245
397,14,0.47
397,15,0.28
397,16,0.251
397,17,0.691
397,18,0.252
397,19,0.157
397,20,0.846
397,21,3.076
397,22,1.54
397,23,0.303
397,24,0.285
397,25,0.261
397,26,0.334
397,27,0.376
397,28,0.287
397,29,0.263
397,30,0.287
397,31,0.897
397,32,1.09
397,33,0.908
397,34,3.577
397,35,2.046
397,36,0.974
397,37,1.17
397,38,4.808
397,39,1.786
397,40,1.291
397,41,1.399
397,42,1.048
397,43,1.138
397,44,1.214
397,45,1.209
397,46,1.175
397,47,1.098
397,48,0.959
398,1,1.834
398,2,0.65
398,3,1.86
398,4,0.243
398,5,0.198
398,6,0.186
398,7,0.237
398,8,0.268
398,9,0.166
398,10,0.18
398,11,0.254
398,12,0.192
398,13,0.245
398,14,0.269
398,15,0.313
398,16,0.193
398,17,1.06
398,18,0.523
398,19,0.215
398,20,0.184
398,21,1.483
398,22,0.643
398,23,0.251
398,24,0.195
398,25,0.216
398,26,0.295
398,27,0.206
398,28,0.174
398,29,0.277
398,30,0.184
398,31,0.197
398,32,0.463
398,33,2.715
398,34,0.857
398,35,0.909
398,36,5.018
398,37,3.514
398,38,1.237
398,39,1.114
398,40,0.987
398,41,2.148
398,42,2.096
398,43,1.319
398,44,1.284
398,45,1.009
398,46,0.841
398,47,0.848
398,48,1.391
399,1,0.943
399,2,0.776
399,3,0.23
399,4,0.236
399,5,0.233
399,6,0.195
399,7,0.241
399,8,0.232
399,9,0.225
399,10,0.298
399,11,0.25
399,12,0.229
399,13,0.322
399,14,0.336
399,15,0.264
399,16,0.286
399,17,1.384
399,18,0.634
399,19,0.22
399,20,0.312
399,21,0.203
399,22,0.227
399,23,0.277
399,24,0.235
399,25,0.212
399,26,0.237
399,27,0.302
399,28,0.252
399,29,0.225
399,30,0.264
399,31,0.247
399,32,0.239
399,33,0.905
399,34,0.662
399,35,1.299
399,36,4.148
399,37,1.437
399,38,1.398
399,39,1.759
399,40,1.779
399,41,1.49
399,42,3.076
399,43,2.617
399,44,4.544
399,45,1.792
399,46,0.918
399,47,0.496
399,48,0.527
400,1,0.217
400,2,0.203
400,3,0.222
400,4,0.246
400,5,0.228
400,6,0.226
400,7,0.271
400,8,0.207
400,9,0.37
400,10,0.478
400,11,0.428
400,12,0.38
400,13,0.385
400,14,0.398
400,15,0.267
400,16,1.235
400,17,1.148
400,18,0.418
400,19,0.301
400,20,0.23
400,21,0.25
400,22,0.202
400,23,0.2
400,24,0.225
400,25,0.276
400,26,0.167
400,27,0.192
400,28,0.223
400,29,0.225
400,30,0.168
400,31,0.198
400,32,0.862
400,33,1.062
400,34,0.758
400,35,0.912
400,36,0.984
400,37,2.794
400,38,1.424
400,39,1.235
400,40,2.74
400,41,1.719
400,42,1.315
400,43,1.157
400,44,1.148
400,45,0.99
400,46,1.046
400,47,1.49
400,48,1.188
401,1,0.355
401,2,0.279
401,3,0.254
401,4,0.398
401,5,0.223
401,6,0.239
401,7,0.333
401,8,0.265
401,9,0.287
401,10,0.346
401,11,0.291
401,12,0.265
401,13,0.447
401,14,0.803
401,15,1.287
401,16,1.32
401,17,1.253
401,18,0.197
401,19,0.215
401,20,0.234
401,21,0.176
401,22,0.629
401,23,1.993
401,24,1.178
401,25,0.842
401,26,0.988
401,27,1.084
401,28,1.053
401,29,0.435
401,30,0.711
401,31,0.561
401,32,1.753
401,33,0.893
401,34,0.799
401,35,1.704
401,36,0.628
401,37,1.296
401,38,2.785
401,39,2.881
401,40,3.64
401,41,4.136
401,42,2.597
401,43,2.514
401,44,1.069
401,45,0.958
401,46,1.145
401,47,1.085
401,48,0.967
402,1,1.736
402,2,0.94
402,3,0.666
402,4,0.646
402,5,0.368
402,6,0.245
402,7,0.308
402,8,0.235
402,9,0.274
402,10,0.357
402,11,0.293
402,12,0.252
402,13,0.289
402,14,0.257
402,15,0.633
402,16,0.414
402,17,0.355
402,18,0.43
402,19,0.432
402,20,0.436
402,21,1.411
402,22,2.355
402,23,1.597
402,24,0.231
402,25,0.252
402,26,0.165
402,27,0.175
402,28,0.269
402,29,0.16
402,30,0.2
402,31,0.308
402,32,0.184
402,33,0.179
402,34,0.24
402,35,0.198
402,36,0.446
402,37,0.752
402,38,0.928
402,39,1.942
402,40,3.147
402,41,1.69
402,42,1.333
402,43,0.875
402,44,0.6
402,45,0.521
402,46,0.56
402,47,0.617
402,48,0.568
403,1,0.566
403,2,0.603
403,3,0.559
403,4,0.535
403,5,0.636
403,6,0.534
403,7,0.556
403,8,0.736
403,9,0.727
403,10,0.689
403,11,0.698
403,12,0.728
403,13,0.501
403,14,0.377
403,15,0.422
403,16,0.389
403,17,0.389
403,18,0.39
403,19,0.448
403,20,0.277
403,21,0.235
403,22,0.21
403,23,0.321
403,24,0.215
403,25,0.236
403,26,0.227
403,27,0.36
403,28,0.216
403,29,0.238
403,30,0.362
403,31,0.583
403,32,0.481
403,33,0.471
403,34,0.572
403,35,0.524
403,36,0.596
403,37,1.322
403,38,0.776
403,39,0.77
403,40,2.106
403,41,2.279
403,42,1.078
403,43,1.559
403,44,1.21
403,45,0.979
403,46,0.802
403,47,0.539
403,48,0.328
404,1,0.257
404,2,0.26
404,3,0.317
404,4,0.315
404,5,0.267
404,6,0.312
404,7,0.226
404,8,0.254
404,9,0.319
404,10,0.237
404,11,0.25
404,12,0.304
404,13,0.312
404,14,0.332
404,15,0.473
404,16,0.418
404,17,0.828
404,18,0.526
404,19,1.569
404,20,4.064
404,21,0.32
404,22,0.278
404,23,0.223
404,24,0.193
404,25,0.168
404,26,0.263
404,27,0.182
404,28,0.193
404,29,0.167
404,30,0.361
404,31,0.352
404,32,1.413
404,33,0.764
404,34,3.638
404,35,3.225
404,36,1.485
404,37,2.478
404,38,2.309
404,39,2.912
404,40,1.235
404,41,1.153
404,42,2.961
404,43,2.09
404,44,2.7
404,45,3.584
404,46,0.981
404,47,0.968
404,48,0.909
405,1,1.622
405,2,0.386
405,3,0.317
405,4,0.244
405,5,0.249
405,6,0.3
405,7,0.247
405,8,0.237
405,9,0.341
405,10,0.261
405,11,0.216
405,12,0.251
405,13,0.295
405,14,0.29
405,15,0.263
405,16,1.374
405,17,1.282
405,18,0.467
405,19,0.436
405,20,0.466
405,21,0.487
405,22,0.431
405,23,0.436
405,24,0.503
405,25,0.493
405,26,0.706
405,27,0.6
405,28,0.528
405,29,0.503
405,30,0.488
405,31,0.462
405,32,2.256
405,33,4.27
405,34,0.73
405,35,1.739
405,36,2.736
405,37,2.343
405,38,2.338
405,39,1.37
405,40,1.736
405,41,2.432
405,42,1.01
405,43,2.532
405,44,1.035
405,45,2.438
405,46,2.073
405,47,0.738
405,48,0.468
406,1,1.158
406,2,0.692
406,3,0.43
406,4,0.425
406,5,0.407
406,6,0.353
406,7,0.287
406,8,0.324
406,9,0.242
406,10,0.255
406,11,0.229
406,12,0.306
406,13,0.454
406,14,0.988
406,15,0.502
406,16,0.639
406,17,1.371
406,18,0.283
406,19,0.215
406,20,0.205
406,21,0.228
406,22,0.244
406,23,0.292
406,24,0.216
406,25,0.253
406,26,0.242
406,27,0.237
406,28,0.306
406,29,0.224
406,30,0.451
406,31,0.404
406,32,0.635
406,33,3.879
406,34,2.855
406,35,1.198
406,36,1.694
406,37,3.364
406,38,4.771
406,39,2.304
406,40,1.317
406,41,1.142
406,42,1.298
406,43,1.739
406,44,1.675
406,45,1.518
406,46,1.141
406,47,1.065
406,48,1.039
407,1,1.118
407,2,0.269
407,3,0.249
407,4,0.376
407,5,0.397
407,6,0.381
407,7,0.359
407,8,0.409
407,9,0.453
407,10,0.377
407,11,0.353
407,12,0.375
407,13,0.423
407,14,0.575
407,15,0.703
407,16,0.727
407,17,0.849
407,18,0.47
407,19,1.154
407,20,0.25
407,21,0.223
407,22,0.239
407,23,0.219
407,24,0.241
407,25,0.271
407,26,0.29
407,27,0.216
407,28,0.277
407,29,0.231
407,30,0.244
407,31,0.319
407,32,0.305
407,33,4.05
407,34,1.799
407,35,0.931
407,36,0.885
407,37,2.563
407,38,1.989
407,39,1.202
407,40,1.124
407,41,1.516
407,42,1.148
407,43,1.443
407,44,3.065
407,45,1.354
407,46,1.081
407,47,0.969
407,48,1.215
408,1,0.748
408,2,0.459
408,3,0.326
408,4,0.371
408,5,0.397
408,6,0.388
408,7,0.342
408,8,0.326
408,9,0.383
408,10,0.263
408,11,0.288
408,12,0.292
408,13,0.313
408,14,0.598
408,15,0.413
408,16,0.375
408,17,2.113
408,18,0.883
408,19,0.272
408,20,0.237
408,21,0.215
408,22,0.24
408,23,0.31
408,24,0.237
408,25,0.275
408,26,0.418
408,27,0.466
408,28,0.619
408,29,0.298
408,30,0.268
408,31,0.627
408,32,1.889
408,33,0.831
408,34,0.607
408,35,0.541
408,36,0.882
408,37,0.946
408,38,2.287
408,39,2.482
408,40,0.996
408,41,0.848
408,42,0.871
408,43,2.345
408,44,2.839
408,45,1.914
408,46,2.495
408,47,0.847
408,48,0.737
409,1,0.56
409,2,1.192
409,3,0.391
409,4,0.429
409,5,0.331
409,6,0.349
409,7,0.421
409,8,0.339
409,9,0.362
409,10,0.327
409,11,0.464
409,12,0.356
409,13,0.371
409,14,0.317
409,15,0.366
409,16,0.269
409,17,1.233
409,18,0.599
409,19,0.499
409,20,0.515
409,21,0.821
409,22,0.383
409,23,0.172
409,24,0.182
409,25,0.253
409,26,1.359
409,27,0.171
409,28,0.215
409,29,0.233
409,30,0.196
409,31,0.171
409,32,0.257
409,33,0.2
409,34,0.186
409,35,0.187
409,36,0.311
409,37,0.523
409,38,0.714
409,39,0.947
409,40,2.74
409,41,3.57
409,42,1.701
409,43,1.2
409,44,0.863
409,45,0.738
409,46,0.7
409,47,0.763
409,48,0.989
410,1,1.03
410,2,0.961
410,3,0.549
410,4,0.452
410,5,0.33
410,6,0.364
410,7,0.458
410,8,0.311
410,9,0.273
410,10,0.297
410,11,0.301
410,12,0.242
410,13,0.265
410,14,0.303
410,15,0.3
410,16,0.242
410,17,0.265
410,18,0.279
410,19,0.405
410,20,0.232
410,21,0.265
410,22,1.156
410,23,2.456
410,24,1.784
410,25,0.604
410,26,0.408
410,27,0.34
410,28,5.392
410,29,2.136
410,30,0.511
410,31,0.425
410,32,0.502
410,33,0.389
410,34,0.447
410,35,1.181
410,36,0.677
410,37,0.834
410,38,0.99
410,39,1.126
410,40,1.205
410,41,1.254
410,42,1.232
410,43,1.194
410,44,1.272
410,45,1.239
410,46,1.247
410,47,1.318
410,48,1.155
411,1,0.527
411,2,0.501
411,3,0.496
411,4,0.46
411,5,0.532
411,6,0.424
411,7,0.441
411,8,0.511
411,9,0.424
411,10,0.44
411,11,0.518
411,12,0.469
411,13,0.407
411,14,0.438
411,15,0.494
411,16,0.435
411,17,0.415
411,18,0.452
411,19,0.519
411,20,0.552
411,21,0.43
411,22,0.47
411,23,0.435
411,24,1.331
411,25,0.493
411,26,0.55
411,27,0.542
411,28,0.513
411,29,0.597
411,30,1.08
411,31,0.715
411,32,0.716
411,33,0.783
411,34,0.704
411,35,1.276
411,36,1.434
411,37,1.246
411,38,1.115
411,39,1.18
411,40,1.148
411,41,1.236
411,42,1.496
411,43,1.348
411,44,3.556
411,45,2.137
411,46,2.551
411,47,0.44
411,48,0.391
412,1,0.38
412,2,0.407
412,3,0.419
412,4,0.386
412,5,0.378
412,6,0.449
412,7,0.417
412,8,0.387
412,9,0.436
412,10,0.376
412,11,0.346
412,12,0.371
412,13,0.44
412,14,0.411
412,15,0.249
412,16,0.317
412,17,0.342
412,18,0.27
412,19,0.262
412,20,0.593
412,21,0.569
412,22,0.727
412,23,1.412
412,24,1.179
412,25,0.832
412,26,0.264
412,27,0.666
412,28,0.802
412,29,3.257
412,30,3.246
412,31,1.324
412,32,2.733
412,33,1.155
412,34,0.481
412,35,0.425
412,36,0.604
412,37,0.972
412,38,0.843
412,39,0.844
412,40,1.167
412,41,1.961
412,42,1.643
412,43,1.185
412,44,1.171
412,45,1.218
412,46,0.703
412,47,1.338
412,48,0.39
413,1,0.343
413,2,0.318
413,3,0.413
413,4,0.344
413,5,0.339
413,6,0.386
413,7,0.356
413,8,0.342
413,9,0.372
413,10,0.397
413,11,0.221
413,12,0.369
413,13,0.412
413,14,0.513
413,15,0.309
413,16,1.76
413,17,1.062
413,18,0.551
413,19,0.512
413,20,0.571
413,21,0.53
413,22,0.545
413,23,0.578
413,24,0.502
413,25,0.559
413,26,0.536
413,27,0.538
413,28,0.484
413,29,0.534
413,30,0.667
413,31,0.762
413,32,1.793
413,33,4.636
413,34,1.936
413,35,1.94
413,36,0.92
413,37,1.266
413,38,1.266
413,39,1.166
413,40,1.172
413,41,1.136
413,42,1.296
413,43,1.054
413,44,0.959
413,45,1.384
413,46,1.837
413,47,1.018
413,48,1.043
414,1,0.511
414,2,0.301
414,3,0.375
414,4,0.196
414,5,0.182
414,6,0.258
414,7,0.221
414,8,0.23
414,9,0.17
414,10,0.284
414,11,0.17
414,12,0.197
414,13,0.168
414,14,0.375
414,15,0.234
414,16,0.258
414,17,0.744
414,18,0.175
414,19,0.262
414,20,0.23
414,21,0.166
414,22,0.174
414,23,0.593
414,24,0.342
414,25,0.164
414,26,0.214
414,27,0.175
414,28,0.218
414,29,0.216
414,30,0.175
414,31,0.163
414,32,1.477
414,33,0.958
414,34,0.96
414,35,0.769
414,36,1.406
414,37,3.233
414,38,1.267
414,39,2.818
414,40,1.25
414,41,1.269
414,42,0.998
414,43,0.896
414,44,1.031
414,45,1.915
414,46,1.066
414,47,1.203
414,48,0.809
415,1,0.205
415,2,0.266
415,3,0.257
415,4,0.19
415,5,0.209
415,6,0.364
415,7,0.17
415,8,0.218
415,9,0.26
415,10,0.345
415,11,0.229
415,12,0.253
415,13,0.233
415,14,0.343
415,15,0.291
415,16,0.209
415,17,1.006
415,18,1.758
415,19,0.846
415,20,1.321
415,21,0.181
415,22,0.161
415,23,0.219
415,24,0.34
415,25,0.473
415,26,0.396
415,27,0.464
415,28,0.728
415,29,0.862
415,30,0.644
415,31,0.669
415,32,1.841
415,33,1.601
415,34,1.846
415,35,2.759
415,36,1.073
415,37,2.253
415,38,0.806
415,39,0.773
415,40,1.442
415,41,1.182
415,42,2.195
415,43,1.609
415,44,1.15
415,45,1.219
415,46,1.131
415,47,1.186
415,48,1.494
