213,1,0.329
213,2,0.093
213,3,0.062
213,4,0.157
213,5,0.168
213,6,0.049
213,7,0.088
213,8,0.082
213,9,0.134
213,10,0.186
213,11,0.069
213,12,0.042
213,13,0.086
213,14,0.137
213,15,0.158
213,16,0.089
213,17,0.077
213,18,0.037
213,19,0.352
213,20,1.232
213,21,0.972
213,22,0.468
213,23,0.468
213,24,0.206
213,25,0.193
213,26,0.086
213,27,0.04
213,28,0.076
213,29,0.2
213,30,0.131
213,31,0.064
213,32,0.084
213,33,0.049
213,34,0.189
213,35,0.15
213,36,0.071
213,37,0.049
213,38,0.109
213,39,0.199
213,40,0.08
213,41,0.083
213,42,0.071
213,43,0.095
213,44,0.218
213,45,0.089
213,46,0.029
213,47,0.077
213,48,0.146
214,1,0.151
214,2,0.067
214,3,0.08
214,4,0.056
214,5,0.14
214,6,0.181
214,7,0.057
214,8,0.046
214,9,0.081
214,10,0.149
214,11,0.126
214,12,0.08
214,13,0.079
214,14,0.042
214,15,0.159
214,16,0.163
214,17,0.04
214,18,0.061
214,19,0.079
214,20,0.147
214,21,0.128
214,22,0.079
214,23,0.065
214,24,0.038
214,25,0.198
214,26,0.146
214,27,0.028
214,28,0.073
214,29,0.079
214,30,0.171
214,31,0.109
214,32,0.078
214,33,0.053
214,34,0.058
214,35,0.215
214,36,0.102
214,37,0.044
214,38,0.083
214,39,0.104
214,40,0.158
214,41,0.091
214,42,0.079
214,43,0.039
214,44,0.097
214,45,0.207
214,46,0.057
214,47,0.05
214,48,0.078
215,1,0.098
215,2,0.167
215,3,0.085
215,4,0.075
215,5,0.028
215,6,0.114
215,7,0.208
215,8,0.05
215,9,0.069
215,10,0.079
215,11,0.095
215,12,0.179
215,13,0.078
215,14,0.067
215,15,0.032
215,16,0.112
215,17,0.205
215,18,0.038
215,19,0.067
215,20,0.075
215,21,0.088
215,22,0.192
215,23,0.082
215,24,0.059
215,25,0.039
215,26,0.126
215,27,0.2
215,28,0.042
215,29,1.732
215,30,1.088
215,31,0.46
215,32,0.35
215,33,0.419
215,34,3.272
215,35,0.563
215,36,0.453
215,37,0.218
215,38,0.1
215,39,0.156
215,40,0.226
215,41,0.237
215,42,0.149
215,43,0.209
215,44,0.534
215,45,0.713
215,46,0.771
215,47,0.565
215,48,0.548
216,1,0.233
216,2,0.167
216,3,0.157
216,4,0.089
216,5,0.073
216,6,0.033
216,7,0.169
216,8,0.194
216,9,0.043
216,10,0.083
216,11,0.081
216,12,0.129
216,13,0.156
216,14,0.08
216,15,0.074
216,16,0.346
216,17,0.577
216,18,0.164
216,19,0.036
216,20,0.08
216,21,0.078
216,22,0.109
216,23,0.18
216,24,0.108
216,25,0.336
216,26,0.237
216,27,2.324
216,28,1.005
216,29,0.293
216,30,0.086
216,31,0.064
216,32,0.156
216,33,0.173
216,34,0.073
216,35,0.052
216,36,0.094
216,37,0.265
216,38,0.326
216,39,0.21
216,40,0.237
216,41,0.903
216,42,1.468
216,43,0.467
216,44,0.658
216,45,0.838
216,46,1.476
216,47,0.438
216,48,0.224
217,1,0.097
217,2,0.084
217,3,0.098
217,4,0.192
217,5,0.081
217,6,0.041
217,7,0.083
217,8,0.165
217,9,0.14
217,10,0.057
217,11,0.082
217,12,0.059
217,13,0.131
217,14,0.164
217,15,0.107
217,16,0.549
217,17,0.428
217,18,0.189
217,19,0.116
217,20,0.068
217,21,0.08
217,22,0.052
217,23,0.167
217,24,0.628
217,25,0.281
217,26,0.124
217,27,1.108
217,28,1.397
217,29,0.206
217,30,0.099
217,31,0.085
217,32,0.057
217,33,0.202
217,34,0.129
217,35,0.074
217,36,0.191
217,37,0.131
217,38,0.195
217,39,0.056
217,40,0.09
217,41,0.15
217,42,0.188
217,43,0.274
217,44,0.357
217,45,0.619
217,46,0.374
217,47,0.473
217,48,0.338
218,1,0.06
218,2,0.102
218,3,0.075
218,4,0.167
218,5,0.139
218,6,0.081
218,7,0.049
218,8,0.094
218,9,0.222
218,10,0.066
218,11,0.092
218,12,0.09
218,13,0.086
218,14,0.188
218,15,0.09
218,16,0.614
218,17,0.188
218,18,0.13
218,19,0.201
218,20,0.037
218,21,0.071
218,22,0.199
218,23,0.536
218,24,0.172
218,25,0.086
218,26,0.079
218,27,0.037
218,28,1.652
218,29,0.854
218,30,0.284
218,31,0.055
218,32,0.108
218,33,0.219
218,34,0.089
218,35,0.067
218,36,0.08
218,37,0.14
218,38,0.211
218,39,2.462
218,40,1.672
218,41,1.342
218,42,0.768
218,43,0.589
218,44,0.425
218,45,1.008
218,46,0.374
218,47,0.466
218,48,0.132
219,1,0.059
219,2,0.065
219,3,0.09
219,4,0.21
219,5,0.063
219,6,0.073
219,7,0.09
219,8,0.096
219,9,0.17
219,10,0.085
219,11,0.078
219,12,0.062
219,13,0.077
219,14,0.217
219,15,0.194
219,16,0.354
219,17,0.418
219,18,0.118
219,19,0.202
219,20,0.071
219,21,0.048
219,22,0.075
219,23,0.134
219,24,0.482
219,25,0.179
219,26,0.332
219,27,0.716
219,28,2.647
219,29,0.809
219,30,0.122
219,31,0.081
219,32,0.07
219,33,0.531
219,34,0.316
219,35,0.081
219,36,0.072
219,37,0.05
219,38,0.215
219,39,0.143
219,40,1.571
219,41,0.05
219,42,0.106
219,43,0.203
219,44,0.062
219,45,0.249
219,46,0.51
219,47,0.413
219,48,0.425
220,1,0.251
220,2,0.069
220,3,0.148
220,4,0.239
220,5,0.096
220,6,0.065
220,7,0.112
220,8,0.154
220,9,0.16
220,10,0.093
220,11,0.109
220,12,0.055
220,13,0.159
220,14,0.174
220,15,0.085
220,16,0.073
220,17,0.075
220,18,0.196
220,19,1.75
220,20,1.587
220,21,1.414
220,22,0.98
220,23,1.768
220,24,0.269
220,25,0.282
220,26,0.45
220,27,0.107
220,28,0.197
220,29,0.104
220,30,0.1
220,31,0.389
220,32,0.109
220,33,0.176
220,34,0.136
220,35,0.347
220,36,0.064
220,37,0.108
220,38,0.216
220,39,0.129
220,40,0.349
220,41,0.05
220,42,0.172
220,43,0.311
220,44,0.45
220,45,1.323
220,46,0.201
220,47,0.341
220,48,0.636
221,1,0.504
221,2,0.245
221,3,0.133
221,4,0.185
221,5,0.076
221,6,0.077
221,7,0.075
221,8,0.189
221,9,0.132
221,10,0.082
221,11,0.076
221,12,0.111
221,13,0.182
221,14,0.074
221,15,0.081
221,16,0.048
221,17,0.191
221,18,0.137
221,19,0.076
221,20,0.046
221,21,0.419
221,22,1.775
221,23,0.733
221,24,0.653
221,25,0.414
221,26,2.16
221,27,0.937
221,28,0.08
221,29,0.162
221,30,0.158
221,31,0.172
221,32,0.111
221,33,0.075
221,34,0.067
221,35,0.143
221,36,0.276
221,37,0.158
221,38,0.129
221,39,0.105
221,40,0.197
221,41,0.23
221,42,0.264
221,43,0.356
221,44,0.36
221,45,0.477
221,46,0.333
221,47,0.474
221,48,0.309
222,1,0.089
222,2,0.198
222,3,0.11
222,4,0.079
222,5,0.047
222,6,0.115
222,7,0.212
222,8,0.072
222,9,0.057
222,10,0.079
222,11,0.127
222,12,0.182
222,13,0.08
222,14,0.078
222,15,0.084
222,16,1.337
222,17,0.312
222,18,0.107
222,19,0.048
222,20,0.072
222,21,0.113
222,22,0.198
222,23,0.063
222,24,0.187
222,25,0.252
222,26,0.189
222,27,2.003
222,28,1.147
222,29,0.157
222,30,0.042
222,31,0.096
222,32,0.533
222,33,0.114
222,34,0.061
222,35,0.082
222,36,0.302
222,37,0.171
222,38,0.173
222,39,1.715
222,40,0.317
222,41,0.162
222,42,0.571
222,43,0.259
222,44,0.158
222,45,0.389
222,46,0.419
222,47,0.57
222,48,0.14
223,1,0.078
223,2,0.078
223,3,0.054
223,4,0.166
223,5,0.159
223,6,0.082
223,7,0.044
223,8,0.055
223,9,0.189
223,10,0.148
223,11,0.037
223,12,0.082
223,13,0.079
223,14,0.153
223,15,0.133
223,16,0.765
223,17,0.415
223,18,0.078
223,19,0.119
223,20,0.194
223,21,0.076
223,22,0.042
223,23,0.08
223,24,0.374
223,25,0.213
223,26,0.058
223,27,2.034
223,28,0.95
223,29,0.196
223,30,0.213
223,31,0.14
223,32,0.096
223,33,0.052
223,34,0.117
223,35,0.22
223,36,0.081
223,37,0.065
223,38,0.516
223,39,0.533
223,40,0.594
223,41,0.544
223,42,0.759
223,43,0.378
223,44,0.41
223,45,0.547
223,46,0.346
223,47,0.281
223,48,0.313
224,1,0.704
224,2,0.282
224,3,0.118
224,4,0.095
224,5,0.103
224,6,0.124
224,7,0.217
224,8,0.09
224,9,0.047
224,10,0.068
224,11,0.174
224,12,0.202
224,13,0.05
224,14,0.084
224,15,0.29
224,16,0.856
224,17,0.325
224,18,0.09
224,19,0.065
224,20,0.049
224,21,0.181
224,22,0.172
224,23,0.04
224,24,0.081
224,25,0.109
224,26,1.579
224,27,1.971
224,28,0.441
224,29,0.125
224,30,0.917
224,31,0.823
224,32,0.357
224,33,0.24
224,34,0.063
224,35,0.222
224,36,0.206
224,37,0.226
224,38,0.094
224,39,0.111
224,40,0.312
224,41,0.892
224,42,0.309
224,43,0.206
224,44,0.29
224,45,0.337
224,46,0.379
224,47,0.362
224,48,0.188
225,1,0.082
225,2,0.052
225,3,0.167
225,4,0.191
225,5,0.082
225,6,0.046
225,7,0.069
225,8,0.158
225,9,0.202
225,10,0.046
225,11,0.075
225,12,0.084
225,13,0.117
225,14,0.173
225,15,0.107
225,16,1.413
225,17,0.066
225,18,0.094
225,19,0.215
225,20,0.1
225,21,0.056
225,22,0.072
225,23,0.118
225,24,0.204
225,25,0.073
225,26,0.192
225,27,1.866
225,28,0.368
225,29,0.211
225,30,0.141
225,31,0.097
225,32,0.043
225,33,0.123
225,34,0.218
225,35,0.096
225,36,0.061
225,37,0.094
225,38,0.325
225,39,0.365
225,40,0.172
225,41,0.086
225,42,0.054
225,43,0.377
225,44,0.482
225,45,0.65
225,46,0.347
225,47,0.115
225,48,0.176
226,1,0.187
226,2,0.093
226,3,0.047
226,4,0.085
226,5,0.226
226,6,0.096
226,7,0.11
226,8,0.091
226,9,0.097
226,10,0.194
226,11,0.104
226,12,0.052
226,13,0.066
226,14,0.168
226,15,0.195
226,16,0.625
226,17,0.37
226,18,0.048
226,19,0.146
226,20,0.189
226,21,0.048
226,22,0.081
226,23,0.092
226,24,0.141
226,25,0.16
226,26,0.102
226,27,0.043
226,28,0.093
226,29,0.212
226,30,0.396
226,31,1.009
226,32,0.297
226,33,0.23
226,34,0.804
226,35,0.193
226,36,0.151
226,37,0.186
226,38,0.178
226,39,0.362
226,40,0.237
226,41,0.133
226,42,0.187
226,43,0.193
226,44,0.62
226,45,1.762
226,46,1.008
226,47,0.783
226,48,0.454
227,1,0.484
227,2,0.408
227,3,0.259
227,4,0.207
227,5,0.297
227,6,0.233
227,7,0.188
227,8,0.118
227,9,0.181
227,10,0.276
227,11,0.215
227,12,0.188
227,13,0.119
227,14,0.18
227,15,0.285
227,16,0.2
227,17,0.187
227,18,0.117
227,19,0.178
227,20,0.304
227,21,1.254
227,22,1.003
227,23,0.791
227,24,1.185
227,25,0.758
227,26,0.352
227,27,0.154
227,28,0.021
227,29,0.103
227,30,0.197
227,31,1.353
227,32,1.092
227,33,1.853
227,34,1.888
227,35,1.707
227,36,1.478
227,37,0.127
227,38,0.179
227,39,0.365
227,40,0.234
227,41,0.132
227,42,0.096
227,43,0.105
227,44,1.458
227,45,1.066
227,46,0.441
227,47,0.574
227,48,0.674
228,1,0.737
228,2,0.43
228,3,0.256
228,4,0.234
228,5,0.218
228,6,0.229
228,7,0.153
228,8,0.117
228,9,0.076
228,10,0.185
228,11,0.224
228,12,0.057
228,13,0.111
228,14,0.11
228,15,0.176
228,16,0.195
228,17,0.11
228,18,0.055
228,19,0.108
228,20,0.222
228,21,0.13
228,22,1.875
228,23,4.229
228,24,1.378
228,25,2.124
228,26,0.729
228,27,0.468
228,28,0.444
228,29,0.613
228,30,0.233
228,31,0.115
228,32,0.074
228,33,0.053
228,34,0.138
228,35,0.204
228,36,0.041
228,37,0.083
228,38,0.094
228,39,0.111
228,40,0.545
228,41,0.426
228,42,0.384
228,43,0.502
228,44,2.811
228,45,0.73
228,46,0.92
228,47,0.411
228,48,0.126
229,1,0.222
229,2,0.157
229,3,0.027
229,4,0.083
229,5,0.087
229,6,0.17
229,7,0.118
229,8,0.099
229,9,0.032
229,10,0.096
229,11,0.222
229,12,0.064
229,13,0.072
229,14,0.095
229,15,0.092
229,16,0.877
229,17,0.179
229,18,0.045
229,19,0.083
229,20,0.111
229,21,0.174
229,22,0.085
229,23,0.081
229,24,0.064
229,25,0.101
229,26,0.222
229,27,1.649
229,28,0.676
229,29,0.116
229,30,0.135
229,31,0.322
229,32,0.108
229,33,0.064
229,34,0.077
229,35,0.199
229,36,0.34
229,37,0.746
229,38,0.116
229,39,0.098
229,40,0.322
229,41,1.352
229,42,0.154
229,43,0.152
229,44,0.566
229,45,0.544
229,46,0.416
229,47,0.266
229,48,0.1
230,1,0.067
230,2,0.212
230,3,0.154
230,4,0.044
230,5,0.066
230,6,0.126
230,7,0.181
230,8,0.101
230,9,0.084
230,10,0.074
230,11,0.108
230,12,0.212
230,13,0.074
230,14,0.041
230,15,0.12
230,16,1.391
230,17,0.39
230,18,0.084
230,19,0.078
230,20,0.03
230,21,0.15
230,22,0.199
230,23,0.042
230,24,0.081
230,25,0.082
230,26,0.121
230,27,1.644
230,28,2.042
230,29,0.642
230,30,0.34
230,31,0.423
230,32,0.334
230,33,0.167
230,34,0.09
230,35,0.076
230,36,0.844
230,37,0.978
230,38,0.408
230,39,0.44
230,40,0.443
230,41,1.443
230,42,0.609
230,43,0.361
230,44,0.453
230,45,0.516
230,46,0.498
230,47,0.334
230,48,0.156
231,1,0.068
231,2,0.137
231,3,0.212
231,4,0.081
231,5,0.048
231,6,0.074
231,7,0.196
231,8,0.192
231,9,0.057
231,10,0.086
231,11,0.087
231,12,0.161
231,13,0.151
231,14,0.086
231,15,0.105
231,16,0.63
231,17,0.296
231,18,0.164
231,19,0.068
231,20,0.043
231,21,0.101
231,22,0.22
231,23,0.115
231,24,1.013
231,25,1.768
231,26,1.28
231,27,1.211
231,28,0.27
231,29,0.081
231,30,0.039
231,31,0.132
231,32,0.227
231,33,0.448
231,34,0.102
231,35,0.113
231,36,0.106
231,37,0.177
231,38,1.462
231,39,2.208
231,40,0.364
231,41,0.321
231,42,0.342
231,43,0.251
231,44,0.765
231,45,0.676
231,46,0.743
231,47,0.686
231,48,0.144
232,1,0.067
232,2,0.111
232,3,0.226
232,4,0.171
232,5,0.098
232,6,0.116
232,7,0.076
232,8,0.193
232,9,0.216
232,10,0.088
232,11,0.085
232,12,0.113
232,13,0.185
232,14,0.161
232,15,0.168
232,16,1.49
232,17,0.195
232,18,0.217
232,19,0.182
232,20,0.063
232,21,0.114
232,22,0.189
232,23,0.153
232,24,0.257
232,25,0.402
232,26,0.539
232,27,2.18
232,28,0.745
232,29,0.694
232,30,0.1
232,31,0.085
232,32,0.553
232,33,0.27
232,34,0.647
232,35,0.043
232,36,0.091
232,37,0.794
232,38,1.156
232,39,1.391
232,40,0.388
232,41,0.156
232,42,0.26
232,43,0.41
232,44,0.582
232,45,0.478
232,46,0.455
232,47,0.37
232,48,0.278
233,1,0.137
233,2,0.047
233,3,0.084
233,4,0.082
233,5,0.132
233,6,0.164
233,7,0.085
233,8,0.061
233,9,0.053
233,10,0.169
233,11,0.188
233,12,0.038
233,13,0.065
233,14,0.08
233,15,0.136
233,16,1.621
233,17,0.206
233,18,0.109
233,19,0.04
233,20,0.094
233,21,0.229
233,22,0.069
233,23,0.045
233,24,0.079
233,25,0.379
233,26,0.172
233,27,0.101
233,28,0.268
233,29,0.069
233,30,0.106
233,31,0.219
233,32,0.087
233,33,0.061
233,34,0.087
233,35,0.144
233,36,0.161
233,37,0.837
233,38,0.623
233,39,0.323
233,40,0.155
233,41,0.213
233,42,0.077
233,43,0.041
233,44,0.103
233,45,0.401
233,46,1.571
233,47,0.705
233,48,0.368
234,1,0.278
234,2,0.322
234,3,0.184
234,4,0.122
234,5,0.129
234,6,0.102
234,7,0.2
234,8,0.08
234,9,0.102
234,10,0.089
234,11,0.052
234,12,0.214
234,13,0.103
234,14,0.064
234,15,0.063
234,16,0.476
234,17,0.206
234,18,0.584
234,19,0.082
234,20,0.085
234,21,0.802
234,22,0.419
234,23,0.475
234,24,0.064
234,25,0.237
234,26,0.102
234,27,0.231
234,28,0.064
234,29,0.07
234,30,0.08
234,31,0.081
234,32,0.19
234,33,0.109
234,34,0.055
234,35,0.045
234,36,0.123
234,37,0.206
234,38,0.076
234,39,0.084
234,40,0.43
234,41,0.618
234,42,1.395
234,43,0.331
234,44,0.192
234,45,0.319
234,46,0.344
234,47,0.33
234,48,0.227
235,1,0.208
235,2,0.067
235,3,0.131
235,4,0.206
235,5,0.044
235,6,0.061
235,7,0.081
235,8,0.116
235,9,0.189
235,10,0.084
235,11,0.057
235,12,0.054
235,13,0.127
235,14,0.193
235,15,0.068
235,16,0.082
235,17,0.068
235,18,0.075
235,19,0.236
235,20,1.581
235,21,1.506
235,22,0.318
235,23,0.208
235,24,0.485
235,25,0.384
235,26,0.145
235,27,0.071
235,28,1.43
235,29,1.992
235,30,1.47
235,31,0.189
235,32,0.179
235,33,0.14
235,34,0.313
235,35,0.201
235,36,0.45
235,37,0.16
235,38,0.123
235,39,0.175
235,40,0.144
235,41,0.097
235,42,0.046
235,43,0.092
235,44,0.732
235,45,1.317
235,46,1.702
235,47,1.385
235,48,1.056
236,1,0.319
236,2,0.175
236,3,0.067
236,4,0.114
236,5,0.097
236,6,0.198
236,7,0.18
236,8,0.099
236,9,0.064
236,10,0.117
236,11,0.204
236,12,0.138
236,13,0.127
236,14,0.104
236,15,0.116
236,16,1.211
236,17,0.272
236,18,0.04
236,19,0.081
236,20,0.084
236,21,0.094
236,22,0.189
236,23,0.095
236,24,0.085
236,25,0.166
236,26,0.459
236,27,2.186
236,28,1.583
236,29,0.789
236,30,0.229
236,31,0.182
236,32,0.26
236,33,0.223
236,34,0.077
236,35,0.099
236,36,0.804
236,37,0.201
236,38,0.166
236,39,0.136
236,40,0.125
236,41,0.203
236,42,0.338
236,43,0.222
236,44,0.543
236,45,0.381
236,46,0.369
236,47,0.434
236,48,0.266
237,1,0.169
237,2,0.099
237,3,0.055
237,4,0.211
237,5,0.105
237,6,0.036
237,7,0.075
237,8,0.084
237,9,0.156
237,10,0.126
237,11,0.093
237,12,0.044
237,13,0.068
237,14,0.164
237,15,0.263
237,16,1.404
237,17,0.597
237,18,0.046
237,19,0.109
237,20,0.0
237,21,0.0
237,22,0.0
237,23,0.0
237,24,0.0
237,25,0.0
237,26,0.0
237,27,0.0
237,28,0.0
237,29,0.0
237,30,0.0
237,31,0.0
237,32,0.092
237,33,0.321
237,34,0.262
237,35,0.216
237,36,0.085
237,37,0.233
237,38,0.661
237,39,1.834
237,40,0.836
237,41,0.83
237,42,0.437
237,43,1.402
237,44,0.712
237,45,0.477
237,46,0.432
237,47,0.564
237,48,0.663
238,1,0.114
238,2,0.103
238,3,0.086
238,4,0.099
238,5,0.219
238,6,0.111
238,7,0.048
238,8,0.088
238,9,0.162
238,10,0.175
238,11,0.093
238,12,0.093
238,13,0.039
238,14,0.141
238,15,0.226
238,16,0.051
238,17,0.073
238,18,0.089
238,19,0.09
238,20,0.539
238,21,1.473
238,22,0.912
238,23,0.457
238,24,0.524
238,25,1.805
238,26,0.544
238,27,1.524
238,28,0.27
238,29,0.124
238,30,0.216
238,31,0.06
238,32,0.07
238,33,0.086
238,34,0.106
238,35,0.197
238,36,0.1
238,37,0.062
238,38,0.068
238,39,0.156
238,40,0.171
238,41,0.098
238,42,0.148
238,43,0.134
238,44,1.805
238,45,0.475
238,46,0.746
238,47,0.85
238,48,1.611
239,1,0.458
239,2,0.356
239,3,0.152
239,4,0.214
239,5,0.184
239,6,0.234
239,7,0.332
239,8,0.161
239,9,0.19
239,10,0.204
239,11,0.215
239,12,0.323
239,13,0.188
239,14,0.17
239,15,0.156
239,16,0.93
239,17,0.367
239,18,0.143
239,19,0.106
239,20,0.062
239,21,0.707
239,22,0.616
239,23,0.323
239,24,0.203
239,25,0.401
239,26,0.194
239,27,0.223
239,28,0.062
239,29,1.285
239,30,0.772
239,31,0.154
239,32,0.232
239,33,0.237
239,34,0.082
239,35,0.09
239,36,0.126
239,37,0.217
239,38,0.16
239,39,0.189
239,40,0.113
239,41,0.185
239,42,0.397
239,43,0.498
239,44,0.567
239,45,0.774
239,46,0.76
239,47,0.601
239,48,0.471
240,1,0.359
240,2,0.137
240,3,0.088
240,4,0.237
240,5,0.148
240,6,0.069
240,7,0.114
240,8,0.116
240,9,0.197
240,10,0.146
240,11,0.1
240,12,0.053
240,13,0.075
240,14,0.182
240,15,0.185
240,16,0.525
240,17,0.259
240,18,0.064
240,19,0.405
240,20,1.185
240,21,0.479
240,22,0.058
240,23,0.086
240,24,0.094
240,25,0.188
240,26,0.109
240,27,0.066
240,28,0.049
240,29,0.103
240,30,0.199
240,31,0.073
240,32,0.083
240,33,0.068
240,34,0.061
240,35,0.229
240,36,0.114
240,37,0.03
240,38,0.081
240,39,0.087
240,40,0.975
240,41,0.884
240,42,0.237
240,43,0.604
240,44,1.258
240,45,0.456
240,46,0.098
240,47,0.061
240,48,0.09
388,1,0.293
388,2,0.177
388,3,0.184
388,4,0.28
388,5,0.167
388,6,0.19
388,7,0.172
388,8,0.174
388,9,0.149
388,10,0.255
388,11,0.161
388,12,0.166
388,13,0.162
388,14,0.283
388,15,1.318
388,16,1.312
388,17,0.316
388,18,0.07
388,19,0.07
388,20,0.1
388,21,0.115
388,22,0.068
388,23,0.076
388,24,0.076
388,25,0.066
388,26,0.154
388,27,0.078
388,28,0.453
388,29,0.149
388,30,0.158
388,31,0.18
388,32,0.23
388,33,0.615
388,34,0.329
388,35,0.168
388,36,0.179
388,37,0.196
388,38,0.245
388,39,0.176
388,40,0.296
388,41,0.334
388,42,0.381
388,43,0.315
388,44,0.473
388,45,0.333
388,46,0.335
388,47,0.156
388,48,0.158
389,1,0.236
389,2,0.157
389,3,0.153
389,4,0.15
389,5,0.143
389,6,0.193
389,7,0.17
389,8,0.154
389,9,0.154
389,10,0.143
389,11,0.223
389,12,0.184
389,13,0.153
389,14,0.164
389,15,0.154
389,16,0.198
389,17,0.149
389,18,0.145
389,19,1.146
389,20,0.44
389,21,0.25
389,22,0.161
389,23,0.158
389,24,0.159
389,25,0.879
389,26,1.824
389,27,4.34
389,28,4.56
389,29,0.881
389,30,0.259
389,31,0.318
389,32,0.222
389,33,0.743
389,34,0.235
389,35,0.169
389,36,0.172
389,37,0.265
389,38,0.386
389,39,0.41
389,40,0.382
389,41,0.494
389,42,0.857
389,43,0.954
389,44,0.703
389,45,0.743
389,46,0.624
389,47,0.628
389,48,0.432
390,1,0.238
390,2,0.089
390,3,0.112
390,4,0.176
390,5,0.106
390,6,0.096
390,7,0.09
390,8,0.133
390,9,0.162
390,10,0.113
390,11,0.095
390,12,0.084
390,13,0.084
390,14,0.176
390,15,0.16
390,16,1.569
390,17,0.205
390,18,0.077
390,19,0.178
390,20,0.085
390,21,0.11
390,22,0.085
390,23,0.993
390,24,0.856
390,25,1.721
390,26,0.812
390,27,0.508
390,28,0.177
390,29,0.09
390,30,0.2
390,31,0.123
390,32,0.099
390,33,0.088
390,34,0.104
390,35,0.165
390,36,0.303
390,37,0.254
390,38,0.393
390,39,1.352
390,40,0.359
390,41,0.623
390,42,0.447
390,43,0.514
390,44,0.758
390,45,0.754
390,46,0.435
390,47,0.376
390,48,0.183
391,1,0.171
391,2,0.163
391,3,0.181
391,4,0.212
391,5,0.158
391,6,0.155
391,7,0.148
391,8,0.227
391,9,0.153
391,10,0.156
391,11,0.16
391,12,0.163
391,13,0.198
391,14,0.149
391,15,0.276
391,16,1.078
391,17,0.402
391,18,0.152
391,19,0.145
391,20,0.151
391,21,0.204
391,22,0.154
391,23,0.261
391,24,0.246
391,25,0.342
391,26,0.411
391,27,1.522
391,28,3.249
391,29,0.627
391,30,0.176
391,31,0.155
391,32,0.093
391,33,0.146
391,34,0.141
391,35,0.533
391,36,0.239
391,37,0.6
391,38,0.79
391,39,0.486
391,40,1.568
391,41,0.669
391,42,0.334
391,43,0.275
391,44,0.462
391,45,0.402
391,46,0.428
391,47,0.299
391,48,0.225
392,1,0.162
392,2,0.164
392,3,0.157
392,4,0.154
392,5,0.228
392,6,0.167
392,7,0.161
392,8,0.153
392,9,0.153
392,10,0.142
392,11,0.228
392,12,0.168
392,13,0.153
392,14,0.16
392,15,0.205
392,16,0.981
392,17,0.286
392,18,0.16
392,19,0.148
392,20,0.136
392,21,0.421
392,22,0.611
392,23,0.572
392,24,0.181
392,25,0.141
392,26,0.154
392,27,0.489
392,28,2.138
392,29,2.753
392,30,1.37
392,31,0.388
392,32,0.185
392,33,0.089
392,34,0.09
392,35,0.092
392,36,0.172
392,37,0.298
392,38,1.961
392,39,0.357
392,40,0.403
392,41,0.515
392,42,2.078
392,43,0.585
392,44,0.453
392,45,0.258
392,46,0.182
392,47,0.09
392,48,0.085
393,1,0.079
393,2,0.149
393,3,0.146
393,4,0.079
393,5,0.07
393,6,0.07
393,7,0.068
393,8,0.079
393,9,0.118
393,10,0.126
393,11,0.062
393,12,0.069
393,13,0.072
393,14,0.228
393,15,0.32
393,16,1.319
393,17,0.33
393,18,0.171
393,19,0.901
393,20,0.749
393,21,0.137
393,22,0.065
393,23,0.147
393,24,0.11
393,25,0.07
393,26,0.067
393,27,0.087
393,28,0.083
393,29,0.08
393,30,3.384
393,31,1.247
393,32,0.099
393,33,0.084
393,34,0.985
393,35,0.231
393,36,0.074
393,37,0.324
393,38,0.221
393,39,0.343
393,40,0.495
393,41,0.546
393,42,0.359
393,43,0.501
393,44,0.527
393,45,0.355
393,46,0.237
393,47,0.111
393,48,0.073
394,1,0.096
394,2,0.126
394,3,0.169
394,4,0.085
394,5,0.077
394,6,0.092
394,7,0.072
394,8,0.066
394,9,0.147
394,10,0.105
394,11,0.066
394,12,0.091
394,13,0.08
394,14,0.079
394,15,0.242
394,16,1.455
394,17,0.303
394,18,0.186
394,19,0.195
394,20,0.186
394,21,1.063
394,22,0.83
394,23,0.431
394,24,0.14
394,25,0.202
394,26,2.436
394,27,0.909
394,28,0.159
394,29,0.102
394,30,0.197
394,31,0.094
394,32,0.1
394,33,0.097
394,34,0.466
394,35,0.157
394,36,0.111
394,37,0.358
394,38,0.087
394,39,0.097
394,40,0.126
394,41,0.184
394,42,1.579
394,43,1.306
394,44,0.409
394,45,0.279
394,46,0.331
394,47,0.382
394,48,0.28
395,1,0.092
395,2,0.102
395,3,0.176
395,4,0.075
395,5,0.079
395,6,0.08
395,7,0.084
395,8,0.089
395,9,0.076
395,10,0.176
395,11,0.082
395,12,0.072
395,13,0.074
395,14,0.089
395,15,0.075
395,16,0.065
395,17,0.164
395,18,0.07
395,19,0.07
395,20,1.472
395,21,1.374
395,22,0.633
395,23,0.946
395,24,0.774
395,25,0.141
395,26,0.066
395,27,0.073
395,28,0.075
395,29,0.074
395,30,0.156
395,31,2.097
395,32,0.813
395,33,0.104
395,34,0.154
395,35,0.156
395,36,0.076
395,37,0.604
395,38,0.237
395,39,0.456
395,40,0.266
395,41,0.179
395,42,0.348
395,43,1.413
395,44,0.54
395,45,0.329
395,46,0.272
395,47,0.427
395,48,0.459
396,1,0.398
396,2,0.237
396,3,0.258
396,4,0.191
396,5,0.171
396,6,0.163
396,7,0.143
396,8,0.152
396,9,0.159
396,10,0.258
396,11,0.159
396,12,0.169
396,13,0.17
396,14,0.161
396,15,0.172
396,16,0.213
396,17,0.148
396,18,0.147
396,19,0.147
396,20,0.273
396,21,1.524
396,22,0.919
396,23,0.296
396,24,0.298
396,25,0.088
396,26,0.083
396,27,0.127
396,28,2.023
396,29,3.005
396,30,0.215
396,31,0.095
396,32,0.087
396,33,0.319
396,34,0.292
396,35,0.089
396,36,0.357
396,37,0.299
396,38,0.399
396,39,0.272
396,40,0.333
396,41,0.362
396,42,0.398
396,43,0.474
396,44,0.384
396,45,0.396
396,46,0.444
396,47,0.493
396,48,0.443
397,1,0.202
397,2,0.174
397,3,0.16
397,4,0.165
397,5,0.225
397,6,0.14
397,7,0.148
397,8,0.149
397,9,0.168
397,10,0.163
397,11,0.211
397,12,0.156
397,13,0.145
397,14,0.153
397,15,0.707
397,16,1.032
397,17,0.311
397,18,0.282
397,19,0.775
397,20,0.298
397,21,0.141
397,22,0.15
397,23,0.232
397,24,0.159
397,25,0.34
397,26,3.502
397,27,1.0
397,28,0.388
397,29,0.207
397,30,0.072
397,31,0.066
397,32,0.068
397,33,0.249
397,34,0.579
397,35,0.088
397,36,0.174
397,37,0.179
397,38,0.187
397,39,0.106
397,40,0.244
397,41,0.268
397,42,0.316
397,43,0.449
397,44,0.462
397,45,0.527
397,46,0.35
397,47,0.357
397,48,0.232
398,1,0.105
398,2,0.188
398,3,0.076
398,4,0.063
398,5,0.061
398,6,0.076
398,7,0.079
398,8,0.082
398,9,0.171
398,10,0.106
398,11,0.058
398,12,0.058
398,13,0.073
398,14,0.075
398,15,0.268
398,16,1.012
398,17,0.274
398,18,0.156
398,19,0.171
398,20,0.162
398,21,0.163
398,22,0.513
398,23,0.844
398,24,1.365
398,25,0.227
398,26,0.257
398,27,1.869
398,28,1.127
398,29,0.349
398,30,0.164
398,31,0.285
398,32,0.176
398,33,0.247
398,34,0.503
398,35,0.159
398,36,0.134
398,37,0.356
398,38,0.561
398,39,0.439
398,40,0.222
398,41,0.187
398,42,0.323
398,43,0.302
398,44,0.326
398,45,0.428
398,46,0.302
398,47,0.188
398,48,0.069
399,1,0.097
399,2,0.082
399,3,0.086
399,4,0.194
399,5,0.072
399,6,0.069
399,7,0.072
399,8,0.079
399,9,0.079
399,10,0.085
399,11,0.202
399,12,0.062
399,13,0.068
399,14,0.078
399,15,0.597
399,16,1.159
399,17,0.242
399,18,0.436
399,19,0.152
399,20,0.151
399,21,0.156
399,22,0.09
399,23,0.074
399,24,0.074
399,25,0.179
399,26,0.059
399,27,1.673
399,28,1.007
399,29,0.255
399,30,0.343
399,31,0.176
399,32,0.116
399,33,0.071
399,34,0.062
399,35,0.089
399,36,0.092
399,37,0.122
399,38,0.297
399,39,1.876
399,40,0.419
399,41,0.196
399,42,0.432
399,43,0.394
399,44,0.462
399,45,0.452
399,46,0.374
399,47,0.104
399,48,0.074
400,1,0.073
400,2,0.084
400,3,0.119
400,4,0.163
400,5,0.079
400,6,0.076
400,7,0.074
400,8,0.062
400,9,0.064
400,10,0.101
400,11,0.157
400,12,0.087
400,13,0.081
400,14,0.074
400,15,0.636
400,16,0.791
400,17,0.226
400,18,0.251
400,19,0.165
400,20,0.174
400,21,1.092
400,22,0.217
400,23,0.085
400,24,0.073
400,25,0.193
400,26,0.089
400,27,0.094
400,28,0.095
400,29,0.102
400,30,1.56
400,31,2.696
400,32,0.571
400,33,0.285
400,34,0.648
400,35,0.104
400,36,0.08
400,37,0.293
400,38,0.349
400,39,0.362
400,40,0.525
400,41,0.282
400,42,0.355
400,43,0.328
400,44,0.365
400,45,0.574
400,46,0.355
400,47,0.345
400,48,0.242
401,1,0.118
401,2,0.105
401,3,0.078
401,4,0.184
401,5,0.076
401,6,0.094
401,7,0.091
401,8,0.098
401,9,0.09
401,10,0.062
401,11,0.202
401,12,0.085
401,13,0.087
401,14,0.069
401,15,0.357
401,16,1.048
401,17,0.148
401,18,0.29
401,19,0.374
401,20,1.082
401,21,0.064
401,22,0.09
401,23,0.093
401,24,0.097
401,25,0.081
401,26,0.176
401,27,0.072
401,28,0.883
401,29,2.226
401,30,0.967
401,31,0.285
401,32,0.066
401,33,0.785
401,34,0.166
401,35,0.087
401,36,0.132
401,37,0.065
401,38,0.148
401,39,0.328
401,40,0.435
401,41,0.256
401,42,0.227
401,43,0.667
401,44,0.244
401,45,0.197
401,46,0.183
401,47,0.237
401,48,0.326
402,1,0.417
402,2,0.32
402,3,0.282
402,4,0.187
402,5,0.094
402,6,0.081
402,7,0.184
402,8,0.078
402,9,0.073
402,10,0.075
402,11,0.066
402,12,0.067
402,13,0.086
402,14,0.185
402,15,0.079
402,16,0.057
402,17,0.06
402,18,0.071
402,19,0.083
402,20,0.091
402,21,0.759
402,22,0.575
402,23,0.24
402,24,1.369
402,25,2.733
402,26,0.394
402,27,1.445
402,28,1.155
402,29,1.533
402,30,1.341
402,31,1.382
402,32,1.743
402,33,0.684
402,34,0.742
402,35,0.324
402,36,0.228
402,37,0.544
402,38,0.722
402,39,0.406
402,40,0.478
402,41,0.325
402,42,0.36
402,43,0.469
402,44,0.374
402,45,0.285
402,46,0.288
402,47,0.552
402,48,0.423
403,1,0.347
403,2,0.225
403,3,0.195
403,4,0.141
403,5,0.153
403,6,0.178
403,7,0.118
403,8,0.125
403,9,0.087
403,10,0.087
403,11,0.087
403,12,0.198
403,13,0.134
403,14,0.082
403,15,0.082
403,16,0.103
403,17,0.087
403,18,0.092
403,19,0.195
403,20,0.091
403,21,0.136
403,22,0.714
403,23,0.914
403,24,1.444
403,25,1.743
403,26,0.197
403,27,0.097
403,28,0.101
403,29,0.086
403,30,0.407
403,31,1.874
403,32,2.257
403,33,1.273
403,34,0.195
403,35,0.157
403,36,0.139
403,37,0.125
403,38,0.62
403,39,0.542
403,40,0.482
403,41,0.374
403,42,0.367
403,43,0.328
403,44,0.326
403,45,0.434
403,46,0.39
403,47,0.44
403,48,0.36
404,1,0.316
404,2,0.102
404,3,0.101
404,4,0.084
404,5,0.1
404,6,0.154
404,7,0.093
404,8,0.075
404,9,0.055
404,10,0.071
404,11,0.106
404,12,0.126
404,13,0.128
404,14,0.054
404,15,0.382
404,16,0.925
404,17,0.368
404,18,0.306
404,19,0.068
404,20,0.164
404,21,0.077
404,22,0.075
404,23,0.064
404,24,0.054
404,25,0.066
404,26,0.111
404,27,0.267
404,28,1.193
404,29,1.451
404,30,0.568
404,31,0.264
404,32,0.181
404,33,0.207
404,34,0.489
404,35,0.229
404,36,0.452
404,37,0.629
404,38,1.539
404,39,1.279
404,40,0.393
404,41,0.438
404,42,0.425
404,43,0.47
404,44,0.377
404,45,0.396
404,46,0.298
404,47,0.238
404,48,0.178
405,1,0.056
405,2,0.071
405,3,0.082
405,4,0.083
405,5,0.081
405,6,0.106
405,7,0.139
405,8,0.062
405,9,0.082
405,10,0.077
405,11,0.077
405,12,0.065
405,13,0.078
405,14,0.15
405,15,0.875
405,16,0.794
405,17,0.223
405,18,0.108
405,19,0.994
405,20,0.412
405,21,0.164
405,22,0.077
405,23,0.078
405,24,0.079
405,25,0.064
405,26,0.053
405,27,0.086
405,28,0.738
405,29,2.78
405,30,0.293
405,31,0.164
405,32,0.15
405,33,0.176
405,34,0.269
405,35,0.567
405,36,0.252
405,37,0.234
405,38,0.286
405,39,0.463
405,40,1.926
405,41,0.831
405,42,0.307
405,43,0.376
405,44,0.346
405,45,0.424
405,46,0.44
405,47,0.404
405,48,0.332
406,1,0.104
406,2,0.068
406,3,0.084
406,4,0.127
406,5,0.107
406,6,0.07
406,7,0.054
406,8,0.054
406,9,0.111
406,10,0.11
406,11,0.08
406,12,0.071
406,13,0.079
406,14,0.102
406,15,0.686
406,16,0.981
406,17,0.473
406,18,1.589
406,19,0.415
406,20,0.453
406,21,0.187
406,22,0.212
406,23,0.16
406,24,0.166
406,25,0.092
406,26,0.457
406,27,0.082
406,28,3.243
406,29,0.648
406,30,0.313
406,31,0.162
406,32,0.186
406,33,0.082
406,34,0.083
406,35,0.078
406,36,0.075
406,37,0.265
406,38,0.442
406,39,0.286
406,40,0.258
406,41,1.038
406,42,0.993
406,43,0.922
406,44,0.653
406,45,0.438
406,46,0.431
406,47,0.367
406,48,0.225
407,1,0.152
407,2,0.158
407,3,0.202
407,4,0.167
407,5,0.168
407,6,0.177
407,7,0.177
407,8,0.143
407,9,0.17
407,10,0.191
407,11,0.179
407,12,0.164
407,13,0.16
407,14,0.153
407,15,0.386
407,16,0.911
407,17,0.22
407,18,0.206
407,19,0.44
407,20,0.136
407,21,0.143
407,22,0.151
407,23,0.211
407,24,0.137
407,25,0.089
407,26,0.084
407,27,0.981
407,28,2.191
407,29,0.464
407,30,0.156
407,31,0.094
407,32,0.062
407,33,0.137
407,34,0.081
407,35,0.093
407,36,0.076
407,37,0.38
407,38,0.738
407,39,0.338
407,40,0.253
407,41,0.444
407,42,0.557
407,43,0.54
407,44,0.376
407,45,0.171
407,46,0.171
407,47,0.207
407,48,0.162
408,1,0.152
408,2,0.158
408,3,0.179
408,4,0.176
408,5,0.164
408,6,0.187
408,7,0.19
408,8,0.147
408,9,0.147
408,10,0.185
408,11,0.159
408,12,0.284
408,13,0.626
408,14,0.43
408,15,0.2
408,16,0.141
408,17,0.144
408,18,0.151
408,19,0.148
408,20,0.205
408,21,0.165
408,22,0.157
408,23,0.155
408,24,0.149
408,25,0.177
408,26,0.181
408,27,1.403
408,28,3.075
408,29,1.738
408,30,0.31
408,31,0.173
408,32,0.187
408,33,0.169
408,34,0.203
408,35,0.22
408,36,0.171
408,37,0.248
408,38,0.18
408,39,0.662
408,40,0.265
408,41,0.228
408,42,0.238
408,43,0.367
408,44,0.368
408,45,0.419
408,46,0.321
408,47,0.353
408,48,0.402
409,1,0.249
409,2,0.156
409,3,0.161
409,4,0.16
409,5,0.155
409,6,0.193
409,7,0.141
409,8,0.159
409,9,0.166
409,10,0.158
409,11,0.213
409,12,0.139
409,13,0.139
409,14,0.145
409,15,0.162
409,16,0.211
409,17,0.154
409,18,0.152
409,19,0.837
409,20,0.244
409,21,0.145
409,22,0.822
409,23,0.295
409,24,0.273
409,25,0.095
409,26,0.111
409,27,0.345
409,28,0.073
409,29,0.074
409,30,0.072
409,31,0.108
409,32,0.127
409,33,0.099
409,34,0.17
409,35,0.162
409,36,0.146
409,37,0.175
409,38,0.282
409,39,0.84
409,40,0.706
409,41,0.598
409,42,1.771
409,43,0.451
409,44,0.665
409,45,0.429
409,46,0.409
409,47,0.41
409,48,0.462
410,1,0.271
410,2,0.211
410,3,0.187
410,4,0.143
410,5,0.138
410,6,0.153
410,7,0.156
410,8,0.154
410,9,0.222
410,10,0.156
410,11,0.151
410,12,0.153
410,13,0.191
410,14,0.15
410,15,0.146
410,16,0.14
410,17,0.205
410,18,0.947
410,19,1.053
410,20,0.282
410,21,0.833
410,22,0.154
410,23,0.064
410,24,0.066
410,25,0.064
410,26,0.064
410,27,0.062
410,28,0.163
410,29,0.066
410,30,0.062
410,31,0.056
410,32,0.064
410,33,0.065
410,34,0.191
410,35,2.162
410,36,1.74
410,37,0.228
410,38,0.344
410,39,0.281
410,40,0.273
410,41,0.362
410,42,0.284
410,43,0.41
410,44,0.514
410,45,0.63
410,46,0.455
410,47,0.403
410,48,0.159
411,1,0.09
411,2,0.077
411,3,0.079
411,4,0.071
411,5,0.062
411,6,0.158
411,7,0.061
411,8,0.063
411,9,0.068
411,10,0.068
411,11,0.069
411,12,0.134
411,13,0.109
411,14,0.082
411,15,0.627
411,16,0.62
411,17,0.192
411,18,0.485
411,19,0.436
411,20,0.345
411,21,0.444
411,22,0.527
411,23,0.073
411,24,0.068
411,25,0.26
411,26,2.304
411,27,0.471
411,28,1.606
411,29,0.384
411,30,0.16
411,31,0.066
411,32,0.165
411,33,0.086
411,34,0.083
411,35,0.083
411,36,0.101
411,37,0.354
411,38,0.321
411,39,0.729
411,40,0.291
411,41,0.362
411,42,0.398
411,43,0.516
411,44,0.515
411,45,0.306
411,46,0.309
411,47,0.164
411,48,0.101
412,1,0.094
412,2,0.07
412,3,0.068
412,4,0.136
412,5,0.12
412,6,0.09
412,7,0.088
412,8,0.061
412,9,0.066
412,10,0.076
412,11,0.177
412,12,0.082
412,13,0.065
412,14,0.055
412,15,0.805
412,16,0.811
412,17,0.192
412,18,0.617
412,19,1.014
412,20,0.263
412,21,0.064
412,22,0.074
412,23,0.075
412,24,0.108
412,25,0.132
412,26,0.065
412,27,0.123
412,28,0.111
412,29,3.354
412,30,0.748
412,31,0.542
412,32,0.178
412,33,0.107
412,34,0.095
412,35,0.095
412,36,0.072
412,37,0.173
412,38,0.072
412,39,0.089
412,40,0.2
412,41,0.122
412,42,0.107
412,43,0.284
412,44,1.92
412,45,0.855
412,46,0.558
412,47,0.482
412,48,0.179
413,1,0.124
413,2,0.182
413,3,0.07
413,4,0.069
413,5,0.086
413,6,0.086
413,7,0.068
413,8,0.144
413,9,0.073
413,10,0.08
413,11,0.088
413,12,0.068
413,13,0.055
413,14,0.198
413,15,1.135
413,16,0.444
413,17,0.171
413,18,0.161
413,19,0.534
413,20,0.524
413,21,0.094
413,22,0.062
413,23,0.053
413,24,0.082
413,25,0.138
413,26,0.133
413,27,1.144
413,28,1.421
413,29,1.155
413,30,0.204
413,31,0.74
413,32,0.451
413,33,0.104
413,34,0.095
413,35,0.086
413,36,0.057
413,37,0.083
413,38,0.663
413,39,0.388
413,40,0.297
413,41,0.104
413,42,0.536
413,43,0.397
413,44,0.488
413,45,0.551
413,46,0.503
413,47,0.35
413,48,0.183
414,1,0.18
414,2,0.149
414,3,0.235
414,4,0.178
414,5,0.174
414,6,0.173
414,7,0.145
414,8,0.151
414,9,0.194
414,10,0.223
414,11,0.158
414,12,0.138
414,13,0.154
414,14,0.164
414,15,1.008
414,16,0.406
414,17,0.133
414,18,0.148
414,19,0.353
414,20,0.598
414,21,0.74
414,22,0.079
414,23,0.062
414,24,0.075
414,25,0.084
414,26,1.664
414,27,1.467
414,28,0.207
414,29,0.112
414,30,0.434
414,31,0.345
414,32,0.144
414,33,0.06
414,34,0.065
414,35,0.107
414,36,0.086
414,37,0.09
414,38,0.533
414,39,0.595
414,40,0.116
414,41,0.128
414,42,0.12
414,43,0.116
414,44,0.59
414,45,0.567
414,46,0.568
414,47,0.413
414,48,0.453
415,1,0.257
415,2,0.172
415,3,0.158
415,4,0.158
415,5,0.169
415,6,0.191
415,7,0.171
415,8,0.164
415,9,0.175
415,10,0.153
415,11,0.156
415,12,0.17
415,13,0.171
415,14,0.565
415,15,0.39
415,16,0.699
415,17,0.151
415,18,0.169
415,19,0.269
415,20,0.604
415,21,0.059
415,22,0.07
415,23,0.075
415,24,0.07
415,25,0.046
415,26,0.064
415,27,0.096
415,28,0.13
415,29,2.527
415,30,0.819
415,31,0.136
415,32,0.136
415,33,0.168
415,34,0.15
415,35,0.147
415,36,0.104
415,37,0.199
415,38,0.282
415,39,0.673
415,40,0.424
415,41,0.364
415,42,0.311
415,43,0.323
415,44,0.329
415,45,0.314
415,46,0.307
415,47,0.304
415,48,0.291
