213,1,0.924
213,2,0.401
213,3,0.405
213,4,0.333
213,5,0.241
213,6,0.752
213,7,0.201
213,8,0.248
213,9,0.194
213,10,0.239
213,11,0.184
213,12,0.707
213,13,0.175
213,14,0.25
213,15,0.179
213,16,0.284
213,17,0.627
213,18,0.25
213,19,1.158
213,20,0.334
213,21,0.574
213,22,0.293
213,23,0.212
213,24,0.23
213,25,0.215
213,26,0.846
213,27,0.223
213,28,0.208
213,29,0.235
213,30,0.295
213,31,0.348
213,32,0.808
213,33,0.371
213,34,0.27
213,35,0.512
213,36,3.266
213,37,3.689
213,38,0.792
213,39,1.746
213,40,1.388
213,41,0.932
213,42,1.353
213,43,0.483
213,44,0.447
213,45,0.483
213,46,0.437
213,47,0.497
213,48,1.157
214,1,0.381
214,2,0.17
214,3,0.256
214,4,0.184
214,5,0.242
214,6,0.205
214,7,0.716
214,8,0.238
214,9,0.201
214,10,1.824
214,11,0.356
214,12,0.256
214,13,0.184
214,14,0.247
214,15,0.218
214,16,0.234
214,17,0.227
214,18,0.204
214,19,0.249
214,20,0.183
214,21,0.261
214,22,0.183
214,23,0.263
214,24,0.19
214,25,0.237
214,26,0.211
214,27,0.216
214,28,0.231
214,29,0.2
214,30,0.261
214,31,0.198
214,32,0.267
214,33,0.174
214,34,0.254
214,35,0.186
214,36,0.244
214,37,0.21
214,38,0.231
214,39,0.245
214,40,0.206
214,41,0.254
214,42,0.211
214,43,0.273
214,44,0.19
214,45,0.233
214,46,0.22
214,47,0.231
214,48,0.242
215,1,0.199
215,2,0.256
215,3,0.176
215,4,0.254
215,5,0.186
215,6,0.263
215,7,0.215
215,8,0.227
215,9,0.229
215,10,0.202
215,11,0.255
215,12,0.177
215,13,0.265
215,14,0.205
215,15,0.24
215,16,0.213
215,17,0.214
215,18,0.231
215,19,0.196
215,20,0.257
215,21,0.185
215,22,0.264
215,23,0.175
215,24,0.25
215,25,0.196
215,26,0.232
215,27,0.211
215,28,0.215
215,29,0.24
215,30,0.208
215,31,0.255
215,32,0.184
215,33,0.253
215,34,0.171
215,35,0.256
215,36,0.183
215,37,0.26
215,38,0.204
215,39,0.248
215,40,0.204
215,41,0.224
215,42,0.282
215,43,0.205
215,44,0.246
215,45,0.193
215,46,0.27
215,47,0.18
215,48,0.32
216,1,0.188
216,2,0.241
216,3,0.211
216,4,0.224
216,5,0.236
216,6,0.207
216,7,0.264
216,8,0.179
216,9,0.257
216,10,0.183
216,11,0.248
216,12,0.205
216,13,0.225
216,14,0.235
216,15,0.211
216,16,0.256
216,17,0.176
216,18,0.255
216,19,0.176
216,20,0.251
216,21,0.197
216,22,0.233
216,23,0.227
216,24,0.219
216,25,0.244
216,26,0.191
216,27,0.261
216,28,0.178
216,29,0.259
216,30,0.195
216,31,0.24
216,32,0.228
216,33,0.233
216,34,0.245
216,35,0.194
216,36,0.246
216,37,0.169
216,38,0.257
216,39,0.189
216,40,0.248
216,41,0.23
216,42,0.221
216,43,0.233
216,44,0.189
216,45,0.253
216,46,0.171
216,47,0.256
216,48,0.189
217,1,0.248
217,2,0.22
217,3,0.216
217,4,0.237
217,5,0.248
217,6,0.253
217,7,0.178
217,8,0.25
217,9,0.223
217,10,0.228
217,11,0.25
217,12,0.191
217,13,0.426
217,14,0.213
217,15,0.262
217,16,0.193
217,17,0.242
217,18,0.224
217,19,0.219
217,20,0.234
217,21,0.186
217,22,0.256
217,23,0.176
217,24,0.258
217,25,0.206
217,26,0.245
217,27,0.227
217,28,0.215
217,29,0.242
217,30,0.192
217,31,0.259
217,32,0.18
217,33,0.261
217,34,0.216
217,35,0.243
217,36,0.222
217,37,0.202
217,38,0.244
217,39,0.184
217,40,0.256
217,41,0.191
217,42,0.263
217,43,0.274
217,44,0.221
217,45,0.22
217,46,0.202
217,47,0.244
217,48,0.184
218,1,0.263
218,2,0.195
218,3,0.242
218,4,0.221
218,5,0.206
218,6,0.248
218,7,0.176
218,8,0.261
218,9,0.199
218,10,0.253
218,11,0.217
218,12,0.212
218,13,0.243
218,14,0.185
218,15,0.251
218,16,0.175
218,17,0.259
218,18,0.215
218,19,0.225
218,20,0.225
218,21,0.197
218,22,0.252
218,23,0.17
218,24,0.259
218,25,0.202
218,26,0.246
218,27,0.228
218,28,0.219
218,29,0.248
218,30,0.188
218,31,0.261
218,32,0.196
218,33,0.235
218,34,0.233
218,35,0.215
218,36,0.258
218,37,0.178
218,38,0.259
218,39,0.19
218,40,0.239
218,41,0.218
218,42,0.225
218,43,0.245
218,44,0.192
218,45,0.253
218,46,0.173
218,47,0.253
218,48,0.2
219,1,0.229
219,2,0.222
219,3,0.219
219,4,0.254
219,5,0.223
219,6,0.201
219,7,0.226
219,8,0.23
219,9,0.206
219,10,0.243
219,11,0.193
219,12,0.266
219,13,0.187
219,14,0.251
219,15,0.193
219,16,0.227
219,17,0.216
219,18,0.204
219,19,0.242
219,20,0.186
219,21,0.256
219,22,0.188
219,23,0.243
219,24,0.213
219,25,0.213
219,26,0.249
219,27,0.182
219,28,0.256
219,29,0.211
219,30,0.236
219,31,0.242
219,32,0.206
219,33,0.251
219,34,0.179
219,35,0.255
219,36,0.189
219,37,0.237
219,38,0.225
219,39,0.224
219,40,0.253
219,41,0.182
219,42,0.253
219,43,0.186
219,44,0.242
219,45,0.219
219,46,0.224
219,47,0.255
219,48,0.198
220,1,0.257
220,2,0.189
220,3,0.246
220,4,0.216
220,5,0.216
220,6,0.251
220,7,0.197
220,8,0.27
220,9,0.203
220,10,0.238
220,11,0.231
220,12,0.204
220,13,0.253
220,14,0.227
220,15,0.252
220,16,0.205
220,17,0.232
220,18,0.233
220,19,0.209
220,20,0.404
220,21,0.2
220,22,0.253
220,23,0.204
220,24,0.23
220,25,0.243
220,26,0.206
220,27,0.256
220,28,0.174
220,29,0.257
220,30,0.206
220,31,0.22
220,32,0.235
220,33,0.202
220,34,0.263
220,35,0.176
220,36,0.248
220,37,0.203
220,38,0.221
220,39,0.233
220,40,0.21
220,41,0.273
220,42,0.177
220,43,0.258
220,44,0.2
220,45,0.228
220,46,0.225
220,47,0.212
220,48,0.261
221,1,0.19
221,2,0.258
221,3,0.191
221,4,0.236
221,5,0.218
221,6,0.212
221,7,0.252
221,8,0.192
221,9,0.267
221,10,0.184
221,11,0.247
221,12,0.208
221,13,0.228
221,14,0.236
221,15,0.2
221,16,0.264
221,17,0.183
221,18,0.269
221,19,0.187
221,20,0.238
221,21,0.209
221,22,0.223
221,23,0.237
221,24,0.199
221,25,0.264
221,26,0.181
221,27,0.262
221,28,0.188
221,29,0.236
221,30,0.214
221,31,0.217
221,32,0.24
221,33,0.196
221,34,0.263
221,35,0.183
221,36,0.267
221,37,0.182
221,38,0.249
221,39,0.204
221,40,0.226
221,41,0.219
221,42,0.23
221,43,0.278
221,44,0.198
221,45,0.266
221,46,0.185
221,47,0.259
221,48,0.182
222,1,0.249
222,2,0.201
222,3,0.232
222,4,0.224
222,5,0.214
222,6,0.251
222,7,0.2
222,8,0.267
222,9,0.177
222,10,0.26
222,11,0.197
222,12,0.233
222,13,0.224
222,14,0.207
222,15,0.238
222,16,0.203
222,17,0.256
222,18,0.189
222,19,0.261
222,20,0.173
222,21,0.256
222,22,0.193
222,23,0.236
222,24,0.212
222,25,0.227
222,26,0.243
222,27,0.229
222,28,0.341
222,29,1.092
222,30,0.932
222,31,0.557
222,32,0.758
222,33,0.579
222,34,1.441
222,35,1.893
222,36,1.871
222,37,3.668
222,38,1.719
222,39,0.506
222,40,4.216
222,41,4.569
222,42,4.006
222,43,3.653
222,44,0.905
222,45,0.606
222,46,1.124
222,47,0.331
222,48,0.176
223,1,0.266
223,2,0.556
223,3,0.736
223,4,0.184
223,5,0.267
223,6,0.172
223,7,0.261
223,8,0.556
223,9,0.509
223,10,0.168
223,11,0.266
223,12,0.164
223,13,0.821
223,14,0.171
223,15,1.736
223,16,0.183
223,17,0.25
223,18,0.761
223,19,0.404
223,20,0.246
223,21,0.459
223,22,1.314
223,23,1.692
223,24,0.457
223,25,1.062
223,26,1.205
223,27,1.113
223,28,1.441
223,29,0.881
223,30,0.587
223,31,0.706
223,32,0.794
223,33,0.364
223,34,0.787
223,35,0.258
223,36,2.381
223,37,0.91
223,38,1.178
223,39,0.525
223,40,0.455
223,41,2.712
223,42,1.689
223,43,3.528
223,44,0.865
223,45,0.626
223,46,0.586
223,47,1.029
223,48,0.27
224,1,0.195
224,2,0.265
224,3,0.696
224,4,0.442
224,5,0.181
224,6,0.246
224,7,0.193
224,8,0.696
224,9,0.568
224,10,0.255
224,11,0.195
224,12,0.245
224,13,0.194
224,14,0.247
224,15,2.396
224,16,0.405
224,17,0.198
224,18,0.51
224,19,2.018
224,20,1.197
224,21,0.492
224,22,0.285
224,23,0.227
224,24,0.561
224,25,0.505
224,26,0.233
224,27,0.217
224,28,0.231
224,29,0.243
224,30,0.745
224,31,0.751
224,32,1.035
224,33,1.684
224,34,0.685
224,35,0.732
224,36,0.172
224,37,0.282
224,38,0.232
224,39,1.424
224,40,1.276
224,41,1.393
224,42,2.112
224,43,1.706
224,44,1.58
224,45,0.557
224,46,1.11
224,47,0.374
224,48,0.255
225,1,0.186
225,2,0.273
225,3,0.717
225,4,0.269
225,5,0.166
225,6,0.272
225,7,0.182
225,8,0.816
225,9,0.167
225,10,0.272
225,11,0.167
225,12,0.288
225,13,0.81
225,14,0.267
225,15,0.165
225,16,0.266
225,17,1.532
225,18,0.438
225,19,0.698
225,20,0.905
225,21,0.912
225,22,0.624
225,23,0.474
225,24,1.086
225,25,1.194
225,26,1.266
225,27,0.83
225,28,0.787
225,29,0.268
225,30,0.286
225,31,0.884
225,32,0.284
225,33,0.975
225,34,0.447
225,35,0.393
225,36,2.289
225,37,1.772
225,38,0.65
225,39,1.2
225,40,2.703
225,41,4.923
225,42,1.723
225,43,0.671
225,44,0.944
225,45,1.738
225,46,0.37
225,47,0.564
225,48,0.471
226,1,0.364
226,2,0.949
226,3,0.274
226,4,0.185
226,5,0.247
226,6,0.186
226,7,0.876
226,8,0.217
226,9,0.245
226,10,0.201
226,11,0.229
226,12,0.265
226,13,0.802
226,14,0.231
226,15,1.325
226,16,0.851
226,17,0.87
226,18,0.696
226,19,0.428
226,20,1.553
226,21,0.885
226,22,2.057
226,23,0.932
226,24,0.385
226,25,0.248
226,26,0.22
226,27,1.619
226,28,1.701
226,29,0.592
226,30,0.861
226,31,0.491
226,32,0.531
226,33,1.209
226,34,0.407
226,35,0.521
226,36,0.321
226,37,3.894
226,38,3.084
226,39,1.82
226,40,1.684
226,41,1.604
226,42,1.696
226,43,2.338
226,44,5.051
226,45,2.338
226,46,1.292
226,47,0.593
226,48,0.633
227,1,0.324
227,2,0.215
227,3,0.916
227,4,0.196
227,5,0.283
227,6,0.174
227,7,0.276
227,8,0.762
227,9,0.266
227,10,0.193
227,11,0.268
227,12,0.782
227,13,0.27
227,14,0.198
227,15,0.237
227,16,0.219
227,17,0.8
227,18,0.201
227,19,0.725
227,20,0.544
227,21,3.165
227,22,1.575
227,23,0.75
227,24,0.509
227,25,0.298
227,26,0.167
227,27,0.88
227,28,0.943
227,29,1.438
227,30,0.542
227,31,0.565
227,32,1.137
227,33,0.569
227,34,0.59
227,35,0.573
227,36,1.358
227,37,5.94
227,38,2.221
227,39,0.636
227,40,2.432
227,41,3.077
227,42,1.005
227,43,0.912
227,44,0.71
227,45,0.582
227,46,1.234
227,47,0.45
227,48,0.472
228,1,0.5
228,2,0.551
228,3,0.915
228,4,0.302
228,5,0.203
228,6,0.22
228,7,0.839
228,8,0.224
228,9,0.254
228,10,0.187
228,11,0.254
228,12,0.726
228,13,0.272
228,14,0.18
228,15,0.251
228,16,0.183
228,17,0.895
228,18,0.212
228,19,0.22
228,20,0.208
228,21,1.527
228,22,0.543
228,23,1.034
228,24,0.245
228,25,0.214
228,26,0.29
228,27,0.338
228,28,0.768
228,29,0.294
228,30,0.264
228,31,0.242
228,32,0.262
228,33,0.83
228,34,0.249
228,35,0.262
228,36,2.647
228,37,3.676
228,38,1.253
228,39,1.583
228,40,1.161
228,41,2.556
228,42,1.915
228,43,0.704
228,44,0.958
228,45,0.954
228,46,0.536
228,47,0.538
228,48,1.159
229,1,0.408
229,2,0.34
229,3,0.19
229,4,0.246
229,5,0.855
229,6,0.267
229,7,0.172
229,8,0.263
229,9,0.173
229,10,0.853
229,11,0.194
229,12,0.244
229,13,0.195
229,14,0.231
229,15,2.355
229,16,0.609
229,17,0.296
229,18,0.22
229,19,0.521
229,20,0.893
229,21,0.728
229,22,1.539
229,23,1.171
229,24,0.943
229,25,1.539
229,26,0.68
229,27,0.423
229,28,0.19
229,29,0.929
229,30,0.555
229,31,0.959
229,32,0.329
229,33,0.887
229,34,1.246
229,35,0.599
229,36,0.667
229,37,1.867
229,38,1.254
229,39,1.267
229,40,0.701
229,41,0.505
229,42,0.444
229,43,0.553
229,44,1.248
229,45,0.5
229,46,2.126
229,47,1.755
229,48,1.079
230,1,0.212
230,2,0.261
230,3,0.2
230,4,0.668
230,5,0.51
230,6,0.273
230,7,0.193
230,8,0.264
230,9,0.19
230,10,0.267
230,11,0.774
230,12,0.288
230,13,0.193
230,14,0.281
230,15,1.773
230,16,0.974
230,17,0.214
230,18,0.517
230,19,2.229
230,20,0.753
230,21,1.333
230,22,1.257
230,23,0.904
230,24,2.235
230,25,1.087
230,26,0.693
230,27,3.326
230,28,1.758
230,29,1.59
230,30,2.6
230,31,1.85
230,32,0.997
230,33,1.133
230,34,0.42
230,35,0.335
230,36,0.297
230,37,4.422
230,38,2.023
230,39,0.877
230,40,1.472
230,41,0.606
230,42,0.609
230,43,1.403
230,44,0.816
230,45,0.552
230,46,0.499
230,47,0.592
230,48,0.916
231,1,0.362
231,2,0.233
231,3,0.28
231,4,0.774
231,5,0.394
231,6,0.286
231,7,0.274
231,8,0.292
231,9,0.88
231,10,0.287
231,11,0.243
231,12,0.29
231,13,0.239
231,14,0.301
231,15,0.814
231,16,0.328
231,17,1.769
231,18,1.071
231,19,2.853
231,20,2.738
231,21,0.953
231,22,0.942
231,23,1.671
231,24,1.092
231,25,0.388
231,26,0.252
231,27,0.246
231,28,0.844
231,29,0.251
231,30,0.237
231,31,0.557
231,32,0.672
231,33,1.454
231,34,0.346
231,35,0.599
231,36,1.985
231,37,3.255
231,38,1.307
231,39,1.013
231,40,4.446
231,41,2.463
231,42,1.475
231,43,0.862
231,44,0.674
231,45,0.607
231,46,0.467
231,47,1.117
231,48,0.485
232,1,0.346
232,2,0.861
232,3,0.215
232,4,0.241
232,5,0.211
232,6,0.871
232,7,0.202
232,8,0.258
232,9,0.197
232,10,0.27
232,11,0.788
232,12,0.278
232,13,0.184
232,14,0.286
232,15,1.687
232,16,1.097
232,17,0.209
232,18,0.304
232,19,1.218
232,20,1.074
232,21,2.013
232,22,0.897
232,23,0.253
232,24,0.21
232,25,0.803
232,26,0.223
232,27,0.53
232,28,0.753
232,29,1.044
232,30,0.228
232,31,0.528
232,32,0.373
232,33,0.496
232,34,1.078
232,35,0.394
232,36,0.309
232,37,1.069
232,38,2.248
232,39,2.79
232,40,0.929
232,41,1.304
232,42,2.818
232,43,2.388
232,44,0.905
232,45,1.674
232,46,0.605
232,47,0.534
232,48,0.452
233,1,0.989
233,2,0.212
233,3,0.263
233,4,0.24
233,5,0.675
233,6,0.44
233,7,0.218
233,8,0.267
233,9,0.196
233,10,0.892
233,11,0.184
233,12,0.276
233,13,0.175
233,14,0.274
233,15,1.318
233,16,1.539
233,17,0.265
233,18,0.608
233,19,0.752
233,20,2.069
233,21,2.05
233,22,0.949
233,23,1.738
233,24,0.574
233,25,0.51
233,26,0.788
233,27,1.181
233,28,0.887
233,29,0.512
233,30,0.577
233,31,0.833
233,32,1.536
233,33,0.836
233,34,1.99
233,35,0.538
233,36,0.669
233,37,0.994
233,38,0.477
233,39,0.643
233,40,1.731
233,41,2.194
233,42,0.849
233,43,0.774
233,44,1.053
233,45,2.585
233,46,1.96
233,47,0.532
233,48,0.393
234,1,0.958
234,2,0.514
234,3,0.412
234,4,0.221
234,5,0.447
234,6,0.85
234,7,0.18
234,8,0.23
234,9,0.286
234,10,0.239
234,11,0.72
234,12,0.27
234,13,0.273
234,14,0.176
234,15,0.245
234,16,0.486
234,17,0.598
234,18,0.423
234,19,0.265
234,20,1.222
234,21,2.471
234,22,1.596
234,23,1.489
234,24,0.603
234,25,0.211
234,26,0.301
234,27,0.811
234,28,0.186
234,29,0.307
234,30,0.46
234,31,0.541
234,32,0.987
234,33,0.285
234,34,0.802
234,35,0.48
234,36,0.703
234,37,1.185
234,38,0.501
234,39,0.878
234,40,0.767
234,41,1.194
234,42,1.2
234,43,0.747
234,44,2.185
234,45,2.061
234,46,0.471
234,47,0.356
234,48,0.46
235,1,0.347
235,2,0.34
235,3,0.2
235,4,0.275
235,5,0.215
235,6,0.271
235,7,0.247
235,8,0.316
235,9,0.234
235,10,0.218
235,11,0.243
235,12,0.202
235,13,0.26
235,14,0.629
235,15,0.3
235,16,0.26
235,17,0.427
235,18,0.275
235,19,0.648
235,20,1.051
235,21,3.153
235,22,2.071
235,23,0.77
235,24,0.729
235,25,1.328
235,26,0.432
235,27,0.415
235,28,0.59
235,29,0.964
235,30,2.618
235,31,1.564
235,32,0.717
235,33,2.1
235,34,0.597
235,35,0.4
235,36,1.409
235,37,3.033
235,38,1.984
235,39,0.89
235,40,0.739
235,41,1.89
235,42,2.166
235,43,1.425
235,44,0.475
235,45,0.497
235,46,0.41
235,47,0.328
235,48,0.688
236,1,0.388
236,2,0.208
236,3,0.269
236,4,0.18
236,5,0.282
236,6,0.777
236,7,0.249
236,8,0.245
236,9,0.205
236,10,0.246
236,11,0.755
236,12,0.264
236,13,0.183
236,14,0.269
236,15,0.212
236,16,0.824
236,17,1.979
236,18,0.621
236,19,0.433
236,20,0.496
236,21,1.951
236,22,0.915
236,23,2.33
236,24,0.696
236,25,0.756
236,26,1.525
236,27,1.0
236,28,0.606
236,29,1.009
236,30,1.622
236,31,0.546
236,32,2.77
236,33,1.268
236,34,1.028
236,35,0.465
236,36,0.486
236,37,3.364
236,38,1.846
236,39,0.805
236,40,2.482
236,41,3.846
236,42,2.103
236,43,0.798
236,44,0.844
236,45,0.867
236,46,0.423
236,47,0.439
236,48,1.17
237,1,0.383
237,2,0.235
237,3,0.24
237,4,0.234
237,5,0.221
237,6,0.903
237,7,0.209
237,8,0.258
237,9,0.222
237,10,0.402
237,11,0.719
237,12,0.274
237,13,0.237
237,14,0.189
237,15,0.26
237,16,2.638
237,17,0.39
237,18,0.177
237,19,0.538
237,20,1.338
237,21,0.874
237,22,0.308
237,23,1.411
237,24,0.939
237,25,0.517
237,26,1.201
237,27,0.639
237,28,0.517
237,29,0.591
237,30,0.559
237,31,0.692
237,32,0.238
237,33,0.36
237,34,0.865
237,35,1.298
237,36,0.494
237,37,0.338
237,38,1.157
237,39,1.955
237,40,0.813
237,41,2.468
237,42,2.131
237,43,0.901
237,44,0.465
237,45,0.482
237,46,0.455
237,47,0.495
237,48,0.258
238,1,0.238
238,2,0.249
238,3,0.232
238,4,0.246
238,5,0.209
238,6,0.248
238,7,0.19
238,8,0.266
238,9,0.173
238,10,0.271
238,11,0.199
238,12,0.619
238,13,0.208
238,14,0.23
238,15,1.114
238,16,1.3
238,17,0.252
238,18,0.624
238,19,0.779
238,20,0.399
238,21,0.696
238,22,0.448
238,23,0.997
238,24,1.749
238,25,0.515
238,26,1.042
238,27,1.095
238,28,1.516
238,29,1.711
238,30,1.083
238,31,0.49
238,32,0.642
238,33,0.757
238,34,0.67
238,35,0.889
238,36,0.454
238,37,0.531
238,38,1.299
238,39,2.8
238,40,2.612
238,41,1.479
238,42,3.426
238,43,2.334
238,44,1.205
238,45,0.921
238,46,0.58
238,47,0.567
238,48,0.58
239,1,1.215
239,2,0.322
239,3,0.297
239,4,0.35
239,5,0.282
239,6,0.709
239,7,0.601
239,8,0.341
239,9,0.309
239,10,0.304
239,11,0.438
239,12,0.787
239,13,0.342
239,14,0.279
239,15,0.329
239,16,0.325
239,17,0.897
239,18,0.345
239,19,1.586
239,20,1.882
239,21,0.855
239,22,2.148
239,23,0.749
239,24,0.685
239,25,1.245
239,26,1.476
239,27,0.539
239,28,1.431
239,29,2.104
239,30,1.128
239,31,0.574
239,32,1.355
239,33,0.995
239,34,0.438
239,35,1.447
239,36,1.033
239,37,1.605
239,38,1.886
239,39,1.878
239,40,0.386
239,41,0.702
239,42,0.688
239,43,0.686
239,44,1.881
239,45,3.441
239,46,2.866
239,47,0.584
239,48,0.455
240,1,0.408
240,2,0.375
240,3,0.232
240,4,0.245
240,5,0.267
240,6,0.172
240,7,0.273
240,8,0.231
240,9,0.206
240,10,0.29
240,11,0.183
240,12,0.261
240,13,0.239
240,14,0.211
240,15,0.282
240,16,0.172
240,17,0.267
240,18,0.309
240,19,1.726
240,20,3.169
240,21,1.409
240,22,0.523
240,23,0.543
240,24,0.208
240,25,0.259
240,26,0.625
240,27,0.271
240,28,1.213
240,29,0.984
240,30,0.75
240,31,0.791
240,32,0.312
240,33,0.202
240,34,0.54
240,35,0.418
240,36,0.212
240,37,0.258
240,38,0.186
240,39,0.56
240,40,0.499
240,41,0.299
240,42,0.24
240,43,0.249
240,44,0.28
240,45,1.295
240,46,1.146
240,47,0.656
240,48,0.561
388,1,0.185
388,2,0.243
388,3,0.23
388,4,0.214
388,5,0.248
388,6,0.176
388,7,0.254
388,8,0.224
388,9,0.206
388,10,0.242
388,11,0.172
388,12,0.251
388,13,0.397
388,14,0.42
388,15,0.382
388,16,0.194
388,17,0.645
388,18,0.959
388,19,0.532
388,20,0.91
388,21,2.022
388,22,2.599
388,23,0.814
388,24,0.697
388,25,0.279
388,26,0.277
388,27,0.457
388,28,0.599
388,29,0.909
388,30,0.882
388,31,0.774
388,32,1.11
388,33,1.482
388,34,2.594
388,35,2.574
388,36,2.076
388,37,2.569
388,38,0.606
388,39,1.628
388,40,2.238
388,41,2.992
388,42,1.12
388,43,0.909
388,44,0.523
388,45,0.462
388,46,0.471
388,47,0.406
388,48,0.361
389,1,0.193
389,2,0.233
389,3,0.239
389,4,0.199
389,5,0.243
389,6,0.189
389,7,0.224
389,8,0.24
389,9,0.195
389,10,0.242
389,11,0.202
389,12,0.204
389,13,0.243
389,14,0.356
389,15,0.354
389,16,0.234
389,17,0.171
389,18,0.237
389,19,0.219
389,20,0.586
389,21,0.622
389,22,2.49
389,23,1.197
389,24,0.984
389,25,0.541
389,26,2.068
389,27,1.021
389,28,1.507
389,29,0.511
389,30,0.247
389,31,0.265
389,32,2.662
389,33,3.201
389,34,2.414
389,35,2.424
389,36,4.241
389,37,2.016
389,38,0.829
389,39,4.007
389,40,2.953
389,41,2.535
389,42,0.679
389,43,0.413
389,44,0.484
389,45,0.434
389,46,0.487
389,47,0.441
389,48,0.185
390,1,0.242
390,2,0.236
390,3,0.2
390,4,0.26
390,5,0.22
390,6,0.206
390,7,0.247
390,8,0.193
390,9,0.226
390,10,0.253
390,11,0.191
390,12,0.245
390,13,0.22
390,14,0.342
390,15,0.378
390,16,3.69
390,17,0.805
390,18,0.407
390,19,0.279
390,20,0.9
390,21,0.776
390,22,1.286
390,23,1.084
390,24,1.282
390,25,2.5
390,26,1.99
390,27,0.327
390,28,0.245
390,29,1.082
390,30,0.703
390,31,0.621
390,32,1.098
390,33,0.754
390,34,0.736
390,35,1.557
390,36,1.987
390,37,1.316
390,38,2.172
390,39,1.797
390,40,2.157
390,41,1.144
390,42,1.632
390,43,0.723
390,44,0.717
390,45,0.484
390,46,0.399
390,47,0.287
390,48,0.264
391,1,0.19
391,2,0.24
391,3,0.225
391,4,0.187
391,5,0.234
391,6,0.216
391,7,0.211
391,8,0.237
391,9,0.188
391,10,0.213
391,11,0.231
391,12,0.173
391,13,0.245
391,14,0.379
391,15,0.314
391,16,0.615
391,17,0.778
391,18,0.256
391,19,0.223
391,20,0.231
391,21,0.197
391,22,0.23
391,23,0.189
391,24,0.217
391,25,0.225
391,26,0.198
391,27,0.252
391,28,1.092
391,29,1.927
391,30,1.007
391,31,0.775
391,32,0.433
391,33,0.615
391,34,0.616
391,35,0.615
391,36,1.766
391,37,1.038
391,38,0.82
391,39,1.062
391,40,0.981
391,41,0.498
391,42,0.565
391,43,0.488
391,44,2.197
391,45,2.104
391,46,0.506
391,47,0.329
391,48,0.246
392,1,0.199
392,2,0.235
392,3,0.242
392,4,0.168
392,5,0.233
392,6,0.213
392,7,0.199
392,8,0.244
392,9,0.191
392,10,0.21
392,11,0.233
392,12,0.169
392,13,0.244
392,14,0.361
392,15,0.339
392,16,0.94
392,17,1.192
392,18,0.288
392,19,0.209
392,20,0.201
392,21,0.251
392,22,0.177
392,23,0.235
392,24,0.207
392,25,0.48
392,26,3.951
392,27,1.268
392,28,0.457
392,29,1.562
392,30,0.844
392,31,0.458
392,32,0.724
392,33,1.026
392,34,0.561
392,35,2.522
392,36,2.638
392,37,0.639
392,38,0.658
392,39,1.064
392,40,2.074
392,41,1.556
392,42,2.058
392,43,2.142
392,44,0.499
392,45,0.441
392,46,0.42
392,47,0.435
392,48,0.307
393,1,0.238
393,2,0.232
393,3,0.18
393,4,0.236
393,5,0.2
393,6,0.228
393,7,0.231
393,8,0.171
393,9,0.236
393,10,0.203
393,11,0.224
393,12,0.234
393,13,0.171
393,14,0.386
393,15,0.331
393,16,2.453
393,17,0.922
393,18,0.575
393,19,0.807
393,20,0.628
393,21,0.277
393,22,0.279
393,23,0.223
393,24,0.309
393,25,0.844
393,26,1.688
393,27,0.574
393,28,0.436
393,29,0.883
393,30,0.455
393,31,0.318
393,32,0.24
393,33,0.382
393,34,1.676
393,35,1.77
393,36,0.94
393,37,1.431
393,38,1.142
393,39,0.687
393,40,2.438
393,41,1.832
393,42,2.165
393,43,0.544
393,44,0.476
393,45,0.528
393,46,0.476
393,47,0.626
393,48,0.303
394,1,0.265
394,2,0.203
394,3,0.228
394,4,0.233
394,5,0.218
394,6,0.258
394,7,0.186
394,8,0.245
394,9,0.213
394,10,0.269
394,11,0.242
394,12,0.175
394,13,0.253
394,14,0.346
394,15,0.366
394,16,1.775
394,17,1.286
394,18,0.504
394,19,0.334
394,20,0.584
394,21,2.747
394,22,1.366
394,23,1.892
394,24,2.698
394,25,0.563
394,26,0.428
394,27,0.417
394,28,0.579
394,29,0.88
394,30,0.588
394,31,0.393
394,32,0.222
394,33,0.235
394,34,0.234
394,35,0.201
394,36,1.017
394,37,2.156
394,38,3.19
394,39,3.568
394,40,1.048
394,41,0.801
394,42,0.738
394,43,0.718
394,44,0.539
394,45,0.463
394,46,0.532
394,47,0.456
394,48,0.513
395,1,0.51
395,2,0.457
395,3,0.506
395,4,0.25
395,5,0.288
395,6,0.179
395,7,0.264
395,8,0.369
395,9,0.306
395,10,0.219
395,11,0.216
395,12,0.221
395,13,0.215
395,14,0.389
395,15,0.363
395,16,0.22
395,17,0.245
395,18,0.473
395,19,0.752
395,20,0.461
395,21,3.679
395,22,3.329
395,23,0.942
395,24,2.193
395,25,2.064
395,26,2.067
395,27,1.142
395,28,0.428
395,29,0.354
395,30,0.282
395,31,0.366
395,32,0.32
395,33,0.32
395,34,0.311
395,35,0.361
395,36,1.647
395,37,2.114
395,38,1.39
395,39,2.405
395,40,3.497
395,41,0.878
395,42,0.591
395,43,0.429
395,44,0.482
395,45,0.415
395,46,0.52
395,47,0.402
395,48,0.633
396,1,0.422
396,2,0.273
396,3,0.221
396,4,0.218
396,5,0.241
396,6,0.199
396,7,0.244
396,8,0.181
396,9,0.253
396,10,0.18
396,11,0.248
396,12,0.193
396,13,0.259
396,14,0.339
396,15,0.381
396,16,0.173
396,17,1.559
396,18,0.549
396,19,0.538
396,20,1.698
396,21,0.503
396,22,1.683
396,23,1.909
396,24,0.65
396,25,2.486
396,26,0.858
396,27,3.367
396,28,3.369
396,29,1.65
396,30,0.346
396,31,0.373
396,32,0.716
396,33,1.606
396,34,1.502
396,35,1.407
396,36,3.914
396,37,3.933
396,38,0.888
396,39,2.867
396,40,1.794
396,41,1.516
396,42,0.573
396,43,0.487
396,44,0.387
396,45,0.419
396,46,0.62
396,47,0.252
396,48,0.263
397,1,0.179
397,2,0.248
397,3,0.204
397,4,0.209
397,5,0.242
397,6,0.198
397,7,0.239
397,8,0.189
397,9,0.217
397,10,0.233
397,11,0.185
397,12,0.249
397,13,0.2
397,14,0.36
397,15,2.675
397,16,1.665
397,17,1.048
397,18,0.333
397,19,0.317
397,20,0.872
397,21,0.549
397,22,1.234
397,23,1.106
397,24,0.835
397,25,0.767
397,26,2.405
397,27,0.449
397,28,0.353
397,29,2.021
397,30,0.915
397,31,0.935
397,32,2.055
397,33,1.318
397,34,1.124
397,35,1.399
397,36,2.315
397,37,1.437
397,38,0.914
397,39,0.62
397,40,0.785
397,41,0.91
397,42,0.657
397,43,2.304
397,44,1.739
397,45,0.95
397,46,0.483
397,47,0.468
397,48,0.248
398,1,0.25
398,2,0.176
398,3,0.284
398,4,0.174
398,5,0.257
398,6,0.169
398,7,0.274
398,8,0.175
398,9,0.248
398,10,0.168
398,11,0.265
398,12,0.18
398,13,0.252
398,14,0.321
398,15,2.566
398,16,0.642
398,17,0.501
398,18,0.419
398,19,0.189
398,20,0.276
398,21,0.174
398,22,1.107
398,23,0.74
398,24,2.306
398,25,2.592
398,26,1.475
398,27,0.252
398,28,0.661
398,29,0.911
398,30,0.788
398,31,0.63
398,32,0.595
398,33,1.93
398,34,0.582
398,35,0.769
398,36,1.419
398,37,1.33
398,38,0.75
398,39,0.767
398,40,0.725
398,41,1.205
398,42,2.402
398,43,1.578
398,44,1.26
398,45,0.415
398,46,0.467
398,47,0.509
398,48,0.269
399,1,0.284
399,2,0.232
399,3,0.225
399,4,0.265
399,5,0.181
399,6,0.324
399,7,0.339
399,8,0.32
399,9,0.182
399,10,0.266
399,11,0.187
399,12,0.256
399,13,0.206
399,14,0.392
399,15,0.33
399,16,1.53
399,17,1.31
399,18,0.594
399,19,0.234
399,20,0.288
399,21,0.466
399,22,0.326
399,23,0.2
399,24,0.268
399,25,1.399
399,26,0.935
399,27,0.731
399,28,0.563
399,29,1.841
399,30,0.904
399,31,0.617
399,32,0.242
399,33,0.195
399,34,0.252
399,35,1.212
399,36,2.688
399,37,2.816
399,38,1.58
399,39,0.973
399,40,1.142
399,41,2.364
399,42,2.315
399,43,0.523
399,44,0.443
399,45,0.394
399,46,0.608
399,47,0.526
399,48,0.308
400,1,0.226
400,2,0.197
400,3,0.249
400,4,0.207
400,5,0.24
400,6,0.242
400,7,0.178
400,8,0.24
400,9,0.205
400,10,0.204
400,11,0.237
400,12,0.173
400,13,0.244
400,14,0.376
400,15,2.372
400,16,0.991
400,17,0.657
400,18,0.35
400,19,0.309
400,20,0.195
400,21,0.415
400,22,0.269
400,23,0.201
400,24,0.272
400,25,0.668
400,26,1.587
400,27,0.818
400,28,0.937
400,29,2.36
400,30,0.394
400,31,0.28
400,32,0.201
400,33,0.524
400,34,0.768
400,35,0.859
400,36,3.397
400,37,0.862
400,38,0.804
400,39,0.661
400,40,1.637
400,41,2.113
400,42,2.115
400,43,0.39
400,44,0.509
400,45,0.47
400,46,0.548
400,47,0.489
400,48,0.254
401,1,0.237
401,2,0.195
401,3,0.262
401,4,0.197
401,5,0.25
401,6,0.214
401,7,0.221
401,8,0.313
401,9,0.179
401,10,0.245
401,11,0.184
401,12,0.259
401,13,0.218
401,14,0.357
401,15,2.567
401,16,0.683
401,17,2.272
401,18,0.308
401,19,0.706
401,20,1.168
401,21,2.016
401,22,0.738
401,23,0.301
401,24,0.251
401,25,0.187
401,26,0.254
401,27,0.248
401,28,0.467
401,29,1.199
401,30,1.37
401,31,1.225
401,32,1.007
401,33,1.518
401,34,0.642
401,35,0.542
401,36,0.434
401,37,0.529
401,38,1.632
401,39,1.564
401,40,1.499
401,41,1.634
401,42,0.888
401,43,1.768
401,44,1.776
401,45,1.985
401,46,0.504
401,47,0.503
401,48,0.45
402,1,0.266
402,2,0.231
402,3,0.227
402,4,0.244
402,5,0.214
402,6,0.231
402,7,0.203
402,8,0.263
402,9,0.169
402,10,0.246
402,11,0.218
402,12,0.221
402,13,0.233
402,14,0.335
402,15,0.388
402,16,0.185
402,17,0.222
402,18,0.233
402,19,0.429
402,20,2.278
402,21,3.825
402,22,1.619
402,23,0.281
402,24,0.212
402,25,0.27
402,26,0.184
402,27,0.248
402,28,0.228
402,29,0.285
402,30,1.735
402,31,0.696
402,32,0.721
402,33,0.67
402,34,0.353
402,35,0.544
402,36,1.41
402,37,2.652
402,38,2.643
402,39,3.705
402,40,2.023
402,41,1.29
402,42,0.598
402,43,0.45
402,44,0.462
402,45,0.474
402,46,0.433
402,47,0.494
402,48,0.467
403,1,0.604
403,2,0.609
403,3,0.419
403,4,0.293
403,5,0.184
403,6,0.253
403,7,0.224
403,8,0.191
403,9,0.254
403,10,0.21
403,11,0.216
403,12,0.24
403,13,0.205
403,14,0.392
403,15,0.342
403,16,0.212
403,17,0.255
403,18,0.174
403,19,0.621
403,20,0.255
403,21,1.859
403,22,1.534
403,23,2.104
403,24,0.566
403,25,0.619
403,26,0.581
403,27,0.598
403,28,1.994
403,29,1.02
403,30,0.711
403,31,0.717
403,32,1.181
403,33,1.855
403,34,1.735
403,35,4.268
403,36,3.368
403,37,2.393
403,38,1.478
403,39,2.609
403,40,2.525
403,41,0.833
403,42,0.59
403,43,0.519
403,44,0.458
403,45,0.473
403,46,0.435
403,47,0.21
403,48,0.266
404,1,0.196
404,2,0.275
404,3,0.222
404,4,0.21
404,5,0.254
404,6,0.202
404,7,0.251
404,8,0.195
404,9,0.234
404,10,0.25
404,11,0.193
404,12,0.248
404,13,0.191
404,14,0.553
404,15,1.711
404,16,1.408
404,17,1.706
404,18,0.399
404,19,0.853
404,20,1.228
404,21,1.064
404,22,0.361
404,23,0.247
404,24,0.223
404,25,0.199
404,26,0.25
404,27,0.19
404,28,0.344
404,29,2.777
404,30,1.814
404,31,2.258
404,32,2.327
404,33,1.35
404,34,0.76
404,35,1.26
404,36,1.388
404,37,1.731
404,38,1.019
404,39,1.0
404,40,2.426
404,41,2.41
404,42,0.71
404,43,0.442
404,44,0.482
404,45,0.53
404,46,0.436
404,47,0.484
404,48,0.43
405,1,0.366
405,2,0.26
405,3,0.182
405,4,0.239
405,5,0.21
405,6,0.214
405,7,0.256
405,8,0.17
405,9,0.294
405,10,0.218
405,11,0.208
405,12,0.246
405,13,0.194
405,14,0.373
405,15,0.358
405,16,2.411
405,17,1.046
405,18,0.274
405,19,0.208
405,20,0.236
405,21,0.481
405,22,0.375
405,23,1.257
405,24,0.608
405,25,0.572
405,26,0.783
405,27,1.091
405,28,1.938
405,29,0.765
405,30,1.369
405,31,1.746
405,32,0.624
405,33,0.639
405,34,0.541
405,35,0.428
405,36,1.593
405,37,2.2
405,38,1.761
405,39,1.657
405,40,3.909
405,41,2.434
405,42,0.688
405,43,0.481
405,44,0.402
405,45,0.471
405,46,0.422
405,47,0.4
405,48,0.497
406,1,0.205
406,2,0.239
406,3,0.223
406,4,0.187
406,5,0.245
406,6,0.187
406,7,0.229
406,8,0.209
406,9,0.193
406,10,0.241
406,11,0.187
406,12,0.19
406,13,0.241
406,14,0.361
406,15,2.604
406,16,1.066
406,17,1.261
406,18,1.519
406,19,0.464
406,20,0.309
406,21,0.331
406,22,0.247
406,23,0.316
406,24,0.25
406,25,0.404
406,26,0.364
406,27,0.257
406,28,0.196
406,29,2.498
406,30,0.663
406,31,0.693
406,32,0.686
406,33,0.466
406,34,1.98
406,35,0.651
406,36,0.875
406,37,0.7
406,38,3.09
406,39,1.203
406,40,0.578
406,41,1.462
406,42,0.749
406,43,0.495
406,44,0.448
406,45,0.464
406,46,0.531
406,47,1.833
406,48,1.334
407,1,1.251
407,2,0.248
407,3,0.183
407,4,0.225
407,5,0.221
407,6,0.224
407,7,0.181
407,8,0.168
407,9,0.22
407,10,0.224
407,11,0.227
407,12,0.199
407,13,0.181
407,14,0.317
407,15,2.501
407,16,0.885
407,17,0.785
407,18,0.35
407,19,0.198
407,20,0.17
407,21,0.231
407,22,0.228
407,23,0.221
407,24,0.194
407,25,0.172
407,26,0.224
407,27,0.279
407,28,0.206
407,29,1.098
407,30,0.819
407,31,0.358
407,32,0.366
407,33,0.349
407,34,0.722
407,35,0.653
407,36,1.561
407,37,0.879
407,38,1.722
407,39,0.69
407,40,0.701
407,41,1.134
407,42,0.75
407,43,0.458
407,44,0.513
407,45,0.477
407,46,0.492
407,47,0.431
407,48,0.394
408,1,2.068
408,2,1.815
408,3,0.313
408,4,0.262
408,5,0.205
408,6,0.203
408,7,0.307
408,8,0.263
408,9,0.302
408,10,0.189
408,11,0.249
408,12,0.175
408,13,0.185
408,14,0.348
408,15,0.407
408,16,1.46
408,17,1.943
408,18,0.742
408,19,0.599
408,20,2.259
408,21,0.545
408,22,0.234
408,23,0.202
408,24,0.205
408,25,0.234
408,26,0.17
408,27,0.184
408,28,1.023
408,29,0.688
408,30,1.004
408,31,2.986
408,32,2.379
408,33,0.426
408,34,0.379
408,35,0.296
408,36,0.403
408,37,0.676
408,38,5.057
408,39,2.089
408,40,2.825
408,41,1.594
408,42,0.733
408,43,1.736
408,44,1.591
408,45,2.075
408,46,0.51
408,47,0.495
408,48,0.467
409,1,0.492
409,2,0.477
409,3,0.197
409,4,0.248
409,5,0.232
409,6,0.246
409,7,0.238
409,8,0.223
409,9,0.183
409,10,0.231
409,11,0.207
409,12,0.201
409,13,0.297
409,14,0.323
409,15,0.309
409,16,0.265
409,17,0.209
409,18,0.206
409,19,0.571
409,20,0.432
409,21,2.645
409,22,2.751
409,23,1.366
409,24,2.864
409,25,0.664
409,26,0.22
409,27,0.223
409,28,0.244
409,29,0.195
409,30,0.224
409,31,0.24
409,32,0.182
409,33,0.235
409,34,0.55
409,35,2.624
409,36,2.359
409,37,2.63
409,38,3.56
409,39,2.566
409,40,1.166
409,41,0.905
409,42,1.071
409,43,3.643
409,44,2.544
409,45,1.044
409,46,1.053
409,47,2.402
409,48,0.99
410,1,0.405
410,2,0.433
410,3,0.288
410,4,0.216
410,5,0.244
410,6,0.198
410,7,0.221
410,8,0.239
410,9,0.208
410,10,0.256
410,11,0.226
410,12,0.179
410,13,0.251
410,14,0.37
410,15,0.323
410,16,0.236
410,17,0.181
410,18,0.373
410,19,0.808
410,20,2.876
410,21,0.235
410,22,2.561
410,23,3.122
410,24,0.928
410,25,1.31
410,26,1.88
410,27,0.455
410,28,0.544
410,29,1.943
410,30,2.282
410,31,1.642
410,32,1.868
410,33,0.594
410,34,0.692
410,35,0.894
410,36,5.272
410,37,0.767
410,38,0.369
410,39,0.355
410,40,0.397
410,41,0.359
410,42,0.366
410,43,0.267
410,44,0.695
410,45,0.563
410,46,0.774
410,47,0.564
410,48,0.331
411,1,0.215
411,2,0.2
411,3,0.235
411,4,0.204
411,5,0.258
411,6,0.314
411,7,0.194
411,8,0.216
411,9,0.278
411,10,0.206
411,11,0.229
411,12,0.242
411,13,0.189
411,14,0.384
411,15,2.079
411,16,1.928
411,17,0.639
411,18,0.414
411,19,0.238
411,20,0.428
411,21,1.215
411,22,0.932
411,23,0.86
411,24,0.943
411,25,1.729
411,26,0.485
411,27,0.472
411,28,2.876
411,29,2.455
411,30,0.909
411,31,0.739
411,32,3.311
411,33,2.712
411,34,2.051
411,35,1.553
411,36,2.452
411,37,1.091
411,38,0.73
411,39,1.048
411,40,1.179
411,41,0.704
411,42,0.695
411,43,0.497
411,44,2.346
411,45,2.062
411,46,0.763
411,47,0.277
411,48,0.235
412,1,0.201
412,2,0.26
412,3,0.208
412,4,0.242
412,5,0.241
412,6,0.19
412,7,0.25
412,8,0.209
412,9,0.221
412,10,0.248
412,11,0.182
412,12,0.253
412,13,0.239
412,14,0.349
412,15,2.336
412,16,0.425
412,17,0.491
412,18,0.606
412,19,0.428
412,20,0.92
412,21,0.564
412,22,2.322
412,23,2.338
412,24,0.366
412,25,0.863
412,26,2.276
412,27,1.038
412,28,1.849
412,29,2.239
412,30,0.552
412,31,0.759
412,32,1.692
412,33,0.436
412,34,0.263
412,35,0.929
412,36,2.492
412,37,2.828
412,38,0.897
412,39,2.14
412,40,1.734
412,41,2.669
412,42,1.964
412,43,0.928
412,44,0.429
412,45,0.713
412,46,0.527
412,47,0.481
412,48,0.297
413,1,0.173
413,2,0.252
413,3,0.2
413,4,0.229
413,5,0.242
413,6,0.194
413,7,0.245
413,8,0.18
413,9,0.237
413,10,0.213
413,11,0.213
413,12,0.253
413,13,0.178
413,14,0.387
413,15,0.335
413,16,0.289
413,17,2.504
413,18,0.782
413,19,0.256
413,20,0.178
413,21,0.233
413,22,0.208
413,23,0.202
413,24,0.245
413,25,0.805
413,26,1.14
413,27,0.711
413,28,0.517
413,29,0.869
413,30,0.631
413,31,2.009
413,32,1.321
413,33,0.556
413,34,0.368
413,35,0.831
413,36,0.631
413,37,2.284
413,38,0.951
413,39,1.731
413,40,1.887
413,41,1.988
413,42,2.297
413,43,0.683
413,44,0.514
413,45,0.483
413,46,0.397
413,47,0.475
413,48,0.224
414,1,0.231
414,2,0.24
414,3,0.198
414,4,0.396
414,5,0.275
414,6,0.255
414,7,0.223
414,8,0.199
414,9,0.243
414,10,0.175
414,11,0.241
414,12,0.208
414,13,0.227
414,14,0.394
414,15,1.954
414,16,0.465
414,17,0.185
414,18,0.26
414,19,0.562
414,20,0.215
414,21,1.53
414,22,0.848
414,23,1.919
414,24,1.642
414,25,0.373
414,26,0.314
414,27,0.224
414,28,0.225
414,29,0.207
414,30,0.223
414,31,0.218
414,32,0.179
414,33,0.234
414,34,0.277
414,35,0.785
414,36,0.849
414,37,1.345
414,38,0.967
414,39,1.289
414,40,2.307
414,41,2.391
414,42,1.029
414,43,0.688
414,44,0.651
414,45,0.614
414,46,0.635
414,47,0.543
414,48,0.439
415,1,0.306
415,2,0.176
415,3,0.247
415,4,0.204
415,5,0.212
415,6,0.23
415,7,0.182
415,8,0.247
415,9,0.182
415,10,0.236
415,11,0.211
415,12,0.208
415,13,0.215
415,14,0.37
415,15,0.348
415,16,2.062
415,17,0.478
415,18,0.767
415,19,0.558
415,20,0.981
415,21,1.295
415,22,1.517
415,23,1.617
415,24,0.732
415,25,0.741
415,26,1.086
415,27,0.638
415,28,0.823
415,29,2.209
415,30,1.684
415,31,0.972
415,32,0.215
415,33,0.241
415,34,0.193
415,35,0.262
415,36,0.555
415,37,0.431
415,38,0.363
415,39,0.315
415,40,0.369
415,41,0.317
415,42,0.355
415,43,0.222
415,44,0.204
415,45,0.252
415,46,0.181
415,47,0.305
415,48,0.215
