213,1,0.465
213,2,0.632
213,3,0.674
213,4,0.587
213,5,0.248
213,6,0.151
213,7,0.151
213,8,0.149
213,9,0.149
213,10,0.148
213,11,0.148
213,12,0.151
213,13,0.149
213,14,0.147
213,15,0.147
213,16,0.145
213,17,0.144
213,18,0.145
213,19,0.146
213,20,0.145
213,21,0.142
213,22,0.147
213,23,0.147
213,24,0.383
213,25,0.158
213,26,1.011
213,27,1.207
213,28,0.15
213,29,0.175
213,30,2.717
213,31,0.771
213,32,0.209
213,33,0.203
213,34,0.206
213,35,0.272
213,36,0.227
213,37,0.338
213,38,0.575
213,39,0.44
213,40,0.393
213,41,0.541
213,42,0.43
213,43,0.426
213,44,2.858
213,45,0.526
213,46,0.484
213,47,0.436
213,48,0.401
214,1,0.406
214,2,0.407
214,3,0.827
214,4,0.569
214,5,0.406
214,6,0.179
214,7,0.179
214,8,0.177
214,9,0.176
214,10,0.181
214,11,0.176
214,12,0.177
214,13,0.176
214,14,0.176
214,15,0.175
214,16,0.174
214,17,0.17
214,18,0.173
214,19,0.169
214,20,0.167
214,21,0.354
214,22,0.168
214,23,0.167
214,24,0.166
214,25,0.259
214,26,0.168
214,27,0.545
214,28,0.287
214,29,1.568
214,30,0.539
214,31,0.315
214,32,0.321
214,33,0.297
214,34,0.315
214,35,0.313
214,36,0.32
214,37,0.648
214,38,1.501
214,39,0.862
214,40,0.547
214,41,0.39
214,42,0.355
214,43,0.317
214,44,0.283
214,45,0.278
214,46,0.95
214,47,1.684
214,48,1.401
215,1,0.473
215,2,0.616
215,3,0.622
215,4,0.367
215,5,0.153
215,6,0.153
215,7,0.153
215,8,0.152
215,9,0.152
215,10,0.151
215,11,0.15
215,12,0.152
215,13,0.152
215,14,0.151
215,15,0.15
215,16,0.149
215,17,0.148
215,18,0.149
215,19,0.147
215,20,0.146
215,21,0.147
215,22,0.151
215,23,0.146
215,24,0.14
215,25,0.156
215,26,0.147
215,27,0.355
215,28,0.552
215,29,0.346
215,30,0.348
215,31,0.264
215,32,0.625
215,33,0.224
215,34,0.204
215,35,0.191
215,36,0.197
215,37,0.24
215,38,0.857
215,39,0.655
215,40,0.398
215,41,0.205
215,42,0.212
215,43,0.25
215,44,0.356
215,45,0.405
215,46,0.524
215,47,0.5
215,48,0.531
216,1,0.849
216,2,0.634
216,3,0.586
216,4,0.237
216,5,0.177
216,6,0.153
216,7,0.152
216,8,0.152
216,9,0.152
216,10,0.151
216,11,0.15
216,12,0.153
216,13,0.149
216,14,0.145
216,15,0.145
216,16,0.141
216,17,0.14
216,18,0.269
216,19,0.144
216,20,0.153
216,21,0.152
216,22,0.166
216,23,0.323
216,24,0.156
216,25,0.155
216,26,0.156
216,27,1.14
216,28,0.519
216,29,0.595
216,30,0.203
216,31,0.162
216,32,0.157
216,33,0.366
216,34,0.152
216,35,0.155
216,36,0.154
216,37,1.418
216,38,1.072
216,39,0.838
216,40,0.363
216,41,0.287
216,42,0.29
216,43,0.228
216,44,0.256
216,45,0.252
216,46,0.873
216,47,3.883
216,48,0.645
217,1,0.748
217,2,0.519
217,3,0.155
217,4,0.162
217,5,0.16
217,6,0.159
217,7,0.159
217,8,0.159
217,9,0.158
217,10,0.158
217,11,0.158
217,12,0.158
217,13,0.149
217,14,0.147
217,15,0.145
217,16,0.378
217,17,0.148
217,18,0.151
217,19,0.153
217,20,0.411
217,21,0.159
217,22,0.157
217,23,0.153
217,24,0.154
217,25,0.157
217,26,0.191
217,27,0.874
217,28,0.203
217,29,0.143
217,30,0.476
217,31,1.302
217,32,1.257
217,33,1.124
217,34,1.21
217,35,0.622
217,36,0.151
217,37,2.01
217,38,0.698
217,39,0.457
217,40,0.274
217,41,0.212
217,42,0.191
217,43,0.17
217,44,0.273
217,45,0.395
217,46,0.415
217,47,0.413
217,48,0.43
218,1,0.677
218,2,0.508
218,3,2.978
218,4,0.159
218,5,0.16
218,6,0.159
218,7,0.158
218,8,0.157
218,9,0.157
218,10,0.157
218,11,0.147
218,12,0.147
218,13,0.146
218,14,0.147
218,15,0.153
218,16,0.485
218,17,0.156
218,18,0.156
218,19,0.154
218,20,0.156
218,21,0.156
218,22,0.156
218,23,0.166
218,24,0.32
218,25,2.78
218,26,2.353
218,27,0.18
218,28,0.169
218,29,0.148
218,30,0.149
218,31,0.41
218,32,0.147
218,33,0.144
218,34,1.759
218,35,0.157
218,36,0.216
218,37,1.726
218,38,0.431
218,39,0.38
218,40,0.249
218,41,0.215
218,42,0.211
218,43,0.226
218,44,0.343
218,45,0.549
218,46,0.554
218,47,0.487
218,48,0.452
219,1,0.709
219,2,0.483
219,3,0.52
219,4,0.384
219,5,0.144
219,6,0.144
219,7,0.153
219,8,0.155
219,9,0.153
219,10,0.153
219,11,0.153
219,12,0.154
219,13,0.156
219,14,0.154
219,15,0.153
219,16,0.152
219,17,0.144
219,18,0.14
219,19,2.538
219,20,0.145
219,21,0.503
219,22,0.261
219,23,0.216
219,24,0.152
219,25,0.154
219,26,0.154
219,27,0.153
219,28,0.154
219,29,0.378
219,30,0.717
219,31,0.201
219,32,0.211
219,33,0.344
219,34,0.163
219,35,0.152
219,36,0.19
219,37,2.258
219,38,2.018
219,39,0.202
219,40,0.341
219,41,0.212
219,42,0.213
219,43,0.291
219,44,0.552
219,45,0.721
219,46,0.714
219,47,0.71
219,48,0.691
220,1,0.621
220,2,0.648
220,3,0.645
220,4,0.519
220,5,0.165
220,6,0.157
220,7,0.156
220,8,0.155
220,9,0.154
220,10,0.142
220,11,0.14
220,12,0.14
220,13,0.147
220,14,0.152
220,15,0.152
220,16,0.151
220,17,0.149
220,18,0.148
220,19,0.148
220,20,0.15
220,21,0.142
220,22,0.414
220,23,0.239
220,24,0.143
220,25,1.783
220,26,1.059
220,27,0.165
220,28,1.674
220,29,0.149
220,30,0.376
220,31,0.239
220,32,0.193
220,33,0.191
220,34,0.154
220,35,0.138
220,36,0.152
220,37,0.2
220,38,2.056
220,39,2.042
220,40,0.242
220,41,0.241
220,42,0.248
220,43,0.221
220,44,0.392
220,45,2.488
220,46,0.489
220,47,0.405
220,48,0.388
221,1,0.389
221,2,0.381
221,3,0.38
221,4,0.602
221,5,0.45
221,6,0.335
221,7,0.22
221,8,0.16
221,9,0.16
221,10,0.16
221,11,0.159
221,12,0.157
221,13,0.143
221,14,0.138
221,15,0.147
221,16,0.154
221,17,0.152
221,18,0.155
221,19,0.154
221,20,0.196
221,21,0.413
221,22,0.143
221,23,0.139
221,24,0.145
221,25,0.153
221,26,0.153
221,27,0.287
221,28,0.156
221,29,0.171
221,30,1.666
221,31,2.189
221,32,1.471
221,33,0.357
221,34,0.308
221,35,0.298
221,36,0.295
221,37,0.391
221,38,0.234
221,39,0.24
221,40,0.219
221,41,0.223
221,42,0.238
221,43,0.197
221,44,0.186
221,45,0.186
221,46,0.572
221,47,1.982
221,48,1.598
222,1,0.613
222,2,0.547
222,3,0.752
222,4,0.357
222,5,0.137
222,6,0.158
222,7,0.156
222,8,0.155
222,9,0.154
222,10,0.153
222,11,0.139
222,12,0.134
222,13,0.143
222,14,0.154
222,15,0.153
222,16,0.15
222,17,0.152
222,18,0.152
222,19,0.146
222,20,0.321
222,21,0.134
222,22,0.625
222,23,0.357
222,24,0.198
222,25,0.262
222,26,0.707
222,27,1.039
222,28,1.056
222,29,0.159
222,30,0.165
222,31,0.155
222,32,0.14
222,33,0.138
222,34,0.177
222,35,0.364
222,36,0.313
222,37,1.58
222,38,1.192
222,39,0.329
222,40,0.291
222,41,0.198
222,42,0.322
222,43,0.386
222,44,0.263
222,45,0.406
222,46,0.46
222,47,0.496
222,48,0.538
223,1,0.803
223,2,0.559
223,3,0.54
223,4,0.276
223,5,0.154
223,6,0.154
223,7,0.151
223,8,0.138
223,9,0.13
223,10,0.15
223,11,0.149
223,12,0.151
223,13,0.153
223,14,0.152
223,15,0.14
223,16,0.126
223,17,0.138
223,18,0.15
223,19,0.424
223,20,0.158
223,21,0.441
223,22,0.149
223,23,0.15
223,24,0.134
223,25,0.133
223,26,0.513
223,27,0.549
223,28,0.681
223,29,0.154
223,30,0.159
223,31,0.165
223,32,0.152
223,33,0.146
223,34,0.403
223,35,0.202
223,36,0.267
223,37,0.728
223,38,1.551
223,39,0.245
223,40,0.455
223,41,0.218
223,42,0.189
223,43,0.305
223,44,1.333
223,45,1.552
223,46,1.451
223,47,4.018
223,48,0.929
224,1,0.645
224,2,0.585
224,3,0.567
224,4,0.247
224,5,0.131
224,6,0.133
224,7,0.156
224,8,0.156
224,9,0.156
224,10,0.149
224,11,0.127
224,12,0.139
224,13,0.156
224,14,0.153
224,15,0.24
224,16,0.534
224,17,0.139
224,18,0.126
224,19,0.149
224,20,0.153
224,21,0.155
224,22,0.155
224,23,0.136
224,24,0.124
224,25,0.15
224,26,0.151
224,27,0.152
224,28,0.151
224,29,0.138
224,30,0.124
224,31,0.151
224,32,0.153
224,33,0.153
224,34,0.152
224,35,0.133
224,36,0.124
224,37,0.15
224,38,0.959
224,39,0.956
224,40,0.211
224,41,1.07
224,42,0.49
224,43,0.317
224,44,0.373
224,45,0.595
224,46,0.584
224,47,0.712
224,48,0.821
225,1,0.77
225,2,0.728
225,3,0.69
225,4,0.706
225,5,0.725
225,6,0.722
225,7,0.718
225,8,0.242
225,9,0.121
225,10,0.15
225,11,0.152
225,12,0.152
225,13,0.155
225,14,0.12
225,15,0.14
225,16,0.149
225,17,0.527
225,18,0.155
225,19,0.127
225,20,0.134
225,21,0.15
225,22,0.148
225,23,0.148
225,24,0.124
225,25,0.133
225,26,0.152
225,27,0.149
225,28,0.149
225,29,0.127
225,30,0.13
225,31,0.153
225,32,0.151
225,33,0.15
225,34,0.133
225,35,0.123
225,36,0.149
225,37,0.149
225,38,0.871
225,39,0.701
225,40,0.293
225,41,0.191
225,42,0.16
225,43,0.166
225,44,0.302
225,45,0.693
225,46,0.407
225,47,0.51
225,48,0.506
226,1,0.498
226,2,0.478
226,3,0.155
226,4,0.151
226,5,0.118
226,6,0.146
226,7,0.154
226,8,0.152
226,9,0.152
226,10,0.118
226,11,0.154
226,12,0.152
226,13,0.153
226,14,0.134
226,15,0.124
226,16,0.15
226,17,0.489
226,18,0.153
226,19,0.129
226,20,0.128
226,21,0.152
226,22,0.15
226,23,0.144
226,24,0.152
226,25,0.322
226,26,0.132
226,27,0.221
226,28,0.153
226,29,0.221
226,30,0.366
226,31,0.207
226,32,0.224
226,33,0.158
226,34,0.213
226,35,0.298
226,36,0.231
226,37,0.255
226,38,1.162
226,39,0.3
226,40,0.294
226,41,0.262
226,42,0.322
226,43,0.442
226,44,0.489
226,45,0.554
226,46,0.567
226,47,0.58
226,48,0.581
227,1,0.581
227,2,0.561
227,3,0.628
227,4,1.155
227,5,2.936
227,6,0.166
227,7,0.132
227,8,0.142
227,9,0.167
227,10,0.161
227,11,0.143
227,12,0.124
227,13,0.159
227,14,0.161
227,15,0.166
227,16,0.12
227,17,0.142
227,18,0.157
227,19,0.156
227,20,0.143
227,21,0.118
227,22,0.154
227,23,3.824
227,24,0.889
227,25,0.203
227,26,0.472
227,27,0.551
227,28,0.229
227,29,0.159
227,30,0.554
227,31,0.469
227,32,0.165
227,33,0.163
227,34,0.16
227,35,0.126
227,36,0.139
227,37,0.206
227,38,0.883
227,39,2.04
227,40,0.192
227,41,0.197
227,42,0.35
227,43,0.847
227,44,0.933
227,45,0.581
227,46,0.442
227,47,0.438
227,48,0.382
228,1,0.388
228,2,0.37
228,3,0.363
228,4,0.391
228,5,0.385
228,6,0.522
228,7,0.289
228,8,0.168
228,9,0.175
228,10,0.175
228,11,0.145
228,12,0.152
228,13,0.175
228,14,0.176
228,15,0.163
228,16,0.136
228,17,0.174
228,18,0.173
228,19,0.171
228,20,0.134
228,21,0.422
228,22,0.165
228,23,0.171
228,24,0.171
228,25,0.5
228,26,0.769
228,27,1.826
228,28,1.546
228,29,0.428
228,30,0.182
228,31,0.149
228,32,0.223
228,33,0.203
228,34,0.222
228,35,0.22
228,36,0.187
228,37,0.193
228,38,0.965
228,39,1.349
228,40,0.615
228,41,0.474
228,42,0.328
228,43,0.417
228,44,0.389
228,45,0.39
228,46,0.428
228,47,0.431
228,48,0.492
229,1,0.697
229,2,0.55
229,3,0.531
229,4,0.475
229,5,0.171
229,6,0.168
229,7,0.15
229,8,0.131
229,9,0.165
229,10,0.165
229,11,0.146
229,12,0.125
229,13,0.164
229,14,0.164
229,15,0.147
229,16,0.25
229,17,0.372
229,18,0.161
229,19,0.143
229,20,0.121
229,21,0.159
229,22,0.292
229,23,0.2
229,24,0.127
229,25,0.163
229,26,0.578
229,27,0.195
229,28,0.262
229,29,0.381
229,30,0.163
229,31,0.164
229,32,0.148
229,33,0.114
229,34,0.159
229,35,0.158
229,36,0.508
229,37,0.311
229,38,1.922
229,39,0.227
229,40,0.457
229,41,0.185
229,42,1.66
229,43,1.724
229,44,0.762
229,45,0.578
229,46,0.648
229,47,0.642
229,48,0.848
230,1,0.575
230,2,0.585
230,3,0.258
230,4,0.192
230,5,0.167
230,6,0.132
230,7,0.179
230,8,0.178
230,9,0.141
230,10,0.143
230,11,0.175
230,12,0.171
230,13,0.122
230,14,0.162
230,15,0.169
230,16,0.458
230,17,0.138
230,18,0.169
230,19,0.168
230,20,0.117
230,21,0.159
230,22,0.176
230,23,0.145
230,24,0.132
230,25,0.186
230,26,0.23
230,27,2.144
230,28,0.355
230,29,0.17
230,30,0.145
230,31,0.247
230,32,0.169
230,33,0.169
230,34,0.138
230,35,0.134
230,36,0.165
230,37,0.255
230,38,2.352
230,39,0.345
230,40,0.247
230,41,0.36
230,42,0.225
230,43,0.34
230,44,0.474
230,45,0.511
230,46,0.509
230,47,0.871
230,48,2.576
231,1,1.985
231,2,0.513
231,3,0.187
231,4,0.168
231,5,0.112
231,6,0.166
231,7,0.167
231,8,0.131
231,9,0.146
231,10,0.167
231,11,0.151
231,12,0.125
231,13,0.167
231,14,0.167
231,15,0.113
231,16,0.432
231,17,0.237
231,18,0.371
231,19,0.155
231,20,0.169
231,21,0.167
231,22,0.111
231,23,0.165
231,24,0.602
231,25,0.144
231,26,0.196
231,27,0.497
231,28,0.313
231,29,0.125
231,30,0.177
231,31,0.172
231,32,0.244
231,33,0.205
231,34,0.194
231,35,0.154
231,36,0.122
231,37,2.005
231,38,2.187
231,39,1.279
231,40,1.195
231,41,0.263
231,42,0.313
231,43,0.439
231,44,0.464
231,45,0.47
231,46,0.4
231,47,0.603
231,48,0.76
232,1,0.51
232,2,3.88
232,3,0.201
232,4,0.13
232,5,0.176
232,6,0.176
232,7,0.117
232,8,0.162
232,9,0.172
232,10,0.135
232,11,0.148
232,12,0.169
232,13,0.14
232,14,0.139
232,15,0.168
232,16,0.148
232,17,0.383
232,18,0.17
232,19,0.167
232,20,0.397
232,21,0.164
232,22,0.169
232,23,0.135
232,24,0.142
232,25,0.168
232,26,0.148
232,27,0.39
232,28,0.151
232,29,0.168
232,30,0.142
232,31,0.133
232,32,0.168
232,33,0.16
232,34,0.117
232,35,0.167
232,36,0.163
232,37,1.524
232,38,1.35
232,39,0.406
232,40,0.367
232,41,0.277
232,42,0.305
232,43,0.346
232,44,0.379
232,45,0.428
232,46,0.424
232,47,0.395
232,48,0.694
233,1,0.557
233,2,0.545
233,3,0.445
233,4,0.171
233,5,0.108
233,6,0.168
233,7,0.176
233,8,0.113
233,9,0.161
233,10,0.165
233,11,0.119
233,12,0.152
233,13,0.165
233,14,0.127
233,15,0.144
233,16,0.157
233,17,0.131
233,18,0.135
233,19,1.444
233,20,1.798
233,21,0.129
233,22,0.158
233,23,0.151
233,24,0.116
233,25,0.162
233,26,0.157
233,27,1.465
233,28,0.849
233,29,0.168
233,30,0.122
233,31,0.148
233,32,0.163
233,33,0.129
233,34,0.142
233,35,0.159
233,36,0.133
233,37,0.138
233,38,0.264
233,39,0.866
233,40,1.392
233,41,0.217
233,42,0.37
233,43,0.218
233,44,0.294
233,45,0.634
233,46,0.568
233,47,0.621
233,48,0.6
234,1,0.577
234,2,0.626
234,3,0.625
234,4,0.588
234,5,0.605
234,6,0.544
234,7,0.304
234,8,0.144
234,9,0.165
234,10,0.13
234,11,0.14
234,12,0.162
234,13,0.136
234,14,0.139
234,15,0.163
234,16,0.136
234,17,0.132
234,18,0.163
234,19,0.142
234,20,0.557
234,21,0.361
234,22,0.162
234,23,0.261
234,24,0.521
234,25,0.257
234,26,0.22
234,27,0.196
234,28,0.298
234,29,0.136
234,30,0.164
234,31,0.136
234,32,0.13
234,33,0.159
234,34,0.133
234,35,0.13
234,36,0.164
234,37,0.227
234,38,2.546
234,39,1.849
234,40,0.345
234,41,0.429
234,42,0.453
234,43,0.463
234,44,0.492
234,45,0.744
234,46,0.475
234,47,0.365
234,48,0.421
235,1,0.425
235,2,0.373
235,3,0.549
235,4,0.555
235,5,0.162
235,6,0.166
235,7,0.161
235,8,0.112
235,9,0.165
235,10,0.157
235,11,0.114
235,12,0.164
235,13,0.156
235,14,0.127
235,15,0.165
235,16,0.154
235,17,0.115
235,18,0.163
235,19,0.153
235,20,0.116
235,21,0.335
235,22,0.171
235,23,0.114
235,24,0.156
235,25,0.163
235,26,0.105
235,27,0.164
235,28,0.355
235,29,0.122
235,30,0.257
235,31,0.219
235,32,1.108
235,33,1.66
235,34,1.04
235,35,0.97
235,36,1.045
235,37,1.152
235,38,0.673
235,39,0.222
235,40,0.448
235,41,0.19
235,42,1.584
235,43,0.405
235,44,0.34
235,45,0.38
235,46,0.526
235,47,3.134
235,48,0.883
236,1,0.539
236,2,0.486
236,3,0.507
236,4,0.5
236,5,0.132
236,6,0.173
236,7,0.16
236,8,0.133
236,9,0.169
236,10,0.147
236,11,0.129
236,12,0.166
236,13,0.136
236,14,0.14
236,15,0.164
236,16,0.283
236,17,0.173
236,18,0.265
236,19,0.292
236,20,0.146
236,21,0.166
236,22,0.133
236,23,0.183
236,24,0.217
236,25,0.156
236,26,0.186
236,27,0.225
236,28,0.134
236,29,0.165
236,30,0.175
236,31,0.118
236,32,0.205
236,33,0.347
236,34,0.163
236,35,0.214
236,36,0.206
236,37,0.421
236,38,0.901
236,39,0.326
236,40,0.168
236,41,0.218
236,42,0.218
236,43,0.38
236,44,0.426
236,45,0.404
236,46,0.401
236,47,0.468
236,48,0.747
237,1,0.509
237,2,0.536
237,3,0.277
237,4,0.131
237,5,0.161
237,6,0.111
237,7,0.156
237,8,0.158
237,9,0.105
237,10,0.157
237,11,0.134
237,12,0.128
237,13,0.158
237,14,0.108
237,15,0.158
237,16,0.15
237,17,0.365
237,18,0.155
237,19,0.309
237,20,0.135
237,21,0.388
237,22,0.317
237,23,0.554
237,24,0.328
237,25,0.119
237,26,0.164
237,27,0.353
237,28,0.373
237,29,0.168
237,30,0.182
237,31,0.123
237,32,0.282
237,33,0.2
237,34,0.111
237,35,0.177
237,36,0.194
237,37,1.508
237,38,0.824
237,39,0.645
237,40,0.443
237,41,0.219
237,42,0.254
237,43,0.374
237,44,0.428
237,45,0.435
237,46,0.43
237,47,0.464
237,48,0.65
238,1,0.457
238,2,0.597
238,3,3.697
238,4,0.166
238,5,0.158
238,6,0.122
238,7,0.166
238,8,0.12
238,9,0.152
238,10,0.166
238,11,0.107
238,12,0.166
238,13,0.127
238,14,0.147
238,15,0.165
238,16,0.105
238,17,0.416
238,18,0.201
238,19,0.112
238,20,0.165
238,21,0.122
238,22,0.148
238,23,0.164
238,24,0.113
238,25,2.224
238,26,4.014
238,27,0.22
238,28,0.322
238,29,0.121
238,30,0.147
238,31,0.161
238,32,0.256
238,33,0.232
238,34,0.127
238,35,1.322
238,36,1.197
238,37,1.301
238,38,1.274
238,39,0.634
238,40,0.524
238,41,1.19
238,42,0.262
238,43,0.489
238,44,0.462
238,45,0.404
238,46,0.579
238,47,0.626
238,48,0.841
239,1,0.71
239,2,0.468
239,3,0.204
239,4,0.232
239,5,0.122
239,6,0.156
239,7,0.169
239,8,0.109
239,9,0.168
239,10,0.144
239,11,0.129
239,12,0.166
239,13,0.112
239,14,0.163
239,15,0.164
239,16,0.314
239,17,0.253
239,18,0.134
239,19,0.138
239,20,0.163
239,21,0.336
239,22,0.209
239,23,0.165
239,24,0.11
239,25,0.922
239,26,1.264
239,27,0.397
239,28,0.168
239,29,0.143
239,30,0.133
239,31,0.165
239,32,0.108
239,33,0.165
239,34,0.154
239,35,0.116
239,36,0.164
239,37,0.397
239,38,1.205
239,39,0.988
239,40,0.161
239,41,0.54
239,42,0.398
239,43,0.491
239,44,0.618
239,45,0.549
239,46,0.603
239,47,0.623
239,48,0.722
240,1,0.579
240,2,0.55
240,3,0.511
240,4,0.181
240,5,0.117
240,6,0.165
240,7,0.166
240,8,0.121
240,9,0.17
240,10,0.13
240,11,0.149
240,12,0.168
240,13,0.109
240,14,0.169
240,15,0.141
240,16,0.133
240,17,0.414
240,18,0.108
240,19,0.166
240,20,0.143
240,21,4.003
240,22,0.431
240,23,0.116
240,24,0.159
240,25,0.159
240,26,0.111
240,27,0.162
240,28,0.167
240,29,0.587
240,30,2.317
240,31,0.305
240,32,1.243
240,33,0.714
240,34,3.629
240,35,0.135
240,36,0.167
240,37,0.108
240,38,0.159
240,39,0.158
240,40,0.105
240,41,0.161
240,42,0.126
240,43,0.128
240,44,0.154
240,45,0.1
240,46,0.157
240,47,0.153
240,48,0.106
388,1,0.139
388,2,0.143
388,3,0.138
388,4,0.131
388,5,0.13
388,6,0.13
388,7,0.131
388,8,0.131
388,9,0.13
388,10,0.13
388,11,0.129
388,12,0.14
388,13,0.141
388,14,0.128
388,15,0.127
388,16,0.129
388,17,0.128
388,18,0.128
388,19,0.129
388,20,0.128
388,21,0.13
388,22,0.132
388,23,0.133
388,24,0.138
388,25,0.14
388,26,0.132
388,27,0.129
388,28,0.13
388,29,0.128
388,30,0.128
388,31,0.128
388,32,0.127
388,33,0.125
388,34,0.129
388,35,0.127
388,36,0.124
388,37,0.122
388,38,0.124
388,39,0.122
388,40,0.13
388,41,0.128
388,42,0.131
388,43,0.131
388,44,0.13
388,45,0.129
388,46,0.125
388,47,0.125
388,48,0.126
389,1,0.126
389,2,0.126
389,3,0.126
389,4,0.126
389,5,0.126
389,6,0.125
389,7,0.126
389,8,0.126
389,9,0.122
389,10,0.122
389,11,0.122
389,12,0.122
389,13,0.121
389,14,0.12
389,15,0.125
389,16,0.124
389,17,0.123
389,18,0.125
389,19,0.125
389,20,0.125
389,21,0.129
389,22,0.129
389,23,0.127
389,24,0.124
389,25,0.127
389,26,0.123
389,27,0.126
389,28,0.127
389,29,0.126
389,30,0.125
389,31,0.127
389,32,0.128
389,33,0.129
389,34,0.128
389,35,0.126
389,36,0.125
389,37,0.123
389,38,0.121
389,39,0.117
389,40,0.117
389,41,0.12
389,42,0.124
389,43,0.122
389,44,0.122
389,45,0.12
389,46,0.444
389,47,1.0
389,48,0.676
390,1,0.699
390,2,0.585
390,3,0.475
390,4,0.244
390,5,0.138
390,6,0.127
390,7,0.129
390,8,0.129
390,9,0.129
390,10,0.129
390,11,0.129
390,12,0.136
390,13,0.129
390,14,0.127
390,15,0.126
390,16,0.127
390,17,0.127
390,18,0.128
390,19,0.128
390,20,0.128
390,21,0.127
390,22,0.119
390,23,0.121
390,24,0.118
390,25,0.462
390,26,0.442
390,27,0.304
390,28,0.985
390,29,0.246
390,30,0.21
390,31,0.209
390,32,0.209
390,33,0.204
390,34,0.26
390,35,0.324
390,36,0.23
390,37,0.865
390,38,2.28
390,39,0.956
390,40,0.556
390,41,0.847
390,42,0.569
390,43,0.55
390,44,0.526
390,45,0.515
390,46,0.507
390,47,0.478
390,48,0.549
391,1,0.633
391,2,0.597
391,3,0.263
391,4,0.141
391,5,0.135
391,6,0.135
391,7,0.142
391,8,0.133
391,9,0.133
391,10,0.133
391,11,0.137
391,12,0.129
391,13,0.131
391,14,0.13
391,15,0.131
391,16,0.131
391,17,0.62
391,18,0.137
391,19,0.132
391,20,0.132
391,21,0.133
391,22,0.131
391,23,0.314
391,24,0.133
391,25,0.132
391,26,0.227
391,27,0.163
391,28,0.143
391,29,0.32
391,30,0.466
391,31,0.127
391,32,0.129
391,33,0.353
391,34,0.127
391,35,0.229
391,36,1.13
391,37,1.701
391,38,1.329
391,39,0.466
391,40,0.526
391,41,0.6
391,42,0.513
391,43,0.522
391,44,0.525
391,45,0.519
391,46,0.49
391,47,1.193
391,48,0.825
392,1,0.532
392,2,0.395
392,3,0.135
392,4,0.136
392,5,0.135
392,6,0.142
392,7,0.137
392,8,0.14
392,9,0.139
392,10,0.139
392,11,0.138
392,12,0.138
392,13,0.139
392,14,0.134
392,15,0.132
392,16,0.133
392,17,0.53
392,18,0.132
392,19,0.133
392,20,4.062
392,21,0.424
392,22,0.433
392,23,0.139
392,24,0.14
392,25,0.142
392,26,0.162
392,27,1.16
392,28,1.42
392,29,0.292
392,30,0.227
392,31,0.22
392,32,0.213
392,33,0.327
392,34,0.257
392,35,0.33
392,36,0.542
392,37,0.498
392,38,0.765
392,39,0.496
392,40,0.553
392,41,0.496
392,42,0.507
392,43,0.442
392,44,0.467
392,45,0.614
392,46,0.702
392,47,0.64
392,48,0.689
393,1,0.552
393,2,2.556
393,3,1.044
393,4,0.147
393,5,0.161
393,6,0.145
393,7,0.144
393,8,0.146
393,9,0.144
393,10,0.144
393,11,0.143
393,12,0.151
393,13,0.143
393,14,0.142
393,15,0.142
393,16,0.14
393,17,0.493
393,18,0.222
393,19,0.14
393,20,0.317
393,21,0.145
393,22,0.149
393,23,0.143
393,24,0.24
393,25,0.324
393,26,0.144
393,27,0.479
393,28,0.326
393,29,0.301
393,30,0.225
393,31,0.139
393,32,0.138
393,33,0.328
393,34,0.163
393,35,0.245
393,36,0.377
393,37,0.545
393,38,0.46
393,39,0.53
393,40,0.537
393,41,0.534
393,42,0.535
393,43,0.539
393,44,0.498
393,45,0.451
393,46,0.633
393,47,1.211
393,48,0.672
394,1,0.706
394,2,0.646
394,3,0.209
394,4,0.146
394,5,0.145
394,6,0.152
394,7,0.147
394,8,0.146
394,9,0.146
394,10,0.144
394,11,0.143
394,12,0.144
394,13,0.143
394,14,0.144
394,15,0.144
394,16,0.142
394,17,0.515
394,18,0.228
394,19,0.319
394,20,0.14
394,21,0.133
394,22,0.133
394,23,0.134
394,24,0.136
394,25,0.143
394,26,0.144
394,27,0.162
394,28,0.273
394,29,0.179
394,30,0.225
394,31,0.223
394,32,0.218
394,33,0.216
394,34,0.169
394,35,0.332
394,36,1.013
394,37,1.671
394,38,0.464
394,39,0.441
394,40,0.462
394,41,0.524
394,42,0.53
394,43,0.529
394,44,0.792
394,45,0.534
394,46,0.535
394,47,0.547
394,48,0.538
395,1,0.548
395,2,0.521
395,3,0.789
395,4,0.602
395,5,0.466
395,6,0.146
395,7,0.144
395,8,0.146
395,9,0.145
395,10,0.143
395,11,0.141
395,12,0.14
395,13,0.141
395,14,0.142
395,15,0.141
395,16,0.138
395,17,0.139
395,18,0.14
395,19,0.139
395,20,0.133
395,21,0.13
395,22,0.131
395,23,0.132
395,24,0.135
395,25,0.161
395,26,0.342
395,27,0.281
395,28,2.341
395,29,3.057
395,30,1.802
395,31,0.187
395,32,0.215
395,33,0.264
395,34,0.275
395,35,0.276
395,36,0.483
395,37,0.483
395,38,0.64
395,39,1.77
395,40,0.877
395,41,0.534
395,42,0.574
395,43,0.534
395,44,0.547
395,45,0.54
395,46,0.546
395,47,0.544
395,48,0.537
396,1,0.638
396,2,0.619
396,3,0.604
396,4,0.583
396,5,0.537
396,6,0.541
396,7,0.54
396,8,0.538
396,9,0.176
396,10,0.14
396,11,0.138
396,12,0.136
396,13,0.138
396,14,0.14
396,15,0.143
396,16,0.142
396,17,0.141
396,18,0.142
396,19,0.14
396,20,0.139
396,21,0.143
396,22,0.143
396,23,0.14
396,24,0.141
396,25,0.131
396,26,4.438
396,27,2.044
396,28,0.272
396,29,0.162
396,30,0.227
396,31,0.275
396,32,0.28
396,33,0.281
396,34,0.274
396,35,0.285
396,36,0.439
396,37,0.453
396,38,0.99
396,39,0.897
396,40,0.527
396,41,0.557
396,42,0.529
396,43,0.521
396,44,0.478
396,45,0.471
396,46,0.494
396,47,1.315
396,48,0.587
397,1,0.632
397,2,0.599
397,3,0.535
397,4,0.184
397,5,0.138
397,6,0.137
397,7,0.142
397,8,0.154
397,9,0.145
397,10,0.143
397,11,0.142
397,12,0.141
397,13,0.142
397,14,0.142
397,15,0.141
397,16,0.14
397,17,0.435
397,18,0.133
397,19,0.151
397,20,0.15
397,21,0.239
397,22,0.28
397,23,0.143
397,24,0.193
397,25,0.14
397,26,0.141
397,27,0.347
397,28,0.139
397,29,0.137
397,30,0.138
397,31,0.133
397,32,0.158
397,33,0.369
397,34,0.212
397,35,0.319
397,36,0.359
397,37,0.519
397,38,0.504
397,39,0.618
397,40,0.516
397,41,0.391
397,42,0.383
397,43,0.378
397,44,0.376
397,45,0.408
397,46,0.577
397,47,0.478
397,48,0.715
398,1,0.581
398,2,0.294
398,3,0.144
398,4,0.143
398,5,0.143
398,6,0.139
398,7,0.127
398,8,0.127
398,9,0.133
398,10,0.139
398,11,0.139
398,12,0.14
398,13,0.141
398,14,0.14
398,15,0.146
398,16,0.135
398,17,0.419
398,18,1.21
398,19,1.004
398,20,0.226
398,21,0.148
398,22,0.165
398,23,0.16
398,24,0.145
398,25,0.139
398,26,0.128
398,27,0.119
398,28,0.36
398,29,0.141
398,30,0.128
398,31,0.119
398,32,0.133
398,33,0.142
398,34,0.272
398,35,0.241
398,36,0.309
398,37,0.476
398,38,0.481
398,39,0.523
398,40,0.499
398,41,0.515
398,42,0.506
398,43,0.504
398,44,0.519
398,45,0.516
398,46,0.892
398,47,2.157
398,48,1.794
399,1,0.152
399,2,0.145
399,3,0.144
399,4,0.137
399,5,0.126
399,6,0.128
399,7,0.142
399,8,0.141
399,9,0.143
399,10,0.144
399,11,0.441
399,12,0.516
399,13,0.177
399,14,0.15
399,15,0.121
399,16,0.122
399,17,0.151
399,18,0.164
399,19,0.16
399,20,0.151
399,21,0.246
399,22,0.325
399,23,0.508
399,24,0.288
399,25,0.303
399,26,0.431
399,27,0.268
399,28,0.214
399,29,0.36
399,30,0.209
399,31,0.196
399,32,0.218
399,33,0.388
399,34,0.298
399,35,0.436
399,36,0.788
399,37,0.752
399,38,0.776
399,39,0.539
399,40,0.529
399,41,0.532
399,42,0.531
399,43,0.563
399,44,0.514
399,45,0.545
399,46,0.537
399,47,1.266
399,48,0.647
400,1,0.605
400,2,0.278
400,3,0.156
400,4,0.144
400,5,0.132
400,6,0.131
400,7,0.149
400,8,0.149
400,9,0.149
400,10,0.148
400,11,0.149
400,12,0.142
400,13,0.134
400,14,0.132
400,15,0.145
400,16,0.144
400,17,0.37
400,18,0.238
400,19,0.141
400,20,0.127
400,21,0.326
400,22,0.195
400,23,0.159
400,24,0.144
400,25,0.147
400,26,0.143
400,27,0.132
400,28,0.183
400,29,0.218
400,30,0.147
400,31,0.152
400,32,0.22
400,33,0.276
400,34,0.273
400,35,0.35
400,36,0.456
400,37,1.021
400,38,0.81
400,39,0.489
400,40,0.528
400,41,0.575
400,42,0.53
400,43,0.535
400,44,0.521
400,45,0.503
400,46,0.465
400,47,1.493
400,48,0.598
401,1,0.857
401,2,3.349
401,3,0.153
401,4,0.153
401,5,0.137
401,6,0.131
401,7,0.138
401,8,0.153
401,9,0.148
401,10,0.148
401,11,0.147
401,12,0.136
401,13,0.131
401,14,0.142
401,15,0.147
401,16,0.146
401,17,0.454
401,18,0.144
401,19,0.336
401,20,0.126
401,21,0.144
401,22,0.147
401,23,0.148
401,24,0.147
401,25,0.132
401,26,0.121
401,27,0.142
401,28,0.373
401,29,0.145
401,30,0.144
401,31,0.148
401,32,0.143
401,33,0.156
401,34,0.344
401,35,1.809
401,36,0.687
401,37,1.874
401,38,2.115
401,39,0.54
401,40,0.527
401,41,0.739
401,42,0.623
401,43,0.643
401,44,0.653
401,45,0.642
401,46,0.649
401,47,1.368
401,48,0.619
402,1,0.549
402,2,0.602
402,3,0.543
402,4,0.543
402,5,0.554
402,6,0.167
402,7,0.152
402,8,0.151
402,9,0.14
402,10,0.127
402,11,0.142
402,12,0.148
402,13,0.148
402,14,0.146
402,15,0.152
402,16,0.127
402,17,0.125
402,18,0.146
402,19,0.146
402,20,0.144
402,21,0.186
402,22,0.496
402,23,0.377
402,24,0.285
402,25,0.292
402,26,0.231
402,27,0.229
402,28,0.365
402,29,1.524
402,30,0.708
402,31,0.287
402,32,0.198
402,33,0.21
402,34,0.224
402,35,0.218
402,36,0.284
402,37,0.529
402,38,0.495
402,39,1.136
402,40,2.999
402,41,0.564
402,42,0.533
402,43,0.511
402,44,0.458
402,45,3.745
402,46,0.467
402,47,0.384
402,48,0.367
403,1,0.353
403,2,0.864
403,3,0.498
403,4,0.351
403,5,0.159
403,6,0.159
403,7,0.158
403,8,0.133
403,9,0.144
403,10,0.158
403,11,0.172
403,12,0.156
403,13,0.154
403,14,0.131
403,15,0.138
403,16,0.154
403,17,0.154
403,18,0.155
403,19,0.154
403,20,0.126
403,21,0.356
403,22,0.156
403,23,0.274
403,24,0.188
403,25,0.256
403,26,0.481
403,27,1.53
403,28,2.276
403,29,0.702
403,30,0.284
403,31,0.289
403,32,0.287
403,33,0.265
403,34,0.267
403,35,0.279
403,36,0.27
403,37,0.312
403,38,0.446
403,39,0.458
403,40,0.487
403,41,0.591
403,42,0.45
403,43,0.38
403,44,0.365
403,45,0.349
403,46,0.409
403,47,0.553
403,48,0.526
404,1,0.521
404,2,0.509
404,3,0.25
404,4,0.154
404,5,0.144
404,6,0.145
404,7,0.145
404,8,0.121
404,9,0.124
404,10,0.144
404,11,0.143
404,12,0.142
404,13,0.133
404,14,0.11
404,15,0.141
404,16,0.14
404,17,0.14
404,18,0.472
404,19,0.124
404,20,0.119
404,21,0.142
404,22,0.145
404,23,0.322
404,24,0.136
404,25,0.186
404,26,0.163
404,27,0.142
404,28,1.08
404,29,1.083
404,30,0.258
404,31,0.116
404,32,0.141
404,33,0.144
404,34,0.141
404,35,0.331
404,36,0.483
404,37,0.666
404,38,0.458
404,39,0.553
404,40,0.64
404,41,0.624
404,42,0.527
404,43,0.527
404,44,0.513
404,45,0.509
404,46,0.459
404,47,1.214
404,48,0.649
405,1,0.685
405,2,0.563
405,3,0.304
405,4,0.131
405,5,0.148
405,6,0.148
405,7,0.146
405,8,0.142
405,9,0.117
405,10,0.141
405,11,0.15
405,12,0.145
405,13,0.144
405,14,0.128
405,15,0.113
405,16,0.141
405,17,0.443
405,18,0.215
405,19,0.211
405,20,0.168
405,21,0.808
405,22,3.971
405,23,0.49
405,24,0.455
405,25,0.135
405,26,0.136
405,27,0.153
405,28,0.152
405,29,0.236
405,30,0.299
405,31,0.123
405,32,0.148
405,33,0.149
405,34,0.15
405,35,0.221
405,36,0.5
405,37,0.453
405,38,0.705
405,39,0.488
405,40,0.47
405,41,0.488
405,42,0.473
405,43,0.471
405,44,0.524
405,45,0.52
405,46,0.489
405,47,0.412
405,48,0.365
406,1,0.459
406,2,0.172
406,3,0.146
406,4,0.145
406,5,0.14
406,6,0.115
406,7,0.142
406,8,0.144
406,9,0.145
406,10,0.145
406,11,0.108
406,12,0.677
406,13,0.249
406,14,0.243
406,15,0.235
406,16,0.225
406,17,0.28
406,18,0.277
406,19,0.268
406,20,0.173
406,21,0.256
406,22,0.146
406,23,1.002
406,24,0.17
406,25,0.436
406,26,0.186
406,27,0.152
406,28,0.145
406,29,0.142
406,30,0.122
406,31,0.128
406,32,0.142
406,33,0.145
406,34,0.277
406,35,0.168
406,36,0.27
406,37,0.602
406,38,0.571
406,39,0.516
406,40,0.597
406,41,0.491
406,42,0.527
406,43,0.52
406,44,0.534
406,45,0.501
406,46,0.53
406,47,0.602
406,48,0.559
407,1,0.415
407,2,0.15
407,3,0.126
407,4,0.122
407,5,0.142
407,6,0.142
407,7,0.143
407,8,0.116
407,9,0.13
407,10,0.141
407,11,0.141
407,12,0.138
407,13,0.108
407,14,0.139
407,15,0.14
407,16,0.14
407,17,0.465
407,18,0.13
407,19,0.14
407,20,0.16
407,21,1.054
407,22,0.299
407,23,0.333
407,24,0.308
407,25,0.144
407,26,0.131
407,27,0.119
407,28,0.145
407,29,0.198
407,30,0.317
407,31,0.125
407,32,0.124
407,33,0.144
407,34,0.143
407,35,0.143
407,36,1.119
407,37,2.7
407,38,0.938
407,39,0.487
407,40,0.509
407,41,0.485
407,42,0.514
407,43,0.512
407,44,0.518
407,45,0.5
407,46,0.545
407,47,0.546
407,48,0.533
408,1,0.615
408,2,2.523
408,3,1.936
408,4,0.14
408,5,0.145
408,6,0.144
408,7,0.141
408,8,0.11
408,9,0.142
408,10,0.145
408,11,0.145
408,12,0.143
408,13,0.118
408,14,0.142
408,15,0.141
408,16,0.141
408,17,0.469
408,18,0.127
408,19,0.164
408,20,0.421
408,21,0.53
408,22,0.113
408,23,0.578
408,24,0.146
408,25,0.142
408,26,0.139
408,27,0.126
408,28,0.119
408,29,0.141
408,30,0.141
408,31,0.144
408,32,0.112
408,33,0.137
408,34,0.143
408,35,0.143
408,36,0.127
408,37,0.334
408,38,1.815
408,39,1.963
408,40,0.823
408,41,0.493
408,42,0.502
408,43,0.82
408,44,0.525
408,45,0.553
408,46,0.455
408,47,0.578
408,48,2.231
409,1,1.831
409,2,1.372
409,3,0.664
409,4,0.575
409,5,0.147
409,6,0.149
409,7,0.148
409,8,0.131
409,9,0.122
409,10,0.147
409,11,0.145
409,12,0.144
409,13,0.128
409,14,0.163
409,15,0.167
409,16,0.169
409,17,0.16
409,18,0.145
409,19,0.144
409,20,0.146
409,21,0.134
409,22,0.117
409,23,0.144
409,24,0.152
409,25,0.173
409,26,0.287
409,27,0.869
409,28,0.427
409,29,0.624
409,30,1.872
409,31,1.416
409,32,0.442
409,33,0.141
409,34,0.158
409,35,0.285
409,36,0.456
409,37,0.527
409,38,0.589
409,39,2.541
409,40,2.694
409,41,0.648
409,42,0.625
409,43,1.535
409,44,3.51
409,45,0.399
409,46,0.38
409,47,0.353
409,48,0.331
410,1,0.364
410,2,0.37
410,3,0.377
410,4,0.737
410,5,0.655
410,6,0.393
410,7,0.181
410,8,0.172
410,9,0.141
410,10,0.179
410,11,0.18
410,12,0.183
410,13,0.145
410,14,0.166
410,15,0.169
410,16,0.169
410,17,0.145
410,18,0.15
410,19,0.17
410,20,0.162
410,21,0.332
410,22,0.112
410,23,0.143
410,24,0.146
410,25,0.153
410,26,1.246
410,27,1.516
410,28,0.356
410,29,0.242
410,30,0.343
410,31,0.243
410,32,0.199
410,33,0.24
410,34,0.23
410,35,0.154
410,36,0.193
410,37,0.183
410,38,0.609
410,39,0.56
410,40,0.533
410,41,0.536
410,42,0.557
410,43,0.479
410,44,0.426
410,45,0.449
410,46,0.478
410,47,1.256
410,48,0.552
411,1,0.497
411,2,0.548
411,3,0.299
411,4,0.142
411,5,0.125
411,6,0.16
411,7,0.154
411,8,0.14
411,9,0.12
411,10,0.152
411,11,0.152
411,12,0.141
411,13,0.128
411,14,0.151
411,15,0.149
411,16,0.135
411,17,0.495
411,18,0.15
411,19,0.149
411,20,0.136
411,21,0.118
411,22,0.149
411,23,0.338
411,24,0.143
411,25,0.114
411,26,0.15
411,27,0.149
411,28,0.133
411,29,0.151
411,30,0.757
411,31,0.323
411,32,0.29
411,33,0.149
411,34,0.208
411,35,0.245
411,36,0.248
411,37,0.48
411,38,1.82
411,39,0.614
411,40,0.681
411,41,0.749
411,42,0.508
411,43,0.547
411,44,0.533
411,45,0.526
411,46,0.509
411,47,1.316
411,48,0.577
412,1,0.655
412,2,0.471
412,3,0.166
412,4,0.167
412,5,0.16
412,6,0.119
412,7,0.163
412,8,0.165
412,9,0.148
412,10,0.125
412,11,0.168
412,12,0.158
412,13,0.131
412,14,0.14
412,15,0.155
412,16,0.156
412,17,0.418
412,18,0.143
412,19,0.153
412,20,0.153
412,21,0.112
412,22,0.343
412,23,0.217
412,24,0.153
412,25,0.113
412,26,0.149
412,27,0.151
412,28,0.315
412,29,0.204
412,30,0.493
412,31,0.277
412,32,0.164
412,33,1.331
412,34,0.422
412,35,0.526
412,36,0.519
412,37,0.496
412,38,0.591
412,39,0.483
412,40,0.491
412,41,0.505
412,42,0.506
412,43,0.501
412,44,0.455
412,45,0.411
412,46,0.427
412,47,0.962
412,48,0.633
413,1,0.48
413,2,0.437
413,3,0.17
413,4,0.164
413,5,0.13
413,6,0.138
413,7,0.156
413,8,0.156
413,9,0.109
413,10,0.151
413,11,0.153
413,12,0.139
413,13,0.12
413,14,0.151
413,15,0.15
413,16,0.11
413,17,0.494
413,18,0.151
413,19,0.298
413,20,0.165
413,21,0.154
413,22,0.199
413,23,0.326
413,24,0.351
413,25,0.156
413,26,0.225
413,27,0.139
413,28,0.172
413,29,0.223
413,30,0.194
413,31,0.227
413,32,0.228
413,33,0.215
413,34,0.331
413,35,0.224
413,36,1.39
413,37,2.164
413,38,0.919
413,39,0.61
413,40,0.515
413,41,0.519
413,42,0.508
413,43,0.534
413,44,0.527
413,45,0.479
413,46,0.824
413,47,1.047
413,48,0.635
414,1,3.318
414,2,0.156
414,3,0.169
414,4,0.113
414,5,0.148
414,6,0.156
414,7,0.141
414,8,0.12
414,9,0.155
414,10,0.154
414,11,0.114
414,12,0.145
414,13,0.152
414,14,0.136
414,15,0.116
414,16,0.15
414,17,0.312
414,18,0.247
414,19,0.327
414,20,0.189
414,21,0.127
414,22,0.218
414,23,0.164
414,24,0.166
414,25,0.109
414,26,0.183
414,27,0.273
414,28,0.324
414,29,0.354
414,30,0.539
414,31,0.192
414,32,0.134
414,33,0.168
414,34,0.236
414,35,0.192
414,36,0.246
414,37,0.505
414,38,0.588
414,39,0.495
414,40,0.584
414,41,0.526
414,42,0.474
414,43,0.502
414,44,0.497
414,45,0.457
414,46,0.484
414,47,0.677
414,48,0.54
415,1,0.514
415,2,0.232
415,3,0.159
415,4,0.123
415,5,0.138
415,6,0.156
415,7,0.142
415,8,0.119
415,9,0.155
415,10,0.153
415,11,0.107
415,12,0.154
415,13,0.153
415,14,0.114
415,15,0.143
415,16,0.153
415,17,0.125
415,18,0.448
415,19,0.151
415,20,0.147
415,21,0.112
415,22,0.157
415,23,0.154
415,24,0.109
415,25,0.154
415,26,0.156
415,27,0.983
415,28,0.2
415,29,0.181
415,30,0.364
415,31,0.154
415,32,0.184
415,33,0.195
415,34,0.178
415,35,0.229
415,36,0.22
415,37,0.423
415,38,2.163
415,39,0.512
415,40,0.537
415,41,0.503
415,42,0.511
415,43,0.731
415,44,0.55
415,45,0.504
415,46,0.51
415,47,0.501
415,48,2.494
