213,1,0.254
213,2,0.179
213,3,0.173
213,4,0.054
213,5,0.031
213,6,0.102
213,7,0.035
213,8,0.03
213,9,0.1
213,10,0.034
213,11,0.029
213,12,0.089
213,13,0.047
213,14,0.03
213,15,0.069
213,16,0.068
213,17,0.029
213,18,0.045
213,19,0.145
213,20,2.53
213,21,1.25
213,22,0.955
213,23,0.135
213,24,0.11
213,25,0.022
213,26,0.091
213,27,0.023
213,28,0.059
213,29,0.058
213,30,0.023
213,31,0.092
213,32,0.023
213,33,0.036
213,34,0.125
213,35,0.227
213,36,0.261
213,37,0.127
213,38,0.101
213,39,0.217
213,40,0.248
213,41,0.419
213,42,1.75
213,43,0.167
213,44,0.144
213,45,0.192
213,46,0.125
213,47,0.174
213,48,0.14
214,1,0.114
214,2,0.179
214,3,0.109
214,4,0.164
214,5,0.126
214,6,0.106
214,7,0.179
214,8,0.108
214,9,0.095
214,10,0.083
214,11,0.038
214,12,0.096
214,13,0.055
214,14,0.038
214,15,0.106
214,16,0.037
214,17,0.041
214,18,0.182
214,19,0.423
214,20,0.359
214,21,0.105
214,22,0.208
214,23,0.143
214,24,0.858
214,25,0.179
214,26,0.054
214,27,0.057
214,28,0.024
214,29,0.092
214,30,0.024
214,31,0.095
214,32,0.024
214,33,0.05
214,34,0.073
214,35,0.024
214,36,1.397
214,37,0.945
214,38,0.143
214,39,0.342
214,40,0.418
214,41,0.099
214,42,0.161
214,43,0.244
214,44,0.197
214,45,0.101
214,46,0.164
214,47,0.09
214,48,0.097
215,1,0.092
215,2,0.251
215,3,0.193
215,4,0.2
215,5,0.138
215,6,0.03
215,7,0.1
215,8,0.031
215,9,0.044
215,10,0.092
215,11,0.031
215,12,0.086
215,13,0.046
215,14,0.031
215,15,0.103
215,16,0.03
215,17,0.057
215,18,0.062
215,19,0.786
215,20,0.176
215,21,0.125
215,22,0.206
215,23,0.025
215,24,0.044
215,25,0.045
215,26,0.018
215,27,0.042
215,28,0.047
215,29,0.04
215,30,0.022
215,31,0.049
215,32,0.046
215,33,0.015
215,34,0.044
215,35,0.043
215,36,0.046
215,37,0.021
215,38,0.044
215,39,0.053
215,40,0.015
215,41,0.044
215,42,0.044
215,43,0.028
215,44,0.038
215,45,0.048
215,46,0.032
215,47,0.035
215,48,0.05
216,1,0.028
216,2,0.035
216,3,0.053
216,4,0.019
216,5,0.04
216,6,0.052
216,7,0.015
216,8,0.043
216,9,0.053
216,10,0.014
216,11,0.047
216,12,0.051
216,13,0.014
216,14,0.047
216,15,0.049
216,16,0.015
216,17,0.047
216,18,0.038
216,19,0.021
216,20,0.043
216,21,0.047
216,22,0.02
216,23,0.049
216,24,0.041
216,25,0.019
216,26,0.045
216,27,0.045
216,28,0.015
216,29,0.052
216,30,0.045
216,31,0.015
216,32,0.043
216,33,0.052
216,34,0.036
216,35,0.023
216,36,0.044
216,37,0.044
216,38,0.017
216,39,0.043
216,40,0.046
216,41,0.043
216,42,0.017
216,43,0.045
216,44,0.052
216,45,0.015
216,46,0.053
216,47,0.045
216,48,0.016
217,1,0.044
217,2,0.053
217,3,0.019
217,4,0.044
217,5,0.049
217,6,0.014
217,7,0.049
217,8,0.046
217,9,0.015
217,10,0.054
217,11,0.044
217,12,0.015
217,13,0.051
217,14,0.04
217,15,0.019
217,16,0.044
217,17,0.034
217,18,0.033
217,19,0.048
217,20,0.036
217,21,0.027
217,22,0.042
217,23,0.042
217,24,0.039
217,25,0.018
217,26,0.044
217,27,0.044
217,28,0.044
217,29,0.043
217,30,0.015
217,31,0.043
217,32,0.044
217,33,0.044
217,34,0.045
217,35,0.019
217,36,0.04
217,37,0.044
217,38,0.045
217,39,0.045
217,40,0.015
217,41,0.046
217,42,0.044
217,43,0.045
217,44,0.032
217,45,0.027
217,46,0.045
217,47,0.045
217,48,0.038
218,1,0.023
218,2,0.046
218,3,0.046
218,4,0.027
218,5,0.033
218,6,0.046
218,7,0.053
218,8,0.015
218,9,0.05
218,10,0.048
218,11,0.015
218,12,0.052
218,13,0.045
218,14,0.015
218,15,0.052
218,16,0.046
218,17,0.014
218,18,0.051
218,19,0.047
218,20,0.015
218,21,0.048
218,22,0.042
218,23,0.041
218,24,0.023
218,25,0.033
218,26,0.043
218,27,0.043
218,28,0.044
218,29,0.044
218,30,0.024
218,31,0.035
218,32,0.044
218,33,0.044
218,34,0.044
218,35,0.039
218,36,0.02
218,37,0.044
218,38,0.045
218,39,0.045
218,40,0.04
218,41,0.021
218,42,0.045
218,43,0.045
218,44,0.045
218,45,0.024
218,46,0.036
218,47,0.046
218,48,0.046
219,1,0.029
219,2,0.031
219,3,0.045
219,4,0.046
219,5,0.021
219,6,0.04
219,7,0.043
219,8,0.051
219,9,0.014
219,10,0.049
219,11,0.051
219,12,0.014
219,13,0.047
219,14,0.048
219,15,0.015
219,16,0.047
219,17,0.05
219,18,0.015
219,19,0.047
219,20,0.049
219,21,0.039
219,22,0.022
219,23,0.042
219,24,0.041
219,25,0.042
219,26,0.043
219,27,0.043
219,28,0.032
219,29,0.027
219,30,0.043
219,31,0.044
219,32,0.044
219,33,0.045
219,34,0.044
219,35,0.044
219,36,0.04
219,37,0.023
219,38,0.042
219,39,0.044
219,40,0.044
219,41,0.044
219,42,0.044
219,43,0.024
219,44,0.036
219,45,0.045
219,46,0.046
219,47,0.046
219,48,0.025
220,1,0.036
220,2,0.046
220,3,0.045
220,4,0.04
220,5,0.02
220,6,0.046
220,7,0.045
220,8,0.046
220,9,0.016
220,10,0.046
220,11,0.046
220,12,0.037
220,13,0.023
220,14,0.046
220,15,0.054
220,16,0.014
220,17,0.044
220,18,0.044
220,19,0.034
220,20,0.025
220,21,0.045
220,22,0.045
220,23,0.015
220,24,0.045
220,25,0.046
220,26,0.045
220,27,0.015
220,28,0.046
220,29,0.046
220,30,0.046
220,31,0.023
220,32,0.036
220,33,0.045
220,34,0.045
220,35,0.045
220,36,0.015
220,37,0.045
220,38,0.045
220,39,0.044
220,40,0.037
220,41,0.023
220,42,0.045
220,43,0.045
220,44,0.045
220,45,0.015
220,46,0.046
220,47,0.047
220,48,0.046
221,1,0.016
221,2,0.045
221,3,0.046
221,4,0.046
221,5,0.015
221,6,0.044
221,7,0.053
221,8,0.036
221,9,0.024
221,10,0.045
221,11,0.045
221,12,0.015
221,13,0.045
221,14,0.046
221,15,0.039
221,16,0.022
221,17,0.046
221,18,0.045
221,19,0.014
221,20,0.046
221,21,0.045
221,22,0.043
221,23,0.017
221,24,0.045
221,25,0.045
221,26,0.037
221,27,0.022
221,28,0.044
221,29,0.045
221,30,0.042
221,31,0.018
221,32,0.045
221,33,0.045
221,34,0.046
221,35,0.015
221,36,0.044
221,37,0.052
221,38,0.045
221,39,0.015
221,40,0.044
221,41,0.045
221,42,0.043
221,43,0.016
221,44,0.046
221,45,0.046
221,46,0.034
221,47,0.028
221,48,0.047
222,1,0.047
222,2,0.015
222,3,0.047
222,4,0.047
222,5,0.036
222,6,0.026
222,7,0.046
222,8,0.047
222,9,0.015
222,10,0.047
222,11,0.046
222,12,0.024
222,13,0.037
222,14,0.047
222,15,0.039
222,16,0.022
222,17,0.046
222,18,0.046
222,19,0.015
222,20,0.045
222,21,0.045
222,22,0.023
222,23,0.037
222,24,0.045
222,25,0.045
222,26,0.023
222,27,0.036
222,28,0.045
222,29,0.044
222,30,0.039
222,31,0.02
222,32,0.045
222,33,0.045
222,34,0.045
222,35,0.028
222,36,0.032
222,37,0.046
222,38,0.045
222,39,0.046
222,40,0.015
222,41,0.046
222,42,0.045
222,43,0.046
222,44,0.02
222,45,0.041
222,46,0.046
222,47,0.046
222,48,0.02
223,1,0.041
223,2,0.046
223,3,0.047
223,4,0.015
223,5,0.046
223,6,0.046
223,7,0.036
223,8,0.026
223,9,0.045
223,10,0.054
223,11,0.015
223,12,0.046
223,13,0.046
223,14,0.015
223,15,0.045
223,16,0.053
223,17,0.014
223,18,0.045
223,19,0.045
223,20,0.022
223,21,0.037
223,22,0.045
223,23,0.044
223,24,0.015
223,25,0.045
223,26,0.045
223,27,0.038
223,28,0.021
223,29,0.045
223,30,0.045
223,31,0.036
223,32,0.023
223,33,0.045
223,34,0.045
223,35,0.035
223,36,0.025
223,37,0.046
223,38,0.046
223,39,0.03
223,40,0.032
223,41,0.046
223,42,0.046
223,43,0.015
223,44,0.046
223,45,0.046
223,46,0.046
223,47,0.016
223,48,0.047
224,1,0.046
224,2,0.025
224,3,0.038
224,4,0.047
224,5,0.047
224,6,0.015
224,7,0.046
224,8,0.047
224,9,0.017
224,10,0.045
224,11,0.047
224,12,0.035
224,13,0.027
224,14,0.047
224,15,0.046
224,16,0.015
224,17,0.046
224,18,0.046
224,19,0.014
224,20,0.046
224,21,0.055
224,22,0.019
224,23,0.043
224,24,0.044
224,25,0.046
224,26,0.015
224,27,0.046
224,28,0.046
224,29,0.03
224,30,0.031
224,31,0.046
224,32,0.045
224,33,0.025
224,34,0.036
224,35,0.045
224,36,0.046
224,37,0.024
224,38,0.036
224,39,0.046
224,40,0.046
224,41,0.025
224,42,0.036
224,43,0.045
224,44,0.046
224,45,0.018
224,46,0.045
224,47,0.047
224,48,0.045
225,1,0.017
225,2,0.047
225,3,0.047
225,4,0.015
225,5,0.054
225,6,0.046
225,7,0.024
225,8,0.036
225,9,0.046
225,10,0.038
225,11,0.033
225,12,0.046
225,13,0.035
225,14,0.026
225,15,0.055
225,16,0.028
225,17,0.032
225,18,0.052
225,19,0.022
225,20,0.036
225,21,0.053
225,22,0.019
225,23,0.04
225,24,0.044
225,25,0.029
225,26,0.038
225,27,0.047
225,28,0.027
225,29,0.037
225,30,0.044
225,31,0.043
225,32,0.015
225,33,0.052
225,34,0.045
225,35,0.015
225,36,0.045
225,37,0.053
225,38,0.018
225,39,0.048
225,40,0.05
225,41,0.021
225,42,0.039
225,43,0.043
225,44,0.04
225,45,0.028
225,46,0.05
225,47,0.037
225,48,0.024
226,1,0.045
226,2,0.036
226,3,0.024
226,4,0.047
226,5,0.033
226,6,0.038
226,7,0.046
226,8,0.015
226,9,0.046
226,10,0.057
226,11,0.015
226,12,0.047
226,13,0.045
226,14,0.015
226,15,0.056
226,16,0.021
226,17,0.039
226,18,0.052
226,19,0.014
226,20,0.046
226,21,0.046
226,22,0.015
226,23,0.055
226,24,0.026
226,25,0.035
226,26,0.046
226,27,0.017
226,28,0.053
226,29,0.048
226,30,0.015
226,31,0.051
226,32,0.045
226,33,0.015
226,34,0.045
226,35,0.054
226,36,0.015
226,37,0.048
226,38,0.045
226,39,0.021
226,40,0.049
226,41,0.037
226,42,0.023
226,43,0.052
226,44,0.034
226,45,0.027
226,46,0.045
226,47,0.042
226,48,0.029
227,1,0.046
227,2,0.032
227,3,0.037
227,4,0.045
227,5,0.026
227,6,0.034
227,7,0.053
227,8,0.02
227,9,0.045
227,10,0.047
227,11,0.015
227,12,0.046
227,13,0.055
227,14,0.015
227,15,0.047
227,16,0.052
227,17,0.014
227,18,0.045
227,19,0.041
227,20,0.019
227,21,0.055
227,22,0.029
227,23,0.032
227,24,0.049
227,25,0.034
227,26,0.03
227,27,0.044
227,28,0.044
227,29,0.024
227,30,0.035
227,31,0.045
227,32,0.046
227,33,0.028
227,34,0.033
227,35,0.043
227,36,0.053
227,37,0.022
227,38,0.036
227,39,0.045
227,40,0.046
227,41,0.019
227,42,0.042
227,43,0.045
227,44,0.046
227,45,0.015
227,46,0.046
227,47,0.047
227,48,0.027
228,1,0.035
228,2,0.047
228,3,0.043
228,4,0.019
228,5,0.047
228,6,0.045
228,7,0.015
228,8,0.054
228,9,0.045
228,10,0.015
228,11,0.046
228,12,0.054
228,13,0.015
228,14,0.046
228,15,0.045
228,16,0.015
228,17,0.054
228,18,0.043
228,19,0.017
228,20,0.045
228,21,0.041
228,22,0.029
228,23,0.051
228,24,0.026
228,25,0.034
228,26,0.044
228,27,0.029
228,28,0.041
228,29,0.045
228,30,0.024
228,31,0.036
228,32,0.054
228,33,0.023
228,34,0.038
228,35,0.047
228,36,0.031
228,37,0.032
228,38,0.044
228,39,0.039
228,40,0.026
228,41,0.049
228,42,0.031
228,43,0.034
228,44,0.047
228,45,0.021
228,46,0.045
228,47,0.047
228,48,0.015
229,1,0.046
229,2,0.056
229,3,0.015
229,4,0.046
229,5,0.041
229,6,0.021
229,7,0.047
229,8,0.031
229,9,0.039
229,10,0.046
229,11,0.015
229,12,0.054
229,13,0.046
229,14,0.014
229,15,0.045
229,16,0.029
229,17,0.04
229,18,0.047
229,19,0.014
229,20,0.052
229,21,0.04
229,22,0.022
229,23,0.043
229,24,0.043
229,25,0.014
229,26,0.042
229,27,0.043
229,28,0.045
229,29,0.033
229,30,0.024
229,31,0.045
229,32,0.045
229,33,0.045
229,34,0.019
229,35,0.04
229,36,0.045
229,37,0.045
229,38,0.029
229,39,0.028
229,40,0.045
229,41,0.045
229,42,0.032
229,43,0.028
229,44,0.046
229,45,0.045
229,46,0.029
229,47,0.041
229,48,0.045
230,1,0.043
230,2,0.023
230,3,0.049
230,4,0.048
230,5,0.016
230,6,0.049
230,7,0.05
230,8,0.015
230,9,0.045
230,10,0.044
230,11,0.015
230,12,0.053
230,13,0.045
230,14,0.014
230,15,0.044
230,16,0.052
230,17,0.014
230,18,0.043
230,19,0.051
230,20,0.018
230,21,0.044
230,22,0.039
230,23,0.018
230,24,0.05
230,25,0.044
230,26,0.02
230,27,0.048
230,28,0.041
230,29,0.023
230,30,0.05
230,31,0.04
230,32,0.02
230,33,0.05
230,34,0.043
230,35,0.014
230,36,0.051
230,37,0.046
230,38,0.015
230,39,0.051
230,40,0.048
230,41,0.019
230,42,0.042
230,43,0.045
230,44,0.036
230,45,0.024
230,46,0.045
230,47,0.051
230,48,0.015
231,1,0.045
231,2,0.044
231,3,0.024
231,4,0.044
231,5,0.046
231,6,0.026
231,7,0.041
231,8,0.048
231,9,0.025
231,10,0.041
231,11,0.049
231,12,0.023
231,13,0.04
231,14,0.045
231,15,0.026
231,16,0.031
231,17,0.052
231,18,0.023
231,19,0.04
231,20,0.049
231,21,0.016
231,22,0.043
231,23,0.044
231,24,0.031
231,25,0.036
231,26,0.048
231,27,0.03
231,28,0.029
231,29,0.044
231,30,0.044
231,31,0.014
231,32,0.044
231,33,0.054
231,34,0.033
231,35,0.029
231,36,0.051
231,37,0.047
231,38,0.017
231,39,0.047
231,40,0.044
231,41,0.016
231,42,0.043
231,43,0.054
231,44,0.027
231,45,0.033
231,46,0.045
231,47,0.049
231,48,0.02
232,1,0.049
232,2,0.049
232,3,0.016
232,4,0.049
232,5,0.048
232,6,0.015
232,7,0.047
232,8,0.05
232,9,0.015
232,10,0.044
232,11,0.053
232,12,0.014
232,13,0.047
232,14,0.051
232,15,0.015
232,16,0.043
232,17,0.05
232,18,0.018
232,19,0.049
232,20,0.036
232,21,0.028
232,22,0.047
232,23,0.041
232,24,0.014
232,25,0.05
232,26,0.048
232,27,0.035
232,28,0.027
232,29,0.049
232,30,0.042
232,31,0.021
232,32,0.046
232,33,0.044
232,34,0.043
232,35,0.014
232,36,0.053
232,37,0.049
232,38,0.014
232,39,0.05
232,40,0.048
232,41,0.035
232,42,0.03
232,43,0.046
232,44,0.045
232,45,0.02
232,46,0.044
232,47,0.053
232,48,0.015
233,1,0.044
233,2,0.051
233,3,0.014
233,4,0.044
233,5,0.053
233,6,0.015
233,7,0.044
233,8,0.054
233,9,0.015
233,10,0.044
233,11,0.049
233,12,0.017
233,13,0.046
233,14,0.036
233,15,0.03
233,16,0.044
233,17,0.015
233,18,0.049
233,19,0.043
233,20,0.017
233,21,0.049
233,22,0.046
233,23,0.035
233,24,0.026
233,25,0.047
233,26,0.044
233,27,0.048
233,28,0.017
233,29,0.046
233,30,0.046
233,31,0.041
233,32,0.041
233,33,0.016
233,34,0.043
233,35,0.042
233,36,0.052
233,37,0.029
233,38,0.032
233,39,0.047
233,40,0.043
233,41,0.033
233,42,0.034
233,43,0.045
233,44,0.049
233,45,0.016
233,46,0.046
233,47,0.049
233,48,0.033
234,1,0.029
234,2,0.045
234,3,0.043
234,4,0.014
234,5,0.054
234,6,0.047
234,7,0.015
234,8,0.046
234,9,0.051
234,10,0.015
234,11,0.045
234,12,0.05
234,13,0.019
234,14,0.05
234,15,0.02
234,16,0.046
234,17,0.044
234,18,0.014
234,19,0.052
234,20,0.042
234,21,0.022
234,22,0.04
234,23,0.049
234,24,0.015
234,25,0.042
234,26,0.05
234,27,0.047
234,28,0.017
234,29,0.044
234,30,0.046
234,31,0.051
234,32,0.018
234,33,0.04
234,34,0.041
234,35,0.05
234,36,0.03
234,37,0.028
234,38,0.042
234,39,0.051
234,40,0.027
234,41,0.038
234,42,0.042
234,43,0.05
234,44,0.015
234,45,0.047
234,46,0.051
234,47,0.014
234,48,0.044
235,1,0.044
235,2,0.033
235,3,0.026
235,4,0.046
235,5,0.043
235,6,0.026
235,7,0.045
235,8,0.04
235,9,0.02
235,10,0.054
235,11,0.041
235,12,0.02
235,13,0.052
235,14,0.04
235,15,0.019
235,16,0.052
235,17,0.032
235,18,0.025
235,19,0.052
235,20,0.032
235,21,0.031
235,22,0.05
235,23,0.023
235,24,0.036
235,25,0.053
235,26,0.017
235,27,0.041
235,28,0.043
235,29,0.027
235,30,0.041
235,31,0.044
235,32,0.029
235,33,0.03
235,34,0.053
235,35,0.031
235,36,0.028
235,37,0.044
235,38,0.046
235,39,0.021
235,40,0.048
235,41,0.05
235,42,0.015
235,43,0.047
235,44,0.047
235,45,0.015
235,46,0.05
235,47,0.04
235,48,0.025
236,1,0.049
236,2,0.023
236,3,0.038
236,4,0.046
236,5,0.015
236,6,0.055
236,7,0.046
236,8,0.015
236,9,0.056
236,10,0.015
236,11,0.053
236,12,0.046
236,13,0.021
236,14,0.051
236,15,0.014
236,16,0.049
236,17,0.029
236,18,0.03
236,19,0.045
236,20,0.02
236,21,0.039
236,22,0.044
236,23,0.044
236,24,0.022
236,25,0.051
236,26,0.049
236,27,0.015
236,28,0.046
236,29,0.05
236,30,0.03
236,31,0.03
236,32,0.048
236,33,0.048
236,34,0.014
236,35,0.043
236,36,0.044
236,37,0.036
236,38,0.029
236,39,0.05
236,40,0.04
236,41,0.023
236,42,0.05
236,43,0.044
236,44,0.016
236,45,0.044
236,46,0.05
236,47,0.019
236,48,0.046
237,1,0.037
237,2,0.032
237,3,0.045
237,4,0.019
237,5,0.049
237,6,0.044
237,7,0.015
237,8,0.054
237,9,0.035
237,10,0.031
237,11,0.053
237,12,0.015
237,13,0.048
237,14,0.039
237,15,0.021
237,16,0.054
237,17,0.014
237,18,0.049
237,19,0.038
237,20,0.028
237,21,0.046
237,22,0.039
237,23,0.022
237,24,0.04
237,25,0.048
237,26,0.046
237,27,0.016
237,28,0.042
237,29,0.042
237,30,0.043
237,31,0.033
237,32,0.026
237,33,0.044
237,34,0.044
237,35,0.043
237,36,0.021
237,37,0.046
237,38,0.047
237,39,0.044
237,40,0.015
237,41,0.044
237,42,0.045
237,43,0.045
237,44,0.015
237,45,0.055
237,46,0.047
237,47,0.015
237,48,0.053
238,1,0.048
238,2,0.015
238,3,0.049
238,4,0.05
238,5,0.015
238,6,0.045
238,7,0.045
238,8,0.015
238,9,0.055
238,10,0.045
238,11,0.015
238,12,0.045
238,13,0.053
238,14,0.017
238,15,0.05
238,16,0.024
238,17,0.035
238,18,0.052
238,19,0.015
238,20,0.048
238,21,0.052
238,22,0.014
238,23,0.044
238,24,0.042
238,25,0.014
238,26,0.053
238,27,0.048
238,28,0.015
238,29,0.045
238,30,0.049
238,31,0.026
238,32,0.035
238,33,0.049
238,34,0.041
238,35,0.017
238,36,0.052
238,37,0.05
238,38,0.015
238,39,0.044
238,40,0.042
238,41,0.04
238,42,0.021
238,43,0.044
238,44,0.053
238,45,0.015
238,46,0.045
238,47,0.05
238,48,0.025
239,1,0.034
239,2,0.043
239,3,0.044
239,4,0.023
239,5,0.046
239,6,0.04
239,7,0.021
239,8,0.053
239,9,0.036
239,10,0.025
239,11,0.044
239,12,0.033
239,13,0.035
239,14,0.045
239,15,0.014
239,16,0.044
239,17,0.045
239,18,0.014
239,19,0.053
239,20,0.039
239,21,0.019
239,22,0.054
239,23,0.015
239,24,0.05
239,25,0.045
239,26,0.014
239,27,0.055
239,28,0.026
239,29,0.034
239,30,0.054
239,31,0.014
239,32,0.052
239,33,0.028
239,34,0.036
239,35,0.051
239,36,0.015
239,37,0.052
239,38,0.035
239,39,0.031
239,40,0.051
239,41,0.015
239,42,0.049
239,43,0.043
239,44,0.017
239,45,0.054
239,46,0.014
239,47,0.05
239,48,0.046
240,1,0.015
240,2,0.053
240,3,0.015
240,4,0.054
240,5,0.036
240,6,0.03
240,7,0.052
240,8,0.015
240,9,0.053
240,10,0.015
240,11,0.053
240,12,0.033
240,13,0.031
240,14,0.051
240,15,0.014
240,16,0.045
240,17,0.015
240,18,0.056
240,19,0.03
240,20,0.036
240,21,0.044
240,22,0.014
240,23,0.052
240,24,0.04
240,25,0.019
240,26,0.045
240,27,0.036
240,28,0.033
240,29,0.044
240,30,0.023
240,31,0.044
240,32,0.048
240,33,0.014
240,34,0.051
240,35,0.048
240,36,0.015
240,37,0.053
240,38,0.041
240,39,0.026
240,40,0.05
240,41,0.016
240,42,0.049
240,43,0.044
240,44,0.015
240,45,0.052
240,46,0.025
240,47,0.036
240,48,0.053
388,1,0.015
388,2,0.015
388,3,0.015
388,4,0.015
388,5,0.015
388,6,0.015
388,7,0.014
388,8,0.015
388,9,0.015
388,10,0.014
388,11,0.015
388,12,0.015
388,13,0.014
388,14,0.014
388,15,0.014
388,16,0.014
388,17,0.014
388,18,0.014
388,19,0.015
388,20,0.014
388,21,0.015
388,22,0.015
388,23,0.05
388,24,0.079
388,25,0.015
388,26,0.014
388,27,0.014
388,28,0.07
388,29,0.015
388,30,0.015
388,31,0.015
388,32,0.015
388,33,0.015
388,34,0.014
388,35,0.078
388,36,0.015
388,37,0.015
388,38,0.015
388,39,0.015
388,40,0.015
388,41,0.015
388,42,0.015
388,43,0.015
388,44,0.015
388,45,0.015
388,46,0.015
388,47,0.015
388,48,0.015
389,1,0.015
389,2,0.015
389,3,0.015
389,4,0.014
389,5,0.014
389,6,0.015
389,7,0.015
389,8,0.015
389,9,0.015
389,10,0.015
389,11,0.015
389,12,0.014
389,13,0.014
389,14,0.014
389,15,0.014
389,16,0.014
389,17,0.014
389,18,0.014
389,19,0.015
389,20,0.014
389,21,0.015
389,22,0.015
389,23,0.015
389,24,0.015
389,25,0.015
389,26,0.015
389,27,0.014
389,28,0.015
389,29,0.015
389,30,0.015
389,31,0.015
389,32,0.015
389,33,0.015
389,34,0.015
389,35,0.015
389,36,0.016
389,37,0.016
389,38,0.015
389,39,0.015
389,40,0.015
389,41,0.015
389,42,0.015
389,43,0.015
389,44,0.015
389,45,0.015
389,46,0.015
389,47,0.015
389,48,0.015
390,1,0.015
390,2,0.015
390,3,0.015
390,4,0.015
390,5,0.015
390,6,0.015
390,7,0.015
390,8,0.015
390,9,0.014
390,10,0.015
390,11,0.014
390,12,0.014
390,13,0.014
390,14,0.014
390,15,0.014
390,16,0.015
390,17,0.015
390,18,0.015
390,19,0.014
390,20,0.014
390,21,0.014
390,22,0.014
390,23,0.014
390,24,0.014
390,25,0.014
390,26,0.014
390,27,0.015
390,28,0.015
390,29,0.015
390,30,0.015
390,31,0.015
390,32,0.014
390,33,0.014
390,34,0.014
390,35,0.015
390,36,0.015
390,37,0.015
390,38,0.015
390,39,0.015
390,40,0.015
390,41,0.015
390,42,0.015
390,43,0.014
390,44,0.015
390,45,0.015
390,46,0.015
390,47,0.015
390,48,0.015
391,1,0.015
391,2,0.015
391,3,0.015
391,4,0.015
391,5,0.015
391,6,0.015
391,7,0.014
391,8,0.015
391,9,0.015
391,10,0.015
391,11,0.015
391,12,0.014
391,13,0.014
391,14,0.015
391,15,0.014
391,16,0.015
391,17,0.015
391,18,0.015
391,19,0.014
391,20,0.014
391,21,0.014
391,22,0.014
391,23,0.014
391,24,0.014
391,25,0.014
391,26,0.014
391,27,0.015
391,28,0.015
391,29,0.014
391,30,0.014
391,31,0.014
391,32,0.014
391,33,0.014
391,34,0.015
391,35,0.015
391,36,0.015
391,37,0.015
391,38,0.016
391,39,0.015
391,40,0.016
391,41,0.016
391,42,0.015
391,43,0.015
391,44,0.015
391,45,0.015
391,46,0.015
391,47,0.015
391,48,0.015
392,1,0.015
392,2,0.015
392,3,0.015
392,4,0.014
392,5,0.014
392,6,0.015
392,7,0.015
392,8,0.015
392,9,0.015
392,10,0.015
392,11,0.015
392,12,0.014
392,13,0.014
392,14,0.015
392,15,0.014
392,16,0.014
392,17,0.015
392,18,0.015
392,19,0.015
392,20,0.015
392,21,0.014
392,22,0.015
392,23,0.015
392,24,0.015
392,25,0.015
392,26,0.015
392,27,0.015
392,28,0.015
392,29,0.015
392,30,0.015
392,31,0.014
392,32,0.015
392,33,0.014
392,34,0.014
392,35,0.015
392,36,0.015
392,37,0.015
392,38,0.015
392,39,0.016
392,40,0.016
392,41,0.015
392,42,0.016
392,43,0.016
392,44,0.015
392,45,0.015
392,46,0.015
392,47,0.015
392,48,0.015
393,1,0.015
393,2,0.015
393,3,0.015
393,4,0.015
393,5,0.015
393,6,0.015
393,7,0.015
393,8,0.015
393,9,0.015
393,10,0.015
393,11,0.015
393,12,0.015
393,13,0.014
393,14,0.015
393,15,0.015
393,16,0.015
393,17,0.015
393,18,0.015
393,19,0.014
393,20,0.014
393,21,0.014
393,22,0.014
393,23,0.014
393,24,0.014
393,25,0.078
393,26,0.12
393,27,0.033
393,28,0.015
393,29,0.015
393,30,0.015
393,31,0.014
393,32,0.014
393,33,0.111
393,34,0.046
393,35,0.015
393,36,0.015
393,37,0.015
393,38,0.016
393,39,0.016
393,40,0.016
393,41,0.071
393,42,0.046
393,43,0.015
393,44,0.015
393,45,0.015
393,46,0.015
393,47,0.015
393,48,0.015
394,1,0.065
394,2,0.103
394,3,0.015
394,4,0.015
394,5,0.015
394,6,0.015
394,7,0.015
394,8,0.015
394,9,0.015
394,10,0.072
394,11,0.073
394,12,0.015
394,13,0.015
394,14,0.014
394,15,0.014
394,16,0.015
394,17,0.015
394,18,0.014
394,19,0.014
394,20,0.014
394,21,0.048
394,22,0.051
394,23,0.014
394,24,0.014
394,25,0.014
394,26,0.09
394,27,0.014
394,28,0.015
394,29,0.015
394,30,0.015
394,31,0.063
394,32,0.015
394,33,0.015
394,34,0.015
394,35,0.014
394,36,0.015
394,37,0.015
394,38,0.075
394,39,0.016
394,40,0.015
394,41,0.015
394,42,0.015
394,43,0.015
394,44,0.015
394,45,0.015
394,46,0.015
394,47,0.015
394,48,0.015
395,1,0.015
395,2,0.015
395,3,0.015
395,4,0.015
395,5,0.015
395,6,0.015
395,7,0.015
395,8,0.015
395,9,0.015
395,10,0.015
395,11,0.015
395,12,0.015
395,13,0.015
395,14,0.014
395,15,0.014
395,16,0.014
395,17,0.014
395,18,0.014
395,19,0.014
395,20,0.015
395,21,0.015
395,22,0.014
395,23,0.059
395,24,0.074
395,25,0.015
395,26,0.015
395,27,0.068
395,28,0.016
395,29,0.015
395,30,0.015
395,31,0.015
395,32,0.071
395,33,0.015
395,34,0.014
395,35,0.015
395,36,0.015
395,37,0.015
395,38,0.015
395,39,0.016
395,40,0.016
395,41,0.016
395,42,0.016
395,43,0.015
395,44,0.015
395,45,0.015
395,46,0.015
395,47,0.015
395,48,0.015
396,1,0.015
396,2,0.015
396,3,0.015
396,4,0.015
396,5,0.014
396,6,0.015
396,7,0.015
396,8,0.015
396,9,0.015
396,10,0.015
396,11,0.015
396,12,0.015
396,13,0.015
396,14,0.015
396,15,0.015
396,16,0.015
396,17,0.015
396,18,0.014
396,19,0.014
396,20,0.014
396,21,0.015
396,22,0.014
396,23,0.015
396,24,0.015
396,25,0.014
396,26,0.015
396,27,0.014
396,28,0.014
396,29,0.015
396,30,0.015
396,31,0.015
396,32,0.015
396,33,0.014
396,34,0.014
396,35,0.014
396,36,0.015
396,37,0.015
396,38,0.015
396,39,0.015
396,40,0.016
396,41,0.015
396,42,0.016
396,43,0.015
396,44,0.015
396,45,0.015
396,46,0.015
396,47,0.015
396,48,0.015
397,1,0.015
397,2,0.014
397,3,0.015
397,4,0.015
397,5,0.014
397,6,0.014
397,7,0.014
397,8,0.015
397,9,0.015
397,10,0.015
397,11,0.015
397,12,0.015
397,13,0.015
397,14,0.015
397,15,0.014
397,16,0.015
397,17,0.015
397,18,0.014
397,19,0.014
397,20,0.014
397,21,0.014
397,22,0.014
397,23,0.014
397,24,0.014
397,25,0.014
397,26,0.014
397,27,0.014
397,28,0.015
397,29,0.015
397,30,0.015
397,31,0.015
397,32,0.015
397,33,0.014
397,34,0.014
397,35,0.015
397,36,0.015
397,37,0.015
397,38,0.015
397,39,0.015
397,40,0.015
397,41,0.016
397,42,0.015
397,43,0.015
397,44,0.015
397,45,0.015
397,46,0.015
397,47,0.015
397,48,0.015
398,1,0.015
398,2,0.015
398,3,0.015
398,4,0.015
398,5,0.014
398,6,0.015
398,7,0.015
398,8,0.015
398,9,0.015
398,10,0.015
398,11,0.015
398,12,0.015
398,13,0.014
398,14,0.015
398,15,0.015
398,16,0.015
398,17,0.015
398,18,0.015
398,19,0.014
398,20,0.014
398,21,0.014
398,22,0.015
398,23,0.015
398,24,0.015
398,25,0.015
398,26,0.015
398,27,0.015
398,28,0.015
398,29,0.014
398,30,0.014
398,31,0.014
398,32,0.014
398,33,0.014
398,34,0.014
398,35,0.015
398,36,0.015
398,37,0.015
398,38,0.016
398,39,0.015
398,40,0.015
398,41,0.015
398,42,0.015
398,43,0.015
398,44,0.015
398,45,0.015
398,46,0.015
398,47,0.015
398,48,0.015
399,1,0.014
399,2,0.015
399,3,0.014
399,4,0.015
399,5,0.015
399,6,0.015
399,7,0.015
399,8,0.015
399,9,0.015
399,10,0.015
399,11,0.015
399,12,0.015
399,13,0.014
399,14,0.015
399,15,0.015
399,16,0.015
399,17,0.015
399,18,0.015
399,19,0.015
399,20,0.015
399,21,0.014
399,22,0.014
399,23,0.014
399,24,0.014
399,25,0.014
399,26,0.014
399,27,0.015
399,28,0.015
399,29,0.014
399,30,0.014
399,31,0.014
399,32,0.014
399,33,0.014
399,34,0.014
399,35,0.015
399,36,0.015
399,37,0.015
399,38,0.015
399,39,0.015
399,40,0.015
399,41,0.015
399,42,0.015
399,43,0.015
399,44,0.015
399,45,0.015
399,46,0.015
399,47,0.015
399,48,0.015
400,1,0.015
400,2,0.015
400,3,0.015
400,4,0.014
400,5,0.014
400,6,0.015
400,7,0.015
400,8,0.015
400,9,0.015
400,10,0.015
400,11,0.015
400,12,0.015
400,13,0.014
400,14,0.014
400,15,0.015
400,16,0.015
400,17,0.015
400,18,0.015
400,19,0.014
400,20,0.014
400,21,0.014
400,22,0.014
400,23,0.014
400,24,0.014
400,25,0.014
400,26,0.014
400,27,0.015
400,28,0.015
400,29,0.014
400,30,0.014
400,31,0.014
400,32,0.014
400,33,0.014
400,34,0.015
400,35,0.015
400,36,0.015
400,37,0.015
400,38,0.015
400,39,0.015
400,40,0.016
400,41,0.015
400,42,0.015
400,43,0.015
400,44,0.048
400,45,0.122
400,46,0.073
400,47,0.015
400,48,0.015
401,1,0.015
401,2,0.014
401,3,0.014
401,4,0.015
401,5,0.067
401,6,0.096
401,7,0.015
401,8,0.015
401,9,0.015
401,10,0.015
401,11,0.015
401,12,0.015
401,13,0.014
401,14,0.014
401,15,0.078
401,16,0.041
401,17,0.015
401,18,0.015
401,19,0.015
401,20,0.015
401,21,0.014
401,22,0.084
401,23,0.06
401,24,0.014
401,25,0.014
401,26,0.095
401,27,0.015
401,28,0.015
401,29,0.088
401,30,0.014
401,31,0.014
401,32,0.052
401,33,0.045
401,34,0.014
401,35,0.014
401,36,0.062
401,37,0.035
401,38,0.015
401,39,0.015
401,40,0.016
401,41,0.063
401,42,0.015
401,43,0.015
401,44,0.015
401,45,0.015
401,46,0.015
401,47,0.069
401,48,0.015
402,1,0.015
402,2,0.015
402,3,0.015
402,4,0.015
402,5,0.015
402,6,0.042
402,7,0.049
402,8,0.015
402,9,0.015
402,10,0.015
402,11,0.015
402,12,0.015
402,13,0.015
402,14,0.015
402,15,0.014
402,16,0.082
402,17,0.015
402,18,0.014
402,19,0.015
402,20,0.015
402,21,0.015
402,22,0.015
402,23,0.015
402,24,0.015
402,25,0.015
402,26,0.085
402,27,0.017
402,28,0.015
402,29,0.015
402,30,0.015
402,31,0.015
402,32,0.015
402,33,0.015
402,34,0.014
402,35,0.081
402,36,0.015
402,37,0.015
402,38,0.016
402,39,0.016
402,40,0.015
402,41,0.015
402,42,0.015
402,43,0.015
402,44,0.015
402,45,0.015
402,46,0.015
402,47,0.015
402,48,0.015
403,1,0.015
403,2,0.015
403,3,0.035
403,4,0.116
403,5,0.02
403,6,0.015
403,7,0.015
403,8,0.015
403,9,0.015
403,10,0.015
403,11,0.015
403,12,0.015
403,13,0.015
403,14,0.015
403,15,0.015
403,16,0.015
403,17,0.015
403,18,0.014
403,19,0.014
403,20,0.014
403,21,0.014
403,22,0.014
403,23,0.015
403,24,0.015
403,25,0.014
403,26,0.014
403,27,0.014
403,28,0.014
403,29,0.014
403,30,0.015
403,31,0.014
403,32,0.015
403,33,0.015
403,34,0.015
403,35,0.015
403,36,0.015
403,37,0.015
403,38,0.015
403,39,0.015
403,40,0.015
403,41,0.015
403,42,0.015
403,43,0.015
403,44,0.015
403,45,0.015
403,46,0.015
403,47,0.015
403,48,0.015
404,1,0.015
404,2,0.015
404,3,0.015
404,4,0.015
404,5,0.015
404,6,0.015
404,7,0.015
404,8,0.015
404,9,0.015
404,10,0.015
404,11,0.015
404,12,0.015
404,13,0.015
404,14,0.014
404,15,0.014
404,16,0.015
404,17,0.015
404,18,0.015
404,19,0.014
404,20,0.014
404,21,0.014
404,22,0.015
404,23,0.015
404,24,0.015
404,25,0.015
404,26,0.014
404,27,0.014
404,28,0.015
404,29,0.015
404,30,0.015
404,31,0.015
404,32,0.015
404,33,0.015
404,34,0.014
404,35,0.014
404,36,0.015
404,37,0.015
404,38,0.015
404,39,0.016
404,40,0.015
404,41,0.015
404,42,0.015
404,43,0.015
404,44,0.015
404,45,0.015
404,46,0.015
404,47,0.015
404,48,0.014
405,1,0.014
405,2,0.014
405,3,0.014
405,4,0.014
405,5,0.014
405,6,0.014
405,7,0.015
405,8,0.015
405,9,0.015
405,10,0.015
405,11,0.015
405,12,0.015
405,13,0.015
405,14,0.014
405,15,0.015
405,16,0.015
405,17,0.015
405,18,0.015
405,19,0.014
405,20,0.014
405,21,0.014
405,22,0.014
405,23,0.014
405,24,0.014
405,25,0.015
405,26,0.014
405,27,0.014
405,28,0.014
405,29,0.014
405,30,0.014
405,31,0.014
405,32,0.014
405,33,0.014
405,34,0.014
405,35,0.014
405,36,0.015
405,37,0.015
405,38,0.015
405,39,0.015
405,40,0.016
405,41,0.015
405,42,0.015
405,43,0.015
405,44,0.015
405,45,0.015
405,46,0.015
405,47,0.015
405,48,0.015
406,1,0.015
406,2,0.015
406,3,0.015
406,4,0.014
406,5,0.014
406,6,0.015
406,7,0.015
406,8,0.015
406,9,0.015
406,10,0.015
406,11,0.015
406,12,0.015
406,13,0.014
406,14,0.014
406,15,0.015
406,16,0.015
406,17,0.014
406,18,0.015
406,19,0.015
406,20,0.014
406,21,0.015
406,22,0.015
406,23,0.015
406,24,0.015
406,25,0.067
406,26,0.122
406,27,0.039
406,28,0.015
406,29,0.014
406,30,0.06
406,31,0.035
406,32,0.014
406,33,0.014
406,34,0.014
406,35,0.014
406,36,0.094
406,37,0.015
406,38,0.015
406,39,0.015
406,40,0.015
406,41,0.015
406,42,0.015
406,43,0.015
406,44,0.015
406,45,0.015
406,46,0.015
406,47,0.015
406,48,0.015
407,1,0.015
407,2,0.015
407,3,0.015
407,4,0.015
407,5,0.015
407,6,0.015
407,7,0.015
407,8,0.015
407,9,0.015
407,10,0.015
407,11,0.015
407,12,0.015
407,13,0.014
407,14,0.014
407,15,0.015
407,16,0.015
407,17,0.015
407,18,0.015
407,19,0.014
407,20,0.015
407,21,0.014
407,22,0.014
407,23,0.014
407,24,0.046
407,25,0.12
407,26,0.041
407,27,0.015
407,28,0.015
407,29,0.092
407,30,0.02
407,31,0.015
407,32,0.015
407,33,0.014
407,34,0.075
407,35,0.029
407,36,0.014
407,37,0.015
407,38,0.015
407,39,0.015
407,40,0.015
407,41,0.015
407,42,0.015
407,43,0.015
407,44,0.015
407,45,0.015
407,46,0.015
407,47,0.015
407,48,0.015
408,1,0.014
408,2,0.015
408,3,0.015
408,4,0.015
408,5,0.015
408,6,0.015
408,7,0.015
408,8,0.015
408,9,0.015
408,10,0.014
408,11,0.015
408,12,0.014
408,13,0.015
408,14,0.015
408,15,0.014
408,16,0.015
408,17,0.015
408,18,0.015
408,19,0.015
408,20,0.014
408,21,0.015
408,22,0.014
408,23,0.014
408,24,0.014
408,25,0.014
408,26,0.015
408,27,0.015
408,28,0.015
408,29,0.015
408,30,0.015
408,31,0.015
408,32,0.015
408,33,0.015
408,34,0.015
408,35,0.014
408,36,0.014
408,37,0.016
408,38,0.016
408,39,0.015
408,40,0.016
408,41,0.015
408,42,0.015
408,43,0.015
408,44,0.015
408,45,0.015
408,46,0.015
408,47,0.015
408,48,0.015
409,1,0.015
409,2,0.015
409,3,0.015
409,4,0.015
409,5,0.015
409,6,0.014
409,7,0.014
409,8,0.015
409,9,0.015
409,10,0.015
409,11,0.015
409,12,0.015
409,13,0.015
409,14,0.015
409,15,0.014
409,16,0.014
409,17,0.014
409,18,0.014
409,19,0.015
409,20,0.015
409,21,0.014
409,22,0.014
409,23,0.014
409,24,0.014
409,25,0.014
409,26,0.014
409,27,0.015
409,28,0.015
409,29,0.015
409,30,0.015
409,31,0.015
409,32,0.015
409,33,0.014
409,34,0.014
409,35,0.014
409,36,0.015
409,37,0.015
409,38,0.015
409,39,0.015
409,40,0.015
409,41,0.015
409,42,0.015
409,43,0.015
409,44,0.015
409,45,0.015
409,46,0.015
409,47,0.015
409,48,0.015
410,1,0.015
410,2,0.014
410,3,0.014
410,4,0.015
410,5,0.015
410,6,0.014
410,7,0.014
410,8,0.015
410,9,0.015
410,10,0.015
410,11,0.015
410,12,0.015
410,13,0.015
410,14,0.015
410,15,0.015
410,16,0.015
410,17,0.015
410,18,0.014
410,19,0.014
410,20,0.015
410,21,0.014
410,22,0.015
410,23,0.015
410,24,0.014
410,25,0.014
410,26,0.014
410,27,0.015
410,28,0.015
410,29,0.015
410,30,0.015
410,31,0.015
410,32,0.015
410,33,0.015
410,34,0.015
410,35,0.014
410,36,0.014
410,37,0.014
410,38,0.014
410,39,0.015
410,40,0.015
410,41,0.015
410,42,0.015
410,43,0.015
410,44,0.015
410,45,0.015
410,46,0.015
410,47,0.015
410,48,0.014
411,1,0.014
411,2,0.015
411,3,0.015
411,4,0.015
411,5,0.015
411,6,0.015
411,7,0.015
411,8,0.015
411,9,0.015
411,10,0.015
411,11,0.015
411,12,0.015
411,13,0.014
411,14,0.014
411,15,0.014
411,16,0.014
411,17,0.014
411,18,0.015
411,19,0.015
411,20,0.014
411,21,0.015
411,22,0.014
411,23,0.014
411,24,0.014
411,25,0.016
411,26,0.014
411,27,0.015
411,28,0.015
411,29,0.014
411,30,0.014
411,31,0.014
411,32,0.015
411,33,0.014
411,34,0.014
411,35,0.014
411,36,0.014
411,37,0.015
411,38,0.015
411,39,0.015
411,40,0.015
411,41,0.015
411,42,0.015
411,43,0.015
411,44,0.015
411,45,0.015
411,46,0.015
411,47,0.015
411,48,0.015
412,1,0.015
412,2,0.015
412,3,0.015
412,4,0.015
412,5,0.015
412,6,0.015
412,7,0.015
412,8,0.015
412,9,0.015
412,10,0.015
412,11,0.015
412,12,0.015
412,13,0.015
412,14,0.014
412,15,0.015
412,16,0.015
412,17,0.014
412,18,0.015
412,19,0.015
412,20,0.015
412,21,0.014
412,22,0.014
412,23,0.014
412,24,0.015
412,25,0.014
412,26,0.014
412,27,0.015
412,28,0.014
412,29,0.014
412,30,0.014
412,31,0.014
412,32,0.014
412,33,0.014
412,34,0.014
412,35,0.014
412,36,0.014
412,37,0.015
412,38,0.015
412,39,0.015
412,40,0.015
412,41,0.015
412,42,0.015
412,43,0.015
412,44,0.015
412,45,0.015
412,46,0.015
412,47,0.015
412,48,0.015
413,1,0.015
413,2,0.014
413,3,0.014
413,4,0.015
413,5,0.015
413,6,0.015
413,7,0.015
413,8,0.015
413,9,0.015
413,10,0.015
413,11,0.015
413,12,0.015
413,13,0.015
413,14,0.014
413,15,0.014
413,16,0.015
413,17,0.015
413,18,0.014
413,19,0.014
413,20,0.014
413,21,0.014
413,22,0.014
413,23,0.014
413,24,0.015
413,25,0.015
413,26,0.014
413,27,0.015
413,28,0.015
413,29,0.014
413,30,0.014
413,31,0.014
413,32,0.014
413,33,0.014
413,34,0.014
413,35,0.014
413,36,0.014
413,37,0.016
413,38,0.015
413,39,0.015
413,40,0.015
413,41,0.015
413,42,0.015
413,43,0.015
413,44,0.015
413,45,0.015
413,46,0.015
413,47,0.015
413,48,0.015
414,1,0.015
414,2,0.014
414,3,0.015
414,4,0.015
414,5,0.015
414,6,0.015
414,7,0.015
414,8,0.015
414,9,0.015
414,10,0.015
414,11,0.015
414,12,0.015
414,13,0.015
414,14,0.015
414,15,0.014
414,16,0.014
414,17,0.014
414,18,0.015
414,19,0.015
414,20,0.014
414,21,0.014
414,22,0.014
414,23,0.024
414,24,0.12
414,25,0.088
414,26,0.014
414,27,0.014
414,28,0.104
414,29,0.015
414,30,0.015
414,31,0.065
414,32,0.056
414,33,0.015
414,34,0.015
414,35,0.048
414,36,0.08
414,37,0.014
414,38,0.015
414,39,0.015
414,40,0.015
414,41,0.048
414,42,0.092
414,43,0.015
414,44,0.015
414,45,0.015
414,46,0.015
414,47,0.014
414,48,0.015
415,1,0.015
415,2,0.015
415,3,0.015
415,4,0.023
415,5,0.119
415,6,0.046
415,7,0.014
415,8,0.014
415,9,0.015
415,10,0.015
415,11,0.014
415,12,0.014
415,13,0.015
415,14,0.015
415,15,0.015
415,16,0.014
415,17,0.014
415,18,0.014
415,19,0.015
415,20,0.015
415,21,0.014
415,22,0.014
415,23,0.014
415,24,0.084
415,25,0.044
415,26,0.015
415,27,0.015
415,28,0.015
415,29,0.056
415,30,0.07
415,31,0.014
415,32,0.014
415,33,0.014
415,34,0.014
415,35,0.09
415,36,0.023
415,37,0.015
415,38,0.016
415,39,0.016
415,40,0.015
415,41,0.015
415,42,0.015
415,43,0.015
415,44,0.015
415,45,0.015
415,46,0.015
415,47,0.015
415,48,0.015
