213,1,0.0
213,2,0.0
213,3,0.045
213,4,0.022
213,5,0.0
213,6,0.0
213,7,0.0
213,8,0.017
213,9,0.05
213,10,0.0
213,11,0.0
213,12,0.0
213,13,0.0
213,14,0.051
213,15,0.014
213,16,0.0
213,17,0.0
213,18,0.0
213,19,0.601
213,20,0.052
213,21,0.0
213,22,0.0
213,23,0.0
213,24,0.026
213,25,0.045
213,26,0.013
213,27,0.051
213,28,0.388
213,29,0.102
213,30,0.031
213,31,0.017
213,32,0.03
213,33,0.081
213,34,0.119
213,35,0.119
213,36,0.114
213,37,0.768
213,38,0.175
213,39,0.045
213,40,0.052
213,41,0.036
213,42,0.017
213,43,0.271
213,44,0.076
213,45,0.1
213,46,0.25
213,47,0.104
213,48,0.07
214,1,0.063
214,2,0.033
214,3,0.036
214,4,0.035
214,5,0.048
214,6,0.089
214,7,0.036
214,8,0.037
214,9,0.037
214,10,0.037
214,11,0.089
214,12,0.048
214,13,0.035
214,14,0.029
214,15,0.639
214,16,0.02
214,17,1.097
214,18,0.031
214,19,0.045
214,20,0.049
214,21,0.507
214,22,0.183
214,23,0.151
214,24,0.044
214,25,0.017
214,26,0.017
214,27,0.034
214,28,0.067
214,29,0.719
214,30,2.741
214,31,2.0
214,32,1.954
214,33,0.766
214,34,0.653
214,35,2.029
214,36,1.344
214,37,0.256
214,38,0.345
214,39,0.342
214,40,0.4
214,41,0.52
214,42,0.481
214,43,0.418
214,44,0.538
214,45,0.627
214,46,0.57
214,47,0.563
214,48,0.497
215,1,0.161
215,2,0.125
215,3,0.0
215,4,0.0
215,5,0.0
215,6,0.0
215,7,0.067
215,8,0.002
215,9,0.0
215,10,0.0
215,11,0.0
215,12,0.049
215,13,0.02
215,14,0.0
215,15,0.0
215,16,0.0
215,17,0.021
215,18,0.047
215,19,0.0
215,20,0.0
215,21,0.0
215,22,0.971
215,23,0.149
215,24,0.017
215,25,0.017
215,26,0.017
215,27,0.057
215,28,0.049
215,29,0.017
215,30,0.017
215,31,0.017
215,32,0.059
215,33,0.047
215,34,0.019
215,35,0.022
215,36,0.645
215,37,3.287
215,38,0.161
215,39,0.325
215,40,0.931
215,41,1.013
215,42,1.733
215,43,2.024
215,44,1.871
215,45,0.492
215,46,0.574
215,47,0.601
215,48,0.866
216,1,0.588
216,2,0.557
216,3,1.177
216,4,1.94
216,5,2.012
216,6,1.966
216,7,1.958
216,8,1.962
216,9,0.628
216,10,0.193
216,11,0.118
216,12,0.118
216,13,0.118
216,14,0.074
216,15,0.075
216,16,0.017
216,17,0.017
216,18,0.098
216,19,0.904
216,20,0.175
216,21,0.088
216,22,0.066
216,23,0.069
216,24,0.132
216,25,0.13
216,26,0.508
216,27,0.554
216,28,0.168
216,29,0.137
216,30,0.067
216,31,0.002
216,32,0.063
216,33,0.318
216,34,0.0
216,35,0.144
216,36,0.04
216,37,0.065
216,38,0.251
216,39,0.312
216,40,0.352
216,41,0.361
216,42,0.306
216,43,0.278
216,44,0.321
216,45,0.359
216,46,0.376
216,47,0.421
216,48,0.449
217,1,0.477
217,2,0.911
217,3,0.512
217,4,0.48
217,5,1.418
217,6,1.06
217,7,0.264
217,8,0.215
217,9,0.207
217,10,0.175
217,11,0.123
217,12,0.19
217,13,0.123
217,14,0.12
217,15,0.12
217,16,0.043
217,17,0.058
217,18,0.004
217,19,0.004
217,20,0.331
217,21,0.398
217,22,0.012
217,23,0.004
217,24,0.005
217,25,0.105
217,26,0.25
217,27,0.247
217,28,0.347
217,29,0.3
217,30,0.217
217,31,0.206
217,32,0.195
217,33,0.251
217,34,0.215
217,35,0.148
217,36,0.141
217,37,0.173
217,38,0.184
217,39,0.147
217,40,0.144
217,41,0.181
217,42,0.273
217,43,0.237
217,44,0.226
217,45,0.123
217,46,0.144
217,47,0.176
217,48,0.134
218,1,0.095
218,2,0.0
218,3,0.044
218,4,0.022
218,5,0.0
218,6,0.0
218,7,0.0
218,8,0.057
218,9,0.008
218,10,0.0
218,11,0.0
218,12,0.0
218,13,0.063
218,14,0.001
218,15,0.0
218,16,0.0
218,17,0.0
218,18,0.063
218,19,0.0
218,20,0.0
218,21,0.0
218,22,0.0
218,23,0.051
218,24,0.76
218,25,0.0
218,26,0.043
218,27,0.007
218,28,0.06
218,29,0.0
218,30,0.153
218,31,0.0
218,32,0.065
218,33,0.0
218,34,0.0
218,35,0.0
218,36,0.026
218,37,0.519
218,38,0.564
218,39,0.083
218,40,0.085
218,41,0.14
218,42,0.091
218,43,0.401
218,44,0.27
218,45,0.279
218,46,0.395
218,47,0.35
218,48,0.309
219,1,0.011
219,2,0.041
219,3,0.031
219,4,0.001
219,5,0.0
219,6,0.0
219,7,0.049
219,8,0.022
219,9,0.002
219,10,0.0
219,11,0.0
219,12,0.049
219,13,0.018
219,14,0.0
219,15,0.0
219,16,0.0
219,17,0.032
219,18,0.032
219,19,0.0
219,20,0.0
219,21,0.0
219,22,0.86
219,23,0.034
219,24,0.021
219,25,0.019
219,26,0.04
219,27,0.064
219,28,0.019
219,29,0.019
219,30,0.019
219,31,0.33
219,32,0.036
219,33,0.019
219,34,0.019
219,35,0.019
219,36,0.021
219,37,0.149
219,38,0.229
219,39,0.099
219,40,0.078
219,41,0.185
219,42,0.268
219,43,0.276
219,44,0.317
219,45,0.304
219,46,0.341
219,47,0.072
219,48,0.0
220,1,0.0
220,2,0.0
220,3,0.045
220,4,0.056
220,5,0.0
220,6,0.0
220,7,0.0
220,8,0.0
220,9,0.0
220,10,0.018
220,11,0.073
220,12,0.005
220,13,0.0
220,14,0.0
220,15,0.0
220,16,0.0
220,17,0.0
220,18,0.072
220,19,0.021
220,20,0.0
220,21,0.829
220,22,0.083
220,23,0.029
220,24,0.089
220,25,0.209
220,26,0.038
220,27,0.139
220,28,0.207
220,29,0.313
220,30,0.069
220,31,0.075
220,32,0.055
220,33,0.011
220,34,0.0
220,35,0.0
220,36,0.026
220,37,0.044
220,38,0.0
220,39,0.086
220,40,0.122
220,41,0.185
220,42,0.118
220,43,0.116
220,44,0.117
220,45,0.158
220,46,0.144
220,47,0.123
220,48,0.125
221,1,0.132
221,2,0.082
221,3,0.0
221,4,0.0
221,5,0.0
221,6,0.048
221,7,0.018
221,8,0.0
221,9,0.0
221,10,0.003
221,11,0.063
221,12,0.0
221,13,0.0
221,14,0.0
221,15,0.029
221,16,0.035
221,17,0.0
221,18,0.0
221,19,0.0
221,20,0.051
221,21,0.013
221,22,0.0
221,23,0.19
221,24,0.094
221,25,0.114
221,26,0.048
221,27,0.053
221,28,0.017
221,29,0.072
221,30,0.03
221,31,0.017
221,32,0.017
221,33,0.032
221,34,0.392
221,35,0.294
221,36,0.083
221,37,0.084
221,38,1.179
221,39,0.089
221,40,0.082
221,41,0.082
221,42,0.161
221,43,0.191
221,44,0.441
221,45,0.417
221,46,0.514
221,47,0.5
221,48,0.415
222,1,0.415
222,2,0.41
222,3,0.475
222,4,0.202
222,5,0.435
222,6,0.395
222,7,0.343
222,8,0.344
222,9,0.114
222,10,0.066
222,11,0.0
222,12,0.0
222,13,0.0
222,14,0.017
222,15,0.051
222,16,0.0
222,17,0.0
222,18,0.0
222,19,0.038
222,20,0.027
222,21,0.265
222,22,0.379
222,23,0.985
222,24,0.978
222,25,0.754
222,26,0.796
222,27,0.343
222,28,0.106
222,29,0.07
222,30,0.074
222,31,0.104
222,32,0.386
222,33,0.054
222,34,0.016
222,35,0.021
222,36,0.078
222,37,0.016
222,38,0.016
222,39,0.054
222,40,0.127
222,41,0.101
222,42,0.078
222,43,0.274
222,44,0.429
222,45,0.411
222,46,0.355
222,47,0.368
222,48,0.355
223,1,0.262
223,2,0.008
223,3,0.0
223,4,0.0
223,5,0.025
223,6,0.043
223,7,0.0
223,8,0.0
223,9,0.0
223,10,0.057
223,11,0.01
223,12,0.0
223,13,0.0
223,14,0.002
223,15,0.064
223,16,0.0
223,17,0.0
223,18,0.0
223,19,0.032
223,20,0.744
223,21,0.017
223,22,0.024
223,23,0.088
223,24,0.085
223,25,0.192
223,26,0.059
223,27,0.04
223,28,0.396
223,29,0.037
223,30,0.0
223,31,0.0
223,32,0.02
223,33,0.05
223,34,0.0
223,35,0.0
223,36,0.0
223,37,0.067
223,38,0.005
223,39,0.0
223,40,0.0
223,41,0.049
223,42,0.022
223,43,0.0
223,44,0.0
223,45,0.031
223,46,0.148
223,47,0.035
223,48,0.0
224,1,0.0
224,2,0.065
224,3,0.03
224,4,0.0
224,5,0.0
224,6,0.024
224,7,0.062
224,8,0.0
224,9,0.0
224,10,0.0
224,11,0.045
224,12,0.034
224,13,0.0
224,14,0.0
224,15,0.0
224,16,0.063
224,17,0.014
224,18,0.0
224,19,0.0
224,20,0.342
224,21,0.041
224,22,0.017
224,23,0.016
224,24,0.016
224,25,0.083
224,26,0.025
224,27,0.016
224,28,0.334
224,29,0.336
224,30,0.256
224,31,0.158
224,32,0.416
224,33,0.258
224,34,0.242
224,35,0.215
224,36,0.164
224,37,0.345
224,38,0.271
224,39,0.244
224,40,0.248
224,41,0.247
224,42,0.452
224,43,0.332
224,44,0.184
224,45,0.378
224,46,0.517
224,47,0.539
224,48,0.484
225,1,0.234
225,2,0.036
225,3,0.07
225,4,0.0
225,5,0.0
225,6,0.0
225,7,0.023
225,8,0.051
225,9,0.0
225,10,0.0
225,11,0.0
225,12,0.028
225,13,0.044
225,14,0.0
225,15,0.0
225,16,0.0
225,17,0.026
225,18,0.045
225,19,0.0
225,20,0.0
225,21,0.0
225,22,0.817
225,23,0.111
225,24,0.078
225,25,0.034
225,26,0.016
225,27,0.129
225,28,0.038
225,29,0.86
225,30,0.019
225,31,0.154
225,32,0.02
225,33,0.037
225,34,0.019
225,35,0.049
225,36,0.058
225,37,0.016
225,38,0.216
225,39,0.081
225,40,0.26
225,41,0.235
225,42,0.212
225,43,0.213
225,44,0.256
225,45,0.389
225,46,0.336
225,47,0.335
225,48,0.333
226,1,0.191
226,2,0.019
226,3,0.0
226,4,0.0
226,5,0.0
226,6,0.069
226,7,0.004
226,8,0.0
226,9,0.0
226,10,0.01
226,11,0.064
226,12,0.0
226,13,0.0
226,14,0.0
226,15,0.013
226,16,0.059
226,17,0.0
226,18,0.0
226,19,0.259
226,20,0.628
226,21,0.187
226,22,0.257
226,23,0.246
226,24,0.078
226,25,0.015
226,26,0.015
226,27,0.015
226,28,0.063
226,29,0.042
226,30,0.457
226,31,0.087
226,32,0.74
226,33,0.272
226,34,0.226
226,35,0.541
226,36,0.416
226,37,0.41
226,38,3.539
226,39,2.746
226,40,2.348
226,41,1.776
226,42,0.569
226,43,0.712
226,44,0.53
226,45,0.526
226,46,0.426
226,47,0.563
226,48,0.377
227,1,0.381
227,2,0.295
227,3,0.037
227,4,0.017
227,5,0.017
227,6,0.026
227,7,0.085
227,8,0.02
227,9,0.017
227,10,0.017
227,11,0.039
227,12,0.077
227,13,0.017
227,14,0.017
227,15,0.017
227,16,0.039
227,17,0.074
227,18,0.019
227,19,0.019
227,20,0.26
227,21,0.284
227,22,0.073
227,23,0.015
227,24,0.207
227,25,0.268
227,26,0.238
227,27,0.214
227,28,0.214
227,29,0.168
227,30,0.085
227,31,0.026
227,32,0.026
227,33,0.017
227,34,0.066
227,35,0.047
227,36,0.392
227,37,0.081
227,38,0.098
227,39,0.393
227,40,0.223
227,41,0.299
227,42,0.353
227,43,0.382
227,44,0.401
227,45,0.632
227,46,0.495
227,47,0.5
227,48,0.571
228,1,0.512
228,2,0.506
228,3,0.115
228,4,0.006
228,5,0.069
228,6,0.002
228,7,0.0
228,8,0.0
228,9,0.0
228,10,0.071
228,11,0.006
228,12,0.0
228,13,0.0
228,14,0.0
228,15,0.062
228,16,0.014
228,17,0.0
228,18,0.0
228,19,0.0
228,20,0.049
228,21,0.783
228,22,0.197
228,23,0.028
228,24,0.027
228,25,0.066
228,26,0.073
228,27,0.028
228,28,0.045
228,29,0.038
228,30,0.416
228,31,0.227
228,32,0.091
228,33,0.121
228,34,0.122
228,35,0.175
228,36,0.151
228,37,0.06
228,38,1.874
228,39,0.293
228,40,0.029
228,41,0.024
228,42,0.511
228,43,0.35
228,44,0.291
228,45,0.227
228,46,0.379
228,47,0.375
228,48,0.419
229,1,0.395
229,2,0.351
229,3,0.062
229,4,0.009
229,5,0.044
229,6,0.052
229,7,0.009
229,8,0.009
229,9,0.009
229,10,0.018
229,11,0.078
229,12,0.009
229,13,0.009
229,14,0.009
229,15,0.009
229,16,0.058
229,17,0.036
229,18,0.008
229,19,0.22
229,20,0.024
229,21,0.08
229,22,0.055
229,23,0.024
229,24,0.024
229,25,0.17
229,26,0.774
229,27,0.09
229,28,0.097
229,29,0.046
229,30,0.056
229,31,0.073
229,32,0.025
229,33,0.025
229,34,0.025
229,35,0.059
229,36,0.087
229,37,0.468
229,38,0.06
229,39,0.082
229,40,0.133
229,41,0.114
229,42,0.422
229,43,0.334
229,44,0.288
229,45,0.305
229,46,0.517
229,47,0.49
229,48,0.483
230,1,0.352
230,2,0.061
230,3,0.021
230,4,0.0
230,5,0.0
230,6,0.0
230,7,0.049
230,8,0.032
230,9,0.0
230,10,0.0
230,11,0.0
230,12,0.031
230,13,0.049
230,14,0.0
230,15,0.0
230,16,0.0
230,17,0.32
230,18,0.075
230,19,0.0
230,20,0.224
230,21,0.167
230,22,0.037
230,23,0.105
230,24,0.06
230,25,0.335
230,26,0.769
230,27,0.455
230,28,0.114
230,29,0.067
230,30,0.103
230,31,0.064
230,32,0.103
230,33,0.103
230,34,0.121
230,35,0.068
230,36,0.091
230,37,0.154
230,38,0.21
230,39,0.232
230,40,0.314
230,41,0.204
230,42,0.202
230,43,0.262
230,44,0.232
230,45,0.208
230,46,0.609
230,47,0.361
230,48,0.408
231,1,0.16
231,2,0.0
231,3,0.0
231,4,0.006
231,5,0.07
231,6,0.005
231,7,0.0
231,8,0.0
231,9,0.0
231,10,0.062
231,11,0.02
231,12,0.0
231,13,0.0
231,14,0.0
231,15,0.04
231,16,0.041
231,17,0.0
231,18,0.0
231,19,0.0
231,20,0.015
231,21,0.28
231,22,0.465
231,23,0.076
231,24,0.064
231,25,0.206
231,26,0.261
231,27,0.328
231,28,0.298
231,29,0.465
231,30,0.232
231,31,0.197
231,32,0.189
231,33,0.19
231,34,0.41
231,35,0.225
231,36,0.349
231,37,0.419
231,38,0.407
231,39,0.351
231,40,0.344
231,41,0.343
231,42,0.54
231,43,0.321
231,44,0.272
231,45,0.305
231,46,0.118
231,47,0.083
231,48,0.045
232,1,0.016
232,2,0.016
232,3,0.016
232,4,0.016
232,5,0.016
232,6,0.016
232,7,0.016
232,8,0.016
232,9,0.052
232,10,0.088
232,11,0.08
232,12,0.016
232,13,0.016
232,14,0.016
232,15,0.016
232,16,0.015
232,17,0.015
232,18,0.015
232,19,0.015
232,20,0.015
232,21,0.074
232,22,0.559
232,23,0.92
232,24,0.461
232,25,0.339
232,26,0.282
232,27,0.154
232,28,0.317
232,29,0.162
232,30,0.155
232,31,0.231
232,32,0.213
232,33,0.154
232,34,0.31
232,35,0.133
232,36,0.431
232,37,0.395
232,38,0.675
232,39,0.149
232,40,0.096
232,41,0.409
232,42,0.42
232,43,0.358
232,44,0.414
232,45,0.576
232,46,0.013
232,47,0.01
232,48,0.014
233,1,0.079
233,2,0.009
233,3,0.009
233,4,0.009
233,5,0.009
233,6,0.064
233,7,0.028
233,8,0.009
233,9,0.009
233,10,0.009
233,11,0.034
233,12,0.433
233,13,0.431
233,14,0.543
233,15,0.38
233,16,0.009
233,17,0.051
233,18,0.034
233,19,0.008
233,20,0.008
233,21,0.008
233,22,0.518
233,23,0.269
233,24,0.142
233,25,0.14
233,26,0.141
233,27,0.201
233,28,0.157
233,29,0.145
233,30,0.144
233,31,0.144
233,32,0.205
233,33,0.701
233,34,0.087
233,35,0.009
233,36,0.027
233,37,0.109
233,38,0.112
233,39,0.113
233,40,0.116
233,41,0.143
233,42,0.166
233,43,0.116
233,44,0.117
233,45,0.119
233,46,0.146
233,47,0.186
233,48,0.067
234,1,0.035
234,2,0.035
234,3,0.059
234,4,0.076
234,5,0.011
234,6,0.0
234,7,0.0
234,8,0.0
234,9,0.067
234,10,0.0
234,11,0.0
234,12,0.0
234,13,0.0
234,14,0.039
234,15,0.026
234,16,0.0
234,17,0.312
234,18,0.202
234,19,0.221
234,20,0.249
234,21,0.342
234,22,0.211
234,23,0.207
234,24,0.563
234,25,0.225
234,26,0.2
234,27,0.073
234,28,0.423
234,29,0.216
234,30,0.442
234,31,0.347
234,32,0.366
234,33,0.534
234,34,0.454
234,35,0.674
234,36,0.351
234,37,0.74
234,38,0.435
234,39,0.42
234,40,2.879
234,41,1.898
234,42,1.86
234,43,1.854
234,44,1.282
234,45,0.493
234,46,0.536
234,47,0.265
234,48,0.0
235,1,0.0
235,2,0.029
235,3,0.044
235,4,0.0
235,5,0.0
235,6,0.0
235,7,0.031
235,8,0.042
235,9,0.0
235,10,0.0
235,11,0.0
235,12,0.028
235,13,0.044
235,14,0.0
235,15,0.0
235,16,0.0
235,17,0.021
235,18,0.051
235,19,0.0
235,20,0.0
235,21,0.462
235,22,0.398
235,23,0.339
235,24,0.346
235,25,0.512
235,26,0.382
235,27,0.383
235,28,0.37
235,29,0.327
235,30,0.021
235,31,0.052
235,32,0.064
235,33,0.02
235,34,0.02
235,35,0.02
235,36,0.712
235,37,0.482
235,38,0.225
235,39,0.228
235,40,0.228
235,41,0.291
235,42,0.657
235,43,0.514
235,44,0.525
235,45,0.516
235,46,0.742
235,47,0.392
235,48,0.009
236,1,0.0
236,2,0.0
236,3,0.06
236,4,0.012
236,5,0.0
236,6,0.0
236,7,0.0
236,8,0.041
236,9,0.031
236,10,0.0
236,11,0.0
236,12,0.0
236,13,0.006
236,14,0.063
236,15,0.0
236,16,0.0
236,17,0.146
236,18,0.303
236,19,0.098
236,20,0.033
236,21,0.027
236,22,0.243
236,23,0.01
236,24,0.058
236,25,0.0
236,26,0.0
236,27,0.0
236,28,0.0
236,29,0.069
236,30,0.003
236,31,0.0
236,32,0.44
236,33,0.136
236,34,0.076
236,35,0.002
236,36,0.092
236,37,0.234
236,38,0.148
236,39,0.246
236,40,0.092
236,41,0.0
236,42,0.637
236,43,0.363
236,44,0.266
236,45,0.185
236,46,0.492
236,47,0.517
236,48,0.532
237,1,0.089
237,2,0.0
237,3,0.0
237,4,0.012
237,5,0.06
237,6,0.0
237,7,0.0
237,8,0.0
237,9,0.0
237,10,0.037
237,11,0.033
237,12,0.0
237,13,0.0
237,14,0.0
237,15,0.0
237,16,0.042
237,17,0.027
237,18,0.319
237,19,0.0
237,20,0.0
237,21,0.314
237,22,0.333
237,23,0.368
237,24,0.325
237,25,0.082
237,26,0.029
237,27,0.086
237,28,0.008
237,29,0.011
237,30,0.003
237,31,0.295
237,32,0.226
237,33,0.006
237,34,0.013
237,35,0.014
237,36,0.032
237,37,0.062
237,38,0.154
237,39,0.314
237,40,0.297
237,41,0.268
237,42,0.26
237,43,0.259
237,44,0.304
237,45,0.291
237,46,0.219
237,47,0.085
237,48,0.023
238,1,0.015
238,2,0.015
238,3,0.015
238,4,0.016
238,5,0.016
238,6,0.02
238,7,0.093
238,8,0.039
238,9,0.016
238,10,0.016
238,11,0.016
238,12,0.016
238,13,0.016
238,14,0.015
238,15,0.077
238,16,0.054
238,17,0.015
238,18,1.068
238,19,0.098
238,20,0.154
238,21,0.14
238,22,0.03
238,23,0.023
238,24,0.072
238,25,0.026
238,26,0.042
238,27,0.027
238,28,0.096
238,29,0.101
238,30,0.065
238,31,0.118
238,32,0.234
238,33,0.105
238,34,0.188
238,35,0.258
238,36,0.118
238,37,0.083
238,38,0.016
238,39,0.017
238,40,0.037
238,41,0.525
238,42,0.472
238,43,0.4
238,44,0.388
238,45,0.864
238,46,0.557
238,47,0.304
238,48,0.002
239,1,0.076
239,2,0.021
239,3,0.0
239,4,0.0
239,5,0.0
239,6,0.0
239,7,0.0
239,8,0.055
239,9,0.036
239,10,0.0
239,11,0.0
239,12,0.0
239,13,0.0
239,14,0.0
239,15,0.022
239,16,0.064
239,17,0.0
239,18,0.0
239,19,0.0
239,20,0.0
239,21,0.0
239,22,0.818
239,23,0.357
239,24,0.174
239,25,0.35
239,26,0.263
239,27,0.314
239,28,0.408
239,29,0.218
239,30,0.209
239,31,0.411
239,32,0.04
239,33,0.075
239,34,0.061
239,35,0.112
239,36,0.107
239,37,0.342
239,38,0.028
239,39,0.07
239,40,0.467
239,41,0.29
239,42,1.028
239,43,0.632
239,44,0.554
239,45,0.602
239,46,0.503
239,47,0.496
239,48,0.136
240,1,0.0
240,2,0.0
240,3,0.005
240,4,0.0
240,5,0.047
240,6,0.057
240,7,0.0
240,8,0.0
240,9,0.0
240,10,0.0
240,11,0.0
240,12,0.0
240,13,0.0
240,14,0.023
240,15,0.072
240,16,0.001
240,17,0.0
240,18,0.0
240,19,0.725
240,20,0.053
240,21,0.134
240,22,0.042
240,23,0.251
240,24,0.106
240,25,0.074
240,26,0.206
240,27,0.275
240,28,0.538
240,29,0.309
240,30,0.585
240,31,0.471
240,32,0.483
240,33,0.039
240,34,0.036
240,35,0.094
240,36,0.024
240,37,0.272
240,38,0.393
240,39,0.482
240,40,0.567
240,41,0.403
240,42,0.39
240,43,0.413
240,44,0.529
240,45,0.529
240,46,0.239
240,47,0.0
240,48,0.075
388,1,0.053
388,2,0.024
388,3,0.024
388,4,0.025
388,5,0.025
388,6,0.025
388,7,0.025
388,8,0.025
388,9,0.025
388,10,0.025
388,11,0.025
388,12,0.025
388,13,0.024
388,14,0.024
388,15,0.024
388,16,0.024
388,17,0.024
388,18,0.024
388,19,0.024
388,20,0.023
388,21,0.024
388,22,0.024
388,23,0.673
388,24,2.81
388,25,1.755
388,26,1.488
388,27,1.532
388,28,0.907
388,29,1.02
388,30,1.768
388,31,1.068
388,32,1.062
388,33,1.045
388,34,1.048
388,35,1.012
388,36,0.982
388,37,1.013
388,38,1.063
388,39,1.041
388,40,1.014
388,41,1.013
388,42,1.024
388,43,1.023
388,44,1.02
388,45,0.465
388,46,0.377
388,47,0.377
388,48,0.388
389,1,0.151
389,2,0.0
389,3,0.0
389,4,0.0
389,5,0.0
389,6,0.0
389,7,0.0
389,8,0.0
389,9,0.0
389,10,0.0
389,11,0.0
389,12,0.0
389,13,0.0
389,14,0.0
389,15,0.0
389,16,0.0
389,17,0.0
389,18,0.0
389,19,0.0
389,20,0.0
389,21,0.717
389,22,0.041
389,23,0.026
389,24,0.013
389,25,0.336
389,26,0.098
389,27,0.0
389,28,0.0
389,29,0.0
389,30,0.0
389,31,0.0
389,32,0.0
389,33,0.0
389,34,0.0
389,35,0.0
389,36,0.008
389,37,0.114
389,38,0.114
389,39,0.194
389,40,0.29
389,41,0.291
389,42,0.233
389,43,0.168
389,44,0.169
389,45,0.138
389,46,0.025
389,47,0.025
389,48,0.024
390,1,0.024
390,2,0.024
390,3,0.024
390,4,0.024
390,5,0.026
390,6,0.024
390,7,0.025
390,8,0.025
390,9,0.025
390,10,0.025
390,11,0.025
390,12,0.024
390,13,0.024
390,14,0.024
390,15,0.024
390,16,0.024
390,17,0.024
390,18,0.024
390,19,0.024
390,20,1.419
390,21,0.781
390,22,0.782
390,23,0.901
390,24,0.935
390,25,0.085
390,26,0.0
390,27,0.057
390,28,0.157
390,29,0.189
390,30,0.189
390,31,0.189
390,32,0.188
390,33,0.144
390,34,0.127
390,35,0.13
390,36,0.128
390,37,0.13
390,38,0.328
390,39,0.428
390,40,0.448
390,41,0.25
390,42,0.191
390,43,0.191
390,44,0.189
390,45,0.365
390,46,0.451
390,47,0.446
390,48,0.162
391,1,0.0
391,2,0.0
391,3,0.0
391,4,0.0
391,5,0.0
391,6,0.0
391,7,0.0
391,8,0.0
391,9,0.0
391,10,0.0
391,11,0.0
391,12,0.0
391,13,0.0
391,14,0.0
391,15,0.0
391,16,0.0
391,17,0.0
391,18,0.0
391,19,0.0
391,20,0.0
391,21,2.407
391,22,0.586
391,23,0.026
391,24,0.143
391,25,0.318
391,26,0.334
391,27,0.376
391,28,0.345
391,29,0.216
391,30,0.17
391,31,0.828
391,32,0.104
391,33,0.051
391,34,0.051
391,35,0.051
391,36,0.085
391,37,0.218
391,38,0.218
391,39,0.216
391,40,0.219
391,41,0.22
391,42,0.222
391,43,0.22
391,44,0.217
391,45,0.335
391,46,0.351
391,47,0.135
391,48,0.0
392,1,0.0
392,2,0.004
392,3,0.0
392,4,0.0
392,5,0.0
392,6,0.0
392,7,0.0
392,8,0.0
392,9,0.0
392,10,0.005
392,11,0.0
392,12,0.0
392,13,0.0
392,14,0.0
392,15,0.0
392,16,0.0
392,17,0.0
392,18,0.0
392,19,0.289
392,20,1.534
392,21,0.721
392,22,0.711
392,23,0.702
392,24,0.697
392,25,0.121
392,26,0.028
392,27,1.187
392,28,1.002
392,29,0.471
392,30,0.035
392,31,0.115
392,32,0.289
392,33,0.345
392,34,0.317
392,35,0.279
392,36,0.368
392,37,0.444
392,38,0.453
392,39,0.451
392,40,0.313
392,41,0.242
392,42,0.241
392,43,0.24
392,44,0.241
392,45,0.244
392,46,0.311
392,47,0.383
392,48,0.384
393,1,0.039
393,2,0.0
393,3,0.0
393,4,0.002
393,5,0.0
393,6,0.0
393,7,0.0
393,8,0.0
393,9,0.0
393,10,0.0
393,11,0.0
393,12,0.004
393,13,0.0
393,14,0.0
393,15,0.0
393,16,0.0
393,17,0.0
393,18,0.0
393,19,1.164
393,20,0.807
393,21,0.817
393,22,0.904
393,23,0.0
393,24,0.035
393,25,0.062
393,26,0.269
393,27,0.135
393,28,0.097
393,29,0.055
393,30,0.01
393,31,0.012
393,32,0.062
393,33,0.026
393,34,0.16
393,35,0.003
393,36,0.022
393,37,0.0
393,38,0.0
393,39,0.0
393,40,0.0
393,41,0.0
393,42,0.0
393,43,0.0
393,44,0.15
393,45,0.06
393,46,0.0
393,47,0.0
393,48,0.0
394,1,0.0
394,2,0.0
394,3,0.0
394,4,0.0
394,5,0.0
394,6,0.0
394,7,0.0
394,8,0.0
394,9,0.0
394,10,0.0
394,11,0.0
394,12,0.0
394,13,0.0
394,14,0.004
394,15,0.0
394,16,0.0
394,17,0.0
394,18,0.0
394,19,0.0
394,20,0.0
394,21,0.0
394,22,0.829
394,23,0.752
394,24,0.932
394,25,0.531
394,26,0.0
394,27,0.0
394,28,0.065
394,29,0.081
394,30,0.032
394,31,0.0
394,32,0.0
394,33,0.758
394,34,0.108
394,35,0.109
394,36,0.109
394,37,0.11
394,38,0.114
394,39,0.113
394,40,0.114
394,41,0.113
394,42,0.185
394,43,0.458
394,44,0.297
394,45,0.224
394,46,0.255
394,47,0.184
394,48,0.008
395,1,0.0
395,2,0.0
395,3,0.0
395,4,0.0
395,5,0.0
395,6,0.0
395,7,0.0
395,8,0.0
395,9,0.0
395,10,0.0
395,11,0.0
395,12,0.0
395,13,0.0
395,14,0.0
395,15,0.0
395,16,0.0
395,17,0.0
395,18,0.0
395,19,0.781
395,20,0.884
395,21,0.783
395,22,0.927
395,23,0.489
395,24,0.347
395,25,0.276
395,26,0.029
395,27,0.03
395,28,0.03
395,29,0.029
395,30,0.029
395,31,0.029
395,32,0.03
395,33,0.029
395,34,0.029
395,35,0.053
395,36,0.139
395,37,0.142
395,38,0.837
395,39,1.01
395,40,0.287
395,41,0.14
395,42,0.142
395,43,0.14
395,44,0.16
395,45,0.143
395,46,0.143
395,47,0.142
395,48,0.143
396,1,0.273
396,2,0.378
396,3,0.165
396,4,0.0
396,5,0.0
396,6,0.0
396,7,0.0
396,8,0.0
396,9,0.0
396,10,0.0
396,11,0.0
396,12,0.0
396,13,0.0
396,14,0.0
396,15,0.0
396,16,0.0
396,17,0.0
396,18,0.0
396,19,0.0
396,20,0.0
396,21,0.867
396,22,1.607
396,23,0.761
396,24,0.762
396,25,0.753
396,26,0.77
396,27,0.775
396,28,0.784
396,29,0.786
396,30,1.313
396,31,0.784
396,32,0.783
396,33,0.78
396,34,0.762
396,35,0.758
396,36,0.569
396,37,0.111
396,38,0.112
396,39,0.113
396,40,0.164
396,41,0.295
396,42,0.115
396,43,0.113
396,44,0.116
396,45,0.238
396,46,0.342
396,47,0.34
396,48,0.071
397,1,0.0
397,2,0.0
397,3,0.0
397,4,0.004
397,5,0.0
397,6,0.0
397,7,0.0
397,8,0.0
397,9,0.0
397,10,0.0
397,11,0.0
397,12,0.0
397,13,0.0
397,14,0.0
397,15,0.0
397,16,0.0
397,17,0.0
397,18,0.0
397,19,0.909
397,20,0.335
397,21,0.086
397,22,0.089
397,23,0.607
397,24,0.068
397,25,0.175
397,26,0.217
397,27,0.165
397,28,0.32
397,29,0.086
397,30,0.029
397,31,0.029
397,32,0.029
397,33,0.029
397,34,0.028
397,35,0.029
397,36,0.043
397,37,0.028
397,38,0.029
397,39,0.029
397,40,0.029
397,41,0.029
397,42,0.029
397,43,0.029
397,44,0.029
397,45,0.276
397,46,0.317
397,47,0.359
397,48,0.369
398,1,0.13
398,2,0.0
398,3,0.0
398,4,0.0
398,5,0.0
398,6,0.0
398,7,0.0
398,8,0.0
398,9,0.0
398,10,0.0
398,11,0.0
398,12,0.0
398,13,0.0
398,14,0.0
398,15,0.0
398,16,0.0
398,17,0.0
398,18,0.0
398,19,1.402
398,20,3.043
398,21,2.908
398,22,2.975
398,23,2.179
398,24,1.021
398,25,1.034
398,26,0.728
398,27,0.895
398,28,0.88
398,29,0.866
398,30,0.946
398,31,0.867
398,32,0.873
398,33,0.873
398,34,0.876
398,35,0.937
398,36,1.059
398,37,1.046
398,38,0.684
398,39,0.173
398,40,0.174
398,41,0.174
398,42,0.176
398,43,0.349
398,44,0.521
398,45,0.378
398,46,0.368
398,47,0.246
398,48,0.004
399,1,0.0
399,2,0.005
399,3,0.0
399,4,0.0
399,5,0.0
399,6,0.0
399,7,0.0
399,8,0.0
399,9,0.0
399,10,0.0
399,11,0.0
399,12,0.0
399,13,0.0
399,14,0.0
399,15,0.0
399,16,0.0
399,17,0.0
399,18,1.791
399,19,3.471
399,20,3.547
399,21,6.483
399,22,5.288
399,23,4.872
399,24,3.63
399,25,1.754
399,26,1.451
399,27,1.892
399,28,1.683
399,29,1.705
399,30,1.721
399,31,1.681
399,32,1.669
399,33,1.66
399,34,1.124
399,35,0.952
399,36,1.053
399,37,1.134
399,38,0.364
399,39,0.604
399,40,1.171
399,41,1.205
399,42,1.082
399,43,1.07
399,44,1.072
399,45,0.783
399,46,0.244
399,47,0.115
399,48,0.0
400,1,0.0
400,2,0.0
400,3,0.0
400,4,0.0
400,5,0.0
400,6,0.0
400,7,0.0
400,8,0.0
400,9,0.0
400,10,0.0
400,11,0.0
400,12,0.0
400,13,0.0
400,14,0.0
400,15,0.0
400,16,0.0
400,17,0.0
400,18,0.0
400,19,0.224
400,20,1.418
400,21,0.759
400,22,0.762
400,23,0.784
400,24,0.821
400,25,0.901
400,26,0.791
400,27,0.793
400,28,0.943
400,29,0.913
400,30,0.979
400,31,0.967
400,32,0.838
400,33,0.885
400,34,1.001
400,35,0.989
400,36,0.936
400,37,0.844
400,38,0.817
400,39,0.809
400,40,0.82
400,41,0.822
400,42,0.858
400,43,1.011
400,44,0.636
400,45,0.381
400,46,0.379
400,47,0.371
400,48,0.259
401,1,0.029
401,2,0.036
401,3,0.052
401,4,0.0
401,5,0.0
401,6,0.0
401,7,0.0
401,8,0.0
401,9,0.0
401,10,0.0
401,11,0.0
401,12,0.0
401,13,0.0
401,14,0.0
401,15,0.0
401,16,0.0
401,17,0.0
401,18,0.0
401,19,0.0
401,20,1.375
401,21,0.849
401,22,0.767
401,23,0.844
401,24,0.894
401,25,0.726
401,26,1.047
401,27,1.062
401,28,0.82
401,29,0.818
401,30,0.881
401,31,0.832
401,32,0.808
401,33,0.811
401,34,0.801
401,35,0.809
401,36,0.834
401,37,0.887
401,38,0.998
401,39,1.067
401,40,0.792
401,41,0.8
401,42,0.797
401,43,0.802
401,44,1.015
401,45,0.405
401,46,0.342
401,47,0.343
401,48,0.103
402,1,0.0
402,2,0.0
402,3,0.0
402,4,0.0
402,5,0.0
402,6,0.0
402,7,0.0
402,8,0.0
402,9,0.0
402,10,0.0
402,11,0.0
402,12,0.0
402,13,0.0
402,14,0.0
402,15,0.0
402,16,0.0
402,17,0.0
402,18,0.0
402,19,0.0
402,20,0.0
402,21,0.314
402,22,0.748
402,23,0.756
402,24,0.771
402,25,0.626
402,26,0.0
402,27,0.0
402,28,0.33
402,29,0.122
402,30,0.0
402,31,0.103
402,32,0.0
402,33,0.0
402,34,0.0
402,35,0.0
402,36,0.107
402,37,0.111
402,38,0.113
402,39,0.113
402,40,0.114
402,41,0.591
402,42,1.1
402,43,1.115
402,44,1.121
402,45,0.626
402,46,0.449
402,47,0.411
402,48,0.455
403,1,0.07
403,2,0.077
403,3,0.072
403,4,0.0
403,5,0.0
403,6,0.0
403,7,0.0
403,8,0.0
403,9,0.0
403,10,0.0
403,11,0.0
403,12,0.0
403,13,0.0
403,14,0.0
403,15,0.0
403,16,0.0
403,17,0.0
403,18,0.0
403,19,0.0
403,20,0.0
403,21,1.444
403,22,0.938
403,23,0.94
403,24,2.087
403,25,1.631
403,26,1.566
403,27,2.088
403,28,1.121
403,29,1.14
403,30,1.168
403,31,1.222
403,32,1.152
403,33,1.379
403,34,1.12
403,35,1.002
403,36,1.235
403,37,0.872
403,38,0.834
403,39,0.833
403,40,0.835
403,41,0.832
403,42,0.814
403,43,1.082
403,44,1.086
403,45,1.111
403,46,1.115
403,47,1.114
403,48,1.098
404,1,0.749
404,2,0.493
404,3,0.573
404,4,0.467
404,5,0.318
404,6,0.299
404,7,0.09
404,8,0.095
404,9,0.094
404,10,0.094
404,11,0.095
404,12,0.095
404,13,0.101
404,14,0.097
404,15,0.185
404,16,0.433
404,17,0.0
404,18,0.004
404,19,0.0
404,20,0.0
404,21,1.34
404,22,0.791
404,23,0.832
404,24,0.69
404,25,0.551
404,26,0.0
404,27,0.001
404,28,0.0
404,29,0.0
404,30,0.005
404,31,0.0
404,32,0.015
404,33,0.003
404,34,0.006
404,35,0.0
404,36,0.0
404,37,0.009
404,38,0.02
404,39,0.192
404,40,0.745
404,41,1.158
404,42,1.175
404,43,1.176
404,44,1.354
404,45,0.35
404,46,0.128
404,47,0.0
404,48,0.015
405,1,0.0
405,2,0.0
405,3,0.0
405,4,0.0
405,5,0.0
405,6,0.0
405,7,0.0
405,8,0.0
405,9,0.0
405,10,0.004
405,11,0.0
405,12,0.0
405,13,0.0
405,14,0.0
405,15,0.0
405,16,0.0
405,17,0.0
405,18,0.0
405,19,0.0
405,20,0.0
405,21,1.136
405,22,0.851
405,23,0.858
405,24,0.69
405,25,0.686
405,26,0.567
405,27,0.029
405,28,0.075
405,29,0.098
405,30,0.094
405,31,0.09
405,32,0.09
405,33,0.092
405,34,0.092
405,35,0.083
405,36,0.08
405,37,0.08
405,38,0.08
405,39,0.079
405,40,0.08
405,41,0.18
405,42,0.189
405,43,0.185
405,44,0.182
405,45,0.276
405,46,1.112
405,47,1.138
405,48,0.789
406,1,0.0
406,2,0.0
406,3,0.0
406,4,0.0
406,5,0.0
406,6,0.0
406,7,0.0
406,8,0.0
406,9,0.0
406,10,0.0
406,11,0.0
406,12,0.0
406,13,0.0
406,14,0.0
406,15,0.0
406,16,0.0
406,17,0.0
406,18,0.0
406,19,0.0
406,20,3.458
406,21,0.995
406,22,1.386
406,23,0.796
406,24,0.107
406,25,0.045
406,26,0.086
406,27,0.04
406,28,0.04
406,29,0.038
406,30,0.067
406,31,0.097
406,32,0.079
406,33,0.015
406,34,0.018
406,35,0.017
406,36,0.017
406,37,0.017
406,38,0.018
406,39,0.018
406,40,0.018
406,41,0.235
406,42,0.316
406,43,0.334
406,44,0.328
406,45,0.362
406,46,0.358
406,47,0.121
406,48,0.0
407,1,0.0
407,2,0.0
407,3,0.0
407,4,0.0
407,5,0.0
407,6,0.0
407,7,0.0
407,8,0.0
407,9,0.0
407,10,0.0
407,11,0.0
407,12,0.0
407,13,0.0
407,14,0.0
407,15,0.0
407,16,0.0
407,17,0.0
407,18,0.0
407,19,0.133
407,20,1.323
407,21,0.718
407,22,0.721
407,23,0.719
407,24,0.461
407,25,0.02
407,26,0.016
407,27,0.0
407,28,0.0
407,29,0.045
407,30,0.043
407,31,0.032
407,32,0.022
407,33,0.02
407,34,0.007
407,35,0.115
407,36,0.187
407,37,0.164
407,38,0.176
407,39,0.148
407,40,0.147
407,41,0.396
407,42,0.458
407,43,0.316
407,44,0.198
407,45,0.197
407,46,0.197
407,47,0.087
407,48,0.003
408,1,0.0
408,2,0.0
408,3,0.0
408,4,0.0
408,5,0.0
408,6,0.0
408,7,0.0
408,8,0.0
408,9,0.0
408,10,0.0
408,11,0.0
408,12,0.0
408,13,0.0
408,14,0.0
408,15,0.0
408,16,0.0
408,17,0.0
408,18,0.0
408,19,0.0
408,20,0.0
408,21,0.0
408,22,1.092
408,23,0.723
408,24,0.706
408,25,0.717
408,26,0.114
408,27,0.017
408,28,0.005
408,29,0.0
408,30,0.0
408,31,0.0
408,32,0.0
408,33,0.0
408,34,0.0
408,35,0.061
408,36,0.135
408,37,0.122
408,38,0.126
408,39,0.127
408,40,0.128
408,41,0.129
408,42,0.13
408,43,0.128
408,44,0.128
408,45,0.131
408,46,0.16
408,47,0.375
408,48,0.368
409,1,0.159
409,2,0.0
409,3,0.0
409,4,0.0
409,5,0.0
409,6,0.0
409,7,0.0
409,8,0.0
409,9,0.0
409,10,0.0
409,11,0.0
409,12,0.0
409,13,0.0
409,14,0.0
409,15,0.0
409,16,0.0
409,17,0.0
409,18,0.0
409,19,0.465
409,20,1.31
409,21,1.057
409,22,1.046
409,23,1.19
409,24,0.791
409,25,1.038
409,26,1.137
409,27,0.751
409,28,0.762
409,29,0.747
409,30,0.741
409,31,0.751
409,32,0.658
409,33,0.135
409,34,0.205
409,35,0.184
409,36,0.178
409,37,0.183
409,38,0.187
409,39,0.186
409,40,0.357
409,41,1.007
409,42,0.318
409,43,0.282
409,44,0.42
409,45,0.212
409,46,0.212
409,47,0.202
409,48,0.203
410,1,0.146
410,2,0.026
410,3,0.0
410,4,0.0
410,5,0.0
410,6,0.0
410,7,0.0
410,8,0.0
410,9,0.0
410,10,0.0
410,11,0.0
410,12,0.0
410,13,0.0
410,14,0.0
410,15,0.0
410,16,0.0
410,17,0.0
410,18,0.0
410,19,0.0
410,20,1.484
410,21,0.726
410,22,0.727
410,23,0.985
410,24,0.938
410,25,0.963
410,26,1.099
410,27,0.932
410,28,0.711
410,29,0.074
410,30,0.073
410,31,0.073
410,32,0.073
410,33,0.073
410,34,0.071
410,35,0.07
410,36,0.07
410,37,0.071
410,38,0.073
410,39,0.072
410,40,0.074
410,41,0.173
410,42,0.332
410,43,0.356
410,44,1.061
410,45,1.064
410,46,0.671
410,47,0.366
410,48,0.214
411,1,0.021
411,2,0.0
411,3,0.0
411,4,0.0
411,5,0.0
411,6,0.0
411,7,0.0
411,8,0.0
411,9,0.0
411,10,0.0
411,11,0.0
411,12,0.0
411,13,0.0
411,14,0.004
411,15,0.0
411,16,0.0
411,17,0.0
411,18,0.0
411,19,0.0
411,20,0.0
411,21,0.0
411,22,0.487
411,23,1.355
411,24,0.338
411,25,0.029
411,26,0.029
411,27,0.029
411,28,0.029
411,29,0.032
411,30,0.048
411,31,0.047
411,32,0.044
411,33,0.038
411,34,0.023
411,35,0.043
411,36,0.019
411,37,0.019
411,38,0.02
411,39,0.02
411,40,0.214
411,41,0.213
411,42,0.158
411,43,0.15
411,44,0.265
411,45,0.466
411,46,0.476
411,47,0.472
411,48,0.379
412,1,0.043
412,2,0.021
412,3,0.023
412,4,0.023
412,5,0.025
412,6,0.001
412,7,0.0
412,8,0.0
412,9,0.0
412,10,0.0
412,11,0.0
412,12,0.0
412,13,0.0
412,14,0.0
412,15,0.0
412,16,0.0
412,17,0.0
412,18,0.0
412,19,0.0
412,20,1.271
412,21,0.77
412,22,0.871
412,23,0.689
412,24,0.044
412,25,0.033
412,26,0.028
412,27,0.028
412,28,0.028
412,29,0.027
412,30,0.027
412,31,0.027
412,32,0.028
412,33,0.028
412,34,0.028
412,35,0.028
412,36,0.027
412,37,0.027
412,38,0.028
412,39,0.029
412,40,0.345
412,41,0.227
412,42,0.137
412,43,0.136
412,44,0.137
412,45,0.135
412,46,0.287
412,47,0.399
412,48,0.229
413,1,0.0
413,2,0.0
413,3,0.003
413,4,0.0
413,5,0.0
413,6,0.0
413,7,0.0
413,8,0.0
413,9,0.0
413,10,0.0
413,11,0.005
413,12,0.0
413,13,0.0
413,14,0.0
413,15,0.0
413,16,0.0
413,17,0.0
413,18,0.0
413,19,0.0
413,20,0.62
413,21,1.823
413,22,1.565
413,23,1.862
413,24,0.794
413,25,0.682
413,26,0.687
413,27,0.691
413,28,0.695
413,29,0.789
413,30,0.876
413,31,0.802
413,32,0.743
413,33,0.86
413,34,1.009
413,35,0.964
413,36,0.695
413,37,0.706
413,38,0.706
413,39,0.706
413,40,0.995
413,41,1.236
413,42,1.03
413,43,0.347
413,44,0.16
413,45,0.244
413,46,0.291
413,47,0.067
413,48,0.0
414,1,0.0
414,2,0.0
414,3,0.0
414,4,0.0
414,5,0.0
414,6,0.0
414,7,0.0
414,8,0.0
414,9,0.0
414,10,0.0
414,11,0.0
414,12,0.0
414,13,0.0
414,14,0.0
414,15,0.0
414,16,0.0
414,17,0.0
414,18,0.0
414,19,0.0
414,20,0.0
414,21,0.914
414,22,0.74
414,23,0.691
414,24,0.673
414,25,0.665
414,26,0.673
414,27,1.007
414,28,0.633
414,29,0.0
414,30,0.0
414,31,0.0
414,32,0.019
414,33,0.012
414,34,0.0
414,35,0.0
414,36,0.0
414,37,0.0
414,38,0.0
414,39,0.0
414,40,0.0
414,41,0.0
414,42,0.0
414,43,0.0
414,44,0.0
414,45,0.0
414,46,0.0
414,47,0.0
414,48,0.034
415,1,0.123
415,2,0.01
415,3,0.0
415,4,0.004
415,5,0.0
415,6,0.0
415,7,0.0
415,8,0.0
415,9,0.0
415,10,0.0
415,11,0.0
415,12,0.0
415,13,0.0
415,14,0.0
415,15,0.0
415,16,0.0
415,17,0.0
415,18,0.0
415,19,0.0
415,20,0.0
415,21,0.0
415,22,1.402
415,23,0.995
415,24,1.045
415,25,0.852
415,26,1.03
415,27,0.864
415,28,0.097
415,29,0.336
415,30,0.695
415,31,0.706
415,32,0.864
415,33,0.976
415,34,0.977
415,35,0.971
415,36,0.707
415,37,0.682
415,38,0.692
415,39,0.693
415,40,0.694
415,41,0.698
415,42,0.919
415,43,0.987
415,44,1.106
415,45,1.014
415,46,1.039
415,47,0.964
415,48,0.517
