213,1,0.532
213,2,0.239
213,3,0.41
213,4,0.288
213,5,0.264
213,6,0.189
213,7,0.282
213,8,0.294
213,9,0.259
213,10,0.264
213,11,0.159
213,12,0.233
213,13,0.151
213,14,0.283
213,15,0.298
213,16,0.269
213,17,0.284
213,18,0.211
213,19,1.02
213,20,1.935
213,21,2.648
213,22,1.918
213,23,3.344
213,24,2.08
213,25,2.41
213,26,2.678
213,27,0.783
213,28,3.434
213,29,1.427
213,30,1.38
213,31,0.31
213,32,0.635
213,33,0.413
213,34,0.446
213,35,0.969
213,36,0.666
213,37,3.956
213,38,1.517
213,39,0.617
213,40,1.823
213,41,0.642
213,42,0.965
213,43,0.61
213,44,1.008
213,45,0.702
213,46,1.055
213,47,0.866
213,48,0.87
214,1,0.446
214,2,0.332
214,3,0.26
214,4,0.239
214,5,0.203
214,6,0.123
214,7,0.251
214,8,0.206
214,9,0.153
214,10,0.167
214,11,0.217
214,12,0.196
214,13,0.153
214,14,0.128
214,15,0.121
214,16,0.132
214,17,0.114
214,18,0.382
214,19,3.507
214,20,0.934
214,21,0.188
214,22,0.543
214,23,0.3
214,24,1.205
214,25,1.035
214,26,1.761
214,27,0.858
214,28,1.756
214,29,1.148
214,30,0.622
214,31,0.202
214,32,0.794
214,33,3.597
214,34,3.28
214,35,3.303
214,36,3.4
214,37,4.311
214,38,1.923
214,39,3.169
214,40,1.785
214,41,0.606
214,42,1.411
214,43,1.461
214,44,1.019
214,45,0.931
214,46,0.991
214,47,0.923
214,48,1.15
215,1,0.509
215,2,0.314
215,3,0.222
215,4,0.247
215,5,0.192
215,6,0.216
215,7,0.2
215,8,0.181
215,9,0.214
215,10,0.166
215,11,0.229
215,12,0.189
215,13,0.327
215,14,0.273
215,15,0.159
215,16,0.245
215,17,0.141
215,18,0.241
215,19,0.369
215,20,1.885
215,21,1.609
215,22,0.868
215,23,0.403
215,24,1.211
215,25,4.063
215,26,2.289
215,27,1.231
215,28,0.762
215,29,1.988
215,30,4.928
215,31,3.705
215,32,2.844
215,33,1.381
215,34,1.216
215,35,1.127
215,36,0.918
215,37,0.413
215,38,0.798
215,39,2.854
215,40,2.203
215,41,1.375
215,42,1.276
215,43,0.834
215,44,0.818
215,45,0.916
215,46,0.936
215,47,0.856
215,48,0.627
216,1,0.188
216,2,0.192
216,3,0.083
216,4,0.16
216,5,0.111
216,6,0.191
216,7,0.224
216,8,0.181
216,9,0.224
216,10,0.154
216,11,0.233
216,12,0.149
216,13,0.227
216,14,0.176
216,15,0.2
216,16,0.161
216,17,2.426
216,18,3.023
216,19,0.623
216,20,0.776
216,21,0.691
216,22,0.506
216,23,0.757
216,24,0.509
216,25,0.994
216,26,0.373
216,27,0.851
216,28,2.528
216,29,1.33
216,30,0.566
216,31,0.282
216,32,0.267
216,33,0.701
216,34,0.371
216,35,0.29
216,36,2.38
216,37,1.829
216,38,0.958
216,39,2.804
216,40,3.492
216,41,1.557
216,42,1.964
216,43,0.784
216,44,0.714
216,45,1.817
216,46,1.429
216,47,1.719
216,48,0.944
217,1,0.233
217,2,0.18
217,3,0.226
217,4,0.163
217,5,0.234
217,6,0.188
217,7,0.207
217,8,0.178
217,9,0.102
217,10,0.164
217,11,0.08
217,12,0.158
217,13,0.12
217,14,0.193
217,15,0.227
217,16,1.199
217,17,1.968
217,18,1.107
217,19,0.383
217,20,2.922
217,21,0.376
217,22,0.409
217,23,0.408
217,24,0.37
217,25,0.469
217,26,0.632
217,27,0.665
217,28,0.537
217,29,0.572
217,30,0.437
217,31,0.507
217,32,0.431
217,33,0.494
217,34,0.47
217,35,0.485
217,36,3.377
217,37,3.027
217,38,0.561
217,39,3.286
217,40,2.178
217,41,0.636
217,42,1.843
217,43,0.517
217,44,1.079
217,45,1.064
217,46,0.811
217,47,0.782
217,48,0.524
218,1,0.157
218,2,0.225
218,3,0.21
218,4,0.174
218,5,0.22
218,6,0.221
218,7,0.199
218,8,0.179
218,9,0.233
218,10,0.154
218,11,0.219
218,12,0.124
218,13,0.115
218,14,0.157
218,15,0.08
218,16,0.645
218,17,3.215
218,18,1.134
218,19,0.568
218,20,0.393
218,21,0.605
218,22,0.382
218,23,0.454
218,24,0.295
218,25,0.524
218,26,0.418
218,27,0.348
218,28,0.411
218,29,0.335
218,30,0.347
218,31,0.366
218,32,0.245
218,33,0.405
218,34,0.432
218,35,0.401
218,36,3.143
218,37,2.348
218,38,0.755
218,39,2.98
218,40,1.849
218,41,1.473
218,42,0.736
218,43,1.529
218,44,0.968
218,45,0.861
218,46,1.093
218,47,0.924
218,48,0.617
219,1,0.284
219,2,0.157
219,3,0.236
219,4,0.175
219,5,0.207
219,6,0.207
219,7,0.173
219,8,0.233
219,9,0.154
219,10,0.232
219,11,0.177
219,12,0.245
219,13,0.23
219,14,0.161
219,15,0.433
219,16,2.567
219,17,2.276
219,18,0.501
219,19,0.608
219,20,0.463
219,21,0.483
219,22,4.776
219,23,0.377
219,24,0.489
219,25,0.366
219,26,0.46
219,27,0.472
219,28,0.385
219,29,0.416
219,30,0.343
219,31,0.422
219,32,0.38
219,33,0.466
219,34,0.576
219,35,1.733
219,36,4.887
219,37,2.487
219,38,0.613
219,39,1.594
219,40,0.856
219,41,0.541
219,42,0.455
219,43,0.689
219,44,0.767
219,45,0.837
219,46,1.257
219,47,0.831
219,48,0.37
220,1,0.164
220,2,0.23
220,3,0.201
220,4,0.212
220,5,0.197
220,6,0.078
220,7,0.162
220,8,0.107
220,9,0.13
220,10,0.215
220,11,0.173
220,12,0.235
220,13,0.15
220,14,0.177
220,15,0.113
220,16,0.118
220,17,0.149
220,18,0.117
220,19,1.806
220,20,4.081
220,21,2.374
220,22,3.429
220,23,3.034
220,24,1.477
220,25,2.654
220,26,0.938
220,27,2.048
220,28,1.21
220,29,2.413
220,30,2.157
220,31,1.428
220,32,0.853
220,33,1.106
220,34,0.548
220,35,0.368
220,36,2.077
220,37,1.65
220,38,3.029
220,39,0.661
220,40,0.739
220,41,1.456
220,42,1.965
220,43,1.216
220,44,1.663
220,45,1.375
220,46,0.945
220,47,0.835
220,48,1.072
221,1,0.549
221,2,0.225
221,3,0.174
221,4,0.159
221,5,0.105
221,6,0.176
221,7,0.092
221,8,0.228
221,9,0.153
221,10,0.255
221,11,0.168
221,12,0.228
221,13,0.189
221,14,0.206
221,15,0.158
221,16,0.115
221,17,0.159
221,18,0.089
221,19,1.888
221,20,0.263
221,21,0.484
221,22,0.975
221,23,2.173
221,24,1.287
221,25,1.37
221,26,1.174
221,27,0.807
221,28,0.557
221,29,0.563
221,30,2.485
221,31,0.295
221,32,0.34
221,33,1.273
221,34,0.341
221,35,0.379
221,36,0.703
221,37,0.453
221,38,0.483
221,39,0.803
221,40,3.081
221,41,4.827
221,42,1.708
221,43,1.655
221,44,2.801
221,45,1.425
221,46,2.148
221,47,1.062
221,48,1.049
222,1,0.668
222,2,0.267
222,3,0.233
222,4,0.201
222,5,0.22
222,6,0.157
222,7,0.233
222,8,0.154
222,9,0.143
222,10,0.124
222,11,0.108
222,12,0.156
222,13,0.115
222,14,0.24
222,15,0.172
222,16,0.266
222,17,3.589
222,18,1.052
222,19,0.296
222,20,0.451
222,21,0.529
222,22,0.463
222,23,0.497
222,24,0.493
222,25,5.056
222,26,0.691
222,27,0.736
222,28,0.467
222,29,0.371
222,30,0.533
222,31,0.484
222,32,0.48
222,33,1.421
222,34,1.444
222,35,1.674
222,36,3.068
222,37,1.33
222,38,2.521
222,39,1.977
222,40,2.314
222,41,1.069
222,42,2.684
222,43,1.529
222,44,1.865
222,45,1.3
222,46,1.048
222,47,0.901
222,48,0.619
223,1,0.406
223,2,0.26
223,3,0.206
223,4,0.232
223,5,0.252
223,6,0.184
223,7,0.253
223,8,0.235
223,9,0.183
223,10,0.252
223,11,0.158
223,12,0.124
223,13,0.182
223,14,0.139
223,15,0.149
223,16,0.279
223,17,3.185
223,18,1.98
223,19,0.375
223,20,0.775
223,21,0.352
223,22,0.261
223,23,0.546
223,24,4.581
223,25,0.442
223,26,0.413
223,27,0.293
223,28,0.616
223,29,0.293
223,30,0.249
223,31,0.304
223,32,0.84
223,33,0.298
223,34,0.185
223,35,0.79
223,36,3.378
223,37,3.448
223,38,0.703
223,39,1.132
223,40,2.518
223,41,1.85
223,42,1.511
223,43,2.399
223,44,1.122
223,45,1.125
223,46,0.995
223,47,0.923
223,48,0.727
224,1,0.327
224,2,0.231
224,3,0.183
224,4,0.18
224,5,0.105
224,6,0.102
224,7,0.217
224,8,0.153
224,9,0.213
224,10,0.142
224,11,0.216
224,12,0.169
224,13,0.191
224,14,0.197
224,15,0.147
224,16,1.17
224,17,3.485
224,18,1.167
224,19,0.449
224,20,0.314
224,21,0.621
224,22,0.497
224,23,0.798
224,24,0.246
224,25,0.906
224,26,0.399
224,27,0.684
224,28,0.425
224,29,0.944
224,30,0.799
224,31,0.788
224,32,0.409
224,33,0.302
224,34,0.203
224,35,0.275
224,36,0.244
224,37,0.309
224,38,0.359
224,39,0.268
224,40,0.349
224,41,0.351
224,42,0.394
224,43,0.411
224,44,0.625
224,45,0.935
224,46,0.675
224,47,0.743
224,48,0.429
225,1,0.235
225,2,0.209
225,3,0.157
225,4,0.194
225,5,0.079
225,6,0.151
225,7,0.11
225,8,0.118
225,9,0.164
225,10,0.21
225,11,0.232
225,12,0.165
225,13,0.168
225,14,0.07
225,15,0.154
225,16,0.102
225,17,2.398
225,18,3.063
225,19,0.276
225,20,0.242
225,21,0.322
225,22,2.268
225,23,1.818
225,24,0.364
225,25,0.44
225,26,0.434
225,27,0.478
225,28,0.634
225,29,0.433
225,30,0.454
225,31,0.458
225,32,0.416
225,33,0.493
225,34,0.369
225,35,1.704
225,36,2.072
225,37,3.144
225,38,0.733
225,39,0.766
225,40,1.673
225,41,0.502
225,42,0.817
225,43,0.647
225,44,1.099
225,45,0.658
225,46,0.681
225,47,1.02
225,48,0.656
226,1,0.354
226,2,0.237
226,3,0.205
226,4,0.168
226,5,0.229
226,6,0.143
226,7,0.222
226,8,0.18
226,9,0.155
226,10,0.143
226,11,0.082
226,12,0.157
226,13,0.091
226,14,0.154
226,15,0.208
226,16,0.455
226,17,1.845
226,18,2.314
226,19,0.281
226,20,0.75
226,21,0.428
226,22,0.384
226,23,0.926
226,24,0.586
226,25,0.447
226,26,0.901
226,27,0.437
226,28,1.125
226,29,1.216
226,30,3.754
226,31,0.803
226,32,0.858
226,33,1.57
226,34,1.306
226,35,0.313
226,36,1.023
226,37,0.162
226,38,0.125
226,39,0.207
226,40,0.228
226,41,0.16
226,42,0.233
226,43,0.201
226,44,0.684
226,45,0.841
226,46,0.758
226,47,0.619
226,48,0.415
227,1,0.185
227,2,0.157
227,3,0.159
227,4,0.195
227,5,0.226
227,6,0.156
227,7,0.234
227,8,0.124
227,9,0.134
227,10,0.131
227,11,0.097
227,12,0.205
227,13,0.159
227,14,0.22
227,15,0.19
227,16,0.164
227,17,0.155
227,18,0.076
227,19,0.157
227,20,0.122
227,21,0.211
227,22,0.212
227,23,2.173
227,24,0.277
227,25,0.101
227,26,0.218
227,27,0.155
227,28,0.158
227,29,0.19
227,30,0.226
227,31,0.143
227,32,0.226
227,33,0.154
227,34,0.114
227,35,0.254
227,36,0.268
227,37,1.774
227,38,0.479
227,39,0.49
227,40,0.495
227,41,0.534
227,42,0.448
227,43,0.541
227,44,0.526
227,45,0.481
227,46,0.494
227,47,0.537
227,48,0.432
228,1,0.471
228,2,0.417
228,3,0.434
228,4,0.487
228,5,0.481
228,6,0.63
228,7,0.378
228,8,0.261
228,9,0.171
228,10,0.211
228,11,0.194
228,12,0.257
228,13,0.302
228,14,0.211
228,15,0.298
228,16,0.24
228,17,0.223
228,18,0.203
228,19,0.163
228,20,0.225
228,21,0.144
228,22,0.307
228,23,0.252
228,24,0.21
228,25,0.209
228,26,2.399
228,27,0.649
228,28,0.502
228,29,0.497
228,30,0.688
228,31,0.406
228,32,0.415
228,33,0.323
228,34,0.411
228,35,0.407
228,36,0.51
228,37,0.592
228,38,0.483
228,39,0.432
228,40,0.448
228,41,0.461
228,42,0.365
228,43,0.409
228,44,0.606
228,45,0.87
228,46,0.704
228,47,0.933
228,48,0.873
229,1,0.539
229,2,0.328
229,3,0.203
229,4,0.266
229,5,0.23
229,6,0.303
229,7,0.325
229,8,0.284
229,9,0.3
229,10,0.19
229,11,0.272
229,12,0.226
229,13,2.121
229,14,1.594
229,15,0.553
229,16,1.247
229,17,4.13
229,18,1.287
229,19,0.417
229,20,0.496
229,21,1.432
229,22,0.4
229,23,1.185
229,24,1.095
229,25,0.869
229,26,1.592
229,27,2.14
229,28,2.072
229,29,1.475
229,30,1.015
229,31,1.363
229,32,0.815
229,33,1.016
229,34,1.017
229,35,2.921
229,36,3.69
229,37,1.112
229,38,0.958
229,39,2.34
229,40,2.066
229,41,0.7
229,42,3.355
229,43,2.9
229,44,2.191
229,45,1.248
229,46,0.939
229,47,0.88
229,48,0.594
230,1,0.577
230,2,0.187
230,3,0.221
230,4,0.167
230,5,0.205
230,6,0.196
230,7,0.172
230,8,0.207
230,9,0.073
230,10,0.16
230,11,0.092
230,12,0.139
230,13,0.165
230,14,0.192
230,15,0.222
230,16,0.856
230,17,2.212
230,18,0.222
230,19,0.335
230,20,0.698
230,21,1.175
230,22,6.027
230,23,1.871
230,24,2.158
230,25,0.996
230,26,1.309
230,27,1.146
230,28,2.47
230,29,1.817
230,30,0.982
230,31,0.812
230,32,0.662
230,33,1.22
230,34,1.849
230,35,1.437
230,36,3.415
230,37,1.465
230,38,0.861
230,39,2.413
230,40,2.194
230,41,1.064
230,42,2.034
230,43,1.067
230,44,1.309
230,45,1.124
230,46,0.892
230,47,1.077
230,48,0.499
231,1,0.314
231,2,0.196
231,3,0.237
231,4,0.169
231,5,0.257
231,6,0.18
231,7,0.301
231,8,0.203
231,9,0.25
231,10,0.184
231,11,0.219
231,12,0.203
231,13,0.198
231,14,0.221
231,15,0.183
231,16,5.584
231,17,1.146
231,18,0.277
231,19,1.706
231,20,3.351
231,21,1.604
231,22,1.586
231,23,0.861
231,24,0.867
231,25,1.134
231,26,1.226
231,27,1.173
231,28,2.119
231,29,1.04
231,30,0.858
231,31,1.455
231,32,0.46
231,33,0.939
231,34,0.844
231,35,1.608
231,36,1.803
231,37,1.671
231,38,1.264
231,39,0.692
231,40,0.568
231,41,0.983
231,42,0.556
231,43,0.584
231,44,3.081
231,45,2.404
231,46,0.691
231,47,0.976
231,48,0.764
232,1,0.857
232,2,1.696
232,3,0.329
232,4,0.224
232,5,0.392
232,6,0.353
232,7,0.38
232,8,0.285
232,9,0.27
232,10,0.225
232,11,0.27
232,12,0.268
232,13,0.241
232,14,0.217
232,15,0.268
232,16,1.027
232,17,3.315
232,18,1.996
232,19,1.64
232,20,2.876
232,21,3.853
232,22,1.38
232,23,0.662
232,24,0.384
232,25,0.26
232,26,0.715
232,27,2.636
232,28,1.248
232,29,1.894
232,30,3.753
232,31,0.713
232,32,2.108
232,33,0.494
232,34,0.98
232,35,0.622
232,36,0.826
232,37,2.064
232,38,0.927
232,39,0.556
232,40,1.072
232,41,0.848
232,42,0.594
232,43,1.089
232,44,1.034
232,45,1.105
232,46,0.616
232,47,0.296
232,48,0.188
233,1,0.14
233,2,0.172
233,3,0.167
233,4,0.2
233,5,0.146
233,6,0.207
233,7,0.14
233,8,0.21
233,9,0.185
233,10,0.239
233,11,0.2
233,12,0.192
233,13,0.162
233,14,0.224
233,15,0.224
233,16,1.943
233,17,0.53
233,18,0.378
233,19,0.524
233,20,0.724
233,21,0.87
233,22,2.065
233,23,0.716
233,24,0.288
233,25,0.594
233,26,1.436
233,27,0.864
233,28,2.081
233,29,1.961
233,30,1.37
233,31,2.124
233,32,1.668
233,33,1.106
233,34,1.328
233,35,1.281
233,36,3.138
233,37,1.682
233,38,0.458
233,39,2.375
233,40,1.994
233,41,0.61
233,42,2.092
233,43,0.677
233,44,1.18
233,45,0.78
233,46,0.616
233,47,0.812
233,48,0.094
234,1,0.158
234,2,0.105
234,3,0.136
234,4,0.227
234,5,0.166
234,6,0.23
234,7,0.153
234,8,0.183
234,9,0.116
234,10,0.115
234,11,0.145
234,12,0.085
234,13,0.159
234,14,0.141
234,15,0.291
234,16,0.236
234,17,0.178
234,18,0.219
234,19,2.02
234,20,1.177
234,21,0.522
234,22,2.502
234,23,1.65
234,24,1.311
234,25,1.511
234,26,0.762
234,27,1.721
234,28,0.532
234,29,2.006
234,30,2.008
234,31,0.76
234,32,1.45
234,33,0.743
234,34,0.695
234,35,0.53
234,36,2.409
234,37,1.973
234,38,1.573
234,39,1.581
234,40,0.928
234,41,1.519
234,42,1.749
234,43,1.691
234,44,0.958
234,45,1.15
234,46,0.719
234,47,1.327
234,48,0.717
235,1,0.369
235,2,0.119
235,3,0.192
235,4,0.167
235,5,0.271
235,6,0.177
235,7,0.26
235,8,0.215
235,9,0.166
235,10,0.146
235,11,0.147
235,12,0.164
235,13,0.174
235,14,0.262
235,15,0.183
235,16,0.24
235,17,0.098
235,18,0.189
235,19,1.23
235,20,1.026
235,21,3.841
235,22,1.767
235,23,1.815
235,24,1.681
235,25,2.02
235,26,2.224
235,27,1.358
235,28,0.378
235,29,0.741
235,30,0.598
235,31,0.348
235,32,0.438
235,33,0.252
235,34,0.575
235,35,1.726
235,36,2.064
235,37,0.682
235,38,2.338
235,39,2.041
235,40,1.288
235,41,0.808
235,42,1.296
235,43,1.388
235,44,0.873
235,45,1.014
235,46,0.75
235,47,0.444
235,48,0.273
236,1,0.167
236,2,0.237
236,3,0.188
236,4,0.305
236,5,0.218
236,6,0.125
236,7,0.169
236,8,0.121
236,9,0.262
236,10,0.174
236,11,0.214
236,12,0.083
236,13,0.192
236,14,0.166
236,15,0.18
236,16,1.903
236,17,2.806
236,18,0.951
236,19,0.354
236,20,0.906
236,21,0.539
236,22,0.511
236,23,2.891
236,24,0.437
236,25,0.944
236,26,0.785
236,27,5.621
236,28,0.505
236,29,0.952
236,30,0.527
236,31,0.617
236,32,0.98
236,33,0.593
236,34,0.563
236,35,1.694
236,36,3.596
236,37,2.381
236,38,1.194
236,39,1.429
236,40,3.044
236,41,1.321
236,42,1.37
236,43,1.796
236,44,1.497
236,45,0.836
236,46,0.805
236,47,1.226
236,48,0.357
237,1,0.263
237,2,0.257
237,3,0.254
237,4,0.191
237,5,0.252
237,6,0.207
237,7,0.185
237,8,0.11
237,9,0.189
237,10,0.185
237,11,0.096
237,12,0.114
237,13,0.117
237,14,0.221
237,15,0.223
237,16,1.345
237,17,1.855
237,18,2.009
237,19,0.707
237,20,0.288
237,21,0.82
237,22,2.186
237,23,5.689
237,24,1.248
237,25,0.423
237,26,2.082
237,27,0.456
237,28,0.687
237,29,0.715
237,30,0.459
237,31,0.857
237,32,0.493
237,33,0.501
237,34,0.782
237,35,0.719
237,36,2.94
237,37,3.586
237,38,1.379
237,39,1.788
237,40,1.109
237,41,1.4
237,42,2.136
237,43,1.801
237,44,0.909
237,45,1.765
237,46,0.831
237,47,0.715
237,48,0.65
238,1,0.257
238,2,0.262
238,3,0.23
238,4,0.241
238,5,0.14
238,6,0.219
238,7,0.158
238,8,0.204
238,9,0.274
238,10,0.248
238,11,0.284
238,12,0.218
238,13,0.292
238,14,0.21
238,15,0.288
238,16,1.772
238,17,1.792
238,18,1.542
238,19,0.252
238,20,0.294
238,21,0.294
238,22,0.296
238,23,0.324
238,24,3.182
238,25,0.34
238,26,0.293
238,27,0.56
238,28,0.512
238,29,0.431
238,30,0.439
238,31,0.351
238,32,0.444
238,33,0.391
238,34,0.429
238,35,0.498
238,36,2.586
238,37,3.345
238,38,2.43
238,39,1.791
238,40,2.556
238,41,0.918
238,42,1.476
238,43,1.243
238,44,1.034
238,45,1.104
238,46,0.887
238,47,1.083
238,48,0.535
239,1,0.217
239,2,0.159
239,3,0.281
239,4,0.297
239,5,0.246
239,6,0.282
239,7,0.285
239,8,0.237
239,9,0.232
239,10,0.162
239,11,0.123
239,12,0.19
239,13,0.334
239,14,0.278
239,15,0.177
239,16,0.485
239,17,2.687
239,18,1.874
239,19,0.171
239,20,0.25
239,21,0.238
239,22,0.34
239,23,0.402
239,24,0.375
239,25,0.545
239,26,6.332
239,27,0.709
239,28,0.521
239,29,0.579
239,30,0.48
239,31,0.368
239,32,0.435
239,33,0.364
239,34,0.443
239,35,1.877
239,36,2.908
239,37,4.894
239,38,0.773
239,39,2.919
239,40,3.188
239,41,1.528
239,42,1.724
239,43,0.859
239,44,0.73
239,45,0.835
239,46,0.871
239,47,0.765
239,48,0.398
240,1,0.111
240,2,0.201
240,3,0.118
240,4,0.307
240,5,0.268
240,6,0.4
240,7,0.228
240,8,0.202
240,9,0.078
240,10,0.212
240,11,0.181
240,12,0.286
240,13,0.227
240,14,0.25
240,15,0.424
240,16,0.686
240,17,3.416
240,18,2.624
240,19,0.473
240,20,0.439
240,21,4.977
240,22,0.759
240,23,0.979
240,24,0.414
240,25,0.766
240,26,0.418
240,27,0.895
240,28,0.459
240,29,0.371
240,30,0.684
240,31,0.346
240,32,0.614
240,33,0.517
240,34,0.637
240,35,1.259
240,36,2.57
240,37,2.242
240,38,1.545
240,39,1.364
240,40,2.676
240,41,1.365
240,42,1.705
240,43,2.239
240,44,0.94
240,45,0.733
240,46,0.741
240,47,0.764
240,48,0.482
388,1,0.753
388,2,0.392
388,3,0.387
388,4,0.424
388,5,0.477
388,6,0.407
388,7,0.37
388,8,0.374
388,9,0.344
388,10,0.345
388,11,0.393
388,12,0.359
388,13,0.43
388,14,0.41
388,15,0.305
388,16,0.315
388,17,0.355
388,18,0.306
388,19,0.664
388,20,2.38
388,21,5.823
388,22,2.777
388,23,1.896
388,24,2.334
388,25,4.136
388,26,2.469
388,27,4.857
388,28,3.268
388,29,2.484
388,30,1.695
388,31,0.745
388,32,2.216
388,33,0.999
388,34,0.556
388,35,0.966
388,36,0.705
388,37,0.728
388,38,2.671
388,39,3.217
388,40,3.037
388,41,3.293
388,42,2.245
388,43,2.078
388,44,2.315
388,45,2.672
388,46,1.987
388,47,1.955
388,48,2.138
389,1,2.027
389,2,0.68
389,3,0.302
389,4,0.323
389,5,0.262
389,6,0.297
389,7,0.433
389,8,0.288
389,9,0.356
389,10,0.303
389,11,0.256
389,12,0.299
389,13,0.257
389,14,0.277
389,15,0.281
389,16,0.168
389,17,0.193
389,18,0.29
389,19,0.265
389,20,0.278
389,21,0.943
389,22,6.835
389,23,1.738
389,24,2.159
389,25,1.698
389,26,0.387
389,27,0.281
389,28,0.372
389,29,0.273
389,30,0.305
389,31,0.295
389,32,0.279
389,33,0.451
389,34,0.48
389,35,0.536
389,36,0.53
389,37,0.594
389,38,0.617
389,39,0.702
389,40,0.605
389,41,0.649
389,42,0.581
389,43,0.805
389,44,0.791
389,45,0.992
389,46,0.982
389,47,0.966
389,48,1.02
390,1,0.966
390,2,0.541
390,3,0.284
390,4,0.365
390,5,0.283
390,6,0.262
390,7,0.284
390,8,0.251
390,9,0.299
390,10,0.245
390,11,0.292
390,12,0.251
390,13,0.355
390,14,0.279
390,15,0.311
390,16,1.815
390,17,4.883
390,18,0.267
390,19,0.305
390,20,0.254
390,21,0.327
390,22,0.33
390,23,0.289
390,24,0.273
390,25,0.256
390,26,0.299
390,27,0.258
390,28,0.305
390,29,0.248
390,30,0.293
390,31,0.297
390,32,0.339
390,33,0.275
390,34,1.772
390,35,1.224
390,36,2.533
390,37,3.372
390,38,1.463
390,39,1.143
390,40,2.42
390,41,1.142
390,42,1.302
390,43,1.689
390,44,1.34
390,45,0.927
390,46,0.97
390,47,1.072
390,48,0.926
391,1,0.474
391,2,0.366
391,3,0.256
391,4,0.264
391,5,0.271
391,6,0.249
391,7,0.294
391,8,0.239
391,9,0.284
391,10,0.318
391,11,0.304
391,12,0.271
391,13,0.245
391,14,0.29
391,15,2.142
391,16,1.834
391,17,1.72
391,18,0.502
391,19,0.328
391,20,0.236
391,21,0.258
391,22,0.262
391,23,0.244
391,24,0.29
391,25,0.236
391,26,0.278
391,27,0.241
391,28,0.335
391,29,0.304
391,30,0.246
391,31,0.289
391,32,0.231
391,33,0.267
391,34,0.247
391,35,3.169
391,36,2.992
391,37,2.601
391,38,1.914
391,39,1.676
391,40,2.702
391,41,2.083
391,42,1.065
391,43,3.577
391,44,1.406
391,45,1.134
391,46,1.162
391,47,1.033
391,48,1.083
392,1,0.538
392,2,0.378
392,3,0.333
392,4,0.306
392,5,0.321
392,6,0.273
392,7,0.393
392,8,0.329
392,9,0.3
392,10,0.279
392,11,0.275
392,12,0.311
392,13,0.271
392,14,0.322
392,15,0.256
392,16,1.437
392,17,1.908
392,18,2.176
392,19,0.319
392,20,0.262
392,21,0.285
392,22,0.277
392,23,0.282
392,24,0.331
392,25,0.279
392,26,0.316
392,27,0.342
392,28,0.333
392,29,0.272
392,30,0.271
392,31,0.303
392,32,0.27
392,33,0.315
392,34,0.259
392,35,1.0
392,36,3.431
392,37,1.139
392,38,1.206
392,39,5.127
392,40,2.805
392,41,1.106
392,42,2.249
392,43,0.989
392,44,1.014
392,45,1.0
392,46,1.02
392,47,0.929
392,48,0.831
393,1,0.729
393,2,0.305
393,3,0.343
393,4,0.322
393,5,0.315
393,6,0.363
393,7,0.315
393,8,0.365
393,9,0.301
393,10,0.387
393,11,0.399
393,12,0.325
393,13,0.348
393,14,0.317
393,15,0.332
393,16,1.79
393,17,2.827
393,18,1.423
393,19,0.45
393,20,0.434
393,21,0.498
393,22,0.456
393,23,3.756
393,24,1.622
393,25,0.326
393,26,0.241
393,27,0.744
393,28,1.106
393,29,0.353
393,30,0.242
393,31,0.28
393,32,0.267
393,33,0.257
393,34,0.295
393,35,3.573
393,36,3.098
393,37,1.196
393,38,1.596
393,39,1.308
393,40,1.079
393,41,0.97
393,42,0.955
393,43,1.262
393,44,2.085
393,45,1.607
393,46,1.773
393,47,1.627
393,48,1.113
394,1,0.379
394,2,0.555
394,3,0.29
394,4,0.293
394,5,0.266
394,6,0.598
394,7,0.301
394,8,0.319
394,9,0.317
394,10,0.7
394,11,0.347
394,12,0.243
394,13,0.259
394,14,0.271
394,15,0.489
394,16,2.261
394,17,1.595
394,18,1.578
394,19,1.59
394,20,0.745
394,21,0.952
394,22,1.113
394,23,0.275
394,24,0.319
394,25,0.253
394,26,0.286
394,27,0.282
394,28,0.269
394,29,0.318
394,30,0.262
394,31,0.398
394,32,0.408
394,33,0.393
394,34,0.27
394,35,2.166
394,36,4.367
394,37,1.941
394,38,1.156
394,39,2.656
394,40,2.392
394,41,1.115
394,42,1.945
394,43,1.484
394,44,2.101
394,45,1.858
394,46,1.804
394,47,1.634
394,48,1.815
395,1,1.62
395,2,1.044
395,3,0.436
395,4,0.312
395,5,0.343
395,6,0.312
395,7,0.363
395,8,0.308
395,9,0.343
395,10,0.319
395,11,0.365
395,12,0.443
395,13,0.326
395,14,0.348
395,15,0.308
395,16,0.315
395,17,0.351
395,18,0.311
395,19,2.351
395,20,1.906
395,21,7.323
395,22,5.311
395,23,2.827
395,24,3.67
395,25,3.846
395,26,3.309
395,27,2.178
395,28,2.976
395,29,2.108
395,30,1.852
395,31,1.442
395,32,1.652
395,33,2.578
395,34,3.358
395,35,5.021
395,36,3.698
395,37,5.251
395,38,2.965
395,39,4.355
395,40,2.008
395,41,1.701
395,42,0.73
395,43,0.779
395,44,0.739
395,45,0.747
395,46,0.779
395,47,0.828
395,48,0.827
396,1,0.701
396,2,0.501
396,3,0.319
396,4,0.281
396,5,0.323
396,6,0.286
396,7,0.326
396,8,0.303
396,9,0.361
396,10,0.312
396,11,0.264
396,12,0.311
396,13,0.262
396,14,0.309
396,15,0.247
396,16,0.285
396,17,0.27
396,18,0.323
396,19,0.379
396,20,1.514
396,21,0.674
396,22,1.201
396,23,3.317
396,24,5.239
396,25,4.992
396,26,4.302
396,27,2.81
396,28,1.532
396,29,1.33
396,30,3.148
396,31,2.757
396,32,1.188
396,33,2.227
396,34,0.729
396,35,2.463
396,36,2.99
396,37,1.616
396,38,3.87
396,39,3.658
396,40,2.352
396,41,1.021
396,42,1.041
396,43,1.616
396,44,1.56
396,45,1.13
396,46,1.007
396,47,0.86
396,48,0.39
397,1,0.275
397,2,0.277
397,3,0.352
397,4,0.349
397,5,0.341
397,6,0.354
397,7,0.346
397,8,0.339
397,9,0.252
397,10,0.275
397,11,0.284
397,12,0.263
397,13,0.313
397,14,0.254
397,15,0.289
397,16,1.609
397,17,3.16
397,18,1.694
397,19,0.262
397,20,0.314
397,21,0.246
397,22,0.282
397,23,0.275
397,24,0.258
397,25,0.309
397,26,0.385
397,27,0.317
397,28,0.39
397,29,0.251
397,30,0.301
397,31,0.253
397,32,0.276
397,33,0.279
397,34,0.258
397,35,0.305
397,36,5.75
397,37,3.461
397,38,1.022
397,39,3.667
397,40,2.67
397,41,0.973
397,42,2.634
397,43,1.634
397,44,2.121
397,45,1.516
397,46,0.853
397,47,0.809
397,48,0.683
398,1,0.565
398,2,0.3
398,3,0.291
398,4,0.296
398,5,0.266
398,6,0.302
398,7,0.266
398,8,0.313
398,9,0.253
398,10,0.314
398,11,0.359
398,12,0.3
398,13,0.299
398,14,0.264
398,15,0.929
398,16,1.709
398,17,2.998
398,18,1.145
398,19,0.342
398,20,0.38
398,21,0.275
398,22,0.318
398,23,0.26
398,24,0.305
398,25,0.265
398,26,0.423
398,27,0.321
398,28,0.294
398,29,0.361
398,30,0.347
398,31,0.307
398,32,0.268
398,33,0.317
398,34,0.262
398,35,0.306
398,36,0.574
398,37,2.186
398,38,1.219
398,39,2.265
398,40,1.737
398,41,1.987
398,42,1.05
398,43,1.506
398,44,1.279
398,45,0.97
398,46,0.953
398,47,0.995
398,48,1.036
399,1,0.663
399,2,0.326
399,3,0.285
399,4,0.292
399,5,0.25
399,6,0.302
399,7,0.239
399,8,0.279
399,9,0.263
399,10,0.253
399,11,0.353
399,12,0.333
399,13,0.35
399,14,0.237
399,15,0.282
399,16,1.854
399,17,3.337
399,18,0.454
399,19,0.247
399,20,0.333
399,21,0.321
399,22,0.317
399,23,0.252
399,24,0.256
399,25,0.37
399,26,0.32
399,27,0.298
399,28,0.25
399,29,0.292
399,30,0.273
399,31,0.375
399,32,0.267
399,33,0.269
399,34,0.252
399,35,0.244
399,36,0.31
399,37,5.164
399,38,1.048
399,39,2.687
399,40,2.783
399,41,1.104
399,42,1.98
399,43,1.569
399,44,0.959
399,45,0.953
399,46,0.95
399,47,0.884
399,48,0.837
400,1,0.637
400,2,0.341
400,3,0.329
400,4,0.28
400,5,0.298
400,6,0.239
400,7,0.284
400,8,0.256
400,9,0.315
400,10,0.363
400,11,0.272
400,12,0.3
400,13,0.24
400,14,0.284
400,15,0.246
400,16,1.715
400,17,2.436
400,18,2.095
400,19,0.594
400,20,0.264
400,21,0.294
400,22,0.496
400,23,0.262
400,24,4.385
400,25,2.453
400,26,0.313
400,27,0.297
400,28,0.362
400,29,0.308
400,30,0.287
400,31,0.256
400,32,0.305
400,33,0.255
400,34,0.303
400,35,0.243
400,36,2.557
400,37,1.37
400,38,0.975
400,39,0.91
400,40,0.875
400,41,0.899
400,42,0.831
400,43,0.887
400,44,0.831
400,45,0.907
400,46,0.915
400,47,0.805
400,48,0.614
401,1,0.315
401,2,0.252
401,3,0.281
401,4,0.281
401,5,0.259
401,6,0.309
401,7,0.257
401,8,0.356
401,9,0.324
401,10,0.307
401,11,0.266
401,12,0.247
401,13,0.305
401,14,0.263
401,15,0.293
401,16,2.011
401,17,3.554
401,18,0.434
401,19,0.299
401,20,0.303
401,21,0.263
401,22,0.436
401,23,0.276
401,24,0.312
401,25,0.253
401,26,0.306
401,27,0.334
401,28,0.365
401,29,0.287
401,30,0.261
401,31,0.291
401,32,0.255
401,33,0.304
401,34,0.248
401,35,0.29
401,36,1.221
401,37,3.16
401,38,1.966
401,39,1.106
401,40,1.405
401,41,3.889
401,42,1.05
401,43,1.11
401,44,1.117
401,45,1.034
401,46,1.337
401,47,1.876
401,48,1.569
402,1,1.394
402,2,1.17
402,3,0.907
402,4,1.164
402,5,1.11
402,6,1.08
402,7,0.981
402,8,1.151
402,9,1.204
402,10,1.026
402,11,1.196
402,12,1.146
402,13,1.189
402,14,0.982
402,15,1.082
402,16,1.155
402,17,1.137
402,18,1.202
402,19,2.753
402,20,3.059
402,21,1.403
402,22,3.501
402,23,3.314
402,24,2.18
402,25,3.648
402,26,4.494
402,27,5.765
402,28,4.4
402,29,1.752
402,30,2.21
402,31,2.302
402,32,4.149
402,33,4.301
402,34,3.458
402,35,3.767
402,36,5.193
402,37,3.678
402,38,2.412
402,39,2.117
402,40,2.52
402,41,4.165
402,42,5.136
402,43,5.638
402,44,5.58
402,45,5.682
402,46,5.523
402,47,5.765
402,48,3.694
403,1,0.337
403,2,0.324
403,3,0.341
403,4,0.353
403,5,0.254
403,6,0.315
403,7,0.264
403,8,0.288
403,9,0.26
403,10,0.275
403,11,0.302
403,12,0.337
403,13,0.288
403,14,0.242
403,15,0.287
403,16,0.246
403,17,0.289
403,18,0.245
403,19,0.347
403,20,2.875
403,21,0.732
403,22,0.627
403,23,4.688
403,24,4.216
403,25,1.249
403,26,3.11
403,27,3.868
403,28,1.688
403,29,1.788
403,30,2.51
403,31,3.875
403,32,3.578
403,33,7.804
403,34,5.388
403,35,5.776
403,36,5.371
403,37,6.101
403,38,9.525
403,39,6.382
403,40,5.416
403,41,5.715
403,42,5.432
403,43,5.321
403,44,5.176
403,45,5.428
403,46,4.32
403,47,3.534
403,48,0.853
404,1,0.604
404,2,0.606
404,3,0.506
404,4,0.305
404,5,0.454
404,6,0.301
404,7,0.377
404,8,0.39
404,9,0.285
404,10,0.303
404,11,0.3
404,12,0.287
404,13,0.302
404,14,0.285
404,15,0.294
404,16,1.104
404,17,5.169
404,18,1.574
404,19,0.357
404,20,0.242
404,21,0.293
404,22,0.23
404,23,0.271
404,24,0.262
404,25,0.265
404,26,0.244
404,27,0.352
404,28,0.306
404,29,0.291
404,30,0.329
404,31,0.278
404,32,0.269
404,33,0.241
404,34,0.287
404,35,1.387
404,36,3.572
404,37,0.811
404,38,2.445
404,39,3.349
404,40,1.973
404,41,1.399
404,42,3.251
404,43,1.535
404,44,1.96
404,45,1.04
404,46,0.95
404,47,1.019
404,48,0.774
405,1,0.675
405,2,0.523
405,3,0.38
405,4,0.243
405,5,0.266
405,6,0.271
405,7,0.252
405,8,0.298
405,9,0.247
405,10,0.381
405,11,0.271
405,12,0.263
405,13,0.268
405,14,0.399
405,15,0.713
405,16,2.069
405,17,3.312
405,18,0.869
405,19,1.579
405,20,0.367
405,21,0.289
405,22,0.296
405,23,0.239
405,24,0.259
405,25,0.286
405,26,0.244
405,27,0.295
405,28,0.262
405,29,0.371
405,30,0.257
405,31,0.259
405,32,0.263
405,33,0.238
405,34,3.512
405,35,2.474
405,36,5.93
405,37,3.638
405,38,1.849
405,39,4.629
405,40,4.963
405,41,3.624
405,42,4.168
405,43,2.941
405,44,2.276
405,45,2.108
405,46,2.032
405,47,1.05
405,48,0.721
406,1,0.82
406,2,0.613
406,3,0.292
406,4,0.264
406,5,0.255
406,6,0.279
406,7,0.25
406,8,0.296
406,9,0.331
406,10,0.321
406,11,0.249
406,12,0.245
406,13,0.288
406,14,0.246
406,15,0.289
406,16,1.711
406,17,3.035
406,18,1.155
406,19,0.356
406,20,0.295
406,21,0.262
406,22,0.314
406,23,0.255
406,24,6.676
406,25,0.944
406,26,0.278
406,27,0.303
406,28,0.305
406,29,0.347
406,30,0.258
406,31,0.255
406,32,0.291
406,33,0.253
406,34,0.301
406,35,1.006
406,36,6.754
406,37,4.018
406,38,4.03
406,39,3.897
406,40,2.764
406,41,2.368
406,42,3.188
406,43,2.15
406,44,2.101
406,45,2.163
406,46,2.06
406,47,1.997
406,48,1.55
407,1,0.626
407,2,0.889
407,3,0.543
407,4,0.327
407,5,0.29
407,6,0.328
407,7,0.286
407,8,0.335
407,9,0.326
407,10,0.383
407,11,0.302
407,12,0.287
407,13,0.331
407,14,0.293
407,15,0.293
407,16,1.745
407,17,3.12
407,18,1.397
407,19,1.006
407,20,0.515
407,21,0.366
407,22,0.427
407,23,0.43
407,24,0.452
407,25,0.405
407,26,0.372
407,27,0.422
407,28,0.379
407,29,0.399
407,30,0.414
407,31,0.435
407,32,0.417
407,33,0.368
407,34,0.414
407,35,0.361
407,36,4.842
407,37,2.956
407,38,2.755
407,39,2.418
407,40,2.092
407,41,2.174
407,42,2.064
407,43,2.487
407,44,2.443
407,45,2.256
407,46,2.454
407,47,2.106
407,48,1.876
408,1,0.266
408,2,0.328
408,3,0.319
408,4,0.536
408,5,0.296
408,6,0.341
408,7,0.282
408,8,0.308
408,9,0.238
408,10,0.264
408,11,0.26
408,12,0.245
408,13,0.289
408,14,0.236
408,15,0.345
408,16,1.853
408,17,4.0
408,18,0.554
408,19,0.5
408,20,0.331
408,21,0.283
408,22,0.451
408,23,0.243
408,24,0.278
408,25,0.324
408,26,0.324
408,27,0.306
408,28,0.257
408,29,0.288
408,30,0.282
408,31,0.259
408,32,0.292
408,33,0.254
408,34,0.299
408,35,0.239
408,36,1.122
408,37,1.639
408,38,5.987
408,39,1.335
408,40,2.772
408,41,5.149
408,42,4.175
408,43,5.075
408,44,3.114
408,45,2.127
408,46,2.222
408,47,2.133
408,48,2.142
409,1,0.354
409,2,0.287
409,3,0.241
409,4,0.169
409,5,0.293
409,6,0.232
409,7,0.292
409,8,0.361
409,9,0.342
409,10,0.243
409,11,0.274
409,12,0.276
409,13,0.272
409,14,0.951
409,15,0.493
409,16,0.19
409,17,0.344
409,18,0.354
409,19,0.293
409,20,0.272
409,21,1.829
409,22,1.618
409,23,0.7
409,24,1.698
409,25,2.269
409,26,4.012
409,27,1.231
409,28,0.883
409,29,3.302
409,30,2.698
409,31,0.901
409,32,1.709
409,33,0.714
409,34,2.153
409,35,2.037
409,36,2.976
409,37,3.95
409,38,5.463
409,39,3.455
409,40,2.516
409,41,2.614
409,42,2.315
409,43,2.278
409,44,2.292
409,45,2.18
409,46,2.163
409,47,2.193
409,48,0.895
410,1,0.574
410,2,0.276
410,3,0.351
410,4,0.328
410,5,0.318
410,6,0.246
410,7,0.291
410,8,0.251
410,9,0.299
410,10,0.234
410,11,0.278
410,12,0.256
410,13,0.315
410,14,0.356
410,15,0.262
410,16,0.293
410,17,0.244
410,18,0.295
410,19,0.245
410,20,0.261
410,21,1.464
410,22,0.453
410,23,0.532
410,24,0.72
410,25,4.983
410,26,1.86
410,27,2.873
410,28,2.078
410,29,0.363
410,30,3.067
410,31,5.339
410,32,0.915
410,33,1.708
410,34,0.673
410,35,2.0
410,36,1.652
410,37,2.337
410,38,6.737
410,39,4.463
410,40,1.797
410,41,1.715
410,42,0.745
410,43,0.752
410,44,0.731
410,45,0.631
410,46,0.709
410,47,0.696
410,48,0.582
411,1,0.328
411,2,0.32
411,3,0.343
411,4,0.236
411,5,0.272
411,6,0.259
411,7,0.246
411,8,0.296
411,9,0.24
411,10,0.282
411,11,0.27
411,12,0.338
411,13,0.328
411,14,0.243
411,15,0.29
411,16,0.275
411,17,2.698
411,18,2.134
411,19,0.878
411,20,0.681
411,21,0.363
411,22,0.313
411,23,0.279
411,24,0.239
411,25,0.248
411,26,0.267
411,27,0.243
411,28,0.294
411,29,0.234
411,30,0.273
411,31,0.294
411,32,0.326
411,33,0.295
411,34,0.243
411,35,0.286
411,36,1.153
411,37,2.26
411,38,1.148
411,39,1.138
411,40,3.567
411,41,2.096
411,42,1.011
411,43,2.999
411,44,0.908
411,45,0.857
411,46,0.814
411,47,0.735
411,48,0.676
412,1,0.339
412,2,0.332
412,3,0.292
412,4,0.296
412,5,0.347
412,6,0.332
412,7,0.368
412,8,0.32
412,9,0.308
412,10,0.235
412,11,0.274
412,12,0.261
412,13,0.245
412,14,0.29
412,15,0.246
412,16,1.811
412,17,3.681
412,18,0.316
412,19,0.29
412,20,0.231
412,21,0.276
412,22,0.248
412,23,0.245
412,24,0.279
412,25,0.244
412,26,0.291
412,27,0.312
412,28,0.329
412,29,0.25
412,30,0.25
412,31,0.279
412,32,0.242
412,33,0.286
412,34,0.501
412,35,0.504
412,36,4.079
412,37,3.298
412,38,1.893
412,39,2.063
412,40,1.126
412,41,1.119
412,42,1.188
412,43,1.062
412,44,1.06
412,45,1.049
412,46,1.099
412,47,0.861
412,48,0.822
413,1,0.503
413,2,0.379
413,3,0.311
413,4,0.328
413,5,0.333
413,6,0.312
413,7,0.421
413,8,0.397
413,9,0.361
413,10,0.298
413,11,0.33
413,12,0.327
413,13,1.444
413,14,0.488
413,15,0.439
413,16,1.748
413,17,1.689
413,18,0.569
413,19,0.271
413,20,0.273
413,21,0.279
413,22,0.271
413,23,0.248
413,24,4.896
413,25,0.83
413,26,0.619
413,27,0.266
413,28,0.265
413,29,0.257
413,30,0.24
413,31,0.29
413,32,0.241
413,33,0.294
413,34,0.231
413,35,0.329
413,36,1.394
413,37,2.131
413,38,0.827
413,39,2.162
413,40,1.077
413,41,1.001
413,42,1.028
413,43,1.014
413,44,1.213
413,45,1.015
413,46,1.133
413,47,0.792
413,48,0.733
414,1,0.666
414,2,0.551
414,3,0.645
414,4,0.445
414,5,0.353
414,6,0.275
414,7,0.318
414,8,0.292
414,9,0.293
414,10,0.329
414,11,0.292
414,12,0.343
414,13,0.365
414,14,0.335
414,15,0.367
414,16,3.93
414,17,1.834
414,18,0.378
414,19,0.305
414,20,0.243
414,21,0.29
414,22,0.439
414,23,0.339
414,24,0.431
414,25,0.247
414,26,0.285
414,27,0.259
414,28,0.261
414,29,0.291
414,30,0.256
414,31,0.302
414,32,0.31
414,33,0.324
414,34,0.26
414,35,0.275
414,36,5.178
414,37,1.118
414,38,2.159
414,39,1.331
414,40,0.915
414,41,0.939
414,42,0.892
414,43,0.884
414,44,1.003
414,45,0.867
414,46,0.87
414,47,0.841
414,48,0.671
415,1,0.443
415,2,0.234
415,3,0.17
415,4,0.281
415,5,0.216
415,6,0.263
415,7,0.253
415,8,0.239
415,9,0.302
415,10,0.295
415,11,0.314
415,12,0.272
415,13,0.25
415,14,0.295
415,15,0.232
415,16,1.144
415,17,2.326
415,18,1.326
415,19,0.374
415,20,0.328
415,21,0.294
415,22,0.298
415,23,0.281
415,24,0.305
415,25,0.24
415,26,0.264
415,27,0.278
415,28,0.256
415,29,0.301
415,30,0.333
415,31,0.309
415,32,0.263
415,33,0.251
415,34,7.302
415,35,3.07
415,36,2.96
415,37,1.876
415,38,1.428
415,39,2.505
415,40,1.405
415,41,1.065
415,42,1.052
415,43,2.091
415,44,2.343
415,45,2.002
415,46,2.019
415,47,1.976
415,48,1.987
