213,1,0.106
213,2,0.024
213,3,0.079
213,4,0.167
213,5,0.024
213,6,0.024
213,7,0.168
213,8,0.078
213,9,0.024
213,10,0.106
213,11,0.14
213,12,0.024
213,13,0.041
213,14,0.174
213,15,0.056
213,16,0.024
213,17,0.13
213,18,0.113
213,19,0.024
213,20,0.069
213,21,0.17
213,22,0.027
213,23,0.024
213,24,0.162
213,25,0.089
213,26,0.024
213,27,0.096
213,28,0.162
213,29,0.023
213,30,0.03
213,31,0.174
213,32,0.083
213,33,0.023
213,34,0.14
213,35,0.112
213,36,0.023
213,37,0.107
213,38,0.145
213,39,0.023
213,40,0.073
213,41,0.168
213,42,0.031
213,43,0.037
213,44,0.171
213,45,0.065
213,46,0.023
213,47,0.138
213,48,0.113
214,1,0.023
214,2,0.085
214,3,0.155
214,4,0.023
214,5,0.046
214,6,0.171
214,7,0.044
214,8,0.023
214,9,0.161
214,10,0.076
214,11,0.023
214,12,0.125
214,13,0.109
214,14,0.024
214,15,0.092
214,16,0.14
214,17,0.023
214,18,0.057
214,19,0.169
214,20,0.029
214,21,0.023
214,22,0.169
214,23,0.06
214,24,0.023
214,25,0.134
214,26,0.097
214,27,0.023
214,28,0.092
214,29,0.154
214,30,0.023
214,31,0.033
214,32,0.173
214,33,0.06
214,34,0.023
214,35,0.136
214,36,0.109
214,37,0.023
214,38,0.082
214,39,0.162
214,40,0.023
214,41,0.023
214,42,0.177
214,43,0.069
214,44,0.023
214,45,0.124
214,46,0.117
214,47,0.023
214,48,0.108
215,1,0.123
215,2,0.023
215,3,0.099
215,4,0.131
215,5,0.023
215,6,0.09
215,7,0.143
215,8,0.023
215,9,0.077
215,10,0.153
215,11,0.023
215,12,0.067
215,13,0.168
215,14,0.023
215,15,0.054
215,16,0.169
215,17,0.03
215,18,0.044
215,19,0.172
215,20,0.042
215,21,0.023
215,22,0.171
215,23,0.064
215,24,0.023
215,25,0.148
215,26,0.096
215,27,0.023
215,28,0.114
215,29,0.152
215,30,0.023
215,31,0.06
215,32,0.17
215,33,0.059
215,34,0.023
215,35,0.161
215,36,0.108
215,37,0.023
215,38,0.107
215,39,0.15
215,40,0.023
215,41,0.064
215,42,0.17
215,43,0.046
215,44,0.023
215,45,0.173
215,46,0.083
215,47,0.023
215,48,0.141
216,1,0.132
216,2,0.024
216,3,0.089
216,4,0.169
216,5,0.027
216,6,0.051
216,7,0.173
216,8,0.066
216,9,0.024
216,10,0.159
216,11,0.091
216,12,0.024
216,13,0.133
216,14,0.116
216,15,0.023
216,16,0.099
216,17,0.156
216,18,0.023
216,19,0.056
216,20,0.17
216,21,0.059
216,22,0.023
216,23,0.153
216,24,0.117
216,25,0.023
216,26,0.093
216,27,0.168
216,28,0.031
216,29,0.043
216,30,0.172
216,31,0.087
216,32,0.023
216,33,0.128
216,34,0.163
216,35,0.024
216,36,0.04
216,37,0.172
216,38,0.096
216,39,0.023
216,40,0.114
216,41,0.164
216,42,0.026
216,43,0.026
216,44,0.177
216,45,0.107
216,46,0.023
216,47,0.102
216,48,0.166
217,1,0.03
217,2,0.031
217,3,0.177
217,4,0.092
217,5,0.024
217,6,0.118
217,7,0.156
217,8,0.024
217,9,0.048
217,10,0.174
217,11,0.07
217,12,0.024
217,13,0.135
217,14,0.128
217,15,0.023
217,16,0.067
217,17,0.169
217,18,0.045
217,19,0.022
217,20,0.152
217,21,0.107
217,22,0.023
217,23,0.087
217,24,0.169
217,25,0.037
217,26,0.023
217,27,0.164
217,28,0.108
217,29,0.023
217,30,0.092
217,31,0.169
217,32,0.053
217,33,0.023
217,34,0.152
217,35,0.139
217,36,0.023
217,37,0.06
217,38,0.172
217,39,0.077
217,40,0.023
217,41,0.125
217,42,0.162
217,43,0.023
217,44,0.029
217,45,0.175
217,46,0.095
217,47,0.023
217,48,0.104
218,1,0.169
218,2,0.031
218,3,0.026
218,4,0.18
218,5,0.094
218,6,0.024
218,7,0.114
218,8,0.156
218,9,0.024
218,10,0.045
218,11,0.174
218,12,0.07
218,13,0.024
218,14,0.132
218,15,0.126
218,16,0.023
218,17,0.068
218,18,0.168
218,19,0.04
218,20,0.024
218,21,0.157
218,22,0.101
218,23,0.023
218,24,0.09
218,25,0.166
218,26,0.027
218,27,0.023
218,28,0.171
218,29,0.094
218,30,0.023
218,31,0.102
218,32,0.167
218,33,0.026
218,34,0.023
218,35,0.175
218,36,0.095
218,37,0.023
218,38,0.104
218,39,0.166
218,40,0.023
218,41,0.03
218,42,0.177
218,43,0.086
218,44,0.023
218,45,0.113
218,46,0.156
218,47,0.023
218,48,0.048
219,1,0.173
219,2,0.066
219,3,0.023
219,4,0.139
219,5,0.116
219,6,0.024
219,7,0.093
219,8,0.156
219,9,0.024
219,10,0.052
219,11,0.173
219,12,0.049
219,13,0.024
219,14,0.159
219,15,0.083
219,16,0.022
219,17,0.119
219,18,0.122
219,19,0.023
219,20,0.076
219,21,0.167
219,22,0.022
219,23,0.03
219,24,0.175
219,25,0.067
219,26,0.023
219,27,0.138
219,28,0.113
219,29,0.023
219,30,0.094
219,31,0.168
219,32,0.024
219,33,0.037
219,34,0.174
219,35,0.069
219,36,0.023
219,37,0.137
219,38,0.12
219,39,0.023
219,40,0.082
219,41,0.17
219,42,0.029
219,43,0.023
219,44,0.174
219,45,0.085
219,46,0.023
219,47,0.113
219,48,0.137
220,1,0.023
220,2,0.06
220,3,0.172
220,4,0.048
220,5,0.024
220,6,0.155
220,7,0.099
220,8,0.024
220,9,0.103
220,10,0.153
220,11,0.024
220,12,0.048
220,13,0.174
220,14,0.051
220,15,0.023
220,16,0.147
220,17,0.099
220,18,0.023
220,19,0.094
220,20,0.15
220,21,0.023
220,22,0.044
220,23,0.171
220,24,0.05
220,25,0.022
220,26,0.145
220,27,0.101
220,28,0.023
220,29,0.091
220,30,0.165
220,31,0.023
220,32,0.033
220,33,0.174
220,34,0.081
220,35,0.023
220,36,0.124
220,37,0.139
220,38,0.023
220,39,0.061
220,40,0.171
220,41,0.061
220,42,0.023
220,43,0.142
220,44,0.123
220,45,0.022
220,46,0.072
220,47,0.17
220,48,0.045
221,1,0.023
221,2,0.156
221,3,0.109
221,4,0.023
221,5,0.088
221,6,0.17
221,7,0.036
221,8,0.024
221,9,0.166
221,10,0.106
221,11,0.024
221,12,0.095
221,13,0.169
221,14,0.024
221,15,0.023
221,16,0.173
221,17,0.091
221,18,0.023
221,19,0.106
221,20,0.156
221,21,0.023
221,22,0.038
221,23,0.173
221,24,0.077
221,25,0.023
221,26,0.118
221,27,0.146
221,28,0.023
221,29,0.045
221,30,0.173
221,31,0.073
221,32,0.023
221,33,0.127
221,34,0.148
221,35,0.023
221,36,0.045
221,37,0.173
221,38,0.08
221,39,0.023
221,40,0.119
221,41,0.158
221,42,0.023
221,43,0.034
221,44,0.173
221,45,0.083
221,46,0.023
221,47,0.109
221,48,0.163
222,1,0.023
222,2,0.023
222,3,0.176
222,4,0.107
222,5,0.024
222,6,0.095
222,7,0.17
222,8,0.031
222,9,0.024
222,10,0.177
222,11,0.097
222,12,0.024
222,13,0.102
222,14,0.167
222,15,0.023
222,16,0.03
222,17,0.175
222,18,0.086
222,19,0.023
222,20,0.112
222,21,0.153
222,22,0.022
222,23,0.04
222,24,0.173
222,25,0.083
222,26,0.023
222,27,0.114
222,28,0.161
222,29,0.023
222,30,0.039
222,31,0.174
222,32,0.087
222,33,0.023
222,34,0.113
222,35,0.165
222,36,0.023
222,37,0.032
222,38,0.175
222,39,0.098
222,40,0.023
222,41,0.107
222,42,0.167
222,43,0.028
222,44,0.023
222,45,0.177
222,46,0.103
222,47,0.024
222,48,0.101
223,1,0.169
223,2,0.029
223,3,0.023
223,4,0.176
223,5,0.094
223,6,0.023
223,7,0.111
223,8,0.159
223,9,0.023
223,10,0.046
223,11,0.173
223,12,0.068
223,13,0.023
223,14,0.136
223,15,0.122
223,16,0.023
223,17,0.077
223,18,0.168
223,19,0.033
223,20,0.023
223,21,0.171
223,22,0.09
223,23,0.024
223,24,0.111
223,25,0.157
223,26,0.023
223,27,0.04
223,28,0.173
223,29,0.097
223,30,0.023
223,31,0.111
223,32,0.166
223,33,0.047
223,34,0.023
223,35,0.165
223,36,0.129
223,37,0.023
223,38,0.076
223,39,0.171
223,40,0.073
223,41,0.023
223,42,0.138
223,43,0.146
223,44,0.022
223,45,0.057
223,46,0.171
223,47,0.072
223,48,0.023
224,1,0.139
224,2,0.146
224,3,0.023
224,4,3.039
224,5,2.271
224,6,0.689
224,7,0.217
224,8,0.141
224,9,0.227
224,10,0.224
224,11,0.091
224,12,0.094
224,13,2.894
224,14,0.466
224,15,0.081
224,16,0.124
224,17,0.229
224,18,0.39
224,19,0.282
224,20,1.194
224,21,0.858
224,22,1.064
224,23,1.009
224,24,3.452
224,25,2.243
224,26,0.951
224,27,1.188
224,28,0.245
224,29,0.112
224,30,0.722
224,31,0.433
224,32,0.263
224,33,2.688
224,34,1.163
224,35,0.479
224,36,1.414
224,37,0.163
224,38,0.242
224,39,0.588
224,40,0.366
224,41,1.494
224,42,0.401
224,43,0.385
224,44,0.941
224,45,0.99
224,46,1.119
224,47,0.414
224,48,0.288
225,1,0.233
225,2,0.227
225,3,0.185
225,4,0.084
225,5,0.152
225,6,0.231
225,7,0.172
225,8,0.085
225,9,0.162
225,10,0.231
225,11,0.157
225,12,0.084
225,13,3.157
225,14,0.952
225,15,0.373
225,16,0.253
225,17,0.251
225,18,0.101
225,19,0.064
225,20,0.216
225,21,0.177
225,22,0.064
225,23,0.117
225,24,0.21
225,25,0.124
225,26,0.064
225,27,0.165
225,28,0.205
225,29,0.078
225,30,0.064
225,31,0.207
225,32,0.18
225,33,2.703
225,34,2.472
225,35,0.738
225,36,1.183
225,37,0.521
225,38,0.221
225,39,0.237
225,40,0.842
225,41,0.616
225,42,2.09
225,43,1.019
225,44,1.73
225,45,0.336
225,46,0.414
225,47,0.333
225,48,0.339
226,1,0.287
226,2,0.228
226,3,0.092
226,4,0.106
226,5,0.236
226,6,0.157
226,7,0.085
226,8,0.18
226,9,0.228
226,10,0.085
226,11,0.1
226,12,0.236
226,13,2.915
226,14,0.824
226,15,1.996
226,16,0.37
226,17,0.336
226,18,0.172
226,19,0.136
226,20,0.213
226,21,0.13
226,22,0.07
226,23,0.175
226,24,0.204
226,25,0.07
226,26,0.089
226,27,0.219
226,28,0.141
226,29,0.069
226,30,0.15
226,31,0.215
226,32,0.103
226,33,2.686
226,34,3.287
226,35,0.231
226,36,0.07
226,37,0.966
226,38,0.649
226,39,0.857
226,40,0.544
226,41,0.56
226,42,0.327
226,43,0.299
226,44,0.234
226,45,0.419
226,46,0.598
226,47,0.564
226,48,0.472
227,1,0.401
227,2,0.323
227,3,0.219
227,4,0.219
227,5,0.179
227,6,0.083
227,7,0.113
227,8,0.233
227,9,0.223
227,10,0.133
227,11,0.083
227,12,0.196
227,13,2.98
227,14,0.887
227,15,0.102
227,16,0.368
227,17,0.252
227,18,0.479
227,19,0.173
227,20,0.068
227,21,0.107
227,22,2.207
227,23,2.677
227,24,0.39
227,25,0.242
227,26,0.205
227,27,1.838
227,28,1.852
227,29,0.708
227,30,0.268
227,31,0.101
227,32,0.604
227,33,2.89
227,34,3.512
227,35,0.562
227,36,0.267
227,37,0.82
227,38,0.42
227,39,0.349
227,40,0.369
227,41,0.343
227,42,0.376
227,43,0.415
227,44,0.476
227,45,0.408
227,46,0.537
227,47,0.48
227,48,0.649
228,1,0.27
228,2,0.179
228,3,0.239
228,4,0.221
228,5,0.127
228,6,0.08
228,7,0.182
228,8,0.224
228,9,0.107
228,10,0.081
228,11,0.208
228,12,0.221
228,13,2.978
228,14,0.637
228,15,0.369
228,16,0.453
228,17,0.173
228,18,0.136
228,19,0.24
228,20,0.182
228,21,0.157
228,22,1.304
228,23,1.04
228,24,0.869
228,25,0.591
228,26,0.138
228,27,0.186
228,28,2.158
228,29,0.448
228,30,0.144
228,31,0.427
228,32,0.304
228,33,4.85
228,34,3.512
228,35,1.134
228,36,0.878
228,37,0.257
228,38,0.38
228,39,0.244
228,40,0.284
228,41,0.252
228,42,0.337
228,43,3.714
228,44,0.583
228,45,0.407
228,46,1.631
228,47,0.545
228,48,0.452
229,1,0.296
229,2,0.137
229,3,2.007
229,4,0.245
229,5,0.171
229,6,0.084
229,7,0.147
229,8,0.231
229,9,0.132
229,10,0.083
229,11,0.176
229,12,0.227
229,13,2.871
229,14,0.702
229,15,2.17
229,16,0.525
229,17,0.231
229,18,0.159
229,19,0.069
229,20,0.115
229,21,0.215
229,22,0.109
229,23,0.069
229,24,0.18
229,25,0.197
229,26,0.071
229,27,0.085
229,28,0.223
229,29,0.161
229,30,0.071
229,31,0.125
229,32,0.219
229,33,2.967
229,34,2.957
229,35,0.47
229,36,0.315
229,37,0.165
229,38,0.093
229,39,0.604
229,40,0.255
229,41,0.234
229,42,0.428
229,43,2.671
229,44,0.492
229,45,0.478
229,46,0.362
229,47,0.216
229,48,0.244
230,1,0.277
230,2,0.119
230,3,0.085
230,4,0.199
230,5,0.227
230,6,0.111
230,7,0.085
230,8,0.216
230,9,0.224
230,10,0.085
230,11,0.085
230,12,0.238
230,13,2.915
230,14,0.847
230,15,0.13
230,16,0.418
230,17,0.408
230,18,0.282
230,19,0.109
230,20,0.43
230,21,0.468
230,22,1.077
230,23,0.239
230,24,0.254
230,25,1.633
230,26,1.109
230,27,1.454
230,28,0.655
230,29,0.156
230,30,0.113
230,31,0.345
230,32,0.221
230,33,2.852
230,34,3.627
230,35,0.38
230,36,0.077
230,37,0.299
230,38,0.267
230,39,1.064
230,40,0.51
230,41,0.519
230,42,0.52
230,43,2.033
230,44,0.615
230,45,0.463
230,46,0.43
230,47,0.321
230,48,0.148
231,1,0.144
231,2,0.238
231,3,0.224
231,4,0.174
231,5,0.085
231,6,0.172
231,7,0.231
231,8,0.194
231,9,0.086
231,10,0.145
231,11,0.233
231,12,0.2
231,13,2.955
231,14,0.905
231,15,1.642
231,16,0.505
231,17,0.386
231,18,0.377
231,19,0.167
231,20,0.07
231,21,0.106
231,22,0.217
231,23,0.206
231,24,0.07
231,25,0.079
231,26,0.223
231,27,0.212
231,28,0.178
231,29,0.071
231,30,0.111
231,31,0.221
231,32,0.21
231,33,2.807
231,34,2.803
231,35,0.29
231,36,0.215
231,37,0.851
231,38,0.29
231,39,0.392
231,40,0.379
231,41,0.644
231,42,2.583
231,43,1.776
231,44,0.682
231,45,0.374
231,46,0.222
231,47,0.343
231,48,0.39
232,1,0.206
232,2,0.16
232,3,0.172
232,4,0.231
232,5,0.209
232,6,0.085
232,7,0.095
232,8,0.236
232,9,0.224
232,10,0.135
232,11,0.084
232,12,0.18
232,13,2.874
232,14,0.651
232,15,0.07
232,16,0.41
232,17,1.213
232,18,0.394
232,19,0.338
232,20,0.162
232,21,0.108
232,22,0.95
232,23,3.422
232,24,1.855
232,25,0.304
232,26,0.252
232,27,1.666
232,28,1.903
232,29,0.194
232,30,0.193
232,31,0.217
232,32,0.194
232,33,2.746
232,34,2.378
232,35,1.088
232,36,0.215
232,37,0.106
232,38,0.532
232,39,0.437
232,40,0.532
232,41,0.591
232,42,0.332
232,43,0.446
232,44,0.372
232,45,0.4
232,46,0.361
232,47,0.274
232,48,0.731
233,1,0.361
233,2,0.24
233,3,0.125
233,4,0.092
233,5,0.234
233,6,0.213
233,7,0.08
233,8,0.104
233,9,0.231
233,10,0.152
233,11,0.072
233,12,0.154
233,13,2.867
233,14,1.815
233,15,1.318
233,16,0.368
233,17,0.276
233,18,0.176
233,19,0.072
233,20,0.123
233,21,0.216
233,22,0.108
233,23,0.071
233,24,0.188
233,25,0.174
233,26,0.072
233,27,0.116
233,28,0.222
233,29,0.122
233,30,0.072
233,31,0.175
233,32,0.214
233,33,2.716
233,34,2.542
233,35,0.584
233,36,0.217
233,37,0.555
233,38,0.078
233,39,0.241
233,40,0.234
233,41,0.326
233,42,0.266
233,43,0.497
233,44,2.198
233,45,0.452
233,46,0.592
233,47,0.412
233,48,0.208
234,1,0.161
234,2,0.16
234,3,0.233
234,4,0.189
234,5,0.086
234,6,0.099
234,7,0.239
234,8,0.211
234,9,0.086
234,10,0.086
234,11,0.234
234,12,0.199
234,13,2.899
234,14,0.739
234,15,0.227
234,16,0.19
234,17,2.678
234,18,0.503
234,19,1.197
234,20,0.255
234,21,0.105
234,22,0.2
234,23,0.378
234,24,0.187
234,25,0.382
234,26,0.469
234,27,0.227
234,28,0.114
234,29,0.24
234,30,0.965
234,31,1.98
234,32,0.449
234,33,2.948
234,34,3.547
234,35,1.298
234,36,1.454
234,37,0.608
234,38,0.781
234,39,0.535
234,40,0.562
234,41,0.553
234,42,0.651
234,43,0.476
234,44,1.128
234,45,0.385
234,46,0.549
234,47,0.477
234,48,0.372
235,1,0.25
235,2,0.274
235,3,0.457
235,4,0.139
235,5,0.107
235,6,0.235
235,7,0.176
235,8,0.084
235,9,0.143
235,10,0.231
235,11,0.128
235,12,0.084
235,13,3.099
235,14,0.715
235,15,0.08
235,16,0.071
235,17,0.517
235,18,0.273
235,19,0.108
235,20,0.071
235,21,0.183
235,22,1.079
235,23,0.437
235,24,0.33
235,25,1.781
235,26,1.762
235,27,0.551
235,28,0.244
235,29,1.048
235,30,0.272
235,31,0.265
235,32,0.229
235,33,2.805
235,34,2.992
235,35,0.308
235,36,0.234
235,37,0.382
235,38,1.144
235,39,0.587
235,40,0.649
235,41,0.79
235,42,0.479
235,43,0.512
235,44,1.644
235,45,0.745
235,46,0.448
235,47,0.152
235,48,0.169
236,1,0.239
236,2,0.222
236,3,0.086
236,4,0.07
236,5,0.211
236,6,0.212
236,7,0.123
236,8,0.07
236,9,0.156
236,10,0.215
236,11,0.127
236,12,0.07
236,13,2.832
236,14,0.845
236,15,0.606
236,16,1.113
236,17,0.447
236,18,0.237
236,19,0.205
236,20,0.19
236,21,0.069
236,22,0.103
236,23,0.216
236,24,0.206
236,25,0.089
236,26,0.069
236,27,0.21
236,28,0.209
236,29,0.106
236,30,0.069
236,31,0.185
236,32,0.211
236,33,2.682
236,34,2.851
236,35,0.432
236,36,0.213
236,37,0.69
236,38,0.599
236,39,0.385
236,40,0.382
236,41,0.419
236,42,0.522
236,43,0.25
236,44,0.28
236,45,0.432
236,46,0.422
236,47,0.198
236,48,0.183
237,1,0.268
237,2,0.129
237,3,0.078
237,4,0.189
237,5,0.198
237,6,0.072
237,7,0.102
237,8,0.246
237,9,0.559
237,10,0.233
237,11,0.247
237,12,0.251
237,13,2.857
237,14,0.694
237,15,0.172
237,16,0.337
237,17,4.484
237,18,1.778
237,19,1.893
237,20,0.703
237,21,0.303
237,22,0.253
237,23,1.0
237,24,0.262
237,25,0.188
237,26,0.209
237,27,0.449
237,28,0.447
237,29,0.069
237,30,0.134
237,31,0.214
237,32,0.186
237,33,2.904
237,34,3.402
237,35,0.645
237,36,0.261
237,37,0.256
237,38,0.315
237,39,1.06
237,40,0.623
237,41,0.304
237,42,0.766
237,43,1.546
237,44,2.102
237,45,0.491
237,46,0.306
237,47,0.334
237,48,0.361
238,1,0.258
238,2,0.083
238,3,0.115
238,4,0.233
238,5,0.174
238,6,0.084
238,7,0.14
238,8,0.232
238,9,0.162
238,10,0.084
238,11,0.144
238,12,0.231
238,13,2.938
238,14,0.511
238,15,1.685
238,16,0.465
238,17,0.437
238,18,0.247
238,19,0.114
238,20,0.07
238,21,0.148
238,22,0.213
238,23,0.106
238,24,0.069
238,25,0.168
238,26,0.211
238,27,0.107
238,28,0.07
238,29,0.183
238,30,0.213
238,31,0.117
238,32,0.07
238,33,2.743
238,34,2.766
238,35,0.363
238,36,0.071
238,37,0.424
238,38,0.709
238,39,0.333
238,40,0.291
238,41,1.345
238,42,0.54
238,43,0.554
238,44,0.45
238,45,0.481
238,46,0.274
238,47,0.427
238,48,0.451
239,1,0.268
239,2,0.114
239,3,0.169
239,4,0.224
239,5,0.115
239,6,0.08
239,7,0.19
239,8,0.207
239,9,0.079
239,10,0.081
239,11,0.233
239,12,0.171
239,13,2.794
239,14,0.767
239,15,0.211
239,16,0.109
239,17,0.384
239,18,0.334
239,19,0.586
239,20,0.947
239,21,0.808
239,22,0.412
239,23,0.253
239,24,0.144
239,25,0.292
239,26,0.697
239,27,1.245
239,28,0.435
239,29,0.26
239,30,0.336
239,31,0.508
239,32,0.152
239,33,2.754
239,34,3.374
239,35,3.286
239,36,2.344
239,37,0.543
239,38,0.496
239,39,0.279
239,40,0.397
239,41,2.492
239,42,2.383
239,43,0.677
239,44,0.522
239,45,0.454
239,46,0.481
239,47,0.781
239,48,0.309
240,1,0.302
240,2,0.187
240,3,0.086
240,4,0.137
240,5,0.234
240,6,0.152
240,7,0.087
240,8,0.175
240,9,0.231
240,10,0.111
240,11,0.087
240,12,0.211
240,13,3.004
240,14,0.805
240,15,0.364
240,16,0.456
240,17,0.39
240,18,0.204
240,19,0.072
240,20,0.101
240,21,0.218
240,22,0.123
240,23,0.072
240,24,0.161
240,25,0.194
240,26,0.072
240,27,0.079
240,28,0.224
240,29,0.136
240,30,0.072
240,31,0.148
240,32,0.217
240,33,2.702
240,34,2.482
240,35,0.46
240,36,0.16
240,37,0.47
240,38,0.249
240,39,0.461
240,40,0.276
240,41,0.848
240,42,0.385
240,43,0.364
240,44,0.34
240,45,0.519
240,46,0.565
240,47,0.705
240,48,0.41
388,1,0.39
388,2,0.381
388,3,0.382
388,4,0.263
388,5,0.207
388,6,0.112
388,7,0.068
388,8,0.067
388,9,0.099
388,10,0.211
388,11,0.199
388,12,0.273
388,13,0.184
388,14,0.131
388,15,0.129
388,16,0.144
388,17,0.529
388,18,0.614
388,19,0.296
388,20,0.417
388,21,0.276
388,22,0.796
388,23,0.336
388,24,0.215
388,25,0.353
388,26,0.377
388,27,0.764
388,28,0.992
388,29,1.898
388,30,2.317
388,31,0.558
388,32,0.609
388,33,1.287
388,34,1.118
388,35,0.521
388,36,0.585
388,37,0.54
388,38,0.618
388,39,0.945
388,40,0.551
388,41,0.419
388,42,0.411
388,43,0.398
388,44,0.584
388,45,0.535
388,46,0.539
388,47,0.649
388,48,0.372
389,1,0.444
389,2,0.476
389,3,0.393
389,4,1.267
389,5,0.355
389,6,1.255
389,7,0.438
389,8,0.196
389,9,0.194
389,10,0.163
389,11,0.069
389,12,0.147
389,13,0.17
389,14,0.276
389,15,0.263
389,16,0.259
389,17,0.205
389,18,0.424
389,19,0.364
389,20,0.788
389,21,0.456
389,22,0.671
389,23,0.125
389,24,0.447
389,25,0.365
389,26,1.477
389,27,0.379
389,28,0.443
389,29,0.542
389,30,0.302
389,31,0.392
389,32,0.454
389,33,0.441
389,34,0.261
389,35,0.383
389,36,0.895
389,37,4.233
389,38,0.605
389,39,0.698
389,40,0.602
389,41,0.495
389,42,0.442
389,43,0.444
389,44,0.381
389,45,0.316
389,46,0.371
389,47,0.394
389,48,0.37
390,1,0.25
390,2,0.084
390,3,0.105
390,4,0.231
390,5,0.216
390,6,0.212
390,7,0.196
390,8,0.084
390,9,0.084
390,10,0.084
390,11,0.214
390,12,0.278
390,13,0.263
390,14,0.255
390,15,0.551
390,16,0.964
390,17,0.451
390,18,0.426
390,19,0.202
390,20,0.2
390,21,0.2
390,22,0.197
390,23,0.077
390,24,0.072
390,25,0.072
390,26,0.215
390,27,0.204
390,28,0.181
390,29,0.071
390,30,0.071
390,31,0.086
390,32,0.215
390,33,0.2
390,34,0.195
390,35,0.077
390,36,0.208
390,37,0.383
390,38,0.388
390,39,0.984
390,40,1.154
390,41,0.955
390,42,0.366
390,43,2.042
390,44,0.395
390,45,0.285
390,46,0.342
390,47,0.364
390,48,0.411
391,1,0.358
391,2,1.23
391,3,0.261
391,4,0.681
391,5,0.692
391,6,0.073
391,7,0.219
391,8,0.205
391,9,0.2
391,10,0.135
391,11,0.072
391,12,0.148
391,13,0.171
391,14,0.577
391,15,0.542
391,16,0.416
391,17,0.588
391,18,1.83
391,19,0.436
391,20,0.386
391,21,0.222
391,22,0.151
391,23,0.065
391,24,0.066
391,25,0.207
391,26,1.303
391,27,2.288
391,28,1.393
391,29,0.231
391,30,0.271
391,31,0.289
391,32,1.235
391,33,0.512
391,34,1.412
391,35,1.023
391,36,0.47
391,37,0.73
391,38,3.176
391,39,1.65
391,40,0.375
391,41,0.37
391,42,0.312
391,43,0.334
391,44,0.418
391,45,0.595
391,46,0.339
391,47,0.405
391,48,0.392
392,1,0.194
392,2,0.19
392,3,0.19
392,4,0.19
392,5,0.191
392,6,0.191
392,7,0.109
392,8,0.067
392,9,0.067
392,10,0.15
392,11,0.203
392,12,0.275
392,13,0.248
392,14,0.129
392,15,0.563
392,16,0.493
392,17,0.504
392,18,0.468
392,19,0.194
392,20,0.193
392,21,0.192
392,22,0.193
392,23,0.191
392,24,0.09
392,25,0.066
392,26,0.066
392,27,0.173
392,28,0.2
392,29,0.194
392,30,0.13
392,31,0.066
392,32,0.066
392,33,0.113
392,34,0.204
392,35,0.193
392,36,0.259
392,37,1.029
392,38,1.435
392,39,0.446
392,40,0.46
392,41,0.384
392,42,0.403
392,43,0.459
392,44,0.69
392,45,0.632
392,46,0.496
392,47,0.376
392,48,0.387
393,1,0.211
393,2,0.194
393,3,0.12
393,4,0.071
393,5,0.07
393,6,0.112
393,7,0.21
393,8,0.199
393,9,0.196
393,10,0.194
393,11,0.098
393,12,0.146
393,13,0.137
393,14,0.174
393,15,0.275
393,16,0.718
393,17,0.525
393,18,1.897
393,19,1.457
393,20,0.523
393,21,0.78
393,22,0.995
393,23,0.218
393,24,0.526
393,25,0.209
393,26,0.105
393,27,0.123
393,28,0.269
393,29,0.253
393,30,0.538
393,31,0.509
393,32,0.222
393,33,1.328
393,34,0.682
393,35,0.326
393,36,0.591
393,37,0.605
393,38,1.811
393,39,0.554
393,40,0.418
393,41,0.718
393,42,1.744
393,43,0.684
393,44,0.739
393,45,0.499
393,46,0.452
393,47,0.505
393,48,0.472
394,1,0.422
394,2,0.421
394,3,0.297
394,4,0.215
394,5,0.205
394,6,0.193
394,7,0.192
394,8,0.192
394,9,0.101
394,10,0.068
394,11,0.068
394,12,0.144
394,13,0.231
394,14,0.268
394,15,0.662
394,16,0.629
394,17,0.482
394,18,0.407
394,19,0.194
394,20,0.194
394,21,0.195
394,22,0.194
394,23,0.196
394,24,0.194
394,25,0.1
394,26,0.071
394,27,0.071
394,28,0.07
394,29,0.185
394,30,0.206
394,31,0.2
394,32,0.198
394,33,0.195
394,34,0.078
394,35,0.07
394,36,0.168
394,37,0.619
394,38,1.239
394,39,0.661
394,40,0.474
394,41,0.562
394,42,0.542
394,43,0.474
394,44,0.48
394,45,0.596
394,46,0.748
394,47,0.303
394,48,0.291
395,1,0.416
395,2,1.193
395,3,0.317
395,4,0.304
395,5,0.196
395,6,0.194
395,7,0.119
395,8,0.07
395,9,0.069
395,10,0.069
395,11,0.21
395,12,0.2
395,13,0.196
395,14,0.078
395,15,0.068
395,16,0.381
395,17,0.198
395,18,1.68
395,19,0.86
395,20,0.401
395,21,0.544
395,22,0.241
395,23,0.209
395,24,0.199
395,25,0.194
395,26,0.111
395,27,0.068
395,28,0.067
395,29,0.082
395,30,0.496
395,31,0.396
395,32,0.241
395,33,0.339
395,34,1.203
395,35,1.556
395,36,0.937
395,37,2.072
395,38,1.114
395,39,0.412
395,40,0.748
395,41,0.644
395,42,0.688
395,43,0.709
395,44,0.93
395,45,0.47
395,46,0.47
395,47,0.491
395,48,0.494
396,1,0.49
396,2,1.556
396,3,0.503
396,4,1.172
396,5,0.563
396,6,0.199
396,7,0.198
396,8,0.198
396,9,0.198
396,10,0.189
396,11,0.075
396,12,0.153
396,13,0.143
396,14,0.263
396,15,0.217
396,16,0.203
396,17,0.202
396,18,0.596
396,19,0.682
396,20,0.314
396,21,0.331
396,22,0.948
396,23,0.392
396,24,0.282
396,25,1.114
396,26,1.632
396,27,0.527
396,28,0.719
396,29,0.439
396,30,0.537
396,31,0.299
396,32,0.497
396,33,0.561
396,34,0.625
396,35,1.794
396,36,0.873
396,37,0.554
396,38,0.531
396,39,1.47
396,40,0.546
396,41,0.685
396,42,0.603
396,43,0.492
396,44,0.513
396,45,0.715
396,46,0.453
396,47,0.268
396,48,0.358
397,1,0.415
397,2,0.398
397,3,0.199
397,4,0.141
397,5,0.067
397,6,0.067
397,7,0.151
397,8,0.202
397,9,0.173
397,10,0.067
397,11,0.067
397,12,0.186
397,13,0.276
397,14,0.266
397,15,0.67
397,16,0.367
397,17,0.527
397,18,0.642
397,19,1.295
397,20,0.306
397,21,0.223
397,22,0.066
397,23,0.065
397,24,0.191
397,25,0.197
397,26,0.163
397,27,0.065
397,28,0.066
397,29,0.121
397,30,0.205
397,31,0.192
397,32,0.066
397,33,0.065
397,34,0.07
397,35,0.21
397,36,0.59
397,37,2.483
397,38,0.349
397,39,0.393
397,40,0.41
397,41,0.644
397,42,0.491
397,43,0.94
397,44,0.411
397,45,0.51
397,46,0.475
397,47,0.337
397,48,0.219
398,1,0.237
398,2,0.219
398,3,0.198
398,4,0.174
398,5,0.067
398,6,0.067
398,7,0.123
398,8,0.205
398,9,0.196
398,10,0.1
398,11,0.067
398,12,0.144
398,13,0.274
398,14,0.356
398,15,0.734
398,16,0.568
398,17,0.587
398,18,0.975
398,19,0.792
398,20,0.166
398,21,1.33
398,22,0.073
398,23,0.213
398,24,0.204
398,25,0.202
398,26,0.085
398,27,0.073
398,28,0.073
398,29,0.219
398,30,0.204
398,31,0.184
398,32,0.073
398,33,0.073
398,34,0.098
398,35,0.214
398,36,0.865
398,37,0.65
398,38,4.844
398,39,0.637
398,40,0.443
398,41,0.486
398,42,0.675
398,43,0.585
398,44,0.64
398,45,0.487
398,46,0.368
398,47,0.369
398,48,0.388
399,1,0.319
399,2,0.203
399,3,0.215
399,4,0.503
399,5,0.208
399,6,0.207
399,7,0.377
399,8,0.408
399,9,0.298
399,10,0.117
399,11,0.207
399,12,0.268
399,13,0.258
399,14,0.255
399,15,0.255
399,16,0.263
399,17,0.563
399,18,0.343
399,19,0.182
399,20,0.317
399,21,0.434
399,22,1.176
399,23,0.874
399,24,0.305
399,25,0.273
399,26,0.381
399,27,0.282
399,28,0.264
399,29,1.036
399,30,0.448
399,31,0.438
399,32,1.558
399,33,0.535
399,34,0.433
399,35,0.346
399,36,0.356
399,37,0.573
399,38,0.998
399,39,0.774
399,40,0.51
399,41,0.479
399,42,0.595
399,43,0.511
399,44,0.423
399,45,0.383
399,46,0.517
399,47,0.856
399,48,0.415
400,1,0.39
400,2,0.347
400,3,0.271
400,4,0.186
400,5,0.068
400,6,0.067
400,7,0.085
400,8,0.212
400,9,0.198
400,10,0.194
400,11,0.112
400,12,0.143
400,13,0.135
400,14,0.221
400,15,0.465
400,16,0.583
400,17,0.426
400,18,0.315
400,19,0.191
400,20,0.191
400,21,0.192
400,22,0.076
400,23,0.067
400,24,0.066
400,25,0.199
400,26,0.199
400,27,0.193
400,28,0.127
400,29,0.066
400,30,0.066
400,31,0.137
400,32,0.202
400,33,0.193
400,34,0.151
400,35,0.066
400,36,0.142
400,37,1.1
400,38,0.378
400,39,0.416
400,40,0.491
400,41,0.51
400,42,0.951
400,43,0.707
400,44,0.493
400,45,0.349
400,46,0.306
400,47,0.356
400,48,0.667
401,1,0.397
401,2,0.392
401,3,1.193
401,4,0.391
401,5,0.632
401,6,0.912
401,7,0.08
401,8,0.079
401,9,0.109
401,10,0.225
401,11,0.21
401,12,0.282
401,13,0.19
401,14,0.14
401,15,0.141
401,16,0.313
401,17,0.741
401,18,0.374
401,19,0.212
401,20,0.21
401,21,0.208
401,22,0.208
401,23,0.208
401,24,0.17
401,25,0.083
401,26,0.085
401,27,0.083
401,28,0.199
401,29,0.219
401,30,0.213
401,31,0.21
401,32,0.173
401,33,0.084
401,34,0.083
401,35,0.082
401,36,0.258
401,37,0.86
401,38,0.52
401,39,0.395
401,40,0.391
401,41,0.47
401,42,0.65
401,43,0.63
401,44,0.483
401,45,0.521
401,46,0.344
401,47,0.365
401,48,0.406
402,1,0.371
402,2,0.338
402,3,0.252
402,4,0.141
402,5,0.162
402,6,0.228
402,7,0.223
402,8,0.227
402,9,0.089
402,10,0.077
402,11,0.076
402,12,0.302
402,13,0.281
402,14,0.267
402,15,0.262
402,16,0.166
402,17,0.084
402,18,0.074
402,19,0.177
402,20,0.209
402,21,0.204
402,22,1.227
402,23,0.451
402,24,0.212
402,25,0.156
402,26,0.075
402,27,0.449
402,28,0.156
402,29,0.262
402,30,0.315
402,31,0.618
402,32,0.53
402,33,1.613
402,34,0.836
402,35,0.53
402,36,0.651
402,37,0.616
402,38,0.527
402,39,0.417
402,40,0.732
402,41,0.904
402,42,1.864
402,43,0.619
402,44,0.667
402,45,0.937
402,46,0.636
402,47,0.837
402,48,0.718
403,1,0.368
403,2,0.223
403,3,0.216
403,4,0.215
403,5,0.119
403,6,0.077
403,7,0.077
403,8,0.15
403,9,0.246
403,10,0.208
403,11,0.207
403,12,0.135
403,13,0.351
403,14,0.368
403,15,0.304
403,16,0.343
403,17,0.476
403,18,0.419
403,19,0.476
403,20,1.047
403,21,0.581
403,22,0.368
403,23,1.264
403,24,0.76
403,25,0.319
403,26,0.474
403,27,0.362
403,28,0.473
403,29,0.929
403,30,1.599
403,31,0.385
403,32,1.266
403,33,0.748
403,34,0.698
403,35,2.843
403,36,0.523
403,37,0.428
403,38,0.408
403,39,0.419
403,40,0.628
403,41,0.584
403,42,0.352
403,43,0.56
403,44,0.723
403,45,0.424
403,46,0.417
403,47,0.459
403,48,0.288
404,1,0.377
404,2,0.233
404,3,0.203
404,4,0.203
404,5,0.204
404,6,0.203
404,7,0.163
404,8,0.078
404,9,0.097
404,10,0.128
404,11,0.217
404,12,0.206
404,13,0.203
404,14,0.419
404,15,0.45
404,16,0.348
404,17,0.464
404,18,1.097
404,19,0.86
404,20,0.321
404,21,0.287
404,22,0.202
404,23,0.201
404,24,0.111
404,25,0.077
404,26,0.076
404,27,0.152
404,28,0.215
404,29,0.205
404,30,0.177
404,31,0.077
404,32,0.076
404,33,0.076
404,34,0.219
404,35,0.206
404,36,0.605
404,37,1.656
404,38,0.497
404,39,0.871
404,40,0.523
404,41,0.447
404,42,0.419
404,43,0.523
404,44,0.48
404,45,0.466
404,46,0.539
404,47,0.505
404,48,0.237
405,1,0.306
405,2,0.272
405,3,0.212
405,4,0.203
405,5,0.204
405,6,0.188
405,7,0.077
405,8,0.076
405,9,0.076
405,10,0.214
405,11,0.208
405,12,0.195
405,13,0.152
405,14,0.181
405,15,0.554
405,16,0.694
405,17,0.592
405,18,0.952
405,19,2.13
405,20,1.654
405,21,1.633
405,22,0.33
405,23,0.185
405,24,0.096
405,25,0.119
405,26,0.619
405,27,0.482
405,28,0.388
405,29,0.382
405,30,0.382
405,31,0.374
405,32,0.338
405,33,0.629
405,34,0.334
405,35,0.299
405,36,2.273
405,37,0.638
405,38,0.86
405,39,0.533
405,40,0.371
405,41,0.323
405,42,0.407
405,43,0.628
405,44,0.378
405,45,0.351
405,46,0.395
405,47,0.392
405,48,0.376
406,1,0.405
406,2,0.609
406,3,0.937
406,4,0.174
406,5,1.479
406,6,0.218
406,7,0.21
406,8,0.105
406,9,0.079
406,10,0.079
406,11,0.181
406,12,0.211
406,13,0.265
406,14,0.149
406,15,0.483
406,16,0.588
406,17,0.457
406,18,0.383
406,19,0.204
406,20,0.2
406,21,0.188
406,22,0.076
406,23,0.076
406,24,0.091
406,25,0.221
406,26,0.206
406,27,0.202
406,28,0.156
406,29,0.078
406,30,0.076
406,31,0.114
406,32,0.217
406,33,0.205
406,34,0.151
406,35,0.075
406,36,0.207
406,37,0.833
406,38,0.664
406,39,1.19
406,40,1.262
406,41,0.939
406,42,0.571
406,43,0.515
406,44,0.619
406,45,0.279
406,46,0.278
406,47,1.376
406,48,0.454
407,1,0.456
407,2,0.274
407,3,0.204
407,4,0.152
407,5,0.077
407,6,0.077
407,7,0.134
407,8,0.216
407,9,0.207
407,10,0.114
407,11,0.077
407,12,0.112
407,13,0.246
407,14,0.275
407,15,0.492
407,16,1.371
407,17,0.55
407,18,0.204
407,19,0.176
407,20,1.879
407,21,1.457
407,22,1.075
407,23,0.255
407,24,0.212
407,25,0.107
407,26,0.091
407,27,0.271
407,28,0.251
407,29,0.242
407,30,0.477
407,31,0.22
407,32,0.325
407,33,0.2
407,34,1.332
407,35,0.466
407,36,1.164
407,37,0.843
407,38,0.7
407,39,0.473
407,40,0.367
407,41,0.983
407,42,1.374
407,43,0.601
407,44,0.922
407,45,0.873
407,46,0.412
407,47,0.385
407,48,0.376
408,1,0.373
408,2,0.175
408,3,0.122
408,4,0.144
408,5,0.164
408,6,0.297
408,7,0.263
408,8,0.231
408,9,0.124
408,10,0.124
408,11,0.127
408,12,0.307
408,13,0.325
408,14,0.579
408,15,2.744
408,16,0.885
408,17,0.602
408,18,0.446
408,19,0.241
408,20,0.2
408,21,0.198
408,22,0.198
408,23,0.11
408,24,0.074
408,25,0.074
408,26,0.176
408,27,0.207
408,28,0.203
408,29,0.139
408,30,0.077
408,31,0.076
408,32,0.133
408,33,0.216
408,34,0.205
408,35,0.097
408,36,0.204
408,37,1.742
408,38,1.843
408,39,0.677
408,40,0.482
408,41,1.092
408,42,3.815
408,43,0.752
408,44,1.961
408,45,2.462
408,46,1.92
408,47,0.512
408,48,0.527
409,1,0.494
409,2,0.469
409,3,0.428
409,4,0.379
409,5,0.205
409,6,0.142
409,7,0.078
409,8,0.078
409,9,0.128
409,10,0.22
409,11,0.209
409,12,0.241
409,13,0.128
409,14,0.105
409,15,0.46
409,16,0.353
409,17,0.33
409,18,0.535
409,19,0.323
409,20,0.654
409,21,0.657
409,22,0.377
409,23,0.912
409,24,0.226
409,25,0.204
409,26,0.201
409,27,0.201
409,28,0.245
409,29,0.941
409,30,0.631
409,31,0.223
409,32,0.225
409,33,1.93
409,34,1.095
409,35,1.415
409,36,0.592
409,37,0.623
409,38,0.651
409,39,0.64
409,40,0.675
409,41,0.381
409,42,0.56
409,43,0.755
409,44,0.436
409,45,0.491
409,46,0.463
409,47,0.458
409,48,0.419
410,1,0.292
410,2,0.311
410,3,0.238
410,4,0.215
410,5,0.207
410,6,0.201
410,7,0.092
410,8,0.075
410,9,0.075
410,10,0.232
410,11,0.208
410,12,0.209
410,13,0.082
410,14,0.078
410,15,0.16
410,16,0.275
410,17,0.304
410,18,0.331
410,19,1.925
410,20,0.654
410,21,0.412
410,22,0.833
410,23,0.727
410,24,1.523
410,25,1.076
410,26,0.253
410,27,0.92
410,28,0.768
410,29,0.646
410,30,0.439
410,31,0.332
410,32,0.459
410,33,0.409
410,34,0.774
410,35,0.76
410,36,0.644
410,37,0.889
410,38,1.684
410,39,1.602
410,40,1.634
410,41,0.517
410,42,0.587
410,43,0.634
410,44,0.52
410,45,0.546
410,46,0.401
410,47,0.377
410,48,0.409
411,1,0.379
411,2,0.216
411,3,0.216
411,4,0.135
411,5,0.079
411,6,0.079
411,7,0.168
411,8,0.215
411,9,0.207
411,10,0.178
411,11,0.079
411,12,0.179
411,13,0.238
411,14,0.424
411,15,0.687
411,16,0.614
411,17,0.552
411,18,0.274
411,19,0.203
411,20,0.203
411,21,0.204
411,22,0.203
411,23,0.205
411,24,0.108
411,25,0.08
411,26,0.08
411,27,0.169
411,28,0.217
411,29,0.209
411,30,0.205
411,31,0.206
411,32,0.202
411,33,0.083
411,34,0.08
411,35,0.08
411,36,0.296
411,37,0.571
411,38,2.807
411,39,0.474
411,40,0.642
411,41,4.15
411,42,0.589
411,43,0.436
411,44,0.653
411,45,0.514
411,46,0.511
411,47,0.375
411,48,0.268
412,1,0.253
412,2,0.335
412,3,0.279
412,4,0.208
412,5,0.206
412,6,0.108
412,7,0.08
412,8,0.079
412,9,0.169
412,10,0.212
412,11,0.204
412,12,0.143
412,13,0.157
412,14,0.306
412,15,0.574
412,16,0.398
412,17,1.425
412,18,0.538
412,19,0.44
412,20,0.371
412,21,0.289
412,22,0.239
412,23,0.215
412,24,0.318
412,25,0.21
412,26,0.21
412,27,0.21
412,28,1.474
412,29,0.8
412,30,0.317
412,31,0.246
412,32,0.166
412,33,0.126
412,34,0.342
412,35,0.173
412,36,0.393
412,37,0.489
412,38,1.251
412,39,0.525
412,40,1.685
412,41,0.621
412,42,0.533
412,43,0.622
412,44,0.4
412,45,0.743
412,46,0.582
412,47,0.466
412,48,0.426
413,1,0.419
413,2,0.275
413,3,0.266
413,4,0.265
413,5,0.265
413,6,0.265
413,7,0.265
413,8,0.266
413,9,0.266
413,10,0.265
413,11,0.261
413,12,0.203
413,13,0.201
413,14,0.221
413,15,0.651
413,16,0.489
413,17,0.615
413,18,0.306
413,19,0.205
413,20,0.206
413,21,0.139
413,22,0.081
413,23,0.082
413,24,0.139
413,25,0.22
413,26,0.211
413,27,0.208
413,28,0.206
413,29,0.206
413,30,0.109
413,31,0.082
413,32,0.084
413,33,0.194
413,34,0.216
413,35,0.209
413,36,0.496
413,37,0.533
413,38,1.841
413,39,0.27
413,40,1.104
413,41,2.099
413,42,1.079
413,43,1.371
413,44,1.025
413,45,0.459
413,46,0.451
413,47,0.428
413,48,0.43
414,1,0.423
414,2,0.345
414,3,0.155
414,4,0.077
414,5,0.077
414,6,0.154
414,7,0.222
414,8,0.219
414,9,0.216
414,10,0.118
414,11,0.09
414,12,0.124
414,13,0.462
414,14,0.292
414,15,0.278
414,16,1.07
414,17,1.235
414,18,1.78
414,19,0.596
414,20,0.598
414,21,0.299
414,22,0.185
414,23,0.078
414,24,0.079
414,25,1.57
414,26,1.162
414,27,0.344
414,28,0.358
414,29,0.239
414,30,0.233
414,31,0.233
414,32,0.289
414,33,0.502
414,34,0.199
414,35,0.268
414,36,0.255
414,37,0.583
414,38,0.458
414,39,0.508
414,40,0.275
414,41,1.484
414,42,3.492
414,43,3.39
414,44,0.404
414,45,0.461
414,46,0.46
414,47,0.433
414,48,0.435
415,1,0.433
415,2,0.325
415,3,0.205
415,4,0.2
415,5,0.09
415,6,0.076
415,7,0.077
415,8,0.212
415,9,0.209
415,10,0.203
415,11,0.152
415,12,0.111
415,13,0.154
415,14,0.207
415,15,0.575
415,16,0.804
415,17,1.079
415,18,0.392
415,19,0.199
415,20,0.2
415,21,0.199
415,22,0.151
415,23,0.075
415,24,0.075
415,25,0.137
415,26,0.214
415,27,0.205
415,28,0.202
415,29,0.099
415,30,0.077
415,31,0.077
415,32,0.209
415,33,0.21
415,34,0.202
415,35,0.107
415,36,0.204
415,37,1.912
415,38,0.741
415,39,0.79
415,40,0.619
415,41,0.494
415,42,0.41
415,43,0.474
415,44,1.721
415,45,0.406
415,46,0.432
415,47,0.338
415,48,0.705
