213,1,0.28
213,2,0.228
213,3,0.192
213,4,0.151
213,5,0.172
213,6,0.18
213,7,0.149
213,8,0.183
213,9,0.169
213,10,0.171
213,11,0.156
213,12,0.15
213,13,0.195
213,14,0.149
213,15,0.164
213,16,0.163
213,17,0.341
213,18,1.334
213,19,0.502
213,20,0.697
213,21,2.049
213,22,0.577
213,23,0.564
213,24,4.158
213,25,3.749
213,26,3.802
213,27,4.047
213,28,1.247
213,29,1.869
213,30,0.262
213,31,0.908
213,32,0.65
213,33,1.239
213,34,0.694
213,35,0.206
213,36,0.25
213,37,0.668
213,38,1.467
213,39,1.716
213,40,0.222
213,41,0.233
213,42,0.289
213,43,0.267
213,44,0.385
213,45,1.335
213,46,0.616
213,47,0.428
213,48,0.443
214,1,0.364
214,2,0.381
214,3,0.343
214,4,0.322
214,5,0.326
214,6,0.312
214,7,0.233
214,8,0.2
214,9,0.257
214,10,0.287
214,11,0.196
214,12,0.163
214,13,0.139
214,14,0.135
214,15,0.175
214,16,0.145
214,17,0.62
214,18,0.479
214,19,2.72
214,20,1.691
214,21,0.966
214,22,0.259
214,23,0.458
214,24,0.2
214,25,0.211
214,26,0.213
214,27,0.212
214,28,0.812
214,29,0.585
214,30,0.206
214,31,0.183
214,32,0.18
214,33,0.21
214,34,1.027
214,35,0.802
214,36,0.494
214,37,0.303
214,38,0.304
214,39,0.311
214,40,0.239
214,41,0.328
214,42,0.221
214,43,0.411
214,44,0.337
214,45,0.46
214,46,0.425
214,47,0.397
214,48,0.324
215,1,0.324
215,2,0.278
215,3,0.244
215,4,0.322
215,5,0.326
215,6,0.199
215,7,0.185
215,8,0.213
215,9,0.187
215,10,0.189
215,11,0.17
215,12,0.129
215,13,0.155
215,14,0.119
215,15,0.121
215,16,0.148
215,17,0.123
215,18,0.7
215,19,0.307
215,20,0.222
215,21,0.478
215,22,0.308
215,23,0.548
215,24,0.794
215,25,0.188
215,26,0.789
215,27,2.077
215,28,2.017
215,29,1.399
215,30,1.381
215,31,0.594
215,32,0.272
215,33,0.234
215,34,0.191
215,35,1.055
215,36,0.169
215,37,0.499
215,38,0.253
215,39,0.32
215,40,0.306
215,41,0.309
215,42,0.566
215,43,0.364
215,44,0.333
215,45,0.324
215,46,0.372
215,47,0.341
215,48,0.264
216,1,0.245
216,2,0.192
216,3,0.261
216,4,0.57
216,5,0.45
216,6,0.6
216,7,0.341
216,8,0.289
216,9,0.314
216,10,0.254
216,11,0.23
216,12,0.259
216,13,0.197
216,14,0.126
216,15,0.155
216,16,0.82
216,17,0.168
216,18,0.483
216,19,0.375
216,20,3.429
216,21,4.082
216,22,3.582
216,23,2.067
216,24,0.489
216,25,0.826
216,26,0.168
216,27,0.179
216,28,0.154
216,29,0.55
216,30,0.623
216,31,1.353
216,32,0.255
216,33,0.196
216,34,1.09
216,35,0.513
216,36,0.163
216,37,0.225
216,38,0.194
216,39,0.28
216,40,0.653
216,41,0.289
216,42,0.297
216,43,0.338
216,44,0.309
216,45,0.273
216,46,0.242
216,47,0.227
216,48,0.185
217,1,0.149
217,2,0.16
217,3,0.153
217,4,0.137
217,5,0.131
217,6,0.181
217,7,0.135
217,8,0.153
217,9,0.121
217,10,0.153
217,11,0.148
217,12,0.173
217,13,0.14
217,14,0.123
217,15,0.151
217,16,0.934
217,17,0.365
217,18,0.309
217,19,0.155
217,20,0.119
217,21,0.143
217,22,0.171
217,23,4.988
217,24,4.715
217,25,4.841
217,26,2.546
217,27,0.394
217,28,1.52
217,29,2.815
217,30,0.769
217,31,0.381
217,32,2.023
217,33,1.577
217,34,0.206
217,35,0.457
217,36,1.057
217,37,0.17
217,38,0.162
217,39,0.18
217,40,0.5
217,41,0.3
217,42,0.243
217,43,1.518
217,44,0.493
217,45,2.026
217,46,0.935
217,47,0.445
217,48,0.376
218,1,0.266
218,2,0.504
218,3,0.596
218,4,0.27
218,5,0.196
218,6,0.194
218,7,0.112
218,8,0.151
218,9,0.126
218,10,0.126
218,11,0.144
218,12,0.118
218,13,0.151
218,14,0.109
218,15,0.122
218,16,0.124
218,17,0.696
218,18,0.358
218,19,0.693
218,20,3.758
218,21,3.139
218,22,0.173
218,23,0.85
218,24,0.576
218,25,0.294
218,26,0.664
218,27,0.308
218,28,0.943
218,29,0.585
218,30,0.671
218,31,0.211
218,32,0.492
218,33,0.349
218,34,0.643
218,35,0.174
218,36,0.177
218,37,0.165
218,38,0.188
218,39,0.231
218,40,0.387
218,41,0.566
218,42,0.318
218,43,1.481
218,44,1.485
218,45,1.601
218,46,1.471
218,47,0.342
218,48,0.231
219,1,0.16
219,2,0.143
219,3,0.16
219,4,0.126
219,5,0.156
219,6,0.148
219,7,0.157
219,8,0.126
219,9,0.157
219,10,0.134
219,11,0.114
219,12,0.152
219,13,0.144
219,14,0.156
219,15,0.127
219,16,0.123
219,17,0.502
219,18,0.463
219,19,0.209
219,20,0.157
219,21,0.186
219,22,0.135
219,23,0.148
219,24,0.363
219,25,0.765
219,26,0.474
219,27,4.049
219,28,3.552
219,29,1.185
219,30,0.563
219,31,0.456
219,32,0.826
219,33,2.624
219,34,1.68
219,35,1.374
219,36,0.724
219,37,0.198
219,38,0.409
219,39,0.29
219,40,1.46
219,41,0.303
219,42,0.238
219,43,0.323
219,44,0.456
219,45,0.398
219,46,0.476
219,47,0.429
219,48,0.421
220,1,0.242
220,2,0.283
220,3,0.167
220,4,0.21
220,5,0.168
220,6,0.169
220,7,0.182
220,8,0.179
220,9,0.187
220,10,0.158
220,11,0.185
220,12,0.171
220,13,0.174
220,14,0.179
220,15,0.5
220,16,0.183
220,17,0.403
220,18,0.217
220,19,0.442
220,20,0.629
220,21,0.18
220,22,0.157
220,23,0.177
220,24,0.476
220,25,1.141
220,26,0.337
220,27,0.228
220,28,0.939
220,29,0.243
220,30,1.006
220,31,1.556
220,32,3.546
220,33,1.84
220,34,0.563
220,35,0.446
220,36,0.197
220,37,0.768
220,38,0.329
220,39,0.262
220,40,0.254
220,41,0.198
220,42,0.266
220,43,0.279
220,44,1.325
220,45,4.776
220,46,1.926
220,47,1.54
220,48,0.89
221,1,0.395
221,2,0.291
221,3,0.179
221,4,0.171
221,5,0.192
221,6,0.697
221,7,0.442
221,8,0.381
221,9,0.327
221,10,0.127
221,11,0.14
221,12,0.181
221,13,0.135
221,14,0.153
221,15,0.146
221,16,0.161
221,17,0.141
221,18,0.153
221,19,1.708
221,20,1.373
221,21,0.637
221,22,0.705
221,23,1.727
221,24,1.847
221,25,1.295
221,26,1.651
221,27,1.339
221,28,1.303
221,29,0.341
221,30,0.321
221,31,0.512
221,32,0.337
221,33,0.495
221,34,0.209
221,35,0.157
221,36,0.135
221,37,0.741
221,38,0.288
221,39,0.406
221,40,0.29
221,41,0.308
221,42,0.285
221,43,0.393
221,44,0.353
221,45,0.36
221,46,0.315
221,47,0.323
221,48,0.243
222,1,0.24
222,2,0.25
222,3,0.188
222,4,0.168
222,5,0.161
222,6,0.166
222,7,0.13
222,8,0.141
222,9,0.142
222,10,0.141
222,11,0.188
222,12,0.132
222,13,0.151
222,14,0.132
222,15,0.125
222,16,0.702
222,17,0.4
222,18,3.847
222,19,3.342
222,20,3.49
222,21,1.962
222,22,0.225
222,23,0.145
222,24,0.122
222,25,0.176
222,26,0.121
222,27,0.177
222,28,0.135
222,29,0.244
222,30,0.366
222,31,0.35
222,32,0.177
222,33,0.219
222,34,0.473
222,35,0.158
222,36,0.202
222,37,0.367
222,38,0.392
222,39,0.311
222,40,0.291
222,41,0.353
222,42,0.352
222,43,0.292
222,44,0.38
222,45,0.28
222,46,0.224
222,47,0.264
222,48,0.2
223,1,0.18
223,2,0.138
223,3,0.152
223,4,0.139
223,5,0.134
223,6,0.157
223,7,0.13
223,8,0.167
223,9,0.14
223,10,0.141
223,11,0.142
223,12,0.126
223,13,0.155
223,14,0.125
223,15,0.144
223,16,0.586
223,17,0.489
223,18,0.379
223,19,0.19
223,20,0.196
223,21,0.223
223,22,2.539
223,23,4.133
223,24,3.092
223,25,0.303
223,26,0.438
223,27,0.607
223,28,2.303
223,29,1.592
223,30,1.286
223,31,0.556
223,32,0.198
223,33,0.188
223,34,0.825
223,35,0.198
223,36,0.161
223,37,0.298
223,38,0.223
223,39,0.398
223,40,0.202
223,41,0.248
223,42,0.224
223,43,0.25
223,44,0.442
223,45,0.488
223,46,0.205
223,47,0.182
223,48,0.163
224,1,0.16
224,2,0.195
224,3,0.212
224,4,0.235
224,5,0.208
224,6,0.18
224,7,0.15
224,8,0.187
224,9,0.163
224,10,0.15
224,11,0.195
224,12,0.151
224,13,0.182
224,14,0.162
224,15,0.172
224,16,0.576
224,17,0.618
224,18,0.391
224,19,0.249
224,20,1.139
224,21,2.786
224,22,4.697
224,23,2.113
224,24,0.998
224,25,3.011
224,26,1.297
224,27,2.724
224,28,2.742
224,29,2.27
224,30,2.502
224,31,0.689
224,32,0.962
224,33,0.618
224,34,0.56
224,35,0.36
224,36,0.231
224,37,0.262
224,38,0.258
224,39,0.231
224,40,0.25
224,41,0.201
224,42,0.515
224,43,0.214
224,44,0.423
224,45,0.531
224,46,0.236
224,47,0.202
224,48,0.208
225,1,0.164
225,2,0.133
225,3,0.182
225,4,0.14
225,5,0.161
225,6,0.139
225,7,0.132
225,8,0.155
225,9,0.136
225,10,0.165
225,11,0.136
225,12,0.149
225,13,0.133
225,14,0.127
225,15,0.153
225,16,0.149
225,17,1.02
225,18,0.318
225,19,0.572
225,20,1.963
225,21,1.81
225,22,0.615
225,23,0.949
225,24,2.855
225,25,4.22
225,26,3.208
225,27,1.893
225,28,1.264
225,29,1.941
225,30,1.18
225,31,1.601
225,32,2.795
225,33,1.69
225,34,2.07
225,35,0.682
225,36,0.743
225,37,1.506
225,38,0.617
225,39,1.045
225,40,0.614
225,41,0.449
225,42,0.271
225,43,0.489
225,44,0.386
225,45,0.751
225,46,0.561
225,47,0.346
225,48,0.166
226,1,0.168
226,2,0.138
226,3,0.158
226,4,0.126
226,5,0.158
226,6,0.142
226,7,0.135
226,8,0.167
226,9,0.126
226,10,0.155
226,11,0.127
226,12,0.155
226,13,0.153
226,14,0.128
226,15,0.375
226,16,0.402
226,17,0.677
226,18,2.572
226,19,0.954
226,20,1.884
226,21,0.628
226,22,0.585
226,23,0.216
226,24,0.254
226,25,0.206
226,26,0.402
226,27,0.131
226,28,0.147
226,29,0.409
226,30,0.214
226,31,0.871
226,32,3.293
226,33,1.676
226,34,1.901
226,35,0.482
226,36,0.576
226,37,0.241
226,38,0.602
226,39,0.285
226,40,0.389
226,41,0.361
226,42,0.343
226,43,1.609
226,44,0.964
226,45,1.017
226,46,0.584
226,47,0.593
226,48,0.337
227,1,0.256
227,2,0.226
227,3,0.225
227,4,0.244
227,5,0.228
227,6,0.258
227,7,0.212
227,8,0.246
227,9,0.235
227,10,0.223
227,11,0.241
227,12,0.191
227,13,0.183
227,14,0.172
227,15,0.158
227,16,0.195
227,17,0.163
227,18,0.888
227,19,2.809
227,20,3.235
227,21,5.265
227,22,5.045
227,23,2.26
227,24,1.932
227,25,0.359
227,26,0.775
227,27,0.201
227,28,1.544
227,29,0.279
227,30,3.771
227,31,0.964
227,32,0.47
227,33,0.773
227,34,0.297
227,35,0.321
227,36,0.243
227,37,0.331
227,38,0.303
227,39,0.568
227,40,0.308
227,41,0.291
227,42,0.186
227,43,0.228
227,44,0.483
227,45,0.644
227,46,0.423
227,47,0.342
227,48,0.286
228,1,0.243
228,2,0.226
228,3,0.223
228,4,0.256
228,5,0.208
228,6,0.25
228,7,0.211
228,8,0.244
228,9,0.281
228,10,0.237
228,11,0.266
228,12,0.252
228,13,0.243
228,14,0.254
228,15,0.18
228,16,0.144
228,17,0.146
228,18,0.404
228,19,0.455
228,20,0.225
228,21,0.175
228,22,0.151
228,23,0.736
228,24,0.976
228,25,0.265
228,26,0.331
228,27,0.941
228,28,0.224
228,29,1.491
228,30,1.315
228,31,1.124
228,32,0.638
228,33,0.406
228,34,1.298
228,35,1.7
228,36,1.428
228,37,1.37
228,38,0.344
228,39,0.386
228,40,0.305
228,41,0.283
228,42,0.276
228,43,0.478
228,44,0.255
228,45,0.487
228,46,0.258
228,47,0.169
228,48,0.168
229,1,0.127
229,2,0.165
229,3,0.125
229,4,0.153
229,5,0.138
229,6,0.14
229,7,0.153
229,8,0.141
229,9,0.152
229,10,0.14
229,11,0.13
229,12,0.161
229,13,0.122
229,14,0.159
229,15,0.113
229,16,0.491
229,17,0.293
229,18,0.605
229,19,0.24
229,20,0.134
229,21,0.145
229,22,0.137
229,23,0.124
229,24,0.156
229,25,0.128
229,26,0.178
229,27,0.136
229,28,0.143
229,29,0.142
229,30,0.163
229,31,0.154
229,32,0.132
229,33,0.172
229,34,0.144
229,35,0.133
229,36,0.173
229,37,0.141
229,38,0.161
229,39,0.136
229,40,0.525
229,41,0.194
229,42,0.2
229,43,0.496
229,44,0.344
229,45,0.344
229,46,0.252
229,47,0.263
229,48,0.181
230,1,0.211
230,2,0.158
230,3,0.142
230,4,0.152
230,5,0.14
230,6,0.15
230,7,0.141
230,8,0.132
230,9,0.164
230,10,0.125
230,11,0.165
230,12,0.124
230,13,0.137
230,14,0.153
230,15,0.135
230,16,0.712
230,17,0.293
230,18,0.264
230,19,0.341
230,20,0.198
230,21,0.977
230,22,1.876
230,23,0.518
230,24,0.835
230,25,0.272
230,26,0.157
230,27,2.42
230,28,2.467
230,29,1.461
230,30,1.048
230,31,1.481
230,32,2.034
230,33,1.449
230,34,1.347
230,35,1.376
230,36,0.295
230,37,0.454
230,38,0.32
230,39,0.302
230,40,0.293
230,41,0.351
230,42,0.374
230,43,0.571
230,44,0.379
230,45,0.317
230,46,0.284
230,47,0.224
230,48,0.161
231,1,0.175
231,2,0.141
231,3,0.141
231,4,0.155
231,5,0.132
231,6,0.192
231,7,0.127
231,8,0.146
231,9,0.142
231,10,0.145
231,11,0.169
231,12,0.139
231,13,0.131
231,14,0.158
231,15,0.135
231,16,0.576
231,17,0.295
231,18,0.541
231,19,0.356
231,20,0.436
231,21,0.16
231,22,0.296
231,23,0.368
231,24,0.139
231,25,0.773
231,26,0.646
231,27,0.493
231,28,0.787
231,29,0.26
231,30,0.17
231,31,0.705
231,32,1.815
231,33,1.653
231,34,1.431
231,35,0.928
231,36,0.241
231,37,0.185
231,38,0.575
231,39,0.147
231,40,0.373
231,41,0.174
231,42,0.409
231,43,0.494
231,44,0.7
231,45,0.596
231,46,0.429
231,47,0.295
231,48,0.189
232,1,0.226
232,2,0.131
232,3,0.171
232,4,0.122
232,5,0.142
232,6,0.15
232,7,0.114
232,8,0.154
232,9,0.12
232,10,0.134
232,11,0.16
232,12,0.11
232,13,0.142
232,14,0.138
232,15,0.13
232,16,0.262
232,17,0.829
232,18,0.236
232,19,0.454
232,20,1.362
232,21,4.433
232,22,3.724
232,23,2.63
232,24,1.932
232,25,0.893
232,26,0.689
232,27,0.617
232,28,0.598
232,29,0.417
232,30,0.14
232,31,0.167
232,32,0.45
232,33,1.002
232,34,0.272
232,35,0.557
232,36,0.15
232,37,0.851
232,38,3.012
232,39,1.668
232,40,0.704
232,41,0.181
232,42,0.215
232,43,0.262
232,44,0.269
232,45,0.398
232,46,0.357
232,47,0.18
232,48,0.199
233,1,0.122
233,2,0.148
233,3,0.119
233,4,0.142
233,5,0.152
233,6,0.113
233,7,0.147
233,8,0.094
233,9,0.162
233,10,0.106
233,11,0.131
233,12,0.151
233,13,0.103
233,14,0.151
233,15,0.114
233,16,0.206
233,17,2.655
233,18,1.571
233,19,1.206
233,20,0.249
233,21,0.241
233,22,0.242
233,23,0.149
233,24,0.244
233,25,0.577
233,26,1.92
233,27,3.385
233,28,3.29
233,29,1.508
233,30,0.49
233,31,0.286
233,32,0.856
233,33,0.66
233,34,0.268
233,35,0.178
233,36,0.427
233,37,0.27
233,38,0.558
233,39,0.318
233,40,0.592
233,41,1.314
233,42,2.827
233,43,1.4
233,44,1.151
233,45,0.804
233,46,0.639
233,47,0.418
233,48,0.373
234,1,0.307
234,2,0.259
234,3,0.228
234,4,0.225
234,5,0.228
234,6,0.244
234,7,0.288
234,8,0.253
234,9,0.19
234,10,0.179
234,11,0.148
234,12,0.177
234,13,0.148
234,14,0.173
234,15,0.168
234,16,0.146
234,17,0.262
234,18,1.247
234,19,1.275
234,20,0.809
234,21,2.234
234,22,3.384
234,23,3.426
234,24,2.969
234,25,1.649
234,26,1.417
234,27,1.785
234,28,1.522
234,29,1.66
234,30,1.077
234,31,1.325
234,32,0.963
234,33,3.879
234,34,0.576
234,35,0.264
234,36,0.752
234,37,0.451
234,38,0.367
234,39,2.378
234,40,1.68
234,41,1.402
234,42,0.606
234,43,0.258
234,44,1.384
234,45,0.587
234,46,0.418
234,47,0.54
234,48,0.469
235,1,0.912
235,2,0.356
235,3,0.276
235,4,0.258
235,5,0.148
235,6,0.194
235,7,0.15
235,8,0.173
235,9,0.162
235,10,0.15
235,11,0.176
235,12,0.134
235,13,0.183
235,14,0.123
235,15,0.167
235,16,0.153
235,17,0.149
235,18,1.236
235,19,2.518
235,20,1.516
235,21,1.252
235,22,1.702
235,23,1.358
235,24,2.075
235,25,1.388
235,26,1.318
235,27,0.874
235,28,0.446
235,29,0.219
235,30,0.196
235,31,0.202
235,32,0.57
235,33,1.571
235,34,1.328
235,35,1.384
235,36,1.152
235,37,0.296
235,38,0.316
235,39,0.284
235,40,0.302
235,41,0.315
235,42,0.391
235,43,0.932
235,44,0.382
235,45,0.37
235,46,0.319
235,47,0.305
235,48,0.273
236,1,0.279
236,2,0.23
236,3,0.205
236,4,0.141
236,5,0.116
236,6,0.156
236,7,0.144
236,8,0.108
236,9,0.147
236,10,0.131
236,11,0.151
236,12,0.132
236,13,0.126
236,14,0.134
236,15,0.12
236,16,0.621
236,17,0.504
236,18,0.143
236,19,1.008
236,20,0.721
236,21,0.496
236,22,0.803
236,23,0.502
236,24,1.796
236,25,3.939
236,26,3.696
236,27,2.849
236,28,2.697
236,29,0.827
236,30,0.139
236,31,0.311
236,32,0.152
236,33,0.186
236,34,0.213
236,35,0.284
236,36,0.397
236,37,0.45
236,38,1.801
236,39,0.339
236,40,0.246
236,41,0.268
236,42,0.769
236,43,0.323
236,44,0.454
236,45,0.488
236,46,0.398
236,47,0.234
236,48,0.2
237,1,0.15
237,2,0.126
237,3,0.164
237,4,0.143
237,5,0.115
237,6,0.138
237,7,0.134
237,8,0.156
237,9,0.108
237,10,0.126
237,11,0.144
237,12,0.128
237,13,0.14
237,14,0.116
237,15,0.127
237,16,1.619
237,17,3.566
237,18,2.262
237,19,0.859
237,20,1.148
237,21,0.257
237,22,0.479
237,23,0.25
237,24,0.122
237,25,0.161
237,26,0.764
237,27,0.407
237,28,1.448
237,29,1.646
237,30,1.976
237,31,1.636
237,32,1.32
237,33,1.05
237,34,1.157
237,35,1.602
237,36,1.374
237,37,1.364
237,38,0.321
237,39,0.172
237,40,0.372
237,41,1.43
237,42,0.356
237,43,0.676
237,44,0.492
237,45,0.381
237,46,0.413
237,47,0.349
237,48,0.216
238,1,0.174
238,2,0.144
238,3,0.158
238,4,0.132
238,5,0.154
238,6,0.138
238,7,0.165
238,8,0.127
238,9,0.141
238,10,0.161
238,11,0.126
238,12,0.156
238,13,0.146
238,14,0.138
238,15,0.141
238,16,0.616
238,17,0.526
238,18,0.354
238,19,1.138
238,20,0.59
238,21,0.773
238,22,1.243
238,23,1.627
238,24,1.038
238,25,1.737
238,26,1.505
238,27,0.517
238,28,0.466
238,29,1.423
238,30,1.944
238,31,1.373
238,32,1.558
238,33,0.755
238,34,0.503
238,35,0.209
238,36,0.17
238,37,0.322
238,38,0.969
238,39,0.158
238,40,0.516
238,41,0.359
238,42,0.369
238,43,0.293
238,44,0.433
238,45,0.448
238,46,0.299
238,47,0.297
238,48,0.192
239,1,0.199
239,2,0.137
239,3,0.147
239,4,0.142
239,5,0.113
239,6,0.147
239,7,0.125
239,8,0.138
239,9,0.13
239,10,0.13
239,11,0.151
239,12,0.102
239,13,0.15
239,14,0.14
239,15,0.114
239,16,0.371
239,17,0.445
239,18,0.555
239,19,0.387
239,20,0.667
239,21,3.401
239,22,4.493
239,23,0.365
239,24,0.319
239,25,0.509
239,26,0.242
239,27,0.125
239,28,0.258
239,29,0.141
239,30,1.602
239,31,2.249
239,32,1.326
239,33,1.029
239,34,0.271
239,35,0.149
239,36,0.196
239,37,0.148
239,38,0.297
239,39,0.296
239,40,0.376
239,41,0.511
239,42,0.309
239,43,0.579
239,44,0.565
239,45,0.45
239,46,0.274
239,47,0.183
239,48,0.205
240,1,0.17
240,2,0.17
240,3,0.122
240,4,0.159
240,5,0.132
240,6,0.119
240,7,0.157
240,8,0.126
240,9,0.128
240,10,0.165
240,11,0.157
240,12,0.118
240,13,0.14
240,14,0.115
240,15,0.143
240,16,0.71
240,17,0.128
240,18,0.13
240,19,0.559
240,20,0.142
240,21,0.117
240,22,1.547
240,23,1.33
240,24,0.553
240,25,0.167
240,26,0.487
240,27,0.271
240,28,2.628
240,29,3.357
240,30,3.283
240,31,3.058
240,32,0.171
240,33,0.195
240,34,0.56
240,35,1.183
240,36,0.212
240,37,0.181
240,38,0.282
240,39,0.348
240,40,0.538
240,41,0.449
240,42,0.342
240,43,1.673
240,44,0.737
240,45,0.444
240,46,1.593
240,47,0.185
240,48,0.363
388,1,0.162
388,2,0.161
388,3,0.155
388,4,0.147
388,5,0.106
388,6,0.094
388,7,0.116
388,8,0.088
388,9,0.124
388,10,0.139
388,11,0.145
388,12,0.088
388,13,0.124
388,14,0.089
388,15,0.099
388,16,0.118
388,17,0.08
388,18,0.112
388,19,0.738
388,20,0.494
388,21,0.485
388,22,0.306
388,23,0.435
388,24,0.121
388,25,0.093
388,26,0.967
388,27,0.449
388,28,0.854
388,29,0.164
388,30,0.126
388,31,0.199
388,32,2.018
388,33,1.958
388,34,0.859
388,35,0.406
388,36,0.384
388,37,1.287
388,38,1.199
388,39,0.559
388,40,0.551
388,41,0.572
388,42,0.537
388,43,0.826
388,44,0.41
388,45,0.506
388,46,0.409
388,47,0.442
388,48,0.396
389,1,0.45
389,2,0.286
389,3,0.31
389,4,0.139
389,5,0.105
389,6,0.092
389,7,0.073
389,8,0.117
389,9,0.109
389,10,0.15
389,11,0.124
389,12,0.139
389,13,0.136
389,14,0.083
389,15,0.107
389,16,0.08
389,17,0.103
389,18,0.067
389,19,0.837
389,20,1.339
389,21,0.745
389,22,0.363
389,23,1.856
389,24,2.408
389,25,2.112
389,26,1.558
389,27,0.928
389,28,0.639
389,29,0.193
389,30,0.206
389,31,1.289
389,32,2.254
389,33,1.855
389,34,1.944
389,35,0.655
389,36,0.493
389,37,0.779
389,38,0.36
389,39,0.355
389,40,0.455
389,41,0.476
389,42,0.507
389,43,0.679
389,44,0.477
389,45,0.454
389,46,0.418
389,47,0.366
389,48,0.199
390,1,0.189
390,2,0.121
390,3,0.113
390,4,0.09
390,5,0.097
390,6,0.105
390,7,0.08
390,8,0.114
390,9,0.085
390,10,0.114
390,11,0.079
390,12,0.11
390,13,0.076
390,14,0.113
390,15,0.09
390,16,0.182
390,17,1.33
390,18,0.29
390,19,0.16
390,20,1.539
390,21,0.403
390,22,0.562
390,23,0.498
390,24,0.153
390,25,2.4
390,26,1.99
390,27,2.041
390,28,1.076
390,29,0.133
390,30,0.093
390,31,0.163
390,32,0.109
390,33,0.527
390,34,0.745
390,35,0.317
390,36,0.399
390,37,0.409
390,38,0.53
390,39,0.476
390,40,0.665
390,41,0.601
390,42,0.559
390,43,0.638
390,44,0.387
390,45,0.374
390,46,0.324
390,47,0.283
390,48,0.321
391,1,0.19
391,2,0.107
391,3,0.085
391,4,0.077
391,5,0.105
391,6,0.075
391,7,0.117
391,8,0.076
391,9,0.07
391,10,0.167
391,11,0.12
391,12,0.102
391,13,0.112
391,14,0.073
391,15,0.092
391,16,1.156
391,17,0.352
391,18,0.171
391,19,0.365
391,20,0.087
391,21,0.589
391,22,0.129
391,23,2.142
391,24,3.287
391,25,0.567
391,26,0.262
391,27,0.118
391,28,0.419
391,29,0.429
391,30,0.502
391,31,0.556
391,32,0.471
391,33,0.408
391,34,0.405
391,35,0.336
391,36,0.342
391,37,0.537
391,38,0.808
391,39,0.478
391,40,0.427
391,41,0.38
391,42,0.503
391,43,1.33
391,44,1.658
391,45,1.347
391,46,1.43
391,47,1.393
391,48,0.472
392,1,0.378
392,2,0.266
392,3,0.197
392,4,0.216
392,5,0.261
392,6,0.229
392,7,0.271
392,8,0.181
392,9,0.208
392,10,0.196
392,11,0.185
392,12,0.212
392,13,0.19
392,14,0.219
392,15,0.177
392,16,0.976
392,17,1.379
392,18,0.739
392,19,0.255
392,20,0.098
392,21,0.11
392,22,0.069
392,23,0.099
392,24,0.082
392,25,0.596
392,26,0.26
392,27,0.151
392,28,0.115
392,29,0.649
392,30,2.02
392,31,1.531
392,32,1.865
392,33,0.977
392,34,0.266
392,35,0.262
392,36,0.284
392,37,0.443
392,38,0.55
392,39,0.381
392,40,0.412
392,41,0.406
392,42,0.458
392,43,0.479
392,44,0.407
392,45,0.394
392,46,0.405
392,47,0.377
392,48,0.679
393,1,0.374
393,2,0.179
393,3,0.114
393,4,0.111
393,5,0.129
393,6,0.159
393,7,0.137
393,8,0.107
393,9,0.109
393,10,0.081
393,11,0.108
393,12,0.082
393,13,0.108
393,14,0.102
393,15,0.09
393,16,0.115
393,17,1.494
393,18,0.355
393,19,0.356
393,20,0.108
393,21,0.089
393,22,0.096
393,23,0.105
393,24,0.463
393,25,2.346
393,26,3.918
393,27,4.454
393,28,3.447
393,29,0.787
393,30,1.15
393,31,0.29
393,32,2.092
393,33,2.232
393,34,1.833
393,35,1.07
393,36,0.38
393,37,0.36
393,38,0.639
393,39,0.547
393,40,0.493
393,41,0.732
393,42,0.389
393,43,0.412
393,44,0.436
393,45,0.458
393,46,0.513
393,47,0.325
393,48,0.141
394,1,0.167
394,2,0.151
394,3,0.089
394,4,0.114
394,5,0.114
394,6,0.088
394,7,0.115
394,8,0.113
394,9,0.087
394,10,0.114
394,11,0.104
394,12,0.098
394,13,0.113
394,14,0.087
394,15,0.269
394,16,0.923
394,17,3.575
394,18,2.975
394,19,0.501
394,20,0.17
394,21,0.47
394,22,0.081
394,23,0.105
394,24,0.096
394,25,0.085
394,26,0.105
394,27,0.54
394,28,0.189
394,29,0.187
394,30,0.187
394,31,0.226
394,32,0.213
394,33,1.37
394,34,0.515
394,35,0.373
394,36,0.397
394,37,0.453
394,38,0.55
394,39,0.466
394,40,0.429
394,41,0.803
394,42,0.569
394,43,0.515
394,44,0.445
394,45,0.467
394,46,0.499
394,47,0.652
394,48,0.46
395,1,0.152
395,2,0.128
395,3,0.117
395,4,0.125
395,5,0.096
395,6,0.139
395,7,0.1
395,8,0.125
395,9,0.096
395,10,0.13
395,11,0.125
395,12,0.184
395,13,0.144
395,14,0.173
395,15,0.14
395,16,0.172
395,17,0.255
395,18,3.015
395,19,2.46
395,20,1.908
395,21,1.63
395,22,0.843
395,23,0.477
395,24,0.624
395,25,1.494
395,26,0.257
395,27,1.233
395,28,1.589
395,29,0.244
395,30,0.24
395,31,0.128
395,32,0.154
395,33,0.125
395,34,0.153
395,35,0.144
395,36,0.139
395,37,0.151
395,38,0.122
395,39,0.138
395,40,0.08
395,41,0.107
395,42,0.077
395,43,0.108
395,44,0.077
395,45,0.105
395,46,0.068
395,47,0.1
395,48,0.076
396,1,0.093
396,2,0.091
396,3,0.069
396,4,0.17
396,5,0.077
396,6,0.111
396,7,0.073
396,8,0.102
396,9,0.07
396,10,0.083
396,11,0.102
396,12,0.077
396,13,0.104
396,14,0.121
396,15,0.15
396,16,0.099
396,17,0.084
396,18,0.94
396,19,4.245
396,20,2.303
396,21,1.735
396,22,1.05
396,23,0.088
396,24,0.503
396,25,1.132
396,26,2.415
396,27,2.338
396,28,1.664
396,29,1.354
396,30,0.229
396,31,0.153
396,32,0.127
396,33,0.198
396,34,0.172
396,35,0.247
396,36,0.433
396,37,0.616
396,38,0.433
396,39,0.413
396,40,0.459
396,41,0.34
396,42,0.375
396,43,0.382
396,44,0.421
396,45,0.378
396,46,0.322
396,47,0.091
396,48,0.111
397,1,0.073
397,2,0.106
397,3,0.073
397,4,0.104
397,5,0.085
397,6,0.091
397,7,0.153
397,8,0.117
397,9,0.149
397,10,0.126
397,11,0.108
397,12,0.098
397,13,0.07
397,14,0.103
397,15,0.08
397,16,0.075
397,17,0.103
397,18,0.135
397,19,1.263
397,20,0.309
397,21,0.868
397,22,1.695
397,23,0.162
397,24,0.242
397,25,1.012
397,26,0.514
397,27,0.244
397,28,0.211
397,29,1.143
397,30,2.24
397,31,1.743
397,32,1.771
397,33,0.604
397,34,0.253
397,35,0.231
397,36,0.339
397,37,0.462
397,38,0.516
397,39,0.352
397,40,0.371
397,41,0.426
397,42,0.391
397,43,0.413
397,44,0.416
397,45,0.498
397,46,0.504
397,47,0.367
397,48,0.198
398,1,0.116
398,2,0.144
398,3,0.088
398,4,0.114
398,5,0.087
398,6,0.117
398,7,0.166
398,8,0.134
398,9,0.159
398,10,0.092
398,11,0.114
398,12,0.113
398,13,0.087
398,14,0.114
398,15,0.088
398,16,0.111
398,17,0.532
398,18,0.13
398,19,0.774
398,20,0.177
398,21,0.097
398,22,1.574
398,23,0.851
398,24,1.252
398,25,0.571
398,26,0.927
398,27,1.651
398,28,2.322
398,29,2.056
398,30,1.352
398,31,0.61
398,32,1.661
398,33,0.284
398,34,0.273
398,35,0.272
398,36,0.371
398,37,0.387
398,38,0.506
398,39,0.354
398,40,0.372
398,41,0.426
398,42,0.402
398,43,0.407
398,44,0.412
398,45,0.386
398,46,0.548
398,47,0.67
398,48,0.356
399,1,0.119
399,2,0.11
399,3,0.082
399,4,0.116
399,5,0.113
399,6,0.096
399,7,0.125
399,8,0.097
399,9,0.095
399,10,0.109
399,11,0.094
399,12,0.115
399,13,0.127
399,14,0.137
399,15,0.155
399,16,0.156
399,17,0.477
399,18,1.422
399,19,0.924
399,20,0.525
399,21,1.22
399,22,0.872
399,23,0.701
399,24,0.42
399,25,0.286
399,26,0.485
399,27,0.973
399,28,0.167
399,29,0.688
399,30,0.151
399,31,0.186
399,32,1.496
399,33,1.926
399,34,1.744
399,35,1.87
399,36,0.388
399,37,0.34
399,38,0.424
399,39,0.626
399,40,0.402
399,41,0.421
399,42,0.394
399,43,0.532
399,44,0.708
399,45,0.402
399,46,0.396
399,47,0.152
399,48,0.113
400,1,0.098
400,2,0.073
400,3,0.106
400,4,0.069
400,5,0.095
400,6,0.086
400,7,0.078
400,8,0.099
400,9,0.073
400,10,0.101
400,11,0.119
400,12,0.149
400,13,0.142
400,14,0.097
400,15,0.097
400,16,0.069
400,17,0.101
400,18,0.716
400,19,0.976
400,20,3.829
400,21,2.27
400,22,0.62
400,23,1.065
400,24,0.541
400,25,0.398
400,26,0.238
400,27,0.193
400,28,0.224
400,29,1.691
400,30,2.088
400,31,1.647
400,32,1.503
400,33,0.48
400,34,0.09
400,35,0.087
400,36,0.085
400,37,0.069
400,38,0.234
400,39,0.761
400,40,0.571
400,41,0.42
400,42,0.443
400,43,0.543
400,44,0.483
400,45,0.488
400,46,0.543
400,47,0.467
400,48,0.181
401,1,0.171
401,2,0.16
401,3,0.158
401,4,0.162
401,5,0.182
401,6,0.109
401,7,0.139
401,8,0.089
401,9,0.138
401,10,0.116
401,11,0.102
401,12,0.126
401,13,0.094
401,14,0.137
401,15,0.195
401,16,0.131
401,17,0.622
401,18,0.461
401,19,0.634
401,20,1.552
401,21,1.323
401,22,0.222
401,23,0.133
401,24,0.173
401,25,0.607
401,26,0.158
401,27,0.193
401,28,0.152
401,29,0.175
401,30,0.236
401,31,0.134
401,32,0.208
401,33,0.276
401,34,0.293
401,35,0.307
401,36,0.258
401,37,0.349
401,38,0.428
401,39,0.458
401,40,0.446
401,41,0.436
401,42,0.509
401,43,0.537
401,44,0.928
401,45,0.405
401,46,0.386
401,47,0.379
401,48,0.307
402,1,0.079
402,2,0.126
402,3,0.117
402,4,0.079
402,5,0.108
402,6,0.075
402,7,0.133
402,8,0.085
402,9,0.077
402,10,0.088
402,11,0.097
402,12,0.101
402,13,0.063
402,14,0.091
402,15,0.098
402,16,0.073
402,17,0.074
402,18,0.085
402,19,0.883
402,20,1.25
402,21,1.882
402,22,5.123
402,23,0.444
402,24,0.092
402,25,0.752
402,26,0.068
402,27,1.319
402,28,2.286
402,29,2.614
402,30,4.116
402,31,2.104
402,32,0.574
402,33,0.243
402,34,1.004
402,35,1.251
402,36,2.611
402,37,2.445
402,38,1.655
402,39,2.412
402,40,2.401
402,41,1.82
402,42,1.62
402,43,0.898
402,44,1.395
402,45,0.621
402,46,0.461
402,47,0.484
402,48,0.241
403,1,0.158
403,2,0.236
403,3,0.222
403,4,0.135
403,5,0.163
403,6,0.2
403,7,0.143
403,8,0.106
403,9,0.106
403,10,0.116
403,11,0.077
403,12,0.119
403,13,0.122
403,14,0.097
403,15,0.106
403,16,0.106
403,17,0.105
403,18,0.556
403,19,0.505
403,20,0.276
403,21,2.62
403,22,2.291
403,23,2.301
403,24,1.61
403,25,1.33
403,26,0.186
403,27,0.164
403,28,0.154
403,29,0.499
403,30,0.283
403,31,1.207
403,32,0.258
403,33,0.27
403,34,0.172
403,35,0.134
403,36,0.358
403,37,0.223
403,38,0.539
403,39,0.356
403,40,0.372
403,41,0.372
403,42,0.338
403,43,0.408
403,44,0.344
403,45,0.368
403,46,0.421
403,47,0.447
403,48,0.192
404,1,0.186
404,2,0.389
404,3,0.154
404,4,0.072
404,5,0.12
404,6,0.061
404,7,0.103
404,8,0.08
404,9,0.11
404,10,0.09
404,11,0.074
404,12,0.117
404,13,0.075
404,14,0.095
404,15,0.072
404,16,0.151
404,17,0.068
404,18,0.822
404,19,0.443
404,20,0.449
404,21,2.227
404,22,4.604
404,23,3.575
404,24,3.512
404,25,2.74
404,26,3.166
404,27,2.742
404,28,1.88
404,29,1.549
404,30,0.177
404,31,0.105
404,32,0.218
404,33,0.298
404,34,2.131
404,35,2.392
404,36,2.248
404,37,1.384
404,38,0.492
404,39,0.459
404,40,0.34
404,41,0.429
404,42,0.454
404,43,0.712
404,44,0.44
404,45,0.521
404,46,0.487
404,47,0.319
404,48,0.083
405,1,0.122
405,2,0.127
405,3,0.082
405,4,0.116
405,5,0.106
405,6,0.121
405,7,0.246
405,8,0.195
405,9,0.11
405,10,0.075
405,11,0.138
405,12,0.099
405,13,0.112
405,14,0.077
405,15,0.08
405,16,0.111
405,17,2.064
405,18,3.448
405,19,3.291
405,20,1.07
405,21,1.281
405,22,0.319
405,23,0.322
405,24,0.836
405,25,0.353
405,26,0.835
405,27,0.176
405,28,0.166
405,29,0.106
405,30,0.11
405,31,0.12
405,32,0.195
405,33,0.284
405,34,0.278
405,35,0.263
405,36,0.236
405,37,0.3
405,38,0.451
405,39,0.399
405,40,0.351
405,41,0.375
405,42,0.652
405,43,0.4
405,44,0.356
405,45,0.33
405,46,0.384
405,47,0.359
405,48,0.312
406,1,0.139
406,2,0.135
406,3,0.083
406,4,0.076
406,5,0.139
406,6,0.085
406,7,0.078
406,8,0.11
406,9,0.111
406,10,0.101
406,11,0.081
406,12,0.08
406,13,0.13
406,14,0.075
406,15,0.086
406,16,0.106
406,17,0.101
406,18,0.933
406,19,0.489
406,20,2.411
406,21,2.262
406,22,0.795
406,23,0.343
406,24,0.865
406,25,0.404
406,26,0.232
406,27,2.801
406,28,0.805
406,29,0.43
406,30,0.796
406,31,2.308
406,32,1.747
406,33,1.838
406,34,0.489
406,35,1.187
406,36,2.328
406,37,2.013
406,38,2.077
406,39,1.301
406,40,0.41
406,41,0.359
406,42,0.354
406,43,0.455
406,44,0.418
406,45,0.411
406,46,1.65
406,47,0.362
406,48,0.372
407,1,0.264
407,2,0.157
407,3,0.077
407,4,0.08
407,5,0.116
407,6,0.094
407,7,0.103
407,8,0.071
407,9,0.101
407,10,0.109
407,11,0.077
407,12,0.087
407,13,0.126
407,14,0.081
407,15,4.382
407,16,1.706
407,17,0.115
407,18,0.097
407,19,0.323
407,20,0.073
407,21,0.129
407,22,0.083
407,23,0.072
407,24,0.101
407,25,0.124
407,26,0.478
407,27,1.153
407,28,1.116
407,29,0.781
407,30,0.087
407,31,0.083
407,32,0.085
407,33,0.11
407,34,0.091
407,35,0.073
407,36,0.099
407,37,0.101
407,38,0.075
407,39,0.135
407,40,0.791
407,41,0.471
407,42,0.633
407,43,0.527
407,44,0.482
407,45,0.507
407,46,0.404
407,47,0.154
407,48,0.117
408,1,0.089
408,2,0.061
408,3,0.111
408,4,0.06
408,5,0.101
408,6,0.07
408,7,0.1
408,8,0.074
408,9,0.077
408,10,0.119
408,11,0.085
408,12,0.062
408,13,0.075
408,14,0.106
408,15,0.096
408,16,0.198
408,17,1.253
408,18,4.45
408,19,2.167
408,20,0.198
408,21,0.193
408,22,0.152
408,23,0.074
408,24,0.122
408,25,0.087
408,26,0.118
408,27,0.418
408,28,0.13
408,29,0.242
408,30,0.177
408,31,2.46
408,32,2.378
408,33,1.613
408,34,1.653
408,35,0.351
408,36,1.62
408,37,0.372
408,38,0.439
408,39,0.591
408,40,0.349
408,41,0.586
408,42,2.392
408,43,0.843
408,44,0.394
408,45,0.472
408,46,0.434
408,47,0.475
408,48,0.472
409,1,0.229
409,2,0.13
409,3,0.178
409,4,0.19
409,5,0.175
409,6,0.155
409,7,0.18
409,8,0.181
409,9,0.191
409,10,0.228
409,11,0.183
409,12,0.265
409,13,0.181
409,14,0.205
409,15,0.203
409,16,0.225
409,17,0.216
409,18,0.7
409,19,0.353
409,20,0.291
409,21,0.192
409,22,3.365
409,23,0.804
409,24,0.44
409,25,0.624
409,26,0.802
409,27,0.229
409,28,0.135
409,29,0.357
409,30,1.311
409,31,2.316
409,32,1.678
409,33,1.786
409,34,0.717
409,35,0.26
409,36,0.324
409,37,0.395
409,38,0.547
409,39,1.51
409,40,0.552
409,41,0.465
409,42,0.47
409,43,0.411
409,44,0.348
409,45,0.362
409,46,0.365
409,47,0.463
409,48,0.68
410,1,0.374
410,2,0.232
410,3,0.156
410,4,0.165
410,5,0.145
410,6,0.16
410,7,0.151
410,8,0.191
410,9,0.11
410,10,0.086
410,11,0.104
410,12,0.095
410,13,0.12
410,14,0.07
410,15,0.079
410,16,0.104
410,17,5.352
410,18,5.579
410,19,3.979
410,20,3.17
410,21,0.531
410,22,0.555
410,23,0.21
410,24,0.694
410,25,0.152
410,26,0.134
410,27,0.64
410,28,0.913
410,29,0.137
410,30,0.117
410,31,0.145
410,32,0.128
410,33,1.398
410,34,1.871
410,35,1.723
410,36,1.475
410,37,0.247
410,38,0.35
410,39,0.613
410,40,0.339
410,41,0.398
410,42,0.326
410,43,0.357
410,44,0.383
410,45,0.362
410,46,0.393
410,47,0.069
410,48,0.117
411,1,0.091
411,2,0.076
411,3,0.103
411,4,0.097
411,5,0.091
411,6,0.089
411,7,0.074
411,8,0.13
411,9,0.074
411,10,0.08
411,11,0.101
411,12,0.077
411,13,0.136
411,14,0.07
411,15,0.098
411,16,0.132
411,17,0.271
411,18,0.72
411,19,0.558
411,20,0.301
411,21,0.185
411,22,1.215
411,23,0.219
411,24,0.188
411,25,0.235
411,26,0.972
411,27,0.651
411,28,2.318
411,29,2.364
411,30,1.477
411,31,1.007
411,32,0.248
411,33,0.248
411,34,0.258
411,35,0.284
411,36,0.235
411,37,0.433
411,38,0.423
411,39,0.454
411,40,0.371
411,41,0.374
411,42,0.372
411,43,0.465
411,44,0.436
411,45,0.493
411,46,0.42
411,47,0.117
411,48,0.134
412,1,0.102
412,2,0.11
412,3,0.075
412,4,0.138
412,5,0.074
412,6,0.112
412,7,0.087
412,8,0.136
412,9,0.074
412,10,0.104
412,11,0.082
412,12,0.144
412,13,0.076
412,14,0.107
412,15,0.072
412,16,0.138
412,17,0.146
412,18,0.499
412,19,0.461
412,20,2.227
412,21,4.698
412,22,3.324
412,23,1.341
412,24,0.516
412,25,0.418
412,26,0.084
412,27,0.125
412,28,0.121
412,29,0.698
412,30,1.946
412,31,1.497
412,32,1.726
412,33,1.336
412,34,0.33
412,35,0.305
412,36,0.265
412,37,0.22
412,38,0.804
412,39,0.673
412,40,0.446
412,41,0.377
412,42,0.376
412,43,0.44
412,44,0.399
412,45,0.427
412,46,0.414
412,47,0.336
412,48,0.093
413,1,0.144
413,2,0.104
413,3,0.108
413,4,0.104
413,5,0.122
413,6,0.109
413,7,0.086
413,8,0.138
413,9,0.09
413,10,0.108
413,11,0.093
413,12,0.136
413,13,0.095
413,14,0.094
413,15,0.094
413,16,0.122
413,17,0.167
413,18,0.705
413,19,0.274
413,20,0.344
413,21,0.263
413,22,0.193
413,23,0.495
413,24,0.109
413,25,0.125
413,26,1.252
413,27,0.35
413,28,0.348
413,29,2.753
413,30,2.931
413,31,2.254
413,32,1.027
413,33,1.743
413,34,0.249
413,35,0.306
413,36,0.25
413,37,0.275
413,38,0.185
413,39,0.11
413,40,0.111
413,41,0.299
413,42,0.368
413,43,0.381
413,44,0.357
413,45,0.375
413,46,0.336
413,47,0.77
413,48,0.332
414,1,0.337
414,2,0.118
414,3,0.113
414,4,0.111
414,5,0.072
414,6,0.074
414,7,0.137
414,8,0.079
414,9,0.104
414,10,0.068
414,11,0.099
414,12,0.114
414,13,0.08
414,14,0.095
414,15,0.093
414,16,0.096
414,17,0.102
414,18,0.744
414,19,3.048
414,20,3.783
414,21,2.042
414,22,0.91
414,23,0.978
414,24,0.267
414,25,0.528
414,26,0.257
414,27,0.129
414,28,0.1
414,29,0.426
414,30,0.319
414,31,0.284
414,32,0.347
414,33,0.25
414,34,0.277
414,35,0.215
414,36,0.258
414,37,0.297
414,38,0.347
414,39,0.51
414,40,0.355
414,41,0.485
414,42,0.406
414,43,0.808
414,44,0.543
414,45,0.811
414,46,0.516
414,47,1.26
414,48,2.163
415,1,1.878
415,2,1.951
415,3,0.339
415,4,0.217
415,5,0.18
415,6,0.221
415,7,0.213
415,8,0.21
415,9,0.175
415,10,0.208
415,11,0.25
415,12,0.236
415,13,0.266
415,14,0.216
415,15,0.506
415,16,0.535
415,17,0.228
415,18,0.137
415,19,0.488
415,20,0.209
415,21,0.811
415,22,1.066
415,23,0.644
415,24,0.156
415,25,0.101
415,26,0.124
415,27,0.082
415,28,0.479
415,29,0.259
415,30,0.241
415,31,0.53
415,32,0.204
415,33,0.153
415,34,0.259
415,35,0.694
415,36,0.327
415,37,0.403
415,38,1.761
415,39,2.392
415,40,2.1
415,41,1.974
415,42,0.76
415,43,0.57
415,44,0.418
415,45,0.751
415,46,0.523
415,47,0.546
415,48,0.315
