213,1,0.144
213,2,0.208
213,3,1.074
213,4,0.157
213,5,0.227
213,6,0.521
213,7,0.678
213,8,0.2
213,9,0.145
213,10,0.23
213,11,1.007
213,12,0.183
213,13,0.574
213,14,0.231
213,15,0.389
213,16,0.32
213,17,0.378
213,18,0.38
213,19,0.687
213,20,1.721
213,21,0.48
213,22,0.21
213,23,0.242
213,24,0.224
213,25,0.401
213,26,0.327
213,27,0.21
213,28,0.303
213,29,0.314
213,30,0.404
213,31,0.382
213,32,0.338
213,33,0.401
213,34,0.359
213,35,0.375
213,36,0.312
213,37,0.149
213,38,0.226
213,39,0.18
213,40,0.172
213,41,0.233
213,42,0.158
213,43,0.2
213,44,0.211
213,45,0.153
213,46,0.224
213,47,0.184
213,48,0.169
214,1,0.235
214,2,0.161
214,3,0.199
214,4,0.216
214,5,0.157
214,6,0.23
214,7,0.187
214,8,0.179
214,9,0.241
214,10,0.159
214,11,0.213
214,12,0.206
214,13,0.158
214,14,0.24
214,15,0.174
214,16,0.185
214,17,0.225
214,18,0.154
214,19,0.216
214,20,0.197
214,21,0.149
214,22,0.223
214,23,0.152
214,24,0.171
214,25,0.203
214,26,0.138
214,27,0.199
214,28,0.176
214,29,0.143
214,30,0.278
214,31,0.307
214,32,0.316
214,33,0.362
214,34,0.287
214,35,0.34
214,36,0.333
214,37,0.285
214,38,0.362
214,39,0.308
214,40,0.343
214,41,0.225
214,42,0.14
214,43,0.192
214,44,0.188
214,45,0.138
214,46,0.212
214,47,0.162
214,48,0.159
215,1,0.22
215,2,0.139
215,3,0.186
215,4,0.199
215,5,0.144
215,6,0.218
215,7,0.169
215,8,0.16
215,9,0.225
215,10,0.146
215,11,0.186
215,12,0.2
215,13,0.144
215,14,0.215
215,15,0.174
215,16,0.154
215,17,0.224
215,18,0.469
215,19,0.335
215,20,0.398
215,21,0.21
215,22,0.219
215,23,0.233
215,24,0.222
215,25,0.346
215,26,2.652
215,27,3.479
215,28,3.209
215,29,0.665
215,30,0.479
215,31,0.432
215,32,1.394
215,33,0.394
215,34,0.375
215,35,0.414
215,36,1.133
215,37,0.412
215,38,0.495
215,39,2.026
215,40,1.453
215,41,1.717
215,42,0.339
215,43,0.355
215,44,0.927
215,45,0.509
215,46,0.452
215,47,0.362
215,48,0.351
216,1,0.374
216,2,0.301
216,3,0.429
216,4,0.389
216,5,0.143
216,6,0.222
216,7,0.145
216,8,0.195
216,9,0.176
216,10,0.159
216,11,0.21
216,12,0.139
216,13,0.21
216,14,0.182
216,15,0.721
216,16,0.279
216,17,0.139
216,18,0.217
216,19,0.151
216,20,0.266
216,21,0.281
216,22,0.283
216,23,0.263
216,24,0.311
216,25,0.358
216,26,2.258
216,27,3.002
216,28,1.694
216,29,0.375
216,30,0.22
216,31,0.213
216,32,1.918
216,33,2.573
216,34,1.267
216,35,2.51
216,36,0.471
216,37,1.752
216,38,3.093
216,39,0.947
216,40,0.276
216,41,1.349
216,42,0.345
216,43,0.402
216,44,1.074
216,45,0.599
216,46,0.449
216,47,0.503
216,48,1.268
217,1,0.445
217,2,0.421
217,3,1.31
217,4,0.344
217,5,0.913
217,6,0.638
217,7,0.236
217,8,0.225
217,9,0.979
217,10,0.215
217,11,0.164
217,12,0.195
217,13,0.968
217,14,0.396
217,15,0.371
217,16,0.273
217,17,1.063
217,18,1.055
217,19,0.221
217,20,1.314
217,21,1.614
217,22,1.737
217,23,1.164
217,24,0.443
217,25,0.313
217,26,0.208
217,27,0.218
217,28,0.156
217,29,0.238
217,30,0.269
217,31,0.337
217,32,0.37
217,33,1.609
217,34,5.541
217,35,3.632
217,36,0.535
217,37,1.256
217,38,0.458
217,39,0.992
217,40,0.74
217,41,1.514
217,42,0.402
217,43,0.583
217,44,2.086
217,45,1.532
217,46,0.652
217,47,0.39
217,48,0.395
218,1,0.304
218,2,0.426
218,3,0.426
218,4,0.237
218,5,0.203
218,6,0.148
218,7,0.225
218,8,0.156
218,9,0.199
218,10,0.193
218,11,0.159
218,12,0.225
218,13,0.143
218,14,0.207
218,15,1.825
218,16,2.934
218,17,2.564
218,18,0.437
218,19,0.209
218,20,0.805
218,21,0.0
218,22,0.0
218,23,1.278
218,24,0.275
218,25,0.204
218,26,0.307
218,27,1.247
218,28,0.179
218,29,0.769
218,30,1.087
218,31,1.401
218,32,1.578
218,33,0.305
218,34,0.645
218,35,1.931
218,36,2.097
218,37,3.182
218,38,1.815
218,39,1.349
218,40,0.718
218,41,0.177
218,42,0.238
218,43,0.791
218,44,0.573
218,45,0.55
218,46,0.539
218,47,0.454
218,48,0.209
219,1,0.269
219,2,0.245
219,3,0.301
219,4,0.322
219,5,0.143
219,6,0.211
219,7,0.183
219,8,0.168
219,9,0.225
219,10,0.145
219,11,0.211
219,12,0.179
219,13,0.167
219,14,0.629
219,15,0.324
219,16,0.227
219,17,0.171
219,18,0.157
219,19,0.219
219,20,0.14
219,21,0.197
219,22,0.49
219,23,1.456
219,24,2.931
219,25,1.703
219,26,0.228
219,27,0.248
219,28,0.755
219,29,2.226
219,30,0.234
219,31,0.577
219,32,0.72
219,33,1.267
219,34,2.997
219,35,2.932
219,36,1.358
219,37,0.576
219,38,0.369
219,39,0.41
219,40,0.38
219,41,0.303
219,42,0.353
219,43,0.437
219,44,0.366
219,45,0.307
219,46,0.265
219,47,0.278
219,48,0.272
220,1,0.211
220,2,0.231
220,3,0.28
220,4,0.275
220,5,0.182
220,6,0.242
220,7,0.218
220,8,0.212
220,9,0.154
220,10,0.162
220,11,0.218
220,12,0.222
220,13,0.18
220,14,0.229
220,15,0.386
220,16,0.345
220,17,0.58
220,18,0.359
220,19,0.206
220,20,0.154
220,21,0.148
220,22,0.401
220,23,1.649
220,24,1.492
220,25,0.164
220,26,0.249
220,27,0.341
220,28,2.981
220,29,3.016
220,30,1.343
220,31,0.225
220,32,0.317
220,33,1.229
220,34,0.391
220,35,0.447
220,36,0.473
220,37,1.268
220,38,1.441
220,39,1.158
220,40,1.388
220,41,3.76
220,42,1.698
220,43,0.66
220,44,0.629
220,45,0.64
220,46,0.623
220,47,0.523
220,48,0.516
221,1,0.435
221,2,0.455
221,3,0.226
221,4,0.218
221,5,0.217
221,6,0.187
221,7,0.198
221,8,0.226
221,9,0.218
221,10,0.207
221,11,0.144
221,12,0.191
221,13,0.222
221,14,0.218
221,15,0.169
221,16,0.147
221,17,0.224
221,18,0.286
221,19,2.142
221,20,3.221
221,21,1.5
221,22,0.383
221,23,1.835
221,24,2.112
221,25,0.998
221,26,0.583
221,27,0.498
221,28,0.508
221,29,0.384
221,30,0.382
221,31,0.383
221,32,0.769
221,33,0.382
221,34,2.695
221,35,3.288
221,36,0.382
221,37,0.382
221,38,0.4
221,39,0.379
221,40,0.378
221,41,0.262
221,42,0.216
221,43,0.419
221,44,0.683
221,45,0.525
221,46,0.489
221,47,0.57
221,48,0.569
222,1,0.149
222,2,0.25
222,3,0.346
222,4,0.429
222,5,0.221
222,6,0.218
222,7,0.217
222,8,0.175
222,9,0.147
222,10,0.228
222,11,0.22
222,12,0.218
222,13,0.216
222,14,0.199
222,15,0.25
222,16,0.511
222,17,0.302
222,18,0.516
222,19,0.366
222,20,0.318
222,21,1.667
222,22,1.262
222,23,0.458
222,24,0.209
222,25,0.205
222,26,0.205
222,27,0.15
222,28,0.149
222,29,0.217
222,30,0.216
222,31,0.778
222,32,1.46
222,33,2.221
222,34,3.832
222,35,3.876
222,36,1.488
222,37,0.381
222,38,0.357
222,39,1.511
222,40,0.292
222,41,0.378
222,42,0.376
222,43,1.304
222,44,0.347
222,45,0.445
222,46,0.404
222,47,1.204
222,48,0.317
223,1,0.374
223,2,0.381
223,3,1.218
223,4,0.467
223,5,0.379
223,6,0.378
223,7,0.374
223,8,0.327
223,9,0.331
223,10,0.219
223,11,0.217
223,12,0.221
223,13,0.266
223,14,0.658
223,15,0.301
223,16,0.343
223,17,0.21
223,18,0.21
223,19,0.203
223,20,0.2
223,21,0.269
223,22,0.276
223,23,0.27
223,24,0.464
223,25,0.333
223,26,1.95
223,27,0.36
223,28,3.043
223,29,3.348
223,30,2.183
223,31,0.551
223,32,0.225
223,33,0.471
223,34,0.946
223,35,0.504
223,36,1.46
223,37,0.303
223,38,0.219
223,39,0.38
223,40,1.466
223,41,0.345
223,42,0.322
223,43,0.314
223,44,1.406
223,45,0.685
223,46,0.461
223,47,0.228
223,48,0.217
224,1,0.202
224,2,0.215
224,3,0.242
224,4,0.376
224,5,0.218
224,6,0.216
224,7,0.218
224,8,0.218
224,9,0.218
224,10,0.177
224,11,0.17
224,12,0.223
224,13,0.26
224,14,0.677
224,15,0.557
224,16,0.232
224,17,0.209
224,18,0.226
224,19,0.222
224,20,0.442
224,21,0.87
224,22,1.524
224,23,1.276
224,24,1.212
224,25,0.342
224,26,0.222
224,27,0.231
224,28,0.247
224,29,0.31
224,30,0.548
224,31,0.415
224,32,1.263
224,33,0.587
224,34,0.447
224,35,1.273
224,36,0.837
224,37,1.137
224,38,0.37
224,39,0.375
224,40,0.438
224,41,2.284
224,42,1.936
224,43,1.242
224,44,0.802
224,45,0.675
224,46,0.516
224,47,0.418
224,48,0.264
225,1,0.262
225,2,0.261
225,3,0.276
225,4,0.262
225,5,0.263
225,6,0.249
225,7,0.191
225,8,0.239
225,9,0.265
225,10,0.262
225,11,0.261
225,12,0.26
225,13,0.285
225,14,1.706
225,15,3.332
225,16,3.309
225,17,1.933
225,18,0.148
225,19,0.204
225,20,1.125
225,21,0.186
225,22,0.15
225,23,0.228
225,24,1.078
225,25,0.182
225,26,0.137
225,27,0.213
225,28,3.042
225,29,1.93
225,30,1.044
225,31,1.851
225,32,1.641
225,33,1.186
225,34,2.113
225,35,2.003
225,36,1.599
225,37,1.833
225,38,0.381
225,39,0.328
225,40,0.327
225,41,1.275
225,42,0.754
225,43,1.396
225,44,1.778
225,45,1.477
225,46,0.502
225,47,0.49
225,48,1.401
226,1,0.602
226,2,0.392
226,3,1.558
226,4,0.228
226,5,0.215
226,6,0.178
226,7,0.144
226,8,0.221
226,9,0.214
226,10,0.172
226,11,0.147
226,12,0.222
226,13,0.258
226,14,0.551
226,15,0.603
226,16,2.821
226,17,0.197
226,18,0.135
226,19,0.258
226,20,3.377
226,21,0.31
226,22,2.222
226,23,1.268
226,24,1.438
226,25,0.873
226,26,0.202
226,27,0.143
226,28,0.645
226,29,0.82
226,30,0.339
226,31,0.213
226,32,1.004
226,33,0.183
226,34,0.673
226,35,0.305
226,36,1.228
226,37,0.325
226,38,1.598
226,39,0.502
226,40,1.207
226,41,0.311
226,42,0.62
226,43,1.278
226,44,1.097
226,45,0.652
226,46,0.408
226,47,0.524
226,48,0.628
227,1,0.382
227,2,0.243
227,3,0.172
227,4,0.224
227,5,0.216
227,6,0.222
227,7,0.183
227,8,0.145
227,9,0.227
227,10,0.226
227,11,0.223
227,12,0.149
227,13,0.186
227,14,0.222
227,15,0.674
227,16,0.339
227,17,0.458
227,18,0.433
227,19,0.423
227,20,0.343
227,21,0.25
227,22,0.262
227,23,1.045
227,24,0.967
227,25,0.433
227,26,0.859
227,27,0.391
227,28,0.38
227,29,0.265
227,30,0.325
227,31,0.667
227,32,0.37
227,33,0.325
227,34,0.331
227,35,0.523
227,36,0.426
227,37,0.578
227,38,0.408
227,39,0.402
227,40,0.386
227,41,0.37
227,42,0.32
227,43,0.316
227,44,0.395
227,45,0.746
227,46,0.487
227,47,0.44
227,48,0.492
228,1,0.806
228,2,0.224
228,3,0.151
228,4,0.172
228,5,0.218
228,6,0.214
228,7,0.182
228,8,0.141
228,9,0.55
228,10,0.217
228,11,0.164
228,12,0.157
228,13,0.223
228,14,0.218
228,15,0.192
228,16,0.14
228,17,0.264
228,18,0.377
228,19,3.433
228,20,3.236
228,21,1.557
228,22,1.549
228,23,0.218
228,24,2.647
228,25,3.868
228,26,1.246
228,27,0.284
228,28,1.19
228,29,0.229
228,30,0.166
228,31,1.131
228,32,1.323
228,33,0.491
228,34,1.903
228,35,0.455
228,36,3.039
228,37,1.4
228,38,0.894
228,39,0.4
228,40,0.414
228,41,0.352
228,42,0.3
228,43,0.532
228,44,0.54
228,45,0.545
228,46,0.566
228,47,0.21
228,48,0.215
229,1,0.214
229,2,0.179
229,3,0.367
229,4,0.228
229,5,0.2
229,6,0.142
229,7,0.213
229,8,0.217
229,9,0.215
229,10,0.161
229,11,0.171
229,12,0.22
229,13,0.215
229,14,0.678
229,15,0.504
229,16,0.48
229,17,0.32
229,18,0.186
229,19,0.225
229,20,2.984
229,21,1.971
229,22,1.427
229,23,1.252
229,24,0.356
229,25,1.877
229,26,0.381
229,27,0.325
229,28,1.205
229,29,0.373
229,30,0.373
229,31,0.321
229,32,1.012
229,33,0.707
229,34,1.255
229,35,3.075
229,36,0.776
229,37,0.377
229,38,1.235
229,39,2.282
229,40,0.536
229,41,0.358
229,42,1.333
229,43,0.483
229,44,0.616
229,45,0.652
229,46,1.926
229,47,0.733
229,48,0.564
230,1,1.031
230,2,0.233
230,3,0.365
230,4,0.852
230,5,0.405
230,6,0.17
230,7,0.243
230,8,1.023
230,9,0.234
230,10,0.2
230,11,0.17
230,12,0.945
230,13,0.233
230,14,1.512
230,15,0.938
230,16,0.45
230,17,0.212
230,18,0.224
230,19,0.528
230,20,2.806
230,21,1.744
230,22,0.815
230,23,0.147
230,24,0.177
230,25,0.217
230,26,0.212
230,27,0.214
230,28,0.153
230,29,0.175
230,30,3.189
230,31,4.594
230,32,1.65
230,33,2.163
230,34,1.623
230,35,2.154
230,36,0.782
230,37,0.502
230,38,1.244
230,39,1.666
230,40,0.574
230,41,2.12
230,42,0.375
230,43,0.31
230,44,1.333
230,45,0.503
230,46,0.489
230,47,1.372
230,48,0.461
231,1,0.503
231,2,1.165
231,3,0.331
231,4,0.244
231,5,0.235
231,6,0.234
231,7,0.184
231,8,0.205
231,9,0.238
231,10,0.235
231,11,0.208
231,12,0.171
231,13,0.239
231,14,0.493
231,15,0.891
231,16,0.412
231,17,0.42
231,18,0.564
231,19,0.381
231,20,0.265
231,21,1.212
231,22,1.288
231,23,1.056
231,24,0.213
231,25,0.152
231,26,0.189
231,27,0.215
231,28,0.213
231,29,0.198
231,30,0.14
231,31,0.213
231,32,1.521
231,33,3.25
231,34,2.869
231,35,0.698
231,36,2.119
231,37,2.683
231,38,0.651
231,39,0.666
231,40,0.4
231,41,0.44
231,42,0.489
231,43,0.524
231,44,0.488
231,45,0.635
231,46,0.504
231,47,0.468
231,48,0.467
232,1,0.184
232,2,0.21
232,3,0.35
232,4,0.216
232,5,0.2
232,6,0.142
232,7,0.22
232,8,0.222
232,9,0.217
232,10,0.148
232,11,0.426
232,12,0.376
232,13,0.241
232,14,0.161
232,15,0.177
232,16,0.217
232,17,0.211
232,18,0.727
232,19,1.683
232,20,1.383
232,21,0.942
232,22,0.461
232,23,0.283
232,24,0.312
232,25,0.335
232,26,0.378
232,27,0.331
232,28,0.605
232,29,0.362
232,30,0.361
232,31,1.764
232,32,5.479
232,33,4.105
232,34,1.826
232,35,3.831
232,36,2.698
232,37,1.411
232,38,2.505
232,39,0.437
232,40,0.787
232,41,0.423
232,42,0.391
232,43,0.419
232,44,0.453
232,45,0.629
232,46,0.604
232,47,0.729
232,48,0.579
233,1,0.446
233,2,0.353
233,3,0.422
233,4,0.536
233,5,0.228
233,6,0.148
233,7,0.185
233,8,0.219
233,9,0.216
233,10,0.146
233,11,0.182
233,12,0.219
233,13,0.652
233,14,0.78
233,15,0.369
233,16,0.266
233,17,0.158
233,18,0.339
233,19,0.347
233,20,0.364
233,21,0.305
233,22,2.047
233,23,3.092
233,24,4.016
233,25,1.143
233,26,3.101
233,27,1.375
233,28,1.261
233,29,0.199
233,30,0.136
233,31,0.177
233,32,0.342
233,33,0.444
233,34,0.323
233,35,0.344
233,36,0.387
233,37,0.379
233,38,0.355
233,39,0.448
233,40,0.528
233,41,0.985
233,42,0.439
233,43,0.799
233,44,0.974
233,45,1.058
233,46,1.071
233,47,0.715
233,48,0.224
234,1,0.221
234,2,0.218
234,3,0.335
234,4,0.294
234,5,0.211
234,6,0.209
234,7,0.208
234,8,0.168
234,9,0.165
234,10,0.215
234,11,0.786
234,12,0.236
234,13,0.174
234,14,0.217
234,15,0.202
234,16,0.264
234,17,0.229
234,18,0.212
234,19,0.172
234,20,0.144
234,21,0.217
234,22,0.567
234,23,0.354
234,24,0.481
234,25,0.279
234,26,0.373
234,27,0.369
234,28,0.306
234,29,0.289
234,30,0.686
234,31,1.048
234,32,0.855
234,33,2.422
234,34,2.753
234,35,0.707
234,36,0.654
234,37,0.614
234,38,0.393
234,39,0.402
234,40,0.543
234,41,2.807
234,42,0.676
234,43,0.556
234,44,1.584
234,45,1.883
234,46,0.867
234,47,0.704
234,48,1.236
235,1,0.336
235,2,0.232
235,3,0.292
235,4,0.734
235,5,0.159
235,6,0.191
235,7,0.238
235,8,0.234
235,9,0.232
235,10,0.224
235,11,0.16
235,12,0.159
235,13,0.228
235,14,0.781
235,15,0.344
235,16,0.369
235,17,0.301
235,18,0.285
235,19,0.36
235,20,0.357
235,21,0.345
235,22,0.739
235,23,0.323
235,24,0.74
235,25,0.358
235,26,0.377
235,27,0.299
235,28,0.346
235,29,0.375
235,30,0.373
235,31,0.33
235,32,0.299
235,33,0.383
235,34,0.376
235,35,0.367
235,36,0.302
235,37,0.312
235,38,0.379
235,39,0.644
235,40,0.207
235,41,0.135
235,42,0.148
235,43,0.455
235,44,0.485
235,45,0.791
235,46,1.062
235,47,1.078
235,48,0.78
236,1,0.435
236,2,0.249
236,3,0.371
236,4,0.157
236,5,0.139
236,6,0.207
236,7,0.216
236,8,0.214
236,9,0.211
236,10,0.139
236,11,0.139
236,12,0.215
236,13,0.214
236,14,0.579
236,15,0.319
236,16,0.166
236,17,0.214
236,18,0.372
236,19,0.962
236,20,3.68
236,21,3.102
236,22,1.511
236,23,1.003
236,24,0.653
236,25,0.133
236,26,0.512
236,27,0.286
236,28,0.355
236,29,0.445
236,30,1.852
236,31,1.541
236,32,1.399
236,33,2.086
236,34,3.007
236,35,2.327
236,36,1.793
236,37,0.565
236,38,0.368
236,39,0.368
236,40,0.346
236,41,0.299
236,42,0.357
236,43,0.462
236,44,0.555
236,45,0.529
236,46,0.829
236,47,1.634
236,48,1.582
237,1,0.246
237,2,0.212
237,3,0.242
237,4,0.211
237,5,0.141
237,6,0.224
237,7,0.211
237,8,0.206
237,9,0.14
237,10,0.167
237,11,0.219
237,12,0.213
237,13,0.15
237,14,0.146
237,15,0.255
237,16,0.747
237,17,0.546
237,18,0.517
237,19,0.927
237,20,0.338
237,21,1.235
237,22,1.591
237,23,3.087
237,24,1.604
237,25,0.331
237,26,0.359
237,27,0.358
237,28,0.354
237,29,0.298
237,30,0.25
237,31,0.31
237,32,1.38
237,33,4.602
237,34,4.057
237,35,2.0
237,36,0.914
237,37,0.537
237,38,0.892
237,39,1.037
237,40,0.672
237,41,1.597
237,42,2.974
237,43,1.59
237,44,1.147
237,45,0.529
237,46,0.582
237,47,0.407
237,48,0.465
238,1,0.265
238,2,0.231
238,3,0.216
238,4,0.221
238,5,0.218
238,6,0.217
238,7,0.149
238,8,0.189
238,9,0.222
238,10,0.219
238,11,0.189
238,12,0.145
238,13,0.25
238,14,0.215
238,15,0.27
238,16,0.435
238,17,0.928
238,18,0.359
238,19,0.354
238,20,2.951
238,21,3.104
238,22,0.702
238,23,1.179
238,24,1.207
238,25,0.263
238,26,0.232
238,27,1.308
238,28,0.318
238,29,0.315
238,30,0.405
238,31,0.371
238,32,0.233
238,33,1.579
238,34,2.049
238,35,0.61
238,36,0.452
238,37,2.341
238,38,1.768
238,39,1.665
238,40,0.393
238,41,0.54
238,42,0.469
238,43,0.771
238,44,0.519
238,45,0.579
238,46,0.23
238,47,0.332
238,48,0.577
239,1,0.382
239,2,0.379
239,3,0.856
239,4,0.186
239,5,0.228
239,6,0.222
239,7,0.21
239,8,0.145
239,9,0.194
239,10,0.22
239,11,0.214
239,12,0.149
239,13,0.187
239,14,0.22
239,15,0.208
239,16,0.504
239,17,0.887
239,18,3.009
239,19,3.041
239,20,0.374
239,21,1.842
239,22,0.462
239,23,0.487
239,24,0.294
239,25,1.316
239,26,0.49
239,27,0.175
239,28,0.668
239,29,1.36
239,30,0.713
239,31,1.405
239,32,0.792
239,33,1.097
239,34,1.352
239,35,0.838
239,36,0.525
239,37,0.527
239,38,0.522
239,39,0.566
239,40,3.132
239,41,3.274
239,42,3.484
239,43,2.81
239,44,1.458
239,45,1.864
239,46,1.95
239,47,1.105
239,48,1.099
240,1,1.129
240,2,1.756
240,3,0.306
240,4,0.155
240,5,0.217
240,6,0.238
240,7,0.214
240,8,0.163
240,9,0.22
240,10,0.215
240,11,0.158
240,12,0.187
240,13,0.214
240,14,0.585
240,15,1.11
240,16,0.269
240,17,0.188
240,18,0.421
240,19,0.41
240,20,0.466
240,21,0.279
240,22,0.325
240,23,0.226
240,24,0.19
240,25,0.166
240,26,0.548
240,27,0.242
240,28,0.157
240,29,0.214
240,30,0.231
240,31,0.184
240,32,0.258
240,33,3.203
240,34,4.368
240,35,2.074
240,36,0.385
240,37,0.325
240,38,0.349
240,39,0.427
240,40,0.38
240,41,0.376
240,42,0.245
240,43,0.156
240,44,0.213
240,45,0.231
240,46,0.399
240,47,0.142
240,48,0.194
388,1,0.783
388,2,1.551
388,3,0.31
388,4,0.237
388,5,0.197
388,6,0.251
388,7,1.179
388,8,0.724
388,9,0.196
388,10,0.218
388,11,0.232
388,12,0.223
388,13,1.123
388,14,1.078
388,15,1.038
388,16,0.54
388,17,1.939
388,18,1.156
388,19,0.21
388,20,0.191
388,21,0.235
388,22,0.991
388,23,0.575
388,24,1.636
388,25,0.626
388,26,1.583
388,27,0.682
388,28,0.992
388,29,1.333
388,30,0.899
388,31,1.7
388,32,1.257
388,33,0.644
388,34,0.641
388,35,0.776
388,36,2.006
388,37,1.644
388,38,0.692
388,39,1.252
388,40,0.977
388,41,0.438
388,42,0.595
388,43,0.652
388,44,0.894
388,45,1.626
388,46,0.5
388,47,0.416
388,48,0.824
389,1,0.815
389,2,1.478
389,3,0.305
389,4,0.528
389,5,0.377
389,6,0.2
389,7,1.143
389,8,0.648
389,9,0.175
389,10,0.216
389,11,0.199
389,12,0.248
389,13,1.292
389,14,1.895
389,15,1.052
389,16,0.352
389,17,1.197
389,18,1.134
389,19,0.463
389,20,0.383
389,21,0.411
389,22,1.253
389,23,0.827
389,24,0.744
389,25,2.351
389,26,2.711
389,27,0.69
389,28,0.554
389,29,0.499
389,30,0.308
389,31,1.326
389,32,1.124
389,33,0.341
389,34,0.405
389,35,0.511
389,36,1.467
389,37,0.451
389,38,0.358
389,39,1.393
389,40,1.252
389,41,0.5
389,42,0.738
389,43,1.08
389,44,0.849
389,45,1.876
389,46,0.667
389,47,0.6
389,48,0.973
390,1,1.171
390,2,1.734
390,3,0.317
390,4,0.209
390,5,0.142
390,6,0.183
390,7,1.121
390,8,0.645
390,9,0.175
390,10,0.217
390,11,0.142
390,12,0.219
390,13,1.197
390,14,1.397
390,15,0.692
390,16,0.494
390,17,1.294
390,18,0.884
390,19,0.352
390,20,0.404
390,21,2.072
390,22,1.164
390,23,1.605
390,24,0.326
390,25,0.364
390,26,1.259
390,27,0.212
390,28,0.187
390,29,0.141
390,30,0.169
390,31,1.091
390,32,0.852
390,33,0.538
390,34,1.206
390,35,2.064
390,36,1.913
390,37,1.152
390,38,1.6
390,39,1.481
390,40,0.917
390,41,0.511
390,42,0.669
390,43,1.098
390,44,0.993
390,45,3.376
390,46,1.536
390,47,1.428
390,48,0.732
391,1,0.857
391,2,1.625
391,3,0.396
391,4,0.227
391,5,0.148
391,6,0.139
391,7,1.114
391,8,0.655
391,9,0.139
391,10,0.188
391,11,0.204
391,12,0.178
391,13,1.026
391,14,1.409
391,15,0.678
391,16,0.471
391,17,1.181
391,18,1.205
391,19,2.417
391,20,2.542
391,21,1.815
391,22,1.101
391,23,0.637
391,24,0.187
391,25,0.433
391,26,1.368
391,27,0.899
391,28,0.344
391,29,0.205
391,30,0.14
391,31,2.565
391,32,0.756
391,33,1.043
391,34,1.714
391,35,1.777
391,36,1.992
391,37,0.618
391,38,0.613
391,39,1.681
391,40,1.12
391,41,0.902
391,42,1.922
391,43,1.835
391,44,2.328
391,45,1.787
391,46,0.996
391,47,1.056
391,48,1.041
392,1,1.204
392,2,1.932
392,3,0.395
392,4,0.19
392,5,0.383
392,6,0.256
392,7,1.082
392,8,0.724
392,9,0.259
392,10,0.187
392,11,0.221
392,12,0.22
392,13,4.046
392,14,1.464
392,15,0.919
392,16,0.251
392,17,1.052
392,18,0.636
392,19,0.137
392,20,0.189
392,21,0.806
392,22,1.157
392,23,0.622
392,24,0.19
392,25,0.336
392,26,1.281
392,27,0.202
392,28,0.247
392,29,0.414
392,30,0.385
392,31,1.724
392,32,2.189
392,33,0.577
392,34,0.993
392,35,2.464
392,36,2.822
392,37,0.698
392,38,1.003
392,39,1.538
392,40,1.436
392,41,0.666
392,42,0.814
392,43,0.779
392,44,0.677
392,45,1.625
392,46,0.526
392,47,1.016
392,48,0.82
393,1,0.53
393,2,1.449
393,3,0.162
393,4,0.132
393,5,0.214
393,6,0.177
393,7,1.032
393,8,0.691
393,9,0.193
393,10,0.134
393,11,0.179
393,12,0.205
393,13,1.044
393,14,1.427
393,15,0.525
393,16,0.399
393,17,1.136
393,18,1.163
393,19,0.836
393,20,1.58
393,21,1.723
393,22,1.244
393,23,0.587
393,24,0.159
393,25,0.433
393,26,1.296
393,27,0.134
393,28,0.207
393,29,0.286
393,30,0.302
393,31,1.217
393,32,2.563
393,33,1.606
393,34,1.562
393,35,1.677
393,36,2.492
393,37,1.299
393,38,0.595
393,39,1.394
393,40,1.195
393,41,0.664
393,42,0.598
393,43,0.71
393,44,0.762
393,45,1.798
393,46,0.87
393,47,0.711
393,48,0.974
394,1,0.832
394,2,1.526
394,3,0.39
394,4,0.257
394,5,0.192
394,6,0.195
394,7,1.144
394,8,0.728
394,9,0.174
394,10,0.181
394,11,0.217
394,12,0.171
394,13,1.057
394,14,1.216
394,15,0.646
394,16,0.204
394,17,1.045
394,18,0.715
394,19,0.424
394,20,0.328
394,21,0.23
394,22,1.012
394,23,0.577
394,24,0.229
394,25,2.034
394,26,1.855
394,27,0.255
394,28,0.25
394,29,0.186
394,30,1.424
394,31,2.01
394,32,1.0
394,33,0.443
394,34,0.303
394,35,0.46
394,36,1.308
394,37,0.191
394,38,0.243
394,39,1.083
394,40,0.762
394,41,0.194
394,42,0.252
394,43,0.269
394,44,0.4
394,45,1.382
394,46,0.685
394,47,0.785
394,48,0.716
395,1,0.929
395,2,2.015
395,3,0.755
395,4,0.71
395,5,0.283
395,6,0.224
395,7,1.054
395,8,0.67
395,9,0.232
395,10,0.183
395,11,0.152
395,12,0.209
395,13,1.06
395,14,0.521
395,15,0.167
395,16,0.228
395,17,1.004
395,18,0.624
395,19,0.212
395,20,0.199
395,21,0.147
395,22,1.241
395,23,1.625
395,24,0.26
395,25,0.339
395,26,1.302
395,27,0.191
395,28,0.149
395,29,0.182
395,30,0.226
395,31,1.056
395,32,0.621
395,33,0.221
395,34,0.39
395,35,1.456
395,36,1.99
395,37,1.109
395,38,0.779
395,39,1.574
395,40,1.308
395,41,2.391
395,42,1.452
395,43,1.23
395,44,1.018
395,45,1.809
395,46,0.2
395,47,0.18
395,48,0.259
396,1,0.447
396,2,1.407
396,3,0.19
396,4,0.364
396,5,0.532
396,6,0.451
396,7,1.221
396,8,0.701
396,9,0.17
396,10,0.138
396,11,0.192
396,12,0.207
396,13,1.026
396,14,0.649
396,15,0.216
396,16,0.16
396,17,1.003
396,18,0.72
396,19,0.194
396,20,0.822
396,21,0.522
396,22,1.643
396,23,0.876
396,24,0.537
396,25,0.841
396,26,3.145
396,27,0.844
396,28,1.222
396,29,0.435
396,30,0.404
396,31,1.243
396,32,2.604
396,33,1.476
396,34,1.166
396,35,0.948
396,36,2.11
396,37,1.017
396,38,0.975
396,39,1.752
396,40,1.306
396,41,0.739
396,42,0.77
396,43,1.176
396,44,0.879
396,45,1.661
396,46,0.88
396,47,0.674
396,48,0.579
397,1,0.612
397,2,1.566
397,3,0.255
397,4,0.235
397,5,0.148
397,6,0.171
397,7,1.094
397,8,0.655
397,9,0.133
397,10,0.212
397,11,0.167
397,12,0.129
397,13,1.065
397,14,0.95
397,15,0.779
397,16,0.271
397,17,1.028
397,18,0.624
397,19,0.152
397,20,0.206
397,21,0.597
397,22,1.193
397,23,0.954
397,24,0.3
397,25,0.519
397,26,1.498
397,27,0.68
397,28,0.306
397,29,0.213
397,30,0.152
397,31,1.014
397,32,0.624
397,33,0.16
397,34,0.601
397,35,0.951
397,36,3.308
397,37,2.517
397,38,1.328
397,39,1.729
397,40,1.278
397,41,0.618
397,42,0.832
397,43,0.724
397,44,1.001
397,45,2.04
397,46,0.812
397,47,0.488
397,48,0.407
398,1,1.022
398,2,1.708
398,3,0.362
398,4,0.24
398,5,0.258
398,6,0.182
398,7,1.093
398,8,0.72
398,9,0.159
398,10,0.134
398,11,0.207
398,12,0.183
398,13,1.002
398,14,0.958
398,15,0.777
398,16,0.233
398,17,0.936
398,18,0.684
398,19,0.185
398,20,0.36
398,21,0.595
398,22,3.253
398,23,3.56
398,24,2.292
398,25,0.421
398,26,1.861
398,27,0.347
398,28,0.354
398,29,0.407
398,30,0.345
398,31,2.269
398,32,4.207
398,33,1.612
398,34,2.391
398,35,3.065
398,36,4.054
398,37,1.272
398,38,0.856
398,39,1.63
398,40,1.211
398,41,0.859
398,42,0.69
398,43,0.695
398,44,0.836
398,45,1.889
398,46,0.853
398,47,0.974
398,48,0.84
399,1,0.765
399,2,2.056
399,3,0.856
399,4,0.494
399,5,0.318
399,6,0.212
399,7,1.032
399,8,0.739
399,9,0.236
399,10,0.139
399,11,0.192
399,12,0.212
399,13,0.957
399,14,0.602
399,15,2.223
399,16,3.121
399,17,3.698
399,18,1.971
399,19,0.529
399,20,1.182
399,21,0.257
399,22,1.009
399,23,1.477
399,24,0.18
399,25,0.401
399,26,2.032
399,27,0.141
399,28,0.215
399,29,1.016
399,30,0.474
399,31,1.811
399,32,1.478
399,33,0.386
399,34,1.243
399,35,1.562
399,36,1.971
399,37,0.693
399,38,0.585
399,39,1.356
399,40,1.247
399,41,1.58
399,42,1.002
399,43,0.575
399,44,0.808
399,45,1.724
399,46,0.422
399,47,0.398
399,48,0.803
400,1,1.079
400,2,1.701
400,3,0.471
400,4,0.224
400,5,0.163
400,6,0.135
400,7,1.122
400,8,0.716
400,9,0.136
400,10,0.137
400,11,0.212
400,12,0.185
400,13,1.02
400,14,1.077
400,15,0.646
400,16,0.298
400,17,0.962
400,18,0.654
400,19,0.54
400,20,0.418
400,21,0.151
400,22,1.008
400,23,0.669
400,24,0.215
400,25,0.365
400,26,1.274
400,27,0.208
400,28,0.14
400,29,0.137
400,30,0.524
400,31,1.289
400,32,0.79
400,33,3.025
400,34,2.599
400,35,1.524
400,36,4.125
400,37,1.425
400,38,0.634
400,39,1.423
400,40,1.271
400,41,0.677
400,42,0.662
400,43,1.177
400,44,0.824
400,45,2.045
400,46,0.644
400,47,0.577
400,48,0.777
401,1,1.045
401,2,1.609
401,3,0.214
401,4,0.176
401,5,0.242
401,6,0.251
401,7,1.144
401,8,0.677
401,9,0.205
401,10,0.256
401,11,0.23
401,12,0.136
401,13,0.966
401,14,1.392
401,15,0.643
401,16,0.25
401,17,0.971
401,18,0.969
401,19,1.331
401,20,0.847
401,21,0.24
401,22,1.053
401,23,0.677
401,24,0.136
401,25,0.355
401,26,1.336
401,27,0.667
401,28,0.242
401,29,0.175
401,30,0.212
401,31,1.205
401,32,0.677
401,33,0.34
401,34,0.553
401,35,0.728
401,36,1.505
401,37,1.237
401,38,0.822
401,39,1.424
401,40,0.751
401,41,0.217
401,42,0.296
401,43,0.702
401,44,0.927
401,45,1.944
401,46,0.785
401,47,0.705
401,48,0.599
402,1,0.86
402,2,1.574
402,3,0.164
402,4,0.147
402,5,0.224
402,6,0.215
402,7,1.042
402,8,0.666
402,9,0.228
402,10,0.191
402,11,0.148
402,12,0.203
402,13,1.177
402,14,0.769
402,15,0.172
402,16,0.911
402,17,1.518
402,18,0.654
402,19,0.159
402,20,0.209
402,21,0.15
402,22,0.949
402,23,0.639
402,24,0.198
402,25,0.678
402,26,0.0
402,27,0.0
402,28,0.894
402,29,1.155
402,30,0.876
402,31,0.345
402,32,0.304
402,33,0.433
402,34,1.782
402,35,0.891
402,36,0.898
402,37,0.663
402,38,1.333
402,39,1.242
402,40,0.547
402,41,0.627
402,42,1.983
402,43,0.632
402,44,0.546
402,45,0.544
402,46,0.592
402,47,1.245
402,48,1.187
403,1,0.548
403,2,0.364
403,3,0.158
403,4,0.821
403,5,0.864
403,6,0.211
403,7,0.142
403,8,0.133
403,9,0.224
403,10,1.564
403,11,0.142
403,12,0.136
403,13,0.211
403,14,0.198
403,15,0.129
403,16,1.467
403,17,0.293
403,18,0.138
403,19,0.129
403,20,1.47
403,21,0.187
403,22,0.808
403,23,0.477
403,24,0.526
403,25,1.678
403,26,0.339
403,27,0.743
403,28,3.006
403,29,1.936
403,30,0.806
403,31,1.086
403,32,0.813
403,33,0.455
403,34,2.672
403,35,0.354
403,36,0.308
403,37,0.445
403,38,1.951
403,39,1.98
403,40,0.653
403,41,0.835
403,42,2.926
403,43,0.433
403,44,0.452
403,45,0.401
403,46,0.19
403,47,1.655
403,48,1.671
404,1,0.273
404,2,0.268
404,3,0.265
404,4,1.41
404,5,1.458
404,6,0.213
404,7,0.144
404,8,0.132
404,9,0.215
404,10,2.791
404,11,0.132
404,12,0.182
404,13,0.179
404,14,0.72
404,15,0.548
404,16,2.804
404,17,0.159
404,18,0.166
404,19,0.219
404,20,2.791
404,21,0.196
404,22,0.207
404,23,0.13
404,24,0.404
404,25,3.928
404,26,2.973
404,27,2.118
404,28,1.482
404,29,1.256
404,30,0.278
404,31,0.662
404,32,0.605
404,33,0.9
404,34,3.277
404,35,2.407
404,36,1.756
404,37,0.977
404,38,2.09
404,39,1.575
404,40,0.649
404,41,0.718
404,42,3.205
404,43,2.238
404,44,0.642
404,45,0.407
404,46,0.951
404,47,2.122
404,48,1.997
405,1,0.46
405,2,0.406
405,3,0.368
405,4,1.608
405,5,1.655
405,6,0.333
405,7,0.248
405,8,0.197
405,9,0.259
405,10,2.758
405,11,0.15
405,12,0.212
405,13,0.149
405,14,0.702
405,15,1.037
405,16,2.874
405,17,0.225
405,18,0.193
405,19,0.171
405,20,3.446
405,21,0.292
405,22,0.185
405,23,0.131
405,24,0.189
405,25,2.661
405,26,0.131
405,27,0.185
405,28,1.542
405,29,1.258
405,30,0.175
405,31,1.638
405,32,2.898
405,33,2.506
405,34,3.97
405,35,1.597
405,36,1.54
405,37,2.835
405,38,3.77
405,39,1.961
405,40,0.855
405,41,0.712
405,42,2.921
405,43,0.601
405,44,0.823
405,45,0.459
405,46,0.44
405,47,1.969
405,48,2.241
406,1,0.326
406,2,0.399
406,3,0.345
406,4,1.504
406,5,1.546
406,6,0.21
406,7,0.158
406,8,0.133
406,9,0.255
406,10,2.792
406,11,0.133
406,12,0.448
406,13,0.487
406,14,1.849
406,15,3.44
406,16,3.966
406,17,0.215
406,18,3.293
406,19,0.895
406,20,4.74
406,21,0.598
406,22,1.211
406,23,0.449
406,24,0.158
406,25,3.463
406,26,0.208
406,27,0.153
406,28,2.247
406,29,1.552
406,30,2.163
406,31,1.68
406,32,0.845
406,33,0.874
406,34,5.82
406,35,1.488
406,36,0.442
406,37,1.895
406,38,1.542
406,39,1.231
406,40,1.094
406,41,0.721
406,42,0.723
406,43,2.634
406,44,1.155
406,45,0.692
406,46,1.102
406,47,2.152
406,48,0.302
407,1,0.273
407,2,0.221
407,3,0.374
407,4,2.272
407,5,0.84
407,6,0.196
407,7,0.258
407,8,0.15
407,9,2.22
407,10,0.852
407,11,0.308
407,12,0.296
407,13,0.339
407,14,1.661
407,15,2.786
407,16,0.394
407,17,0.574
407,18,3.255
407,19,2.866
407,20,0.861
407,21,2.483
407,22,0.714
407,23,0.175
407,24,1.637
407,25,2.038
407,26,0.828
407,27,1.965
407,28,0.835
407,29,2.36
407,30,3.786
407,31,1.332
407,32,1.099
407,33,3.082
407,34,2.24
407,35,1.502
407,36,3.347
407,37,3.261
407,38,3.128
407,39,3.038
407,40,3.107
407,41,3.366
407,42,3.306
407,43,3.0
407,44,3.201
407,45,3.484
407,46,3.25
407,47,3.455
407,48,3.152
408,1,2.912
408,2,2.902
408,3,2.936
408,4,2.887
408,5,2.873
408,6,3.351
408,7,3.088
408,8,3.079
408,9,2.964
408,10,2.96
408,11,3.023
408,12,2.861
408,13,2.762
408,14,3.566
408,15,3.115
408,16,2.842
408,17,2.691
408,18,2.64
408,19,3.303
408,20,2.758
408,21,2.902
408,22,2.83
408,23,5.435
408,24,5.125
408,25,5.572
408,26,3.727
408,27,2.631
408,28,3.56
408,29,2.771
408,30,3.171
408,31,2.914
408,32,0.478
408,33,3.544
408,34,4.865
408,35,0.394
408,36,0.444
408,37,0.809
408,38,0.889
408,39,1.828
408,40,1.788
408,41,0.384
408,42,0.439
408,43,0.915
408,44,3.044
408,45,0.522
408,46,0.483
408,47,1.602
408,48,2.196
409,1,0.406
409,2,0.253
409,3,0.193
409,4,0.256
409,5,2.752
409,6,0.438
409,7,0.794
409,8,0.582
409,9,0.217
409,10,2.604
409,11,0.411
409,12,0.195
409,13,0.138
409,14,0.185
409,15,1.342
409,16,1.81
409,17,0.605
409,18,1.014
409,19,1.921
409,20,3.193
409,21,3.786
409,22,1.709
409,23,0.138
409,24,1.521
409,25,2.139
409,26,1.458
409,27,1.023
409,28,0.213
409,29,0.147
409,30,2.047
409,31,1.639
409,32,0.742
409,33,0.554
409,34,4.309
409,35,2.198
409,36,1.438
409,37,0.622
409,38,0.31
409,39,2.586
409,40,1.484
409,41,0.267
409,42,1.524
409,43,0.581
409,44,3.578
409,45,1.049
409,46,0.676
409,47,1.425
409,48,1.982
410,1,0.614
410,2,0.534
410,3,0.348
410,4,0.352
410,5,3.003
410,6,0.526
410,7,0.314
410,8,0.315
410,9,0.391
410,10,2.886
410,11,0.438
410,12,0.144
410,13,0.17
410,14,0.259
410,15,1.356
410,16,1.597
410,17,0.482
410,18,0.513
410,19,0.958
410,20,0.428
410,21,1.508
410,22,1.86
410,23,0.852
410,24,2.373
410,25,1.519
410,26,2.015
410,27,0.413
410,28,0.392
410,29,0.864
410,30,1.517
410,31,1.87
410,32,0.496
410,33,0.457
410,34,2.81
410,35,0.379
410,36,0.767
410,37,1.104
410,38,1.711
410,39,2.593
410,40,1.983
410,41,0.58
410,42,1.757
410,43,1.367
410,44,3.025
410,45,1.006
410,46,0.487
410,47,1.57
410,48,1.24
411,1,0.74
411,2,0.406
411,3,0.252
411,4,0.175
411,5,0.172
411,6,0.182
411,7,0.211
411,8,0.205
411,9,0.157
411,10,0.13
411,11,0.13
411,12,0.21
411,13,1.267
411,14,1.33
411,15,0.616
411,16,0.21
411,17,0.212
411,18,1.212
411,19,1.784
411,20,0.738
411,21,0.351
411,22,0.374
411,23,3.298
411,24,5.369
411,25,1.148
411,26,0.159
411,27,0.928
411,28,0.328
411,29,5.483
411,30,3.363
411,31,3.484
411,32,2.396
411,33,1.45
411,34,3.266
411,35,5.188
411,36,2.187
411,37,1.432
411,38,1.035
411,39,2.523
411,40,0.978
411,41,1.239
411,42,0.645
411,43,0.568
411,44,2.73
411,45,0.759
411,46,0.631
411,47,1.806
411,48,2.22
412,1,0.377
412,2,0.355
412,3,0.254
412,4,0.247
412,5,2.622
412,6,0.373
412,7,0.176
412,8,0.177
412,9,1.266
412,10,1.948
412,11,0.195
412,12,0.529
412,13,2.786
412,14,1.05
412,15,0.44
412,16,0.257
412,17,0.129
412,18,1.172
412,19,1.838
412,20,0.646
412,21,3.622
412,22,2.912
412,23,2.402
412,24,5.774
412,25,4.837
412,26,4.388
412,27,1.191
412,28,0.853
412,29,3.768
412,30,1.369
412,31,0.984
412,32,1.781
412,33,1.372
412,34,2.339
412,35,3.094
412,36,2.576
412,37,1.068
412,38,1.041
412,39,3.718
412,40,1.126
412,41,0.592
412,42,0.941
412,43,2.195
412,44,1.951
412,45,1.318
412,46,0.6
412,47,0.381
412,48,0.387
413,1,0.297
413,2,0.457
413,3,0.238
413,4,0.135
413,5,0.207
413,6,0.208
413,7,0.172
413,8,0.133
413,9,0.198
413,10,0.219
413,11,0.152
413,12,0.374
413,13,0.367
413,14,0.676
413,15,0.603
413,16,0.326
413,17,0.291
413,18,0.855
413,19,0.36
413,20,0.338
413,21,0.238
413,22,0.879
413,23,0.647
413,24,1.035
413,25,0.198
413,26,0.137
413,27,0.151
413,28,0.216
413,29,1.345
413,30,0.619
413,31,0.286
413,32,0.336
413,33,0.223
413,34,0.753
413,35,5.518
413,36,2.031
413,37,0.63
413,38,1.414
413,39,2.134
413,40,0.91
413,41,0.957
413,42,0.808
413,43,0.693
413,44,1.687
413,45,0.538
413,46,0.428
413,47,0.965
413,48,1.372
414,1,0.562
414,2,0.378
414,3,0.266
414,4,0.196
414,5,1.401
414,6,0.325
414,7,0.206
414,8,0.149
414,9,0.686
414,10,1.086
414,11,0.188
414,12,0.146
414,13,1.621
414,14,1.147
414,15,1.346
414,16,3.143
414,17,2.092
414,18,4.161
414,19,4.265
414,20,2.973
414,21,1.956
414,22,0.388
414,23,0.64
414,24,3.074
414,25,0.723
414,26,0.418
414,27,1.457
414,28,0.21
414,29,1.481
414,30,1.393
414,31,0.284
414,32,0.695
414,33,1.519
414,34,2.661
414,35,2.88
414,36,1.222
414,37,1.433
414,38,2.418
414,39,1.622
414,40,1.635
414,41,0.699
414,42,0.706
414,43,1.419
414,44,1.65
414,45,0.774
414,46,0.948
414,47,1.562
414,48,1.546
415,1,1.473
415,2,0.62
415,3,0.28
415,4,0.181
415,5,1.4
415,6,0.306
415,7,0.163
415,8,0.132
415,9,0.726
415,10,0.981
415,11,0.132
415,12,0.141
415,13,1.391
415,14,1.047
415,15,0.566
415,16,0.438
415,17,0.897
415,18,0.846
415,19,1.228
415,20,0.366
415,21,0.245
415,22,0.174
415,23,0.74
415,24,1.064
415,25,0.152
415,26,0.205
415,27,0.224
415,28,0.158
415,29,1.409
415,30,0.365
415,31,0.273
415,32,1.975
415,33,1.77
415,34,2.937
415,35,2.922
415,36,3.415
415,37,1.282
415,38,0.608
415,39,1.722
415,40,0.673
415,41,0.574
415,42,0.613
415,43,0.619
415,44,1.703
415,45,0.775
415,46,0.787
415,47,1.453
415,48,1.242
