213,1,0.473
213,2,0.466
213,3,0.468
213,4,0.468
213,5,0.469
213,6,0.469
213,7,0.47
213,8,0.471
213,9,0.47
213,10,0.472
213,11,0.472
213,12,0.473
213,13,0.473
213,14,0.473
213,15,0.454
213,16,0.418
213,17,0.456
213,18,0.454
213,19,0.534
213,20,0.585
213,21,0.894
213,22,1.275
213,23,0.862
213,24,0.544
213,25,0.512
213,26,0.416
213,27,0.403
213,28,0.403
213,29,0.404
213,30,0.404
213,31,1.722
213,32,2.468
213,33,1.61
213,34,1.713
213,35,0.591
213,36,0.54
213,37,0.538
213,38,0.548
213,39,0.666
213,40,0.683
213,41,0.748
213,42,0.808
213,43,0.98
213,44,1.087
213,45,1.137
213,46,1.138
213,47,1.141
213,48,1.031
214,1,0.769
214,2,0.842
214,3,0.573
214,4,0.44
214,5,0.405
214,6,0.406
214,7,0.406
214,8,0.406
214,9,0.406
214,10,0.406
214,11,0.407
214,12,0.403
214,13,0.398
214,14,0.4
214,15,0.399
214,16,0.437
214,17,0.434
214,18,0.433
214,19,0.432
214,20,0.429
214,21,0.426
214,22,0.486
214,23,3.062
214,24,0.65
214,25,0.617
214,26,0.782
214,27,0.745
214,28,0.784
214,29,0.691
214,30,0.612
214,31,0.498
214,32,0.403
214,33,0.404
214,34,0.404
214,35,0.403
214,36,0.408
214,37,0.404
214,38,0.404
214,39,0.405
214,40,0.503
214,41,1.319
214,42,1.388
214,43,1.03
214,44,1.145
214,45,1.274
214,46,1.162
214,47,1.122
214,48,1.125
215,1,0.654
215,2,0.495
215,3,0.477
215,4,0.474
215,5,0.475
215,6,0.476
215,7,0.476
215,8,0.474
215,9,0.474
215,10,0.473
215,11,0.474
215,12,0.475
215,13,0.475
215,14,0.474
215,15,0.472
215,16,0.47
215,17,0.49
215,18,0.507
215,19,0.507
215,20,0.559
215,21,0.601
215,22,3.179
215,23,3.048
215,24,2.089
215,25,0.887
215,26,0.873
215,27,0.842
215,28,0.961
215,29,1.421
215,30,3.755
215,31,3.686
215,32,2.879
215,33,2.511
215,34,2.376
215,35,1.591
215,36,1.623
215,37,0.968
215,38,0.484
215,39,0.543
215,40,0.696
215,41,1.001
215,42,0.95
215,43,0.972
215,44,1.158
215,45,1.114
215,46,1.125
215,47,1.135
215,48,0.846
216,1,0.606
216,2,0.588
216,3,0.592
216,4,0.585
216,5,0.585
216,6,0.587
216,7,0.59
216,8,0.591
216,9,0.591
216,10,0.589
216,11,0.59
216,12,0.59
216,13,0.575
216,14,0.559
216,15,0.562
216,16,0.588
216,17,0.603
216,18,0.601
216,19,0.625
216,20,0.664
216,21,0.632
216,22,1.166
216,23,0.805
216,24,0.772
216,25,0.742
216,26,0.75
216,27,1.435
216,28,1.212
216,29,1.168
216,30,1.292
216,31,1.433
216,32,1.07
216,33,0.996
216,34,0.717
216,35,0.749
216,36,0.591
216,37,0.35
216,38,0.351
216,39,2.799
216,40,2.41
216,41,1.946
216,42,1.646
216,43,1.096
216,44,1.28
216,45,1.192
216,46,1.211
216,47,0.779
216,48,0.456
217,1,0.421
217,2,0.42
217,3,0.422
217,4,0.424
217,5,0.424
217,6,0.424
217,7,0.425
217,8,0.425
217,9,0.424
217,10,0.424
217,11,0.424
217,12,0.424
217,13,0.402
217,14,0.371
217,15,0.37
217,16,0.368
217,17,0.373
217,18,0.441
217,19,0.441
217,20,0.444
217,21,0.436
217,22,0.912
217,23,0.592
217,24,0.585
217,25,0.589
217,26,0.584
217,27,0.882
217,28,0.557
217,29,0.549
217,30,0.546
217,31,0.549
217,32,0.526
217,33,0.464
217,34,0.554
217,35,0.782
217,36,0.224
217,37,0.225
217,38,0.225
217,39,0.544
217,40,4.744
217,41,1.356
217,42,1.433
217,43,0.898
217,44,1.152
217,45,1.15
217,46,0.999
217,47,0.946
217,48,0.382
218,1,0.31
218,2,0.29
218,3,0.292
218,4,0.292
218,5,0.294
218,6,0.295
218,7,0.295
218,8,0.296
218,9,0.296
218,10,0.295
218,11,0.295
218,12,0.293
218,13,0.606
218,14,0.238
218,15,0.237
218,16,0.237
218,17,0.237
218,18,0.249
218,19,0.303
218,20,0.309
218,21,0.783
218,22,0.509
218,23,0.367
218,24,0.351
218,25,0.351
218,26,0.351
218,27,0.473
218,28,0.547
218,29,0.55
218,30,0.544
218,31,0.548
218,32,0.551
218,33,0.544
218,34,0.386
218,35,0.349
218,36,0.427
218,37,0.549
218,38,0.548
218,39,3.772
218,40,1.258
218,41,0.967
218,42,1.151
218,43,1.071
218,44,1.056
218,45,1.145
218,46,1.148
218,47,1.152
218,48,0.777
219,1,0.488
219,2,0.489
219,3,0.491
219,4,0.491
219,5,0.425
219,6,0.417
219,7,0.418
219,8,0.418
219,9,0.418
219,10,0.417
219,11,0.417
219,12,0.417
219,13,0.407
219,14,0.365
219,15,0.363
219,16,0.361
219,17,0.36
219,18,0.36
219,19,0.427
219,20,0.435
219,21,0.437
219,22,0.518
219,23,1.29
219,24,1.126
219,25,0.697
219,26,0.579
219,27,0.477
219,28,0.551
219,29,0.643
219,30,0.766
219,31,0.769
219,32,0.792
219,33,0.958
219,34,1.163
219,35,1.562
219,36,0.575
219,37,0.352
219,38,0.473
219,39,0.65
219,40,1.263
219,41,1.943
219,42,0.722
219,43,0.638
219,44,1.131
219,45,1.481
219,46,1.212
219,47,1.332
219,48,1.048
220,1,0.882
220,2,0.778
220,3,0.335
220,4,0.33
220,5,0.332
220,6,0.333
220,7,0.332
220,8,0.334
220,9,0.334
220,10,0.334
220,11,0.334
220,12,0.336
220,13,0.336
220,14,0.335
220,15,0.311
220,16,0.238
220,17,0.243
220,18,0.279
220,19,1.674
220,20,0.592
220,21,0.545
220,22,0.709
220,23,0.937
220,24,1.021
220,25,2.265
220,26,2.316
220,27,1.648
220,28,1.682
220,29,1.108
220,30,0.555
220,31,0.502
220,32,0.359
220,33,0.356
220,34,0.352
220,35,0.353
220,36,0.353
220,37,0.451
220,38,1.368
220,39,0.811
220,40,0.942
220,41,1.204
220,42,2.921
220,43,2.242
220,44,1.224
220,45,1.188
220,46,1.212
220,47,1.307
220,48,1.163
221,1,0.741
221,2,0.536
221,3,0.508
221,4,0.504
221,5,0.509
221,6,0.508
221,7,0.511
221,8,0.515
221,9,0.508
221,10,0.505
221,11,0.499
221,12,0.47
221,13,0.466
221,14,0.466
221,15,0.465
221,16,0.465
221,17,0.463
221,18,0.504
221,19,0.519
221,20,1.118
221,21,2.674
221,22,1.103
221,23,0.807
221,24,0.754
221,25,0.74
221,26,0.739
221,27,0.727
221,28,0.704
221,29,0.763
221,30,0.756
221,31,0.742
221,32,0.773
221,33,0.693
221,34,0.736
221,35,0.817
221,36,1.025
221,37,0.799
221,38,0.761
221,39,0.731
221,40,0.888
221,41,1.089
221,42,1.018
221,43,1.161
221,44,1.317
221,45,1.488
221,46,1.307
221,47,0.731
221,48,0.459
222,1,0.44
222,2,0.388
222,3,0.39
222,4,0.39
222,5,0.393
222,6,0.393
222,7,0.393
222,8,0.393
222,9,0.393
222,10,0.393
222,11,0.393
222,12,0.393
222,13,0.371
222,14,0.341
222,15,0.339
222,16,0.339
222,17,0.339
222,18,0.364
222,19,0.434
222,20,0.45
222,21,0.492
222,22,0.523
222,23,0.781
222,24,0.769
222,25,0.563
222,26,0.709
222,27,0.848
222,28,0.774
222,29,1.081
222,30,1.311
222,31,0.221
222,32,0.22
222,33,0.221
222,34,0.222
222,35,0.221
222,36,0.296
222,37,0.745
222,38,2.232
222,39,3.067
222,40,1.52
222,41,0.873
222,42,0.979
222,43,0.98
222,44,1.223
222,45,1.062
222,46,1.215
222,47,0.906
222,48,0.446
223,1,0.412
223,2,0.414
223,3,0.416
223,4,0.414
223,5,0.414
223,6,0.415
223,7,0.413
223,8,0.414
223,9,0.414
223,10,0.413
223,11,0.414
223,12,0.413
223,13,0.41
223,14,0.402
223,15,0.405
223,16,0.403
223,17,0.461
223,18,0.479
223,19,0.476
223,20,0.534
223,21,1.4
223,22,0.59
223,23,0.584
223,24,0.564
223,25,0.592
223,26,0.581
223,27,0.585
223,28,0.543
223,29,0.383
223,30,0.348
223,31,0.348
223,32,0.348
223,33,0.348
223,34,0.36
223,35,0.457
223,36,0.544
223,37,0.548
223,38,4.36
223,39,1.524
223,40,0.998
223,41,0.935
223,42,1.451
223,43,1.185
223,44,1.294
223,45,1.256
223,46,1.136
223,47,1.13
223,48,0.589
224,1,0.432
224,2,0.431
224,3,0.433
224,4,0.434
224,5,0.434
224,6,0.435
224,7,0.435
224,8,0.435
224,9,0.435
224,10,0.435
224,11,0.435
224,12,0.435
224,13,0.447
224,14,0.418
224,15,0.419
224,16,0.416
224,17,0.423
224,18,0.457
224,19,0.462
224,20,0.912
224,21,0.919
224,22,1.221
224,23,0.735
224,24,0.768
224,25,0.773
224,26,0.852
224,27,0.936
224,28,0.941
224,29,1.32
224,30,0.545
224,31,0.481
224,32,0.483
224,33,0.44
224,34,0.399
224,35,0.545
224,36,1.196
224,37,0.723
224,38,3.168
224,39,1.328
224,40,0.698
224,41,3.348
224,42,3.28
224,43,2.872
224,44,2.582
224,45,1.578
224,46,1.356
224,47,1.364
224,48,1.057
225,1,0.573
225,2,0.443
225,3,0.435
225,4,0.434
225,5,0.434
225,6,0.434
225,7,0.436
225,8,0.435
225,9,0.436
225,10,0.435
225,11,0.435
225,12,0.434
225,13,0.431
225,14,0.342
225,15,0.339
225,16,0.34
225,17,0.338
225,18,0.411
225,19,0.497
225,20,0.491
225,21,0.438
225,22,1.038
225,23,0.533
225,24,0.582
225,25,0.572
225,26,0.427
225,27,0.379
225,28,0.378
225,29,0.379
225,30,0.379
225,31,0.392
225,32,0.41
225,33,0.407
225,34,0.543
225,35,0.543
225,36,0.534
225,37,0.526
225,38,4.897
225,39,3.125
225,40,1.246
225,41,0.844
225,42,1.019
225,43,0.925
225,44,1.026
225,45,1.12
225,46,1.359
225,47,1.035
225,48,0.525
226,1,0.297
226,2,0.286
226,3,0.288
226,4,0.289
226,5,0.29
226,6,0.29
226,7,0.291
226,8,0.291
226,9,0.291
226,10,0.29
226,11,0.291
226,12,0.29
226,13,0.274
226,14,0.238
226,15,0.236
226,16,0.235
226,17,0.287
226,18,0.354
226,19,0.505
226,20,0.647
226,21,0.652
226,22,0.709
226,23,0.289
226,24,0.305
226,25,0.327
226,26,2.078
226,27,1.629
226,28,0.814
226,29,0.223
226,30,0.223
226,31,0.221
226,32,0.221
226,33,0.222
226,34,0.22
226,35,0.22
226,36,0.222
226,37,0.403
226,38,0.448
226,39,1.338
226,40,1.462
226,41,1.352
226,42,0.878
226,43,1.023
226,44,1.139
226,45,1.138
226,46,1.146
226,47,0.841
226,48,0.491
227,1,0.411
227,2,0.396
227,3,0.396
227,4,0.398
227,5,0.398
227,6,0.397
227,7,0.397
227,8,0.397
227,9,0.398
227,10,0.397
227,11,0.397
227,12,0.397
227,13,0.397
227,14,0.414
227,15,0.435
227,16,0.493
227,17,0.974
227,18,3.072
227,19,0.928
227,20,1.022
227,21,0.996
227,22,0.83
227,23,0.352
227,24,0.468
227,25,0.257
227,26,0.256
227,27,0.256
227,28,0.258
227,29,0.258
227,30,0.26
227,31,0.26
227,32,0.259
227,33,0.26
227,34,0.259
227,35,0.258
227,36,0.258
227,37,0.255
227,38,0.256
227,39,0.257
227,40,0.257
227,41,0.258
227,42,0.258
227,43,0.253
227,44,0.251
227,45,0.252
227,46,0.255
227,47,0.256
227,48,0.257
228,1,0.258
228,2,0.259
228,3,0.26
228,4,0.261
228,5,0.263
228,6,0.263
228,7,0.264
228,8,0.264
228,9,0.264
228,10,0.264
228,11,0.264
228,12,0.264
228,13,0.265
228,14,0.266
228,15,0.265
228,16,0.264
228,17,0.261
228,18,0.261
228,19,0.257
228,20,0.254
228,21,0.255
228,22,0.254
228,23,0.257
228,24,0.253
228,25,0.253
228,26,0.252
228,27,0.25
228,28,0.251
228,29,0.253
228,30,0.253
228,31,0.255
228,32,0.256
228,33,0.256
228,34,0.255
228,35,0.257
228,36,0.258
228,37,0.258
228,38,0.257
228,39,0.258
228,40,0.258
228,41,0.257
228,42,0.255
228,43,0.253
228,44,0.254
228,45,0.255
228,46,0.257
228,47,0.254
228,48,0.256
229,1,0.256
229,2,0.259
229,3,0.26
229,4,0.261
229,5,0.262
229,6,0.262
229,7,0.263
229,8,0.263
229,9,0.263
229,10,0.262
229,11,0.262
229,12,0.262
229,13,0.261
229,14,0.26
229,15,0.259
229,16,0.257
229,17,0.255
229,18,0.256
229,19,0.255
229,20,0.257
229,21,0.258
229,22,0.258
229,23,0.257
229,24,0.255
229,25,0.255
229,26,0.255
229,27,0.257
229,28,0.258
229,29,0.257
229,30,0.256
229,31,0.256
229,32,0.255
229,33,0.256
229,34,0.256
229,35,0.251
229,36,0.252
229,37,0.253
229,38,0.255
229,39,0.254
229,40,0.256
229,41,0.257
229,42,0.255
229,43,0.278
229,44,0.322
229,45,0.325
229,46,0.326
229,47,0.33
229,48,0.332
230,1,0.335
230,2,0.337
230,3,0.34
230,4,0.341
230,5,0.34
230,6,0.34
230,7,0.336
230,8,0.336
230,9,0.335
230,10,0.335
230,11,0.334
230,12,0.339
230,13,0.338
230,14,0.335
230,15,0.337
230,16,0.335
230,17,0.33
230,18,0.331
230,19,0.33
230,20,0.331
230,21,0.33
230,22,0.329
230,23,0.332
230,24,0.334
230,25,0.332
230,26,0.332
230,27,0.331
230,28,0.333
230,29,0.331
230,30,0.328
230,31,0.328
230,32,0.329
230,33,0.331
230,34,0.329
230,35,0.329
230,36,0.327
230,37,0.236
230,38,0.207
230,39,0.206
230,40,0.207
230,41,0.207
230,42,0.205
230,43,0.205
230,44,0.285
230,45,0.322
230,46,0.327
230,47,0.329
230,48,0.329
231,1,0.331
231,2,0.331
231,3,0.335
231,4,0.336
231,5,0.338
231,6,0.339
231,7,0.339
231,8,0.34
231,9,0.34
231,10,0.339
231,11,0.339
231,12,0.338
231,13,0.337
231,14,0.335
231,15,0.334
231,16,0.331
231,17,0.328
231,18,0.328
231,19,0.331
231,20,0.329
231,21,0.329
231,22,0.329
231,23,0.32
231,24,0.255
231,25,0.255
231,26,0.255
231,27,0.254
231,28,0.255
231,29,0.255
231,30,0.255
231,31,0.255
231,32,0.255
231,33,0.255
231,34,0.254
231,35,0.255
231,36,0.257
231,37,0.254
231,38,0.256
231,39,0.254
231,40,0.253
231,41,0.255
231,42,0.306
231,43,0.323
231,44,0.324
231,45,0.329
231,46,0.332
231,47,0.33
231,48,0.332
232,1,0.332
232,2,0.334
232,3,0.338
232,4,0.338
232,5,0.34
232,6,0.34
232,7,0.34
232,8,0.34
232,9,0.341
232,10,0.34
232,11,0.341
232,12,0.339
232,13,0.338
232,14,0.335
232,15,0.338
232,16,0.338
232,17,0.332
232,18,0.33
232,19,0.333
232,20,0.297
232,21,0.257
232,22,0.256
232,23,0.254
232,24,0.257
232,25,0.256
232,26,0.256
232,27,0.255
232,28,0.255
232,29,0.257
232,30,0.255
232,31,0.255
232,32,0.256
232,33,0.257
232,34,0.257
232,35,0.252
232,36,0.252
232,37,0.252
232,38,0.25
232,39,0.253
232,40,0.266
232,41,0.37
232,42,0.367
232,43,0.364
232,44,0.364
232,45,0.366
232,46,0.369
232,47,0.37
232,48,0.371
233,1,0.373
233,2,0.375
233,3,0.378
233,4,0.379
233,5,0.38
233,6,0.382
233,7,0.381
233,8,0.383
233,9,0.382
233,10,0.38
233,11,0.382
233,12,0.381
233,13,0.38
233,14,0.376
233,15,0.38
233,16,0.38
233,17,0.376
233,18,0.37
233,19,0.371
233,20,0.37
233,21,0.366
233,22,0.351
233,23,0.255
233,24,0.254
233,25,0.253
233,26,0.255
233,27,0.255
233,28,0.255
233,29,0.255
233,30,0.257
233,31,0.255
233,32,0.254
233,33,0.255
233,34,0.251
233,35,0.25
233,36,0.252
233,37,0.251
233,38,0.252
233,39,0.254
233,40,0.255
233,41,0.462
233,42,0.473
233,43,0.466
233,44,0.468
233,45,0.471
233,46,0.472
233,47,0.479
233,48,0.482
234,1,0.489
234,2,0.492
234,3,0.501
234,4,0.502
234,5,0.503
234,6,0.507
234,7,0.506
234,8,0.51
234,9,0.512
234,10,0.511
234,11,0.513
234,12,0.512
234,13,0.511
234,14,0.5
234,15,0.495
234,16,0.495
234,17,0.49
234,18,0.48
234,19,0.482
234,20,0.486
234,21,0.488
234,22,0.472
234,23,0.47
234,24,0.211
234,25,0.203
234,26,0.203
234,27,0.204
234,28,0.205
234,29,0.268
234,30,0.438
234,31,1.276
234,32,0.618
234,33,0.808
234,34,1.083
234,35,1.176
234,36,2.675
234,37,2.491
234,38,2.211
234,39,1.264
234,40,1.014
234,41,0.917
234,42,0.916
234,43,0.905
234,44,1.594
234,45,1.328
234,46,1.498
234,47,1.377
234,48,1.342
235,1,1.14
235,2,1.068
235,3,0.526
235,4,0.405
235,5,0.404
235,6,0.405
235,7,0.406
235,8,0.407
235,9,0.406
235,10,0.407
235,11,0.406
235,12,0.406
235,13,0.407
235,14,0.407
235,15,0.407
235,16,0.405
235,17,0.421
235,18,0.444
235,19,0.443
235,20,0.435
235,21,1.273
235,22,4.693
235,23,3.061
235,24,2.104
235,25,2.049
235,26,1.002
235,27,2.862
235,28,2.18
235,29,2.055
235,30,1.472
235,31,1.086
235,32,0.839
235,33,1.078
235,34,1.013
235,35,0.887
235,36,2.555
235,37,1.52
235,38,0.889
235,39,0.967
235,40,1.007
235,41,0.929
235,42,0.838
235,43,0.836
235,44,0.839
235,45,0.844
235,46,0.661
235,47,0.702
235,48,0.602
236,1,0.533
236,2,0.535
236,3,0.543
236,4,0.547
236,5,0.549
236,6,0.549
236,7,0.552
236,8,0.551
236,9,0.552
236,10,0.552
236,11,0.551
236,12,0.549
236,13,0.608
236,14,0.453
236,15,0.45
236,16,0.439
236,17,0.48
236,18,0.476
236,19,0.565
236,20,0.615
236,21,0.524
236,22,0.516
236,23,0.607
236,24,0.731
236,25,0.752
236,26,0.488
236,27,0.326
236,28,0.325
236,29,0.325
236,30,0.326
236,31,0.325
236,32,0.324
236,33,0.323
236,34,0.325
236,35,0.499
236,36,0.595
236,37,1.346
236,38,1.153
236,39,1.021
236,40,2.817
236,41,1.101
236,42,0.88
236,43,0.92
236,44,1.334
236,45,1.022
236,46,1.006
236,47,0.964
236,48,0.463
237,1,0.309
237,2,0.311
237,3,0.313
237,4,0.314
237,5,0.315
237,6,0.316
237,7,0.316
237,8,0.316
237,9,0.316
237,10,0.316
237,11,0.315
237,12,0.315
237,13,0.397
237,14,0.303
237,15,0.304
237,16,0.317
237,17,0.4
237,18,0.439
237,19,0.445
237,20,0.446
237,21,0.44
237,22,0.831
237,23,0.735
237,24,0.484
237,25,0.312
237,26,0.245
237,27,0.245
237,28,0.246
237,29,0.246
237,30,0.245
237,31,0.272
237,32,0.246
237,33,0.244
237,34,0.245
237,35,0.436
237,36,0.263
237,37,1.691
237,38,1.0
237,39,4.152
237,40,0.927
237,41,0.854
237,42,0.784
237,43,1.011
237,44,1.109
237,45,0.873
237,46,0.875
237,47,0.821
237,48,0.332
238,1,0.305
238,2,0.277
238,3,0.279
238,4,0.279
238,5,0.28
238,6,0.28
238,7,0.278
238,8,0.278
238,9,0.278
238,10,0.278
238,11,0.278
238,12,0.278
238,13,0.339
238,14,0.226
238,15,0.228
238,16,0.227
238,17,0.248
238,18,0.256
238,19,0.26
238,20,0.26
238,21,0.26
238,22,0.704
238,23,0.356
238,24,0.357
238,25,0.352
238,26,0.353
238,27,0.356
238,28,0.22
238,29,0.22
238,30,0.22
238,31,0.221
238,32,0.236
238,33,0.36
238,34,0.355
238,35,0.353
238,36,0.353
238,37,0.447
238,38,0.574
238,39,1.181
238,40,2.208
238,41,0.845
238,42,0.942
238,43,1.211
238,44,1.365
238,45,1.173
238,46,1.008
238,47,1.016
238,48,0.573
239,1,0.306
239,2,0.305
239,3,0.308
239,4,0.305
239,5,0.303
239,6,0.303
239,7,0.303
239,8,0.304
239,9,0.306
239,10,0.309
239,11,0.308
239,12,0.308
239,13,0.305
239,14,0.257
239,15,0.251
239,16,0.251
239,17,0.249
239,18,0.265
239,19,0.326
239,20,0.328
239,21,0.328
239,22,1.437
239,23,0.824
239,24,0.564
239,25,0.673
239,26,0.577
239,27,0.443
239,28,0.566
239,29,0.948
239,30,1.202
239,31,1.475
239,32,1.472
239,33,2.45
239,34,2.582
239,35,1.814
239,36,1.778
239,37,1.33
239,38,0.856
239,39,4.565
239,40,2.008
239,41,0.937
239,42,1.33
239,43,1.918
239,44,1.298
239,45,1.128
239,46,0.947
239,47,0.836
239,48,0.478
240,1,0.472
240,2,0.474
240,3,0.477
240,4,0.479
240,5,0.479
240,6,0.481
240,7,0.482
240,8,0.482
240,9,0.481
240,10,0.482
240,11,0.481
240,12,0.48
240,13,0.445
240,14,0.383
240,15,0.382
240,16,0.38
240,17,0.404
240,18,0.433
240,19,0.509
240,20,3.099
240,21,1.808
240,22,1.154
240,23,0.495
240,24,0.489
240,25,0.497
240,26,0.636
240,27,0.867
240,28,0.626
240,29,0.612
240,30,0.428
240,31,0.434
240,32,0.536
240,33,0.587
240,34,1.134
240,35,1.24
240,36,1.336
240,37,1.034
240,38,0.745
240,39,1.659
240,40,1.758
240,41,0.939
240,42,0.927
240,43,1.18
240,44,1.228
240,45,1.518
240,46,1.257
240,47,0.957
240,48,0.536
388,1,1.192
388,2,0.69
388,3,0.388
388,4,0.387
388,5,0.384
388,6,0.386
388,7,0.384
388,8,0.385
388,9,0.385
388,10,0.385
388,11,0.385
388,12,0.385
388,13,0.384
388,14,0.383
388,15,0.38
388,16,0.771
388,17,1.839
388,18,1.272
388,19,1.122
388,20,1.751
388,21,1.315
388,22,1.402
388,23,1.349
388,24,1.404
388,25,1.23
388,26,0.864
388,27,0.609
388,28,0.588
388,29,0.59
388,30,0.59
388,31,0.585
388,32,0.584
388,33,0.579
388,34,0.578
388,35,0.562
388,36,0.557
388,37,0.564
388,38,0.568
388,39,0.565
388,40,0.569
388,41,0.572
388,42,0.574
388,43,0.579
388,44,0.59
388,45,0.589
388,46,0.587
388,47,0.588
388,48,0.592
389,1,0.592
389,2,0.597
389,3,0.604
389,4,0.608
389,5,0.612
389,6,0.613
389,7,0.613
389,8,0.616
389,9,0.617
389,10,0.608
389,11,0.61
389,12,0.609
389,13,0.61
389,14,0.609
389,15,0.605
389,16,0.605
389,17,0.606
389,18,0.602
389,19,0.597
389,20,0.593
389,21,0.585
389,22,0.581
389,23,0.578
389,24,0.575
389,25,0.58
389,26,0.575
389,27,0.544
389,28,0.474
389,29,0.478
389,30,0.796
389,31,0.811
389,32,0.808
389,33,0.913
389,34,1.035
389,35,1.562
389,36,2.301
389,37,1.559
389,38,1.324
389,39,1.32
389,40,1.366
389,41,1.22
389,42,1.42
389,43,1.318
389,44,1.414
389,45,1.905
389,46,1.784
389,47,1.599
389,48,1.065
390,1,0.388
390,2,0.403
390,3,0.425
390,4,0.426
390,5,0.373
390,6,0.373
390,7,0.374
390,8,0.429
390,9,0.411
390,10,0.375
390,11,0.375
390,12,0.41
390,13,0.41
390,14,0.398
390,15,1.083
390,16,0.966
390,17,1.237
390,18,0.845
390,19,0.31
390,20,0.311
390,21,0.331
390,22,0.528
390,23,0.549
390,24,0.577
390,25,0.623
390,26,0.635
390,27,0.894
390,28,0.758
390,29,0.422
390,30,0.404
390,31,1.256
390,32,0.688
390,33,0.611
390,34,0.606
390,35,0.593
390,36,0.585
390,37,0.59
390,38,0.598
390,39,0.599
390,40,0.603
390,41,0.602
390,42,0.601
390,43,0.606
390,44,0.63
390,45,0.999
390,46,0.89
390,47,0.702
390,48,0.37
391,1,0.373
391,2,0.39
391,3,0.428
391,4,0.426
391,5,0.375
391,6,0.376
391,7,0.376
391,8,0.428
391,9,0.412
391,10,0.377
391,11,0.376
391,12,0.409
391,13,0.863
391,14,0.448
391,15,0.395
391,16,0.409
391,17,0.415
391,18,0.715
391,19,1.07
391,20,0.811
391,21,0.809
391,22,0.79
391,23,0.768
391,24,0.893
391,25,0.895
391,26,1.11
391,27,2.147
391,28,0.972
391,29,0.768
391,30,0.809
391,31,0.82
391,32,0.754
391,33,1.051
391,34,2.155
391,35,5.186
391,36,3.31
391,37,2.15
391,38,1.386
391,39,1.344
391,40,1.503
391,41,1.362
391,42,1.358
391,43,1.381
391,44,1.881
391,45,1.01
391,46,0.552
391,47,0.436
391,48,0.394
392,1,0.397
392,2,0.414
392,3,0.453
392,4,0.454
392,5,0.402
392,6,0.399
392,7,0.399
392,8,0.449
392,9,0.434
392,10,0.399
392,11,0.399
392,12,0.433
392,13,0.87
392,14,0.437
392,15,0.808
392,16,1.034
392,17,1.642
392,18,0.675
392,19,0.767
392,20,0.872
392,21,0.826
392,22,0.615
392,23,0.728
392,24,1.469
392,25,2.179
392,26,1.892
392,27,1.021
392,28,0.558
392,29,0.4
392,30,0.391
392,31,0.39
392,32,0.388
392,33,0.389
392,34,0.388
392,35,0.387
392,36,0.825
392,37,1.602
392,38,1.16
392,39,1.523
392,40,1.692
392,41,1.44
392,42,1.674
392,43,1.276
392,44,1.277
392,45,1.198
392,46,1.189
392,47,1.043
392,48,1.038
393,1,0.594
393,2,0.416
393,3,0.457
393,4,0.457
393,5,0.402
393,6,0.402
393,7,0.398
393,8,0.454
393,9,0.438
393,10,0.403
393,11,0.402
393,12,0.436
393,13,0.686
393,14,0.637
393,15,1.084
393,16,0.977
393,17,1.732
393,18,0.624
393,19,0.65
393,20,0.869
393,21,0.667
393,22,1.358
393,23,1.803
393,24,1.644
393,25,1.334
393,26,0.384
393,27,0.508
393,28,0.501
393,29,0.375
393,30,0.943
393,31,2.144
393,32,2.129
393,33,2.708
393,34,1.539
393,35,0.955
393,36,0.943
393,37,1.58
393,38,1.673
393,39,1.347
393,40,1.143
393,41,1.229
393,42,1.132
393,43,1.145
393,44,1.1
393,45,1.03
393,46,1.038
393,47,1.066
393,48,0.835
394,1,0.467
394,2,0.418
394,3,0.459
394,4,0.458
394,5,0.406
394,6,0.407
394,7,0.407
394,8,0.461
394,9,0.443
394,10,0.407
394,11,0.407
394,12,0.441
394,13,0.438
394,14,0.885
394,15,0.776
394,16,0.882
394,17,0.418
394,18,0.709
394,19,1.93
394,20,0.878
394,21,0.692
394,22,0.839
394,23,0.997
394,24,0.389
394,25,0.346
394,26,1.778
394,27,2.565
394,28,2.924
394,29,2.566
394,30,0.93
394,31,0.937
394,32,0.858
394,33,1.449
394,34,2.016
394,35,1.943
394,36,2.587
394,37,1.604
394,38,0.966
394,39,1.485
394,40,1.803
394,41,1.038
394,42,1.139
394,43,1.156
394,44,1.2
394,45,1.197
394,46,1.142
394,47,1.088
394,48,0.996
395,1,0.466
395,2,0.416
395,3,0.45
395,4,0.45
395,5,0.401
395,6,0.402
395,7,0.403
395,8,0.457
395,9,0.44
395,10,0.405
395,11,0.414
395,12,0.439
395,13,0.435
395,14,0.403
395,15,0.432
395,16,0.443
395,17,0.443
395,18,0.502
395,19,1.833
395,20,1.198
395,21,1.89
395,22,0.802
395,23,0.734
395,24,1.89
395,25,1.883
395,26,1.635
395,27,1.774
395,28,1.562
395,29,0.53
395,30,0.503
395,31,0.515
395,32,0.814
395,33,1.498
395,34,1.6
395,35,1.676
395,36,1.438
395,37,1.742
395,38,2.94
395,39,1.932
395,40,1.452
395,41,1.299
395,42,1.283
395,43,1.258
395,44,1.422
395,45,1.308
395,46,1.053
395,47,0.989
395,48,0.938
396,1,0.858
396,2,0.819
396,3,0.812
396,4,0.675
396,5,0.444
396,6,0.447
396,7,0.479
396,8,0.533
396,9,0.406
396,10,0.372
396,11,0.365
396,12,0.399
396,13,0.401
396,14,0.372
396,15,0.392
396,16,0.412
396,17,0.412
396,18,0.658
396,19,1.636
396,20,1.181
396,21,1.191
396,22,1.145
396,23,1.146
396,24,1.549
396,25,1.087
396,26,1.028
396,27,0.986
396,28,2.306
396,29,1.899
396,30,1.916
396,31,1.97
396,32,1.952
396,33,2.314
396,34,2.599
396,35,2.829
396,36,3.768
396,37,2.147
396,38,1.894
396,39,1.575
396,40,1.738
396,41,2.201
396,42,2.769
396,43,2.805
396,44,2.826
396,45,2.002
396,46,1.289
396,47,0.859
396,48,0.43
397,1,0.373
397,2,0.387
397,3,0.427
397,4,0.427
397,5,0.377
397,6,0.377
397,7,0.377
397,8,0.431
397,9,0.414
397,10,0.378
397,11,0.378
397,12,0.413
397,13,0.904
397,14,0.426
397,15,0.884
397,16,0.992
397,17,0.429
397,18,1.09
397,19,1.186
397,20,0.66
397,21,0.732
397,22,0.662
397,23,0.607
397,24,0.605
397,25,0.603
397,26,0.985
397,27,1.018
397,28,0.799
397,29,1.26
397,30,0.964
397,31,1.305
397,32,1.156
397,33,1.127
397,34,0.886
397,35,0.831
397,36,0.824
397,37,1.218
397,38,1.32
397,39,1.994
397,40,1.697
397,41,1.412
397,42,1.39
397,43,1.329
397,44,1.403
397,45,1.374
397,46,1.038
397,47,1.056
397,48,1.469
398,1,1.012
398,2,1.056
398,3,0.454
398,4,0.363
398,5,0.364
398,6,0.364
398,7,0.364
398,8,0.363
398,9,0.363
398,10,0.363
398,11,0.363
398,12,0.396
398,13,1.058
398,14,0.361
398,15,0.85
398,16,1.088
398,17,1.057
398,18,1.076
398,19,1.345
398,20,0.825
398,21,0.651
398,22,1.582
398,23,0.814
398,24,0.669
398,25,0.84
398,26,0.949
398,27,0.819
398,28,0.943
398,29,2.749
398,30,1.829
398,31,1.926
398,32,1.409
398,33,1.504
398,34,2.659
398,35,2.554
398,36,2.55
398,37,3.786
398,38,2.308
398,39,2.952
398,40,2.48
398,41,2.479
398,42,2.468
398,43,1.449
398,44,0.922
398,45,0.701
398,46,0.598
398,47,0.376
398,48,0.378
399,1,0.376
399,2,0.381
399,3,0.383
399,4,0.381
399,5,0.38
399,6,0.38
399,7,0.38
399,8,0.381
399,9,0.381
399,10,0.381
399,11,0.38
399,12,0.443
399,13,1.313
399,14,1.118
399,15,1.26
399,16,1.324
399,17,0.393
399,18,0.447
399,19,0.646
399,20,0.66
399,21,0.58
399,22,0.318
399,23,0.317
399,24,0.403
399,25,0.625
399,26,0.618
399,27,0.606
399,28,1.285
399,29,1.116
399,30,0.629
399,31,0.956
399,32,1.491
399,33,1.842
399,34,2.467
399,35,2.575
399,36,2.25
399,37,1.586
399,38,4.504
399,39,1.584
399,40,1.738
399,41,1.82
399,42,1.638
399,43,1.809
399,44,1.29
399,45,0.647
399,46,0.573
399,47,0.47
399,48,0.373
400,1,0.375
400,2,0.377
400,3,0.379
400,4,0.377
400,5,0.379
400,6,0.377
400,7,0.378
400,8,0.376
400,9,0.377
400,10,0.378
400,11,0.377
400,12,0.41
400,13,1.076
400,14,0.384
400,15,0.833
400,16,0.929
400,17,0.464
400,18,0.589
400,19,1.113
400,20,1.462
400,21,0.484
400,22,0.317
400,23,0.729
400,24,0.621
400,25,0.63
400,26,0.779
400,27,0.815
400,28,0.71
400,29,0.319
400,30,0.535
400,31,1.877
400,32,1.138
400,33,1.218
400,34,1.278
400,35,1.345
400,36,1.474
400,37,1.799
400,38,3.694
400,39,3.365
400,40,1.486
400,41,1.544
400,42,1.408
400,43,1.424
400,44,1.572
400,45,1.244
400,46,1.253
400,47,1.118
400,48,0.478
401,1,0.383
401,2,0.382
401,3,0.382
401,4,0.384
401,5,0.384
401,6,0.384
401,7,0.383
401,8,0.382
401,9,0.383
401,10,0.383
401,11,0.382
401,12,0.416
401,13,1.162
401,14,0.396
401,15,0.821
401,16,1.392
401,17,1.109
401,18,1.145
401,19,0.433
401,20,0.319
401,21,0.319
401,22,0.319
401,23,0.318
401,24,0.317
401,25,0.319
401,26,0.318
401,27,0.317
401,28,0.317
401,29,0.318
401,30,0.549
401,31,1.872
401,32,1.436
401,33,0.979
401,34,1.092
401,35,1.462
401,36,1.684
401,37,1.508
401,38,1.916
401,39,3.086
401,40,4.103
401,41,3.372
401,42,2.69
401,43,2.028
401,44,1.48
401,45,1.532
401,46,1.562
401,47,1.377
401,48,1.228
402,1,0.381
402,2,0.377
402,3,0.379
402,4,0.381
402,5,0.382
402,6,0.383
402,7,0.383
402,8,0.381
402,9,0.381
402,10,0.381
402,11,0.379
402,12,0.413
402,13,0.412
402,14,0.378
402,15,0.377
402,16,0.897
402,17,2.046
402,18,2.0
402,19,1.294
402,20,1.106
402,21,1.174
402,22,1.041
402,23,1.062
402,24,1.671
402,25,3.438
402,26,2.786
402,27,1.931
402,28,1.038
402,29,1.207
402,30,2.082
402,31,2.177
402,32,1.267
402,33,1.496
402,34,1.556
402,35,1.756
402,36,2.445
402,37,2.42
402,38,1.655
402,39,1.545
402,40,1.465
402,41,1.493
402,42,1.751
402,43,2.74
402,44,2.794
402,45,2.11
402,46,1.242
402,47,1.247
402,48,1.275
403,1,1.301
403,2,1.172
403,3,0.472
403,4,0.473
403,5,0.472
403,6,0.471
403,7,0.471
403,8,0.472
403,9,0.472
403,10,0.472
403,11,0.492
403,12,0.473
403,13,0.472
403,14,0.435
403,15,0.434
403,16,0.444
403,17,0.577
403,18,1.725
403,19,1.512
403,20,1.573
403,21,1.848
403,22,2.162
403,23,1.204
403,24,1.246
403,25,1.269
403,26,1.111
403,27,1.597
403,28,1.47
403,29,0.45
403,30,0.378
403,31,0.376
403,32,0.375
403,33,0.376
403,34,0.376
403,35,0.373
403,36,0.372
403,37,0.372
403,38,3.813
403,39,3.688
403,40,1.713
403,41,1.609
403,42,1.646
403,43,1.592
403,44,2.171
403,45,1.816
403,46,1.34
403,47,0.973
403,48,0.609
404,1,0.373
404,2,0.385
404,3,0.374
404,4,0.376
404,5,0.377
404,6,0.378
404,7,0.378
404,8,0.377
404,9,0.378
404,10,0.378
404,11,0.377
404,12,0.41
404,13,0.49
404,14,0.371
404,15,0.73
404,16,1.647
404,17,1.698
404,18,1.595
404,19,1.878
404,20,1.448
404,21,0.77
404,22,0.759
404,23,0.768
404,24,0.828
404,25,0.853
404,26,0.497
404,27,0.373
404,28,0.371
404,29,0.373
404,30,0.405
404,31,1.146
404,32,1.152
404,33,1.542
404,34,1.859
404,35,1.386
404,36,1.609
404,37,4.74
404,38,2.828
404,39,1.608
404,40,1.828
404,41,1.93
404,42,1.97
404,43,1.675
404,44,1.261
404,45,1.241
404,46,1.232
404,47,0.553
404,48,0.435
405,1,0.433
405,2,0.431
405,3,0.433
405,4,0.432
405,5,0.434
405,6,0.435
405,7,0.434
405,8,0.434
405,9,0.435
405,10,0.435
405,11,0.435
405,12,0.47
405,13,1.313
405,14,0.48
405,15,0.808
405,16,1.032
405,17,0.454
405,18,0.41
405,19,0.997
405,20,0.657
405,21,0.727
405,22,0.681
405,23,0.593
405,24,0.852
405,25,0.684
405,26,0.702
405,27,0.72
405,28,0.872
405,29,2.263
405,30,0.896
405,31,1.22
405,32,1.107
405,33,1.175
405,34,1.151
405,35,2.758
405,36,1.353
405,37,4.418
405,38,2.125
405,39,2.056
405,40,1.753
405,41,1.842
405,42,2.957
405,43,2.123
405,44,1.783
405,45,1.466
405,46,1.321
405,47,0.582
405,48,0.537
406,1,0.466
406,2,0.444
406,3,0.442
406,4,0.442
406,5,0.444
406,6,0.444
406,7,0.444
406,8,0.445
406,9,0.445
406,10,0.444
406,11,0.447
406,12,0.512
406,13,0.614
406,14,0.572
406,15,1.245
406,16,1.009
406,17,1.01
406,18,1.066
406,19,1.752
406,20,2.192
406,21,1.372
406,22,0.454
406,23,0.427
406,24,0.427
406,25,0.428
406,26,0.426
406,27,0.424
406,28,0.425
406,29,0.426
406,30,0.427
406,31,0.424
406,32,0.42
406,33,0.422
406,34,0.424
406,35,0.423
406,36,0.418
406,37,0.419
406,38,0.421
406,39,0.642
406,40,1.962
406,41,1.344
406,42,1.687
406,43,1.658
406,44,1.552
406,45,1.291
406,46,1.018
406,47,0.279
406,48,0.286
407,1,0.267
407,2,0.269
407,3,0.27
407,4,0.27
407,5,0.271
407,6,0.272
407,7,0.273
407,8,0.273
407,9,0.273
407,10,0.27
407,11,0.27
407,12,0.305
407,13,1.088
407,14,0.265
407,15,0.264
407,16,0.262
407,17,0.348
407,18,0.706
407,19,1.104
407,20,1.291
407,21,2.429
407,22,0.702
407,23,0.385
407,24,0.414
407,25,0.399
407,26,0.309
407,27,0.317
407,28,1.284
407,29,1.296
407,30,0.784
407,31,0.671
407,32,0.478
407,33,0.36
407,34,0.36
407,35,0.358
407,36,0.947
407,37,2.784
407,38,3.55
407,39,6.494
407,40,2.831
407,41,2.069
407,42,1.44
407,43,1.428
407,44,1.295
407,45,0.946
407,46,0.731
407,47,0.269
407,48,0.272
408,1,0.295
408,2,0.275
408,3,0.278
408,4,0.28
408,5,0.281
408,6,0.279
408,7,0.278
408,8,0.279
408,9,0.3
408,10,0.279
408,11,0.279
408,12,0.314
408,13,1.133
408,14,0.274
408,15,0.272
408,16,0.622
408,17,1.072
408,18,0.874
408,19,0.98
408,20,0.982
408,21,1.02
408,22,0.852
408,23,0.869
408,24,1.106
408,25,0.934
408,26,0.914
408,27,0.959
408,28,0.917
408,29,0.868
408,30,0.815
408,31,0.812
408,32,0.947
408,33,1.008
408,34,0.986
408,35,1.035
408,36,1.218
408,37,2.096
408,38,1.849
408,39,3.707
408,40,2.185
408,41,1.672
408,42,1.568
408,43,1.644
408,44,1.792
408,45,1.411
408,46,1.426
408,47,1.367
408,48,0.693
409,1,0.37
409,2,0.336
409,3,0.338
409,4,0.339
409,5,0.34
409,6,0.341
409,7,0.341
409,8,0.342
409,9,0.343
409,10,0.343
409,11,0.344
409,12,0.378
409,13,0.395
409,14,0.341
409,15,0.34
409,16,0.375
409,17,0.482
409,18,2.818
409,19,2.142
409,20,1.476
409,21,1.498
409,22,1.679
409,23,1.568
409,24,1.634
409,25,1.501
409,26,1.63
409,27,1.39
409,28,1.079
409,29,1.103
409,30,2.22
409,31,1.914
409,32,1.686
409,33,1.098
409,34,0.505
409,35,0.502
409,36,2.433
409,37,3.411
409,38,2.596
409,39,2.06
409,40,1.608
409,41,1.605
409,42,1.546
409,43,1.521
409,44,1.622
409,45,1.563
409,46,1.554
409,47,1.453
409,48,1.13
410,1,1.126
410,2,0.928
410,3,0.459
410,4,0.453
410,5,0.45
410,6,0.449
410,7,0.45
410,8,0.451
410,9,0.452
410,10,0.452
410,11,0.452
410,12,0.487
410,13,0.504
410,14,0.451
410,15,0.451
410,16,0.485
410,17,0.956
410,18,0.852
410,19,1.109
410,20,2.122
410,21,1.056
410,22,1.046
410,23,1.272
410,24,1.365
410,25,0.548
410,26,0.545
410,27,0.877
410,28,1.921
410,29,2.626
410,30,2.034
410,31,1.92
410,32,1.973
410,33,0.665
410,34,0.438
410,35,0.437
410,36,0.435
410,37,0.495
410,38,2.141
410,39,1.61
410,40,1.572
410,41,1.562
410,42,1.528
410,43,1.492
410,44,1.28
410,45,1.062
410,46,0.978
410,47,0.543
410,48,0.383
411,1,0.384
411,2,0.385
411,3,0.384
411,4,0.383
411,5,0.385
411,6,0.386
411,7,0.385
411,8,0.386
411,9,0.386
411,10,0.386
411,11,0.386
411,12,0.421
411,13,0.862
411,14,0.384
411,15,0.783
411,16,1.065
411,17,0.505
411,18,0.607
411,19,1.944
411,20,0.829
411,21,0.756
411,22,0.815
411,23,0.807
411,24,2.228
411,25,2.36
411,26,2.049
411,27,1.271
411,28,0.832
411,29,0.496
411,30,0.492
411,31,0.771
411,32,0.989
411,33,1.112
411,34,1.459
411,35,1.474
411,36,3.823
411,37,3.909
411,38,2.263
411,39,1.514
411,40,1.617
411,41,1.668
411,42,1.599
411,43,1.7
411,44,1.688
411,45,1.493
411,46,1.458
411,47,0.474
411,48,0.451
412,1,0.452
412,2,0.453
412,3,0.455
412,4,0.453
412,5,0.451
412,6,0.452
412,7,0.451
412,8,0.453
412,9,0.453
412,10,0.452
412,11,0.451
412,12,0.486
412,13,1.299
412,14,0.527
412,15,0.915
412,16,1.18
412,17,0.533
412,18,0.57
412,19,0.657
412,20,0.664
412,21,0.932
412,22,0.729
412,23,0.677
412,24,0.462
412,25,0.393
412,26,0.39
412,27,0.785
412,28,0.816
412,29,0.797
412,30,0.859
412,31,1.022
412,32,1.239
412,33,1.258
412,34,1.272
412,35,1.408
412,36,4.129
412,37,2.807
412,38,2.242
412,39,1.502
412,40,1.607
412,41,1.527
412,42,2.234
412,43,1.692
412,44,1.435
412,45,1.32
412,46,1.326
412,47,1.294
412,48,1.115
413,1,0.468
413,2,0.472
413,3,0.469
413,4,0.47
413,5,0.491
413,6,0.477
413,7,0.471
413,8,0.472
413,9,0.471
413,10,0.47
413,11,0.47
413,12,0.505
413,13,1.108
413,14,0.47
413,15,0.916
413,16,2.441
413,17,0.745
413,18,0.843
413,19,1.044
413,20,1.935
413,21,2.808
413,22,2.098
413,23,1.913
413,24,1.63
413,25,0.651
413,26,0.663
413,27,0.387
413,28,0.46
413,29,0.75
413,30,0.662
413,31,0.639
413,32,0.618
413,33,0.63
413,34,0.635
413,35,0.802
413,36,0.916
413,37,2.993
413,38,3.768
413,39,1.469
413,40,1.329
413,41,1.236
413,42,2.154
413,43,2.24
413,44,2.597
413,45,2.376
413,46,1.987
413,47,1.037
413,48,0.439
414,1,0.432
414,2,0.434
414,3,0.434
414,4,0.433
414,5,0.431
414,6,0.432
414,7,0.432
414,8,0.433
414,9,0.434
414,10,0.433
414,11,0.432
414,12,0.431
414,13,0.622
414,14,0.757
414,15,0.468
414,16,0.503
414,17,0.96
414,18,0.892
414,19,0.854
414,20,0.884
414,21,0.877
414,22,0.882
414,23,1.067
414,24,0.853
414,25,0.846
414,26,0.955
414,27,0.846
414,28,0.573
414,29,0.382
414,30,0.384
414,31,0.382
414,32,0.611
414,33,1.653
414,34,1.155
414,35,1.019
414,36,1.171
414,37,1.362
414,38,1.042
414,39,1.059
414,40,3.683
414,41,1.148
414,42,1.064
414,43,1.071
414,44,1.776
414,45,2.275
414,46,2.235
414,47,0.68
414,48,0.442
415,1,0.443
415,2,0.446
415,3,0.445
415,4,0.445
415,5,0.446
415,6,0.446
415,7,0.446
415,8,0.447
415,9,0.447
415,10,0.448
415,11,0.447
415,12,0.598
415,13,1.342
415,14,0.341
415,15,0.341
415,16,0.339
415,17,0.477
415,18,0.802
415,19,1.198
415,20,1.16
415,21,1.407
415,22,1.084
415,23,1.043
415,24,0.9
415,25,0.81
415,26,0.862
415,27,0.859
415,28,1.313
415,29,1.466
415,30,0.882
415,31,0.817
415,32,0.783
415,33,0.809
415,34,0.78
415,35,0.791
415,36,0.851
415,37,1.725
415,38,1.442
415,39,1.385
415,40,1.088
415,41,1.025
415,42,1.21
415,43,1.375
415,44,1.448
415,45,1.069
415,46,1.073
415,47,0.506
415,48,0.348
