213,1,1.126
213,2,0.238
213,3,0.094
213,4,0.113
213,5,0.184
213,6,0.177
213,7,0.106
213,8,0.095
213,9,0.095
213,10,0.285
213,11,0.222
213,12,0.161
213,13,0.096
213,14,0.096
213,15,0.096
213,16,0.168
213,17,0.168
213,18,0.129
213,19,0.14
213,20,0.496
213,21,0.296
213,22,0.17
213,23,0.165
213,24,0.395
213,25,0.392
213,26,0.315
213,27,3.495
213,28,3.476
213,29,3.266
213,30,0.651
213,31,0.181
213,32,0.386
213,33,0.226
213,34,0.166
213,35,0.15
213,36,0.582
213,37,4.053
213,38,0.537
213,39,0.599
213,40,0.247
213,41,0.316
213,42,0.259
213,43,0.2
213,44,0.265
213,45,0.542
213,46,0.411
213,47,0.972
213,48,0.251
214,1,0.207
214,2,0.269
214,3,0.316
214,4,0.229
214,5,0.233
214,6,0.483
214,7,0.342
214,8,0.141
214,9,0.098
214,10,0.098
214,11,0.169
214,12,0.181
214,13,0.146
214,14,0.096
214,15,0.237
214,16,0.124
214,17,0.172
214,18,0.157
214,19,0.085
214,20,0.274
214,21,0.089
214,22,0.177
214,23,0.554
214,24,0.239
214,25,0.375
214,26,0.196
214,27,0.524
214,28,0.254
214,29,0.203
214,30,0.489
214,31,0.105
214,32,0.087
214,33,0.46
214,34,0.359
214,35,0.512
214,36,0.343
214,37,0.36
214,38,0.343
214,39,0.328
214,40,0.327
214,41,0.608
214,42,1.644
214,43,0.442
214,44,0.687
214,45,1.802
214,46,0.735
214,47,0.397
214,48,0.434
215,1,0.388
215,2,0.599
215,3,0.32
215,4,0.147
215,5,0.205
215,6,0.194
215,7,0.118
215,8,0.118
215,9,0.152
215,10,0.356
215,11,0.208
215,12,0.129
215,13,0.108
215,14,0.106
215,15,0.195
215,16,0.19
215,17,0.128
215,18,0.285
215,19,0.188
215,20,0.309
215,21,0.578
215,22,1.307
215,23,1.741
215,24,0.404
215,25,0.243
215,26,3.032
215,27,1.036
215,28,0.441
215,29,0.137
215,30,0.085
215,31,0.118
215,32,0.173
215,33,0.793
215,34,0.193
215,35,0.179
215,36,0.177
215,37,0.331
215,38,0.352
215,39,0.257
215,40,0.359
215,41,0.199
215,42,0.229
215,43,0.569
215,44,0.643
215,45,0.22
215,46,0.201
215,47,0.197
215,48,0.264
216,1,0.357
216,2,0.515
216,3,0.116
216,4,0.097
216,5,0.138
216,6,0.183
216,7,0.161
216,8,0.095
216,9,0.095
216,10,0.118
216,11,0.375
216,12,0.176
216,13,0.104
216,14,0.095
216,15,0.095
216,16,0.161
216,17,0.17
216,18,0.129
216,19,0.83
216,20,0.177
216,21,0.233
216,22,0.171
216,23,0.143
216,24,0.085
216,25,0.39
216,26,0.101
216,27,0.484
216,28,0.228
216,29,1.043
216,30,3.268
216,31,2.528
216,32,0.931
216,33,0.197
216,34,1.639
216,35,4.384
216,36,3.401
216,37,0.657
216,38,1.558
216,39,0.592
216,40,0.215
216,41,0.108
216,42,0.435
216,43,0.211
216,44,0.811
216,45,0.369
216,46,0.301
216,47,0.187
216,48,0.188
217,1,0.268
217,2,0.467
217,3,0.321
217,4,0.119
217,5,0.105
217,6,0.179
217,7,0.187
217,8,0.256
217,9,0.131
217,10,0.114
217,11,0.194
217,12,0.186
217,13,0.116
217,14,0.094
217,15,0.129
217,16,0.172
217,17,0.149
217,18,0.086
217,19,0.308
217,20,0.195
217,21,0.525
217,22,1.62
217,23,0.225
217,24,0.124
217,25,0.096
217,26,0.177
217,27,0.169
217,28,0.14
217,29,0.087
217,30,0.368
217,31,0.233
217,32,0.267
217,33,0.651
217,34,2.54
217,35,3.407
217,36,2.726
217,37,1.909
217,38,0.666
217,39,1.75
217,40,0.112
217,41,0.172
217,42,0.169
217,43,0.888
217,44,0.696
217,45,0.421
217,46,0.365
217,47,0.3
217,48,0.275
218,1,0.32
218,2,0.594
218,3,0.437
218,4,0.134
218,5,0.097
218,6,0.098
218,7,0.157
218,8,0.184
218,9,0.149
218,10,0.22
218,11,0.142
218,12,0.13
218,13,0.184
218,14,0.171
218,15,0.1
218,16,0.086
218,17,0.085
218,18,0.154
218,19,0.171
218,20,0.141
218,21,1.953
218,22,0.456
218,23,0.641
218,24,2.487
218,25,0.44
218,26,0.773
218,27,0.705
218,28,0.396
218,29,0.643
218,30,0.631
218,31,2.378
218,32,0.639
218,33,0.522
218,34,3.21
218,35,2.302
218,36,1.662
218,37,0.25
218,38,1.482
218,39,0.869
218,40,0.292
218,41,0.611
218,42,0.184
218,43,0.254
218,44,0.33
218,45,0.399
218,46,0.292
218,47,0.258
218,48,0.709
219,1,0.417
219,2,0.187
219,3,0.097
219,4,0.097
219,5,0.15
219,6,0.182
219,7,0.143
219,8,0.096
219,9,0.096
219,10,0.371
219,11,0.191
219,12,0.128
219,13,0.096
219,14,0.088
219,15,0.156
219,16,0.169
219,17,0.117
219,18,0.087
219,19,0.327
219,20,0.241
219,21,0.368
219,22,0.663
219,23,0.086
219,24,0.114
219,25,0.174
219,26,0.293
219,27,0.176
219,28,0.089
219,29,0.144
219,30,0.172
219,31,0.147
219,32,0.197
219,33,0.703
219,34,0.29
219,35,0.11
219,36,0.102
219,37,1.508
219,38,0.497
219,39,2.352
219,40,0.259
219,41,2.927
219,42,0.335
219,43,0.86
219,44,0.368
219,45,0.34
219,46,0.344
219,47,0.248
219,48,0.322
220,1,0.594
220,2,0.402
220,3,0.215
220,4,0.186
220,5,0.151
220,6,0.108
220,7,0.159
220,8,0.192
220,9,0.185
220,10,0.291
220,11,0.184
220,12,0.234
220,13,0.18
220,14,0.115
220,15,0.097
220,16,0.155
220,17,0.18
220,18,0.173
220,19,0.096
220,20,0.403
220,21,0.238
220,22,0.411
220,23,2.418
220,24,2.664
220,25,4.936
220,26,0.994
220,27,2.459
220,28,1.924
220,29,2.272
220,30,2.616
220,31,0.44
220,32,0.359
220,33,0.414
220,34,0.248
220,35,0.31
220,36,0.519
220,37,0.546
220,38,0.932
220,39,0.657
220,40,0.308
220,41,0.455
220,42,0.265
220,43,0.702
220,44,0.334
220,45,0.257
220,46,0.378
220,47,0.25
220,48,0.268
221,1,0.279
221,2,0.515
221,3,0.192
221,4,0.11
221,5,0.187
221,6,0.18
221,7,0.102
221,8,0.097
221,9,0.125
221,10,0.408
221,11,0.238
221,12,0.086
221,13,0.087
221,14,0.144
221,15,0.171
221,16,0.124
221,17,0.104
221,18,0.327
221,19,0.527
221,20,0.251
221,21,1.336
221,22,1.012
221,23,1.057
221,24,0.678
221,25,2.271
221,26,0.179
221,27,0.537
221,28,0.505
221,29,0.129
221,30,0.087
221,31,0.126
221,32,0.172
221,33,0.646
221,34,0.277
221,35,0.206
221,36,0.267
221,37,0.247
221,38,0.835
221,39,1.005
221,40,0.297
221,41,0.648
221,42,0.246
221,43,0.488
221,44,0.282
221,45,0.28
221,46,0.558
221,47,0.231
221,48,0.371
222,1,0.31
222,2,0.381
222,3,0.198
222,4,0.106
222,5,0.106
222,6,0.185
222,7,0.189
222,8,0.12
222,9,0.105
222,10,0.39
222,11,0.182
222,12,0.134
222,13,0.096
222,14,0.096
222,15,0.172
222,16,0.18
222,17,0.115
222,18,0.095
222,19,0.336
222,20,0.492
222,21,1.08
222,22,1.437
222,23,0.176
222,24,0.445
222,25,0.259
222,26,0.213
222,27,0.368
222,28,0.335
222,29,1.239
222,30,5.181
222,31,0.776
222,32,0.676
222,33,0.577
222,34,0.237
222,35,0.096
222,36,0.178
222,37,0.289
222,38,0.402
222,39,0.414
222,40,4.015
222,41,0.797
222,42,0.261
222,43,1.574
222,44,0.824
222,45,0.218
222,46,0.395
222,47,0.584
222,48,0.374
223,1,0.306
223,2,0.298
223,3,0.338
223,4,0.228
223,5,0.153
223,6,0.155
223,7,0.244
223,8,0.345
223,9,0.222
223,10,0.101
223,11,0.126
223,12,0.184
223,13,0.134
223,14,0.095
223,15,0.096
223,16,0.425
223,17,0.165
223,18,0.085
223,19,0.085
223,20,0.135
223,21,0.935
223,22,0.243
223,23,0.716
223,24,0.971
223,25,0.196
223,26,0.31
223,27,0.213
223,28,0.305
223,29,0.116
223,30,0.176
223,31,0.155
223,32,0.087
223,33,0.087
223,34,0.137
223,35,0.172
223,36,1.906
223,37,1.281
223,38,1.499
223,39,0.242
223,40,0.256
223,41,0.209
223,42,0.211
223,43,0.205
223,44,0.262
223,45,0.478
223,46,0.198
223,47,0.559
223,48,0.31
224,1,0.456
224,2,0.27
224,3,0.112
224,4,0.197
224,5,0.184
224,6,0.107
224,7,0.107
224,8,0.172
224,9,0.384
224,10,0.154
224,11,0.107
224,12,0.126
224,13,0.176
224,14,0.141
224,15,0.087
224,16,0.086
224,17,0.157
224,18,0.17
224,19,0.288
224,20,0.237
224,21,0.358
224,22,0.381
224,23,0.982
224,24,1.345
224,25,0.401
224,26,0.254
224,27,2.079
224,28,0.231
224,29,0.413
224,30,0.759
224,31,0.281
224,32,0.242
224,33,0.19
224,34,0.201
224,35,0.265
224,36,2.621
224,37,3.686
224,38,2.458
224,39,0.264
224,40,1.431
224,41,0.773
224,42,0.212
224,43,0.354
224,44,0.823
224,45,0.275
224,46,0.212
224,47,0.2
224,48,0.234
225,1,0.51
225,2,0.366
225,3,0.214
225,4,0.105
225,5,0.182
225,6,0.189
225,7,0.117
225,8,0.106
225,9,0.128
225,10,0.349
225,11,0.247
225,12,0.209
225,13,0.096
225,14,0.129
225,15,0.176
225,16,0.136
225,17,0.086
225,18,0.086
225,19,0.53
225,20,0.252
225,21,0.204
225,22,0.425
225,23,1.663
225,24,2.237
225,25,0.315
225,26,0.492
225,27,0.227
225,28,0.302
225,29,0.335
225,30,0.135
225,31,0.101
225,32,0.2
225,33,0.545
225,34,3.823
225,35,0.256
225,36,0.201
225,37,0.171
225,38,0.131
225,39,0.088
225,40,0.413
225,41,0.277
225,42,0.368
225,43,0.57
225,44,0.211
225,45,0.228
225,46,0.28
225,47,0.279
225,48,0.297
226,1,0.519
226,2,0.38
226,3,0.345
226,4,0.279
226,5,0.177
226,6,0.101
226,7,0.096
226,8,0.159
226,9,0.18
226,10,0.18
226,11,0.118
226,12,0.275
226,13,0.16
226,14,0.172
226,15,0.143
226,16,0.087
226,17,0.087
226,18,0.165
226,19,0.168
226,20,0.514
226,21,0.514
226,22,0.225
226,23,0.47
226,24,0.256
226,25,0.502
226,26,0.173
226,27,0.377
226,28,0.26
226,29,0.519
226,30,0.173
226,31,0.388
226,32,0.461
226,33,0.27
226,34,0.326
226,35,0.238
226,36,0.835
226,37,1.339
226,38,0.642
226,39,0.426
226,40,0.369
226,41,0.277
226,42,0.271
226,43,0.379
226,44,0.374
226,45,0.352
226,46,0.311
226,47,0.668
226,48,0.656
227,1,0.345
227,2,0.399
227,3,0.26
227,4,0.106
227,5,0.134
227,6,0.195
227,7,0.188
227,8,0.131
227,9,0.106
227,10,0.316
227,11,0.235
227,12,0.181
227,13,0.149
227,14,0.097
227,15,0.096
227,16,0.126
227,17,0.185
227,18,0.176
227,19,0.426
227,20,0.225
227,21,0.789
227,22,1.409
227,23,1.98
227,24,2.801
227,25,2.882
227,26,0.259
227,27,0.321
227,28,0.269
227,29,0.328
227,30,0.323
227,31,1.278
227,32,0.601
227,33,0.302
227,34,1.431
227,35,0.372
227,36,0.466
227,37,1.959
227,38,3.431
227,39,2.825
227,40,1.03
227,41,1.63
227,42,0.387
227,43,1.213
227,44,0.359
227,45,0.177
227,46,0.176
227,47,0.226
227,48,0.859
228,1,0.244
228,2,0.185
228,3,0.351
228,4,0.25
228,5,0.269
228,6,0.168
228,7,0.097
228,8,0.098
228,9,0.118
228,10,0.186
228,11,0.183
228,12,0.384
228,13,0.112
228,14,0.087
228,15,0.125
228,16,0.174
228,17,0.157
228,18,0.086
228,19,0.086
228,20,0.456
228,21,0.259
228,22,0.249
228,23,0.296
228,24,0.305
228,25,0.204
228,26,2.137
228,27,0.451
228,28,0.248
228,29,0.305
228,30,0.169
228,31,0.265
228,32,0.255
228,33,0.486
228,34,0.394
228,35,0.087
228,36,0.175
228,37,0.17
228,38,0.116
228,39,0.138
228,40,0.201
228,41,0.266
228,42,0.673
228,43,0.378
228,44,0.475
228,45,0.23
228,46,0.296
228,47,0.356
228,48,0.359
229,1,0.282
229,2,0.575
229,3,0.333
229,4,0.317
229,5,0.188
229,6,0.111
229,7,0.106
229,8,0.165
229,9,0.192
229,10,0.294
229,11,0.19
229,12,0.222
229,13,0.187
229,14,0.17
229,15,0.095
229,16,0.095
229,17,0.112
229,18,0.202
229,19,0.497
229,20,0.176
229,21,0.365
229,22,0.436
229,23,0.956
229,24,1.608
229,25,0.7
229,26,0.166
229,27,0.3
229,28,0.173
229,29,0.259
229,30,0.177
229,31,0.119
229,32,0.107
229,33,0.281
229,34,0.263
229,35,0.255
229,36,0.594
229,37,1.672
229,38,2.327
229,39,1.222
229,40,1.326
229,41,0.972
229,42,0.321
229,43,1.418
229,44,0.521
229,45,0.278
229,46,0.272
229,47,0.469
229,48,0.199
230,1,0.255
230,2,0.269
230,3,0.502
230,4,0.189
230,5,0.098
230,6,0.19
230,7,0.181
230,8,0.14
230,9,0.097
230,10,0.097
230,11,0.163
230,12,0.357
230,13,0.172
230,14,0.091
230,15,0.086
230,16,0.114
230,17,0.175
230,18,0.84
230,19,0.254
230,20,0.324
230,21,0.902
230,22,0.645
230,23,0.483
230,24,0.21
230,25,0.41
230,26,0.327
230,27,0.255
230,28,0.375
230,29,0.185
230,30,0.461
230,31,0.116
230,32,0.311
230,33,0.417
230,34,0.446
230,35,0.176
230,36,0.21
230,37,0.407
230,38,0.491
230,39,0.343
230,40,0.292
230,41,0.496
230,42,0.598
230,43,0.777
230,44,1.383
230,45,0.366
230,46,0.315
230,47,0.374
230,48,0.38
231,1,0.338
231,2,0.404
231,3,0.398
231,4,0.323
231,5,0.257
231,6,0.179
231,7,0.155
231,8,0.174
231,9,0.244
231,10,0.237
231,11,0.459
231,12,0.214
231,13,0.099
231,14,0.096
231,15,0.126
231,16,0.184
231,17,0.175
231,18,0.43
231,19,0.797
231,20,0.254
231,21,0.328
231,22,0.361
231,23,0.349
231,24,0.328
231,25,0.368
231,26,0.111
231,27,0.188
231,28,0.954
231,29,1.445
231,30,0.166
231,31,0.169
231,32,0.192
231,33,1.537
231,34,4.897
231,35,2.489
231,36,1.066
231,37,1.612
231,38,0.736
231,39,0.097
231,40,0.182
231,41,0.181
231,42,0.562
231,43,0.318
231,44,0.247
231,45,1.003
231,46,0.368
231,47,0.327
231,48,0.256
232,1,0.216
232,2,0.527
232,3,0.368
232,4,0.299
232,5,0.185
232,6,0.12
232,7,0.106
232,8,0.106
232,9,0.183
232,10,0.19
232,11,0.373
232,12,0.148
232,13,0.097
232,14,0.136
232,15,0.184
232,16,0.188
232,17,0.158
232,18,0.099
232,19,0.479
232,20,0.222
232,21,0.633
232,22,0.248
232,23,0.103
232,24,0.085
232,25,0.085
232,26,0.141
232,27,0.172
232,28,0.147
232,29,0.461
232,30,0.275
232,31,2.126
232,32,1.376
232,33,0.253
232,34,0.307
232,35,0.356
232,36,1.462
232,37,0.159
232,38,2.522
232,39,4.994
232,40,0.425
232,41,0.261
232,42,1.504
232,43,0.297
232,44,0.391
232,45,0.451
232,46,0.278
232,47,0.302
232,48,0.273
233,1,0.278
233,2,0.871
233,3,0.361
233,4,0.217
233,5,0.191
233,6,0.19
233,7,0.188
233,8,0.186
233,9,0.186
233,10,0.181
233,11,0.176
233,12,0.398
233,13,0.176
233,14,0.172
233,15,0.166
233,16,0.167
233,17,0.15
233,18,0.086
233,19,0.086
233,20,0.507
233,21,0.178
233,22,1.692
233,23,1.744
233,24,1.803
233,25,0.368
233,26,0.469
233,27,0.179
233,28,0.165
233,29,0.149
233,30,0.266
233,31,0.281
233,32,0.681
233,33,0.269
233,34,0.246
233,35,0.138
233,36,1.016
233,37,0.818
233,38,0.256
233,39,0.27
233,40,0.267
233,41,0.496
233,42,0.23
233,43,0.316
233,44,0.381
233,45,0.365
233,46,0.332
233,47,0.451
233,48,0.697
234,1,0.432
234,2,0.565
234,3,0.444
234,4,0.321
234,5,0.235
234,6,0.282
234,7,0.323
234,8,0.289
234,9,0.236
234,10,0.236
234,11,0.236
234,12,0.502
234,13,0.405
234,14,0.223
234,15,0.211
234,16,0.208
234,17,0.275
234,18,0.295
234,19,0.228
234,20,0.541
234,21,2.682
234,22,0.397
234,23,2.532
234,24,0.38
234,25,2.887
234,26,0.424
234,27,1.185
234,28,0.313
234,29,0.166
234,30,0.213
234,31,0.142
234,32,0.58
234,33,0.247
234,34,0.621
234,35,2.635
234,36,1.872
234,37,3.793
234,38,1.417
234,39,1.723
234,40,1.662
234,41,0.423
234,42,0.386
234,43,0.589
234,44,0.462
234,45,0.289
234,46,0.218
234,47,0.26
234,48,0.334
235,1,0.363
235,2,0.756
235,3,0.469
235,4,0.365
235,5,0.329
235,6,0.335
235,7,0.212
235,8,0.169
235,9,0.168
235,10,0.231
235,11,0.255
235,12,0.415
235,13,0.195
235,14,0.091
235,15,0.105
235,16,0.174
235,17,0.155
235,18,0.085
235,19,0.1
235,20,0.451
235,21,0.314
235,22,0.304
235,23,0.865
235,24,0.357
235,25,0.422
235,26,1.493
235,27,0.346
235,28,0.418
235,29,0.445
235,30,0.35
235,31,0.487
235,32,0.336
235,33,0.625
235,34,0.159
235,35,0.087
235,36,0.088
235,37,1.922
235,38,1.42
235,39,2.16
235,40,1.01
235,41,1.271
235,42,0.32
235,43,0.994
235,44,0.748
235,45,1.87
235,46,0.878
235,47,1.819
235,48,0.77
236,1,0.347
236,2,0.358
236,3,0.193
236,4,0.1
236,5,0.097
236,6,0.146
236,7,0.183
236,8,0.149
236,9,0.105
236,10,0.278
236,11,0.164
236,12,0.179
236,13,0.147
236,14,0.095
236,15,0.095
236,16,0.121
236,17,0.173
236,18,0.153
236,19,0.384
236,20,0.164
236,21,0.311
236,22,0.255
236,23,2.219
236,24,2.189
236,25,0.187
236,26,0.579
236,27,1.07
236,28,0.34
236,29,0.245
236,30,0.413
236,31,0.302
236,32,3.589
236,33,1.416
236,34,1.071
236,35,1.977
236,36,1.57
236,37,2.129
236,38,2.499
236,39,0.773
236,40,1.973
236,41,0.175
236,42,0.233
236,43,0.463
236,44,0.884
236,45,0.28
236,46,0.237
236,47,0.186
236,48,0.211
237,1,0.435
237,2,0.343
237,3,0.098
237,4,0.097
237,5,0.161
237,6,0.18
237,7,0.136
237,8,0.094
237,9,0.095
237,10,0.424
237,11,0.215
237,12,0.109
237,13,0.096
237,14,0.098
237,15,0.187
237,16,0.177
237,17,0.108
237,18,0.095
237,19,0.402
237,20,0.254
237,21,0.507
237,22,0.831
237,23,0.422
237,24,0.134
237,25,0.153
237,26,0.168
237,27,0.105
237,28,0.518
237,29,0.661
237,30,0.23
237,31,0.158
237,32,0.345
237,33,0.174
237,34,1.039
237,35,1.519
237,36,0.264
237,37,0.243
237,38,0.18
237,39,0.184
237,40,0.459
237,41,0.374
237,42,0.362
237,43,0.263
237,44,0.575
237,45,0.404
237,46,0.744
237,47,0.273
237,48,0.251
238,1,0.42
238,2,0.428
238,3,0.272
238,4,0.175
238,5,0.175
238,6,0.215
238,7,0.263
238,8,0.233
238,9,0.176
238,10,0.377
238,11,0.25
238,12,0.278
238,13,0.225
238,14,0.166
238,15,0.165
238,16,0.21
238,17,0.252
238,18,0.179
238,19,0.482
238,20,0.26
238,21,0.311
238,22,0.574
238,23,0.414
238,24,0.296
238,25,0.141
238,26,0.155
238,27,0.195
238,28,0.148
238,29,0.445
238,30,0.256
238,31,0.266
238,32,0.817
238,33,1.209
238,34,0.433
238,35,0.666
238,36,2.528
238,37,2.124
238,38,1.791
238,39,3.3
238,40,1.304
238,41,2.198
238,42,0.666
238,43,0.489
238,44,0.34
238,45,0.271
238,46,0.445
238,47,0.272
238,48,0.294
239,1,0.29
239,2,0.184
239,3,0.129
239,4,0.096
239,5,0.096
239,6,0.18
239,7,0.173
239,8,0.097
239,9,0.34
239,10,0.142
239,11,0.18
239,12,0.126
239,13,0.096
239,14,0.086
239,15,0.175
239,16,0.764
239,17,0.165
239,18,0.085
239,19,0.124
239,20,0.174
239,21,0.112
239,22,0.114
239,23,0.347
239,24,0.51
239,25,0.317
239,26,0.463
239,27,0.09
239,28,0.107
239,29,0.175
239,30,0.141
239,31,0.086
239,32,0.261
239,33,0.623
239,34,0.255
239,35,1.546
239,36,3.126
239,37,0.21
239,38,0.176
239,39,0.17
239,40,0.113
239,41,0.087
239,42,0.617
239,43,1.645
239,44,1.466
239,45,0.335
239,46,0.354
239,47,0.444
239,48,0.218
240,1,0.53
240,2,0.37
240,3,0.137
240,4,0.096
240,5,0.155
240,6,0.182
240,7,0.117
240,8,0.096
240,9,0.106
240,10,0.329
240,11,0.267
240,12,0.138
240,13,0.096
240,14,0.127
240,15,0.182
240,16,0.109
240,17,0.093
240,18,0.535
240,19,0.564
240,20,0.259
240,21,0.141
240,22,0.118
240,23,0.171
240,24,0.103
240,25,0.084
240,26,0.115
240,27,0.172
240,28,0.108
240,29,0.085
240,30,0.097
240,31,0.306
240,32,1.973
240,33,0.392
240,34,1.705
240,35,0.561
240,36,0.257
240,37,0.299
240,38,0.172
240,39,1.606
240,40,3.04
240,41,0.784
240,42,1.518
240,43,2.054
240,44,0.714
240,45,0.281
240,46,0.187
240,47,0.458
240,48,0.29
388,1,0.681
388,2,0.653
388,3,0.673
388,4,1.101
388,5,0.814
388,6,0.726
388,7,0.387
388,8,0.094
388,9,0.094
388,10,0.094
388,11,0.132
388,12,0.182
388,13,0.159
388,14,0.094
388,15,0.093
388,16,0.093
388,17,0.093
388,18,0.108
388,19,1.032
388,20,1.2
388,21,3.022
388,22,1.394
388,23,1.513
388,24,2.907
388,25,2.758
388,26,0.966
388,27,0.171
388,28,0.155
388,29,0.084
388,30,0.084
388,31,0.656
388,32,1.815
388,33,1.758
388,34,1.893
388,35,2.866
388,36,1.817
388,37,1.442
388,38,1.343
388,39,1.311
388,40,2.157
388,41,1.626
388,42,0.925
388,43,0.314
388,44,0.209
388,45,0.261
388,46,0.325
388,47,0.342
388,48,0.301
389,1,0.254
389,2,0.24
389,3,0.486
389,4,0.272
389,5,0.281
389,6,0.211
389,7,0.144
389,8,0.144
389,9,0.144
389,10,0.144
389,11,0.188
389,12,0.231
389,13,0.194
389,14,0.145
389,15,0.146
389,16,0.145
389,17,0.146
389,18,2.261
389,19,3.017
389,20,2.871
389,21,1.27
389,22,0.083
389,23,0.083
389,24,0.082
389,25,0.178
389,26,0.152
389,27,0.083
389,28,0.083
389,29,0.084
389,30,0.083
389,31,0.127
389,32,0.169
389,33,0.112
389,34,1.478
389,35,0.572
389,36,2.984
389,37,1.615
389,38,0.733
389,39,0.5
389,40,0.312
389,41,0.22
389,42,0.674
389,43,0.605
389,44,0.272
389,45,1.142
389,46,1.355
389,47,2.316
389,48,1.625
390,1,1.395
390,2,1.38
390,3,1.395
390,4,0.508
390,5,0.243
390,6,0.105
390,7,0.105
390,8,0.105
390,9,0.124
390,10,0.196
390,11,0.176
390,12,0.105
390,13,0.104
390,14,0.103
390,15,0.104
390,16,0.103
390,17,0.268
390,18,1.359
390,19,1.362
390,20,0.595
390,21,0.178
390,22,0.183
390,23,1.202
390,24,0.231
390,25,0.114
390,26,0.095
390,27,0.095
390,28,0.095
390,29,1.561
390,30,2.127
390,31,3.46
390,32,3.903
390,33,2.16
390,34,3.062
390,35,6.144
390,36,6.606
390,37,2.095
390,38,3.132
390,39,0.819
390,40,0.297
390,41,0.326
390,42,1.018
390,43,1.426
390,44,0.91
390,45,0.788
390,46,1.167
390,47,1.078
390,48,0.32
391,1,0.342
391,2,0.461
391,3,1.093
391,4,1.017
391,5,0.95
391,6,0.749
391,7,0.254
391,8,0.218
391,9,0.167
391,10,0.166
391,11,0.166
391,12,0.209
391,13,0.249
391,14,0.188
391,15,0.164
391,16,0.167
391,17,0.592
391,18,1.126
391,19,1.146
391,20,1.054
391,21,1.023
391,22,0.915
391,23,1.262
391,24,0.715
391,25,0.107
391,26,0.094
391,27,0.095
391,28,0.095
391,29,1.468
391,30,1.174
391,31,0.347
391,32,1.289
391,33,3.1
391,34,3.241
391,35,5.968
391,36,5.141
391,37,1.9
391,38,2.934
391,39,1.217
391,40,0.704
391,41,1.813
391,42,0.315
391,43,0.309
391,44,0.46
391,45,0.342
391,46,0.277
391,47,0.311
391,48,0.243
392,1,0.654
392,2,0.416
392,3,0.382
392,4,0.155
392,5,0.141
392,6,0.141
392,7,0.152
392,8,0.231
392,9,0.208
392,10,0.14
392,11,0.14
392,12,0.14
392,13,0.139
392,14,0.194
392,15,0.225
392,16,0.187
392,17,0.487
392,18,1.688
392,19,1.345
392,20,2.157
392,21,1.34
392,22,3.022
392,23,1.318
392,24,0.083
392,25,0.082
392,26,0.106
392,27,0.172
392,28,0.12
392,29,0.771
392,30,1.75
392,31,1.932
392,32,2.482
392,33,2.161
392,34,2.924
392,35,2.457
392,36,2.565
392,37,1.827
392,38,2.27
392,39,0.318
392,40,0.301
392,41,1.939
392,42,3.667
392,43,1.665
392,44,2.311
392,45,0.413
392,46,0.287
392,47,0.386
392,48,0.466
393,1,0.284
393,2,0.289
393,3,0.332
393,4,0.297
393,5,0.238
393,6,0.146
393,7,0.146
393,8,0.146
393,9,0.213
393,10,0.233
393,11,0.163
393,12,0.14
393,13,0.142
393,14,0.144
393,15,0.147
393,16,0.263
393,17,1.636
393,18,1.39
393,19,1.243
393,20,1.246
393,21,1.24
393,22,3.091
393,23,1.486
393,24,0.125
393,25,0.084
393,26,0.083
393,27,0.083
393,28,0.083
393,29,0.33
393,30,1.692
393,31,1.5
393,32,1.729
393,33,1.436
393,34,3.26
393,35,3.058
393,36,1.802
393,37,1.946
393,38,0.812
393,39,0.313
393,40,0.299
393,41,0.276
393,42,0.248
393,43,0.277
393,44,0.26
393,45,0.268
393,46,0.338
393,47,0.335
393,48,0.279
394,1,0.568
394,2,0.271
394,3,0.261
394,4,0.305
394,5,0.166
394,6,0.093
394,7,0.092
394,8,0.092
394,9,0.092
394,10,0.156
394,11,0.176
394,12,0.13
394,13,0.091
394,14,0.092
394,15,0.092
394,16,0.123
394,17,0.686
394,18,1.444
394,19,1.281
394,20,1.247
394,21,1.258
394,22,1.228
394,23,0.845
394,24,0.162
394,25,0.166
394,26,0.09
394,27,0.083
394,28,0.084
394,29,0.651
394,30,1.577
394,31,1.286
394,32,1.409
394,33,2.698
394,34,4.1
394,35,4.206
394,36,4.326
394,37,1.24
394,38,2.35
394,39,0.634
394,40,0.289
394,41,0.235
394,42,0.256
394,43,2.347
394,44,2.481
394,45,2.071
394,46,0.356
394,47,0.55
394,48,0.284
395,1,0.354
395,2,0.348
395,3,0.328
395,4,0.248
395,5,0.183
395,6,0.098
395,7,0.093
395,8,0.138
395,9,0.18
395,10,0.168
395,11,0.094
395,12,0.094
395,13,0.093
395,14,0.093
395,15,0.145
395,16,0.179
395,17,1.439
395,18,1.318
395,19,1.298
395,20,1.302
395,21,1.288
395,22,6.1
395,23,2.009
395,24,1.332
395,25,0.996
395,26,0.922
395,27,1.222
395,28,0.669
395,29,0.082
395,30,0.174
395,31,0.165
395,32,0.122
395,33,0.082
395,34,0.082
395,35,0.082
395,36,0.083
395,37,0.128
395,38,1.464
395,39,0.86
395,40,0.364
395,41,0.296
395,42,0.381
395,43,0.313
395,44,0.717
395,45,0.309
395,46,0.895
395,47,2.407
395,48,1.996
396,1,1.216
396,2,1.47
396,3,1.485
396,4,1.396
396,5,1.337
396,6,1.039
396,7,0.546
396,8,0.093
396,9,0.093
396,10,0.093
396,11,0.093
396,12,0.159
396,13,0.178
396,14,0.135
396,15,0.092
396,16,0.092
396,17,0.092
396,18,1.076
396,19,0.958
396,20,0.938
396,21,0.965
396,22,1.301
396,23,2.423
396,24,0.88
396,25,1.465
396,26,4.774
396,27,4.901
396,28,2.737
396,29,0.838
396,30,0.084
396,31,0.084
396,32,0.083
396,33,0.083
396,34,0.083
396,35,0.161
396,36,0.167
396,37,0.855
396,38,1.608
396,39,0.42
396,40,1.058
396,41,1.021
396,42,0.388
396,43,0.695
396,44,0.205
396,45,0.169
396,46,0.189
396,47,0.271
396,48,0.607
397,1,0.245
397,2,0.226
397,3,0.195
397,4,0.194
397,5,0.246
397,6,0.188
397,7,0.123
397,8,0.092
397,9,0.092
397,10,0.092
397,11,0.093
397,12,0.144
397,13,0.18
397,14,0.151
397,15,0.091
397,16,0.092
397,17,1.388
397,18,1.269
397,19,1.526
397,20,1.448
397,21,1.811
397,22,1.285
397,23,1.463
397,24,1.994
397,25,1.124
397,26,0.15
397,27,0.106
397,28,1.556
397,29,4.604
397,30,4.484
397,31,1.278
397,32,0.91
397,33,0.911
397,34,2.655
397,35,1.728
397,36,1.207
397,37,1.099
397,38,1.158
397,39,1.461
397,40,1.464
397,41,0.598
397,42,0.377
397,43,0.361
397,44,0.304
397,45,0.238
397,46,0.236
397,47,0.229
397,48,0.42
398,1,0.419
398,2,0.347
398,3,0.275
398,4,0.112
398,5,0.093
398,6,0.093
398,7,0.093
398,8,0.095
398,9,0.188
398,10,0.176
398,11,0.118
398,12,0.093
398,13,0.091
398,14,0.093
398,15,0.092
398,16,0.728
398,17,1.107
398,18,1.118
398,19,0.953
398,20,0.977
398,21,1.021
398,22,2.746
398,23,1.024
398,24,0.819
398,25,0.119
398,26,0.13
398,27,2.742
398,28,3.898
398,29,0.503
398,30,0.46
398,31,1.327
398,32,1.654
398,33,3.072
398,34,3.836
398,35,4.547
398,36,2.323
398,37,2.791
398,38,1.255
398,39,1.094
398,40,1.033
398,41,0.266
398,42,0.312
398,43,0.337
398,44,1.605
398,45,0.59
398,46,0.393
398,47,0.304
398,48,0.558
399,1,0.255
399,2,0.197
399,3,0.093
399,4,0.164
399,5,0.178
399,6,0.125
399,7,0.094
399,8,0.094
399,9,0.094
399,10,0.094
399,11,0.169
399,12,0.178
399,13,1.058
399,14,1.347
399,15,0.665
399,16,0.216
399,17,0.285
399,18,0.306
399,19,0.307
399,20,0.86
399,21,1.208
399,22,0.891
399,23,0.9
399,24,1.04
399,25,1.073
399,26,0.715
399,27,0.984
399,28,1.074
399,29,1.072
399,30,1.348
399,31,1.564
399,32,1.391
399,33,2.167
399,34,3.145
399,35,2.191
399,36,0.501
399,37,2.296
399,38,0.442
399,39,0.43
399,40,4.288
399,41,0.632
399,42,0.531
399,43,0.704
399,44,1.064
399,45,0.384
399,46,0.576
399,47,0.222
399,48,0.187
400,1,0.318
400,2,0.272
400,3,0.181
400,4,0.118
400,5,0.093
400,6,0.093
400,7,0.093
400,8,0.104
400,9,0.184
400,10,0.175
400,11,0.135
400,12,0.093
400,13,0.092
400,14,0.092
400,15,0.092
400,16,0.6
400,17,1.074
400,18,1.425
400,19,0.943
400,20,0.927
400,21,0.917
400,22,0.926
400,23,1.098
400,24,1.619
400,25,1.852
400,26,1.684
400,27,0.917
400,28,0.91
400,29,1.16
400,30,1.13
400,31,4.307
400,32,4.319
400,33,3.144
400,34,4.111
400,35,4.353
400,36,1.206
400,37,2.39
400,38,1.489
400,39,1.106
400,40,0.605
400,41,0.38
400,42,0.378
400,43,0.674
400,44,0.379
400,45,0.356
400,46,0.55
400,47,0.386
400,48,0.662
401,1,0.409
401,2,0.402
401,3,0.196
401,4,0.095
401,5,0.094
401,6,0.182
401,7,0.172
401,8,0.14
401,9,0.093
401,10,0.093
401,11,0.093
401,12,0.177
401,13,0.476
401,14,1.59
401,15,1.353
401,16,1.368
401,17,1.368
401,18,1.323
401,19,1.324
401,20,1.328
401,21,1.277
401,22,1.253
401,23,1.744
401,24,0.916
401,25,1.165
401,26,2.184
401,27,0.941
401,28,1.133
401,29,0.888
401,30,1.128
401,31,0.886
401,32,0.936
401,33,0.965
401,34,0.953
401,35,1.169
401,36,1.079
401,37,1.466
401,38,3.211
401,39,2.626
401,40,1.082
401,41,4.698
401,42,2.176
401,43,1.329
401,44,1.39
401,45,1.183
401,46,1.114
401,47,1.168
401,48,1.124
402,1,1.103
402,2,1.235
402,3,0.36
402,4,0.186
402,5,0.192
402,6,0.368
402,7,0.277
402,8,0.232
402,9,0.171
402,10,0.103
402,11,0.103
402,12,0.102
402,13,0.423
402,14,0.192
402,15,0.26
402,16,0.278
402,17,1.539
402,18,1.642
402,19,1.261
402,20,3.751
402,21,3.975
402,22,3.033
402,23,2.052
402,24,1.347
402,25,1.918
402,26,2.676
402,27,2.712
402,28,1.202
402,29,0.62
402,30,0.084
402,31,0.083
402,32,0.167
402,33,0.166
402,34,0.152
402,35,0.084
402,36,0.083
402,37,0.355
402,38,4.068
402,39,4.855
402,40,2.785
402,41,2.623
402,42,0.792
402,43,0.462
402,44,0.485
402,45,0.451
402,46,0.332
402,47,0.343
402,48,1.709
403,1,1.478
403,2,0.495
403,3,0.464
403,4,0.678
403,5,0.349
403,6,0.42
403,7,0.453
403,8,0.282
403,9,0.109
403,10,0.094
403,11,0.095
403,12,0.095
403,13,0.095
403,14,0.184
403,15,0.177
403,16,0.172
403,17,0.11
403,18,0.393
403,19,0.96
403,20,0.921
403,21,0.889
403,22,0.939
403,23,1.131
403,24,1.654
403,25,1.354
403,26,1.355
403,27,1.105
403,28,0.085
403,29,0.085
403,30,0.134
403,31,0.17
403,32,0.163
403,33,0.171
403,34,0.093
403,35,0.092
403,36,0.093
403,37,1.607
403,38,0.662
403,39,0.878
403,40,0.359
403,41,0.424
403,42,0.434
403,43,0.411
403,44,0.452
403,45,0.535
403,46,0.396
403,47,0.399
403,48,0.38
404,1,0.371
404,2,0.343
404,3,0.42
404,4,0.868
404,5,1.159
404,6,0.135
404,7,0.094
404,8,0.094
404,9,0.126
404,10,0.181
404,11,0.174
404,12,0.094
404,13,0.092
404,14,0.092
404,15,0.094
404,16,0.142
404,17,0.707
404,18,0.998
404,19,0.938
404,20,0.902
404,21,1.13
404,22,0.938
404,23,1.168
404,24,1.532
404,25,0.801
404,26,0.083
404,27,0.084
404,28,0.083
404,29,0.083
404,30,0.149
404,31,0.167
404,32,0.302
404,33,1.136
404,34,2.814
404,35,2.247
404,36,0.971
404,37,1.087
404,38,1.206
404,39,1.688
404,40,1.468
404,41,1.264
404,42,0.411
404,43,0.412
404,44,0.333
404,45,0.25
404,46,0.262
404,47,0.249
404,48,0.3
405,1,0.371
405,2,0.651
405,3,0.289
405,4,0.131
405,5,0.093
405,6,0.093
405,7,0.174
405,8,0.177
405,9,0.126
405,10,0.094
405,11,0.094
405,12,0.093
405,13,0.093
405,14,0.161
405,15,0.178
405,16,0.962
405,17,1.765
405,18,1.774
405,19,2.692
405,20,1.067
405,21,1.318
405,22,0.974
405,23,1.059
405,24,0.708
405,25,0.083
405,26,0.083
405,27,0.381
405,28,0.235
405,29,0.122
405,30,0.082
405,31,0.082
405,32,0.082
405,33,0.083
405,34,0.143
405,35,0.168
405,36,0.132
405,37,0.615
405,38,6.951
405,39,0.481
405,40,0.523
405,41,0.707
405,42,0.493
405,43,0.354
405,44,0.324
405,45,0.559
405,46,0.238
405,47,0.248
405,48,0.324
406,1,0.581
406,2,0.329
406,3,0.158
406,4,0.092
406,5,0.091
406,6,0.091
406,7,0.18
406,8,0.174
406,9,0.105
406,10,0.091
406,11,0.091
406,12,0.091
406,13,0.091
406,14,0.161
406,15,0.178
406,16,0.116
406,17,0.202
406,18,0.082
406,19,1.265
406,20,2.57
406,21,2.298
406,22,1.58
406,23,4.007
406,24,1.379
406,25,0.408
406,26,0.082
406,27,0.083
406,28,0.125
406,29,0.17
406,30,0.131
406,31,0.083
406,32,0.084
406,33,1.954
406,34,3.861
406,35,3.807
406,36,1.853
406,37,3.044
406,38,1.113
406,39,0.113
406,40,0.112
406,41,0.202
406,42,0.519
406,43,0.503
406,44,0.431
406,45,0.81
406,46,0.929
406,47,1.167
406,48,0.446
407,1,0.343
407,2,0.158
407,3,0.16
407,4,0.177
407,5,0.127
407,6,0.093
407,7,0.093
407,8,0.093
407,9,0.147
407,10,0.178
407,11,0.126
407,12,0.091
407,13,0.092
407,14,0.092
407,15,0.091
407,16,0.196
407,17,0.38
407,18,1.058
407,19,0.888
407,20,0.888
407,21,1.018
407,22,0.961
407,23,1.24
407,24,1.812
407,25,1.449
407,26,0.186
407,27,0.083
407,28,0.15
407,29,0.166
407,30,0.092
407,31,0.083
407,32,0.082
407,33,0.082
407,34,0.575
407,35,3.812
407,36,2.478
407,37,1.491
407,38,0.437
407,39,0.166
407,40,0.21
407,41,0.254
407,42,0.452
407,43,0.334
407,44,0.338
407,45,0.259
407,46,0.874
407,47,0.331
407,48,0.496
408,1,0.385
408,2,0.273
408,3,0.187
408,4,0.119
408,5,0.181
408,6,0.15
408,7,0.091
408,8,0.092
408,9,0.092
408,10,0.092
408,11,0.142
408,12,0.178
408,13,0.116
408,14,0.092
408,15,0.092
408,16,0.156
408,17,1.7
408,18,1.456
408,19,0.894
408,20,0.554
408,21,3.158
408,22,2.362
408,23,0.682
408,24,0.121
408,25,0.17
408,26,0.141
408,27,0.083
408,28,0.082
408,29,0.082
408,30,0.082
408,31,0.118
408,32,0.173
408,33,1.681
408,34,6.4
408,35,5.96
408,36,1.724
408,37,1.205
408,38,0.474
408,39,0.522
408,40,0.324
408,41,0.286
408,42,0.681
408,43,0.362
408,44,0.319
408,45,0.25
408,46,0.249
408,47,0.311
408,48,0.328
409,1,0.557
409,2,0.242
409,3,0.225
409,4,0.243
409,5,0.204
409,6,0.134
409,7,0.093
409,8,0.093
409,9,0.093
409,10,0.178
409,11,0.172
409,12,0.134
409,13,0.092
409,14,0.092
409,15,0.093
409,16,0.117
409,17,0.182
409,18,0.209
409,19,1.321
409,20,1.709
409,21,2.343
409,22,4.448
409,23,3.195
409,24,1.693
409,25,2.984
409,26,2.098
409,27,1.308
409,28,0.987
409,29,0.992
409,30,3.151
409,31,2.781
409,32,0.848
409,33,0.1
409,34,0.083
409,35,0.085
409,36,0.154
409,37,1.149
409,38,1.188
409,39,1.299
409,40,0.584
409,41,0.306
409,42,0.4
409,43,0.392
409,44,0.385
409,45,1.003
409,46,0.996
409,47,0.995
409,48,1.077
410,1,1.086
410,2,1.079
410,3,1.047
410,4,1.162
410,5,1.117
410,6,0.333
410,7,0.17
410,8,0.093
410,9,0.094
410,10,0.094
410,11,0.145
410,12,0.18
410,13,0.162
410,14,0.094
410,15,0.093
410,16,0.24
410,17,1.044
410,18,0.907
410,19,0.687
410,20,0.254
410,21,0.513
410,22,0.892
410,23,0.898
410,24,1.174
410,25,2.028
410,26,2.017
410,27,1.638
410,28,0.221
410,29,0.115
410,30,0.084
410,31,0.085
410,32,0.125
410,33,0.172
410,34,0.158
410,35,0.084
410,36,0.083
410,37,0.346
410,38,1.205
410,39,1.54
410,40,0.396
410,41,0.394
410,42,1.454
410,43,0.463
410,44,0.394
410,45,0.8
410,46,1.172
410,47,1.172
410,48,1.138
411,1,1.144
411,2,1.158
411,3,0.674
411,4,0.256
411,5,0.177
411,6,0.092
411,7,0.092
411,8,0.092
411,9,0.178
411,10,0.175
411,11,0.122
411,12,0.092
411,13,0.092
411,14,0.092
411,15,0.092
411,16,0.181
411,17,0.176
411,18,1.568
411,19,1.328
411,20,1.228
411,21,1.224
411,22,1.286
411,23,2.21
411,24,0.756
411,25,0.746
411,26,0.081
411,27,0.082
411,28,0.082
411,29,0.082
411,30,0.096
411,31,0.173
411,32,0.164
411,33,0.118
411,34,0.083
411,35,0.083
411,36,0.082
411,37,0.082
411,38,2.326
411,39,0.951
411,40,0.884
411,41,0.459
411,42,0.36
411,43,0.286
411,44,0.245
411,45,0.311
411,46,0.328
411,47,0.342
411,48,0.459
412,1,0.181
412,2,0.224
412,3,0.245
412,4,0.224
412,5,0.126
412,6,0.093
412,7,0.093
412,8,0.094
412,9,0.108
412,10,0.183
412,11,0.174
412,12,0.099
412,13,0.091
412,14,0.092
412,15,0.093
412,16,0.114
412,17,0.18
412,18,1.208
412,19,1.348
412,20,1.316
412,21,1.533
412,22,0.801
412,23,0.082
412,24,0.152
412,25,0.167
412,26,0.14
412,27,0.083
412,28,0.083
412,29,1.333
412,30,0.083
412,31,0.137
412,32,0.17
412,33,0.156
412,34,0.084
412,35,0.084
412,36,0.083
412,37,0.208
412,38,1.075
412,39,0.778
412,40,0.483
412,41,0.33
412,42,0.251
412,43,0.261
412,44,0.234
412,45,0.238
412,46,0.332
412,47,0.332
412,48,0.305
413,1,0.261
413,2,0.262
413,3,0.255
413,4,0.114
413,5,0.173
413,6,0.176
413,7,0.137
413,8,0.093
413,9,0.093
413,10,0.093
413,11,0.093
413,12,0.112
413,13,0.182
413,14,0.172
413,15,0.117
413,16,0.458
413,17,1.086
413,18,2.867
413,19,0.217
413,20,0.168
413,21,0.164
413,22,0.132
413,23,0.081
413,24,0.082
413,25,0.082
413,26,0.082
413,27,0.082
413,28,0.176
413,29,0.164
413,30,0.131
413,31,0.082
413,32,2.749
413,33,3.258
413,34,3.71
413,35,2.839
413,36,0.615
413,37,2.007
413,38,0.962
413,39,3.052
413,40,0.956
413,41,0.266
413,42,2.626
413,43,2.17
413,44,0.464
413,45,0.286
413,46,0.258
413,47,0.26
413,48,0.259
414,1,0.304
414,2,0.337
414,3,0.335
414,4,0.184
414,5,0.092
414,6,0.093
414,7,0.093
414,8,0.093
414,9,0.166
414,10,0.177
414,11,0.139
414,12,0.093
414,13,0.093
414,14,0.092
414,15,0.092
414,16,1.101
414,17,1.454
414,18,1.361
414,19,1.463
414,20,1.243
414,21,2.192
414,22,1.3
414,23,1.856
414,24,0.459
414,25,0.171
414,26,0.162
414,27,0.112
414,28,0.083
414,29,0.545
414,30,0.79
414,31,0.15
414,32,0.16
414,33,0.241
414,34,0.214
414,35,0.114
414,36,0.083
414,37,1.197
414,38,0.082
414,39,0.082
414,40,0.177
414,41,0.331
414,42,2.268
414,43,0.98
414,44,0.42
414,45,0.345
414,46,0.267
414,47,0.285
414,48,0.28
415,1,0.297
415,2,0.215
415,3,0.094
415,4,0.092
415,5,0.092
415,6,0.092
415,7,0.15
415,8,0.177
415,9,0.17
415,10,0.093
415,11,0.093
415,12,0.093
415,13,0.093
415,14,0.83
415,15,0.961
415,16,1.026
415,17,1.07
415,18,1.188
415,19,0.892
415,20,1.092
415,21,0.885
415,22,0.96
415,23,1.928
415,24,2.612
415,25,0.424
415,26,0.14
415,27,0.116
415,28,0.169
415,29,0.163
415,30,0.161
415,31,0.149
415,32,0.084
415,33,0.52
415,34,1.455
415,35,4.264
415,36,3.917
415,37,1.304
415,38,2.185
415,39,1.503
415,40,1.118
415,41,0.286
415,42,1.758
415,43,1.848
415,44,0.501
415,45,0.804
415,46,0.204
415,47,0.213
415,48,0.295
