213,1,0.125
213,2,0.125
213,3,0.124
213,4,0.107
213,5,0.063
213,6,0.063
213,7,0.063
213,8,0.063
213,9,0.063
213,10,0.063
213,11,0.121
213,12,0.133
213,13,0.131
213,14,0.128
213,15,0.126
213,16,0.39
213,17,0.173
213,18,0.109
213,19,1.615
213,20,0.921
213,21,3.263
213,22,0.472
213,23,0.117
213,24,0.114
213,25,0.114
213,26,0.112
213,27,0.086
213,28,0.05
213,29,0.049
213,30,0.1
213,31,0.154
213,32,0.177
213,33,1.509
213,34,0.967
213,35,1.604
213,36,1.842
213,37,1.714
213,38,0.274
213,39,1.093
213,40,0.614
213,41,0.247
213,42,0.217
213,43,0.193
213,44,0.232
213,45,0.514
213,46,0.233
213,47,0.095
213,48,0.273
214,1,0.566
214,2,0.156
214,3,0.132
214,4,0.132
214,5,0.132
214,6,0.132
214,7,0.131
214,8,0.131
214,9,0.131
214,10,0.068
214,11,0.068
214,12,0.067
214,13,0.067
214,14,0.442
214,15,0.709
214,16,1.253
214,17,1.168
214,18,0.151
214,19,0.435
214,20,0.185
214,21,0.112
214,22,0.275
214,23,3.055
214,24,1.278
214,25,1.277
214,26,0.991
214,27,2.766
214,28,1.763
214,29,0.962
214,30,0.114
214,31,0.111
214,32,1.028
214,33,1.563
214,34,1.959
214,35,2.52
214,36,1.804
214,37,1.687
214,38,0.751
214,39,1.269
214,40,0.705
214,41,1.524
214,42,1.305
214,43,1.277
214,44,1.271
214,45,0.618
214,46,0.199
214,47,0.162
214,48,0.067
215,1,0.06
215,2,0.061
215,3,0.119
215,4,0.129
215,5,0.126
215,6,0.126
215,7,0.126
215,8,0.125
215,9,0.126
215,10,0.448
215,11,0.281
215,12,0.06
215,13,0.515
215,14,0.134
215,15,0.116
215,16,0.11
215,17,0.098
215,18,0.045
215,19,0.045
215,20,0.044
215,21,0.042
215,22,0.077
215,23,0.112
215,24,0.109
215,25,0.108
215,26,0.108
215,27,0.108
215,28,0.108
215,29,0.094
215,30,0.045
215,31,0.045
215,32,0.045
215,33,0.045
215,34,0.045
215,35,0.056
215,36,0.115
215,37,0.11
215,38,0.109
215,39,0.109
215,40,0.108
215,41,0.107
215,42,0.048
215,43,0.043
215,44,0.043
215,45,0.044
215,46,0.045
215,47,0.045
215,48,0.1
216,1,0.114
216,2,0.112
216,3,0.112
216,4,0.111
216,5,0.109
216,6,0.056
216,7,0.046
216,8,0.046
216,9,0.046
216,10,0.046
216,11,0.046
216,12,0.091
216,13,0.117
216,14,0.114
216,15,0.111
216,16,0.11
216,17,0.103
216,18,0.045
216,19,0.044
216,20,0.043
216,21,0.044
216,22,0.045
216,23,0.044
216,24,0.112
216,25,0.112
216,26,0.11
216,27,0.109
216,28,0.109
216,29,0.109
216,30,0.064
216,31,0.046
216,32,0.046
216,33,0.046
216,34,0.045
216,35,0.045
216,36,0.085
216,37,0.112
216,38,0.111
216,39,0.111
216,40,0.109
216,41,0.108
216,42,0.069
216,43,0.044
216,44,0.043
216,45,0.044
216,46,0.043
216,47,0.045
216,48,0.062
217,1,0.118
217,2,0.113
217,3,0.112
217,4,0.111
217,5,0.131
217,6,0.066
217,7,0.047
217,8,0.047
217,9,0.047
217,10,0.047
217,11,0.047
217,12,0.113
217,13,0.118
217,14,0.114
217,15,0.111
217,16,0.11
217,17,0.048
217,18,0.044
217,19,0.044
217,20,0.045
217,21,0.045
217,22,0.05
217,23,0.118
217,24,0.114
217,25,0.112
217,26,0.111
217,27,0.104
217,28,0.045
217,29,0.045
217,30,0.045
217,31,0.046
217,32,0.045
217,33,0.075
217,34,0.115
217,35,0.111
217,36,0.109
217,37,0.108
217,38,0.09
217,39,0.045
217,40,0.044
217,41,0.045
217,42,1.057
217,43,1.602
217,44,0.38
217,45,0.168
217,46,0.291
217,47,0.329
217,48,0.248
218,1,0.19
218,2,0.153
218,3,0.06
218,4,0.073
218,5,0.132
218,6,0.128
218,7,0.125
218,8,0.124
218,9,0.097
218,10,0.058
218,11,0.058
218,12,0.059
218,13,0.059
218,14,0.058
218,15,0.095
218,16,0.13
218,17,0.125
218,18,0.407
218,19,0.138
218,20,0.704
218,21,1.757
218,22,0.218
218,23,0.559
218,24,2.568
218,25,4.011
218,26,2.035
218,27,0.085
218,28,0.679
218,29,0.179
218,30,0.112
218,31,0.184
218,32,0.441
218,33,0.356
218,34,0.305
218,35,0.242
218,36,0.157
218,37,0.537
218,38,0.226
218,39,0.111
218,40,0.11
218,41,0.099
218,42,0.047
218,43,0.045
218,44,0.045
218,45,0.139
218,46,0.947
218,47,0.41
218,48,0.402
219,1,0.178
219,2,0.109
219,3,0.06
219,4,0.059
219,5,0.058
219,6,0.058
219,7,0.11
219,8,0.127
219,9,0.124
219,10,0.123
219,11,0.065
219,12,0.058
219,13,0.058
219,14,0.058
219,15,0.058
219,16,0.131
219,17,0.294
219,18,0.124
219,19,0.434
219,20,0.231
219,21,0.204
219,22,0.175
219,23,0.238
219,24,0.779
219,25,2.091
219,26,0.202
219,27,0.175
219,28,0.176
219,29,0.173
219,30,0.172
219,31,0.349
219,32,0.717
219,33,2.706
219,34,1.542
219,35,1.8
219,36,1.83
219,37,1.765
219,38,1.5
219,39,0.693
219,40,0.127
219,41,1.022
219,42,0.938
219,43,0.441
219,44,0.382
219,45,0.359
219,46,0.38
219,47,0.275
219,48,0.216
220,1,0.187
220,2,0.088
220,3,0.13
220,4,0.125
220,5,0.124
220,6,0.123
220,7,0.068
220,8,0.058
220,9,0.057
220,10,0.058
220,11,0.096
220,12,0.129
220,13,2.333
220,14,1.879
220,15,0.127
220,16,0.437
220,17,0.763
220,18,0.632
220,19,1.094
220,20,0.207
220,21,0.2
220,22,0.228
220,23,2.3
220,24,3.133
220,25,2.69
220,26,1.687
220,27,0.57
220,28,0.356
220,29,0.059
220,30,0.046
220,31,1.124
220,32,1.179
220,33,0.716
220,34,0.203
220,35,0.19
220,36,0.203
220,37,0.139
220,38,1.13
220,39,1.597
220,40,0.865
220,41,0.414
220,42,0.282
220,43,0.72
220,44,1.264
220,45,0.477
220,46,0.308
220,47,0.16
220,48,0.128
221,1,0.084
221,2,0.096
221,3,0.115
221,4,0.112
221,5,0.111
221,6,0.111
221,7,0.068
221,8,0.047
221,9,0.047
221,10,0.047
221,11,0.053
221,12,0.267
221,13,0.482
221,14,0.486
221,15,0.937
221,16,0.056
221,17,0.2
221,18,0.694
221,19,0.112
221,20,0.092
221,21,0.045
221,22,0.046
221,23,0.046
221,24,0.307
221,25,2.034
221,26,1.038
221,27,0.156
221,28,0.101
221,29,0.048
221,30,0.048
221,31,0.048
221,32,0.257
221,33,0.652
221,34,0.923
221,35,0.759
221,36,0.445
221,37,0.343
221,38,0.098
221,39,0.049
221,40,0.488
221,41,0.456
221,42,0.906
221,43,0.311
221,44,0.505
221,45,0.571
221,46,0.318
221,47,0.331
221,48,0.354
222,1,0.164
222,2,0.079
222,3,0.059
222,4,0.092
222,5,0.129
222,6,0.126
222,7,0.124
222,8,0.123
222,9,0.131
222,10,0.102
222,11,0.115
222,12,0.137
222,13,0.211
222,14,0.195
222,15,0.124
222,16,0.123
222,17,0.079
222,18,0.058
222,19,0.069
222,20,0.419
222,21,0.125
222,22,0.122
222,23,1.111
222,24,0.351
222,25,3.97
222,26,4.815
222,27,2.04
222,28,1.557
222,29,1.303
222,30,1.711
222,31,0.888
222,32,0.679
222,33,0.238
222,34,0.867
222,35,0.066
222,36,0.117
222,37,0.744
222,38,0.784
222,39,0.64
222,40,0.362
222,41,0.32
222,42,0.404
222,43,1.74
222,44,0.346
222,45,0.275
222,46,0.355
222,47,1.208
222,48,0.374
223,1,0.248
223,2,0.076
223,3,0.06
223,4,0.059
223,5,0.059
223,6,0.093
223,7,0.131
223,8,0.127
223,9,0.126
223,10,0.122
223,11,0.068
223,12,0.059
223,13,0.059
223,14,0.059
223,15,0.094
223,16,0.128
223,17,0.466
223,18,0.124
223,19,0.069
223,20,0.06
223,21,0.119
223,22,0.208
223,23,0.213
223,24,0.192
223,25,0.217
223,26,0.084
223,27,0.061
223,28,0.061
223,29,0.085
223,30,0.132
223,31,0.128
223,32,0.126
223,33,0.111
223,34,0.059
223,35,0.057
223,36,0.058
223,37,0.061
223,38,0.131
223,39,0.127
223,40,0.147
223,41,0.199
223,42,0.232
223,43,0.285
223,44,0.225
223,45,0.226
223,46,0.256
223,47,0.283
223,48,0.274
224,1,0.151
224,2,0.135
224,3,0.1
224,4,0.085
224,5,0.059
224,6,0.09
224,7,0.13
224,8,0.126
224,9,0.125
224,10,0.101
224,11,0.059
224,12,0.059
224,13,0.059
224,14,0.076
224,15,0.13
224,16,0.126
224,17,0.168
224,18,0.577
224,19,1.262
224,20,2.391
224,21,1.276
224,22,0.069
224,23,0.357
224,24,0.609
224,25,2.41
224,26,1.388
224,27,0.168
224,28,0.365
224,29,0.076
224,30,0.56
224,31,0.185
224,32,0.262
224,33,0.225
224,34,0.158
224,35,0.759
224,36,0.909
224,37,1.995
224,38,1.511
224,39,1.426
224,40,0.472
224,41,2.864
224,42,1.323
224,43,0.292
224,44,0.464
224,45,0.457
224,46,0.465
224,47,0.318
224,48,0.109
225,1,0.064
225,2,0.062
225,3,0.091
225,4,0.131
225,5,0.127
225,6,0.126
225,7,0.125
225,8,0.082
225,9,0.06
225,10,0.06
225,11,0.06
225,12,0.06
225,13,0.129
225,14,0.492
225,15,0.149
225,16,0.111
225,17,0.055
225,18,0.046
225,19,0.045
225,20,0.045
225,21,0.115
225,22,0.111
225,23,0.11
225,24,0.11
225,25,0.057
225,26,0.046
225,27,0.046
225,28,0.047
225,29,0.082
225,30,0.118
225,31,0.114
225,32,0.112
225,33,0.11
225,34,0.045
225,35,0.045
225,36,0.044
225,37,0.045
225,38,0.093
225,39,0.117
225,40,0.112
225,41,0.112
225,42,0.09
225,43,0.044
225,44,0.044
225,45,0.045
225,46,0.046
225,47,0.096
225,48,0.115
226,1,0.112
226,2,0.112
226,3,0.111
226,4,0.056
226,5,0.047
226,6,0.046
226,7,0.047
226,8,0.081
226,9,0.118
226,10,0.114
226,11,0.112
226,12,0.06
226,13,0.048
226,14,0.047
226,15,0.046
226,16,0.073
226,17,0.118
226,18,0.112
226,19,0.109
226,20,0.06
226,21,0.044
226,22,0.044
226,23,0.045
226,24,0.054
226,25,0.116
226,26,0.113
226,27,0.11
226,28,0.109
226,29,0.046
226,30,0.044
226,31,0.045
226,32,0.045
226,33,0.081
226,34,0.116
226,35,0.112
226,36,0.109
226,37,0.094
226,38,0.045
226,39,0.046
226,40,0.046
226,41,0.046
226,42,0.098
226,43,0.113
226,44,0.11
226,45,0.09
226,46,0.045
226,47,0.045
226,48,0.045
227,1,0.046
227,2,0.117
227,3,0.114
227,4,0.113
227,5,0.078
227,6,0.047
227,7,0.047
227,8,0.047
227,9,0.047
227,10,0.114
227,11,0.116
227,12,0.113
227,13,0.113
227,14,0.051
227,15,0.047
227,16,0.047
227,17,0.046
227,18,0.061
227,19,0.116
227,20,0.111
227,21,0.11
227,22,0.108
227,23,0.045
227,24,0.046
227,25,0.046
227,26,0.046
227,27,0.078
227,28,0.117
227,29,0.113
227,30,0.111
227,31,0.076
227,32,0.046
227,33,0.046
227,34,0.045
227,35,0.045
227,36,0.112
227,37,0.113
227,38,0.11
227,39,0.11
227,40,0.055
227,41,0.047
227,42,0.047
227,43,0.044
227,44,0.069
227,45,0.116
227,46,0.112
227,47,0.111
227,48,0.068
228,1,0.046
228,2,0.047
228,3,0.047
228,4,0.067
228,5,0.119
228,6,0.115
228,7,0.113
228,8,0.083
228,9,0.047
228,10,0.047
228,11,0.047
228,12,0.055
228,13,0.12
228,14,0.116
228,15,0.101
228,16,0.046
228,17,0.047
228,18,0.046
228,19,0.045
228,20,0.109
228,21,0.112
228,22,0.109
228,23,0.087
228,24,0.045
228,25,0.046
228,26,0.046
228,27,0.046
228,28,0.106
228,29,0.115
228,30,0.112
228,31,0.11
228,32,0.052
228,33,0.046
228,34,0.046
228,35,0.046
228,36,0.045
228,37,0.084
228,38,0.115
228,39,0.112
228,40,0.11
228,41,0.099
228,42,0.045
228,43,0.045
228,44,0.045
228,45,0.046
228,46,0.091
228,47,0.116
228,48,0.112
229,1,0.11
229,2,0.071
229,3,0.046
229,4,0.047
229,5,0.047
229,6,0.047
229,7,0.101
229,8,0.117
229,9,0.114
229,10,0.112
229,11,0.049
229,12,0.047
229,13,0.048
229,14,0.047
229,15,0.07
229,16,0.117
229,17,0.112
229,18,0.111
229,19,0.052
229,20,0.044
229,21,0.045
229,22,0.045
229,23,0.062
229,24,0.117
229,25,0.113
229,26,0.111
229,27,0.09
229,28,0.046
229,29,0.046
229,30,0.045
229,31,0.046
229,32,0.098
229,33,0.116
229,34,0.113
229,35,0.111
229,36,0.072
229,37,0.046
229,38,0.046
229,39,0.045
229,40,0.049
229,41,0.119
229,42,0.113
229,43,0.11
229,44,0.106
229,45,0.045
229,46,0.045
229,47,0.045
229,48,0.046
230,1,0.057
230,2,0.12
230,3,0.114
230,4,0.113
230,5,0.111
230,6,0.047
230,7,0.047
230,8,0.047
230,9,0.047
230,10,0.061
230,11,0.12
230,12,0.116
230,13,0.114
230,14,0.085
230,15,0.047
230,16,0.046
230,17,0.046
230,18,0.053
230,19,0.116
230,20,0.112
230,21,0.111
230,22,0.066
230,23,0.046
230,24,0.046
230,25,0.045
230,26,0.072
230,27,0.117
230,28,0.113
230,29,0.112
230,30,0.064
230,31,0.046
230,32,0.408
230,33,0.431
230,34,0.33
230,35,0.152
230,36,0.159
230,37,0.168
230,38,0.338
230,39,0.334
230,40,1.556
230,41,0.796
230,42,1.29
230,43,1.665
230,44,1.266
230,45,0.504
230,46,1.328
230,47,1.283
230,48,1.178
231,1,0.064
231,2,0.059
231,3,0.059
231,4,0.088
231,5,0.132
231,6,0.127
231,7,0.126
231,8,0.124
231,9,0.077
231,10,0.059
231,11,0.06
231,12,0.059
231,13,0.088
231,14,0.13
231,15,1.818
231,16,2.148
231,17,1.984
231,18,1.095
231,19,2.09
231,20,0.607
231,21,0.045
231,22,0.386
231,23,2.884
231,24,1.898
231,25,0.857
231,26,0.046
231,27,0.724
231,28,1.424
231,29,2.624
231,30,1.776
231,31,2.517
231,32,2.424
231,33,2.003
231,34,0.89
231,35,3.278
231,36,3.095
231,37,0.309
231,38,0.379
231,39,1.184
231,40,1.016
231,41,1.029
231,42,0.277
231,43,0.531
231,44,0.329
231,45,0.222
231,46,0.265
231,47,0.224
231,48,0.128
232,1,0.126
232,2,0.125
232,3,0.086
232,4,0.059
232,5,0.06
232,6,0.06
232,7,0.136
232,8,0.503
232,9,0.357
232,10,0.217
232,11,0.098
232,12,0.059
232,13,0.06
232,14,0.059
232,15,0.069
232,16,0.131
232,17,0.397
232,18,1.389
232,19,0.26
232,20,0.265
232,21,0.045
232,22,0.803
232,23,1.057
232,24,0.193
232,25,0.112
232,26,0.111
232,27,0.109
232,28,0.074
232,29,0.046
232,30,0.046
232,31,0.046
232,32,0.101
232,33,0.706
232,34,0.241
232,35,0.329
232,36,0.079
232,37,0.244
232,38,0.119
232,39,0.459
232,40,0.34
232,41,0.567
232,42,0.361
232,43,0.205
232,44,0.191
232,45,0.246
232,46,0.231
232,47,0.271
232,48,0.482
233,1,0.169
233,2,0.125
233,3,0.083
233,4,0.059
233,5,0.059
233,6,0.06
233,7,0.08
233,8,0.13
233,9,0.125
233,10,0.123
233,11,0.06
233,12,0.059
233,13,0.059
233,14,0.059
233,15,0.112
233,16,0.127
233,17,0.374
233,18,0.317
233,19,0.052
233,20,0.044
233,21,0.045
233,22,0.113
233,23,0.113
233,24,0.113
233,25,0.122
233,26,1.034
233,27,0.531
233,28,0.685
233,29,0.117
233,30,0.115
233,31,0.114
233,32,0.114
233,33,0.803
233,34,0.698
233,35,0.854
233,36,1.043
233,37,2.057
233,38,2.341
233,39,1.868
233,40,0.366
233,41,0.216
233,42,0.284
233,43,0.233
233,44,0.239
233,45,0.327
233,46,0.227
233,47,0.152
233,48,0.154
234,1,0.123
234,2,0.132
234,3,0.13
234,4,0.125
234,5,0.125
234,6,0.074
234,7,0.059
234,8,0.059
234,9,0.059
234,10,0.059
234,11,0.078
234,12,0.131
234,13,0.128
234,14,0.125
234,15,0.09
234,16,0.06
234,17,0.233
234,18,0.627
234,19,0.38
234,20,0.123
234,21,0.115
234,22,0.057
234,23,0.057
234,24,0.058
234,25,0.119
234,26,0.115
234,27,0.112
234,28,0.11
234,29,0.051
234,30,0.045
234,31,0.046
234,32,0.046
234,33,0.1
234,34,0.115
234,35,0.11
234,36,0.108
234,37,0.045
234,38,0.868
234,39,0.712
234,40,0.941
234,41,2.535
234,42,0.781
234,43,0.399
234,44,0.49
234,45,0.211
234,46,0.176
234,47,0.058
234,48,0.059
235,1,0.059
235,2,0.108
235,3,0.129
235,4,0.125
235,5,0.125
235,6,0.1
235,7,0.059
235,8,0.059
235,9,0.059
235,10,0.059
235,11,0.076
235,12,0.131
235,13,0.126
235,14,0.126
235,15,0.124
235,16,0.088
235,17,0.403
235,18,1.179
235,19,0.742
235,20,0.073
235,21,0.115
235,22,0.81
235,23,1.421
235,24,0.573
235,25,1.225
235,26,0.772
235,27,1.045
235,28,0.322
235,29,0.214
235,30,0.224
235,31,0.19
235,32,0.145
235,33,0.15
235,34,0.13
235,35,2.998
235,36,2.6
235,37,0.791
235,38,0.692
235,39,0.721
235,40,0.213
235,41,0.211
235,42,0.211
235,43,0.592
235,44,0.24
235,45,0.242
235,46,0.748
235,47,0.307
235,48,0.246
236,1,0.123
236,2,0.075
236,3,0.058
236,4,0.059
236,5,0.059
236,6,0.059
236,7,0.119
236,8,0.128
236,9,0.126
236,10,0.123
236,11,0.059
236,12,0.059
236,13,0.059
236,14,0.059
236,15,0.059
236,16,0.119
236,17,0.127
236,18,2.788
236,19,0.449
236,20,0.105
236,21,0.046
236,22,0.046
236,23,0.842
236,24,1.249
236,25,0.181
236,26,0.12
236,27,0.45
236,28,0.499
236,29,0.111
236,30,0.054
236,31,0.046
236,32,0.046
236,33,0.252
236,34,0.132
236,35,1.549
236,36,1.994
236,37,0.445
236,38,0.113
236,39,0.086
236,40,0.047
236,41,0.048
236,42,0.047
236,43,0.493
236,44,2.47
236,45,2.263
236,46,2.067
236,47,2.088
236,48,1.741
237,1,0.128
237,2,0.077
237,3,0.06
237,4,0.06
237,5,0.06
237,6,0.06
237,7,0.118
237,8,0.128
237,9,0.125
237,10,0.123
237,11,0.096
237,12,0.059
237,13,0.059
237,14,0.06
237,15,0.059
237,16,0.066
237,17,0.469
237,18,0.342
237,19,1.114
237,20,1.731
237,21,0.232
237,22,0.188
237,23,0.047
237,24,0.309
237,25,0.047
237,26,0.338
237,27,0.117
237,28,0.113
237,29,0.112
237,30,0.11
237,31,1.088
237,32,0.397
237,33,2.704
237,34,3.437
237,35,2.531
237,36,0.367
237,37,0.154
237,38,0.082
237,39,0.048
237,40,0.049
237,41,0.048
237,42,0.076
237,43,0.228
237,44,0.313
237,45,0.457
237,46,0.399
237,47,0.353
237,48,0.359
238,1,0.25
238,2,0.065
238,3,0.059
238,4,0.127
238,5,0.128
238,6,0.126
238,7,0.117
238,8,0.06
238,9,0.06
238,10,0.06
238,11,0.059
238,12,0.103
238,13,0.128
238,14,0.125
238,15,1.061
238,16,1.223
238,17,2.109
238,18,0.117
238,19,0.178
238,20,0.123
238,21,0.045
238,22,0.085
238,23,0.114
238,24,0.364
238,25,0.109
238,26,0.046
238,27,0.521
238,28,1.063
238,29,0.067
238,30,0.117
238,31,0.113
238,32,0.111
238,33,0.081
238,34,1.822
238,35,2.044
238,36,0.748
238,37,0.166
238,38,0.517
238,39,0.194
238,40,0.208
238,41,0.227
238,42,0.17
238,43,0.17
238,44,0.174
238,45,0.176
238,46,1.573
238,47,1.449
238,48,0.317
239,1,0.274
239,2,0.114
239,3,0.061
239,4,0.062
239,5,0.06
239,6,0.059
239,7,0.108
239,8,0.129
239,9,0.126
239,10,0.125
239,11,0.067
239,12,0.06
239,13,0.06
239,14,0.061
239,15,0.071
239,16,0.13
239,17,0.126
239,18,0.497
239,19,0.34
239,20,0.448
239,21,0.046
239,22,0.046
239,23,0.256
239,24,0.071
239,25,0.12
239,26,0.328
239,27,0.178
239,28,0.107
239,29,0.047
239,30,0.047
239,31,0.046
239,32,0.113
239,33,0.113
239,34,0.11
239,35,0.107
239,36,0.051
239,37,1.408
239,38,0.52
239,39,0.151
239,40,0.123
239,41,0.116
239,42,0.125
239,43,0.759
239,44,2.342
239,45,0.304
239,46,0.479
239,47,0.675
239,48,0.433
240,1,0.154
240,2,0.113
240,3,0.061
240,4,0.061
240,5,0.06
240,6,0.06
240,7,0.098
240,8,0.13
240,9,0.127
240,10,0.113
240,11,0.06
240,12,0.06
240,13,0.06
240,14,0.06
240,15,0.089
240,16,0.13
240,17,0.124
240,18,0.123
240,19,2.359
240,20,2.739
240,21,0.821
240,22,0.159
240,23,0.218
240,24,0.219
240,25,0.112
240,26,0.106
240,27,0.047
240,28,0.047
240,29,0.048
240,30,0.048
240,31,0.078
240,32,0.119
240,33,0.364
240,34,2.05
240,35,0.341
240,36,0.23
240,37,0.238
240,38,0.381
240,39,1.547
240,40,2.837
240,41,1.884
240,42,1.822
240,43,0.914
240,44,1.369
240,45,1.914
240,46,0.999
240,47,0.478
240,48,0.414
388,1,0.047
388,2,0.068
388,3,0.119
388,4,0.161
388,5,0.069
388,6,0.048
388,7,0.047
388,8,0.048
388,9,0.053
388,10,0.06
388,11,0.049
388,12,0.118
388,13,0.115
388,14,0.082
388,15,0.047
388,16,0.048
388,17,0.216
388,18,0.798
388,19,2.719
388,20,0.612
388,21,0.944
388,22,1.346
388,23,4.489
388,24,1.217
388,25,1.173
388,26,1.064
388,27,1.026
388,28,1.137
388,29,0.387
388,30,0.189
388,31,0.112
388,32,0.208
388,33,4.57
388,34,3.163
388,35,2.45
388,36,2.862
388,37,3.245
388,38,2.534
388,39,1.635
388,40,1.776
388,41,1.931
388,42,1.916
388,43,2.131
388,44,2.167
388,45,1.902
388,46,1.865
388,47,1.931
388,48,0.679
389,1,0.102
389,2,0.06
389,3,0.034
389,4,0.034
389,5,0.035
389,6,0.07
389,7,0.102
389,8,0.069
389,9,0.034
389,10,0.034
389,11,0.035
389,12,0.035
389,13,0.114
389,14,0.107
389,15,0.097
389,16,0.034
389,17,1.121
389,18,1.693
389,19,0.56
389,20,3.158
389,21,0.903
389,22,0.491
389,23,3.888
389,24,0.67
389,25,0.29
389,26,0.274
389,27,0.238
389,28,0.174
389,29,0.032
389,30,0.03
389,31,0.028
389,32,0.027
389,33,0.088
389,34,0.094
389,35,0.034
389,36,0.026
389,37,0.026
389,38,0.026
389,39,0.026
389,40,0.045
389,41,0.263
389,42,0.255
389,43,0.077
389,44,0.045
389,45,0.027
389,46,0.027
389,47,0.026
389,48,0.027
390,1,0.074
390,2,0.096
390,3,0.057
390,4,0.028
390,5,0.028
390,6,0.029
390,7,0.029
390,8,0.028
390,9,0.028
390,10,0.065
390,11,0.097
390,12,0.067
390,13,0.028
390,14,0.028
390,15,0.028
390,16,0.028
390,17,0.028
390,18,0.212
390,19,0.076
390,20,0.068
390,21,0.096
390,22,0.079
390,23,0.028
390,24,0.028
390,25,0.028
390,26,0.028
390,27,0.029
390,28,0.028
390,29,0.028
390,30,0.028
390,31,0.082
390,32,0.095
390,33,0.03
390,34,0.028
390,35,0.027
390,36,0.026
390,37,0.027
390,38,1.243
390,39,4.782
390,40,3.39
390,41,3.239
390,42,3.205
390,43,3.029
390,44,3.054
390,45,2.959
390,46,1.786
390,47,0.214
390,48,0.048
391,1,0.049
391,2,0.048
391,3,0.047
391,4,0.061
391,5,0.119
391,6,0.117
391,7,0.083
391,8,0.121
391,9,0.108
391,10,0.072
391,11,0.048
391,12,0.048
391,13,0.047
391,14,0.047
391,15,0.057
391,16,0.116
391,17,0.102
391,18,1.222
391,19,1.302
391,20,0.965
391,21,1.678
391,22,1.573
391,23,0.743
391,24,4.885
391,25,0.619
391,26,0.229
391,27,0.198
391,28,0.086
391,29,0.046
391,30,0.063
391,31,0.107
391,32,0.102
391,33,2.405
391,34,3.023
391,35,0.355
391,36,0.406
391,37,0.31
391,38,0.304
391,39,0.618
391,40,0.382
391,41,1.575
391,42,1.378
391,43,1.598
391,44,1.375
391,45,1.358
391,46,1.189
391,47,0.048
391,48,0.048
392,1,0.048
392,2,0.048
392,3,0.047
392,4,0.062
392,5,0.116
392,6,0.117
392,7,0.11
392,8,0.047
392,9,0.047
392,10,0.047
392,11,0.047
392,12,0.272
392,13,0.83
392,14,0.751
392,15,2.038
392,16,0.198
392,17,0.13
392,18,0.211
392,19,0.087
392,20,0.044
392,21,0.035
392,22,0.035
392,23,0.072
392,24,0.106
392,25,0.094
392,26,0.035
392,27,0.036
392,28,0.036
392,29,0.036
392,30,0.036
392,31,0.036
392,32,0.064
392,33,0.104
392,34,1.51
392,35,0.511
392,36,0.366
392,37,0.303
392,38,0.254
392,39,0.39
392,40,0.475
392,41,0.532
392,42,0.547
392,43,0.619
392,44,0.482
392,45,1.488
392,46,1.068
392,47,0.149
392,48,0.049
393,1,0.049
393,2,0.049
393,3,0.059
393,4,0.119
393,5,0.116
393,6,0.079
393,7,0.047
393,8,0.09
393,9,0.047
393,10,0.047
393,11,0.047
393,12,0.047
393,13,0.104
393,14,0.121
393,15,0.099
393,16,0.046
393,17,0.891
393,18,2.168
393,19,3.145
393,20,2.907
393,21,2.73
393,22,3.226
393,23,2.688
393,24,1.664
393,25,1.412
393,26,0.072
393,27,0.037
393,28,0.036
393,29,0.064
393,30,0.106
393,31,1.916
393,32,0.533
393,33,2.557
393,34,1.771
393,35,0.266
393,36,0.292
393,37,0.431
393,38,0.384
393,39,0.609
393,40,0.871
393,41,0.68
393,42,1.63
393,43,1.171
393,44,1.136
393,45,0.207
393,46,0.133
393,47,0.113
393,48,0.051
394,1,0.048
394,2,0.049
394,3,0.047
394,4,0.047
394,5,0.047
394,6,0.076
394,7,0.118
394,8,0.119
394,9,2.775
394,10,0.771
394,11,0.875
394,12,2.549
394,13,2.056
394,14,1.711
394,15,1.563
394,16,1.468
394,17,1.039
394,18,2.475
394,19,2.202
394,20,2.074
394,21,1.474
394,22,0.204
394,23,1.222
394,24,2.282
394,25,2.165
394,26,1.87
394,27,2.04
394,28,1.976
394,29,1.975
394,30,2.022
394,31,2.428
394,32,2.23
394,33,3.134
394,34,1.52
394,35,0.17
394,36,0.166
394,37,0.137
394,38,0.188
394,39,0.216
394,40,0.195
394,41,0.299
394,42,1.568
394,43,2.199
394,44,2.252
394,45,0.56
394,46,2.262
394,47,1.596
394,48,1.873
395,1,1.763
395,2,1.663
395,3,1.698
395,4,1.52
395,5,0.079
395,6,0.047
395,7,0.047
395,8,0.072
395,9,0.118
395,10,0.115
395,11,0.068
395,12,0.048
395,13,0.047
395,14,0.047
395,15,0.047
395,16,0.047
395,17,0.047
395,18,0.644
395,19,0.838
395,20,0.355
395,21,0.322
395,22,0.845
395,23,0.517
395,24,0.787
395,25,1.629
395,26,2.281
395,27,1.53
395,28,0.924
395,29,0.822
395,30,0.214
395,31,0.815
395,32,2.256
395,33,1.921
395,34,1.983
395,35,2.022
395,36,0.24
395,37,0.27
395,38,0.321
395,39,1.764
395,40,1.698
395,41,0.535
395,42,0.89
395,43,1.176
395,44,1.93
395,45,0.303
395,46,0.117
395,47,0.116
395,48,0.116
396,1,0.116
396,2,0.114
396,3,0.112
396,4,0.112
396,5,0.053
396,6,0.046
396,7,0.05
396,8,0.117
396,9,0.1
396,10,0.065
396,11,0.048
396,12,0.047
396,13,0.047
396,14,0.046
396,15,0.047
396,16,0.047
396,17,0.052
396,18,0.521
396,19,1.719
396,20,0.444
396,21,0.084
396,22,0.039
396,23,0.035
396,24,0.034
396,25,0.42
396,26,0.259
396,27,0.154
396,28,0.115
396,29,0.103
396,30,0.739
396,31,2.133
396,32,0.604
396,33,0.66
396,34,0.496
396,35,1.12
396,36,0.353
396,37,0.743
396,38,0.332
396,39,0.216
396,40,0.195
396,41,0.523
396,42,0.455
396,43,0.318
396,44,0.53
396,45,0.293
396,46,0.216
396,47,0.115
396,48,0.114
397,1,0.094
397,2,0.049
397,3,0.058
397,4,0.048
397,5,0.048
397,6,0.048
397,7,0.047
397,8,0.047
397,9,0.048
397,10,0.048
397,11,0.048
397,12,0.047
397,13,0.047
397,14,0.053
397,15,0.17
397,16,0.116
397,17,0.114
397,18,0.261
397,19,0.34
397,20,0.202
397,21,0.084
397,22,0.045
397,23,0.033
397,24,0.034
397,25,0.655
397,26,1.546
397,27,2.175
397,28,0.146
397,29,0.104
397,30,0.102
397,31,0.055
397,32,0.035
397,33,0.033
397,34,0.284
397,35,0.978
397,36,0.232
397,37,0.321
397,38,0.373
397,39,0.44
397,40,0.604
397,41,1.16
397,42,1.442
397,43,1.319
397,44,1.191
397,45,1.251
397,46,1.405
397,47,1.358
397,48,1.328
398,1,1.199
398,2,0.855
398,3,0.632
398,4,0.621
398,5,0.622
398,6,0.603
398,7,0.609
398,8,0.609
398,9,0.608
398,10,0.609
398,11,0.675
398,12,0.722
398,13,0.688
398,14,0.641
398,15,0.61
398,16,0.586
398,17,0.618
398,18,0.944
398,19,0.538
398,20,0.183
398,21,0.182
398,22,0.201
398,23,0.042
398,24,0.038
398,25,0.084
398,26,1.324
398,27,1.64
398,28,0.152
398,29,0.105
398,30,0.102
398,31,0.09
398,32,0.299
398,33,0.875
398,34,1.27
398,35,0.606
398,36,1.953
398,37,1.194
398,38,0.433
398,39,0.36
398,40,0.639
398,41,0.465
398,42,0.444
398,43,0.583
398,44,1.006
398,45,1.209
398,46,1.122
398,47,1.115
398,48,1.107
399,1,1.074
399,2,0.868
399,3,0.896
399,4,0.792
399,5,0.792
399,6,0.769
399,7,0.788
399,8,0.84
399,9,0.84
399,10,0.799
399,11,0.779
399,12,0.834
399,13,0.817
399,14,0.775
399,15,0.759
399,16,0.756
399,17,0.796
399,18,3.624
399,19,1.58
399,20,3.778
399,21,1.67
399,22,1.651
399,23,1.151
399,24,1.663
399,25,1.573
399,26,1.862
399,27,1.106
399,28,0.443
399,29,1.696
399,30,1.869
399,31,1.976
399,32,1.054
399,33,0.037
399,34,0.036
399,35,0.036
399,36,0.053
399,37,0.105
399,38,0.102
399,39,0.101
399,40,0.052
399,41,0.195
399,42,0.19
399,43,0.089
399,44,0.056
399,45,0.036
399,46,0.063
399,47,0.107
399,48,0.104
400,1,0.094
400,2,0.037
400,3,0.037
400,4,1.195
400,5,1.778
400,6,1.775
400,7,1.759
400,8,1.08
400,9,0.128
400,10,0.106
400,11,0.098
400,12,0.037
400,13,0.037
400,14,0.036
400,15,0.036
400,16,0.036
400,17,0.036
400,18,0.211
400,19,0.15
400,20,0.107
400,21,0.104
400,22,0.058
400,23,0.037
400,24,0.037
400,25,0.037
400,26,0.037
400,27,0.037
400,28,0.037
400,29,0.083
400,30,0.106
400,31,0.101
400,32,0.037
400,33,0.036
400,34,0.036
400,35,0.034
400,36,0.034
400,37,0.574
400,38,2.173
400,39,2.258
400,40,2.094
400,41,2.328
400,42,2.381
400,43,2.467
400,44,0.311
400,45,0.102
400,46,0.049
400,47,0.049
400,48,0.049
401,1,0.05
401,2,0.05
401,3,0.049
401,4,0.059
401,5,0.119
401,6,0.116
401,7,0.107
401,8,0.048
401,9,0.049
401,10,0.049
401,11,0.049
401,12,0.048
401,13,0.049
401,14,0.052
401,15,0.118
401,16,0.117
401,17,0.085
401,18,0.287
401,19,0.258
401,20,0.035
401,21,0.036
401,22,0.036
401,23,0.036
401,24,0.098
401,25,0.106
401,26,0.102
401,27,0.069
401,28,0.036
401,29,0.036
401,30,0.533
401,31,1.789
401,32,3.331
401,33,2.402
401,34,1.22
401,35,0.222
401,36,0.247
401,37,0.392
401,38,0.224
401,39,0.216
401,40,0.112
401,41,0.29
401,42,1.269
401,43,2.259
401,44,1.535
401,45,0.373
401,46,2.643
401,47,2.323
401,48,1.053
402,1,0.051
402,2,0.051
402,3,0.049
402,4,0.049
402,5,0.049
402,6,0.054
402,7,0.119
402,8,0.117
402,9,0.094
402,10,0.049
402,11,0.049
402,12,0.049
402,13,0.049
402,14,0.048
402,15,0.048
402,16,0.054
402,17,0.118
402,18,0.297
402,19,1.265
402,20,1.254
402,21,0.308
402,22,0.041
402,23,0.298
402,24,0.095
402,25,0.143
402,26,0.072
402,27,1.092
402,28,0.797
402,29,0.253
402,30,0.138
402,31,2.148
402,32,2.171
402,33,2.146
402,34,0.749
402,35,0.138
402,36,0.148
402,37,0.197
402,38,0.502
402,39,0.28
402,40,0.272
402,41,0.4
402,42,0.474
402,43,0.35
402,44,0.33
402,45,0.258
402,46,0.138
402,47,0.099
402,48,0.121
403,1,0.116
403,2,0.068
403,3,0.049
403,4,0.049
403,5,0.049
403,6,0.048
403,7,0.048
403,8,0.049
403,9,0.098
403,10,0.12
403,11,0.117
403,12,0.055
403,13,0.049
403,14,0.049
403,15,0.049
403,16,0.049
403,17,0.049
403,18,0.584
403,19,0.234
403,20,0.192
403,21,0.13
403,22,0.417
403,23,1.196
403,24,0.368
403,25,2.1
403,26,2.206
403,27,2.547
403,28,0.681
403,29,0.491
403,30,0.321
403,31,0.193
403,32,0.158
403,33,0.22
403,34,0.768
403,35,1.466
403,36,2.02
403,37,1.491
403,38,1.141
403,39,2.338
403,40,2.08
403,41,1.316
403,42,0.467
403,43,0.38
403,44,0.461
403,45,0.447
403,46,1.642
403,47,1.351
403,48,0.105
404,1,0.049
404,2,0.049
404,3,0.049
404,4,0.049
404,5,0.049
404,6,0.06
404,7,0.119
404,8,0.118
404,9,0.072
404,10,0.05
404,11,0.049
404,12,0.049
404,13,0.048
404,14,0.049
404,15,0.078
404,16,0.138
404,17,0.111
404,18,0.23
404,19,0.1
404,20,0.477
404,21,0.036
404,22,0.085
404,23,1.704
404,24,1.084
404,25,0.821
404,26,0.21
404,27,0.185
404,28,1.279
404,29,1.473
404,30,0.071
404,31,0.107
404,32,0.085
404,33,1.148
404,34,0.94
404,35,0.278
404,36,0.212
404,37,0.244
404,38,0.282
404,39,0.284
404,40,0.234
404,41,0.416
404,42,0.404
404,43,0.345
404,44,0.281
404,45,0.297
404,46,0.143
404,47,0.081
404,48,0.049
405,1,0.05
405,2,0.05
405,3,0.048
405,4,0.048
405,5,0.093
405,6,0.118
405,7,0.085
405,8,0.048
405,9,0.048
405,10,0.048
405,11,0.049
405,12,0.049
405,13,0.079
405,14,0.118
405,15,0.09
405,16,0.048
405,17,0.048
405,18,0.527
405,19,0.157
405,20,0.361
405,21,0.087
405,22,0.286
405,23,0.101
405,24,0.366
405,25,0.85
405,26,0.333
405,27,0.138
405,28,0.124
405,29,0.174
405,30,0.111
405,31,0.07
405,32,0.039
405,33,0.091
405,34,0.323
405,35,0.279
405,36,0.219
405,37,1.739
405,38,0.244
405,39,0.217
405,40,0.175
405,41,0.409
405,42,0.391
405,43,0.345
405,44,0.392
405,45,0.233
405,46,0.104
405,47,0.049
405,48,0.049
406,1,0.048
406,2,0.048
406,3,0.049
406,4,0.048
406,5,0.093
406,6,0.117
406,7,0.049
406,8,0.049
406,9,0.049
406,10,0.049
406,11,0.049
406,12,0.078
406,13,0.117
406,14,0.09
406,15,0.111
406,16,0.104
406,17,0.101
406,18,0.271
406,19,1.745
406,20,0.274
406,21,0.099
406,22,0.288
406,23,0.059
406,24,0.032
406,25,0.031
406,26,0.032
406,27,0.031
406,28,0.03
406,29,0.03
406,30,0.067
406,31,0.098
406,32,0.045
406,33,0.028
406,34,0.029
406,35,0.028
406,36,0.027
406,37,0.027
406,38,0.045
406,39,0.094
406,40,0.056
406,41,0.2
406,42,0.194
406,43,0.079
406,44,0.028
406,45,0.029
406,46,0.056
406,47,0.097
406,48,0.046
407,1,0.028
407,2,0.029
407,3,0.029
407,4,0.029
407,5,0.029
407,6,0.029
407,7,0.055
407,8,0.095
407,9,0.086
407,10,0.03
407,11,0.03
407,12,0.029
407,13,0.029
407,14,0.029
407,15,0.029
407,16,0.029
407,17,0.029
407,18,0.225
407,19,0.14
407,20,0.092
407,21,0.029
407,22,0.029
407,23,0.029
407,24,0.029
407,25,0.029
407,26,0.03
407,27,0.03
407,28,0.037
407,29,0.095
407,30,0.096
407,31,0.041
407,32,0.029
407,33,0.028
407,34,0.027
407,35,0.027
407,36,0.027
407,37,0.028
407,38,0.027
407,39,0.029
407,40,0.05
407,41,0.259
407,42,0.238
407,43,0.08
407,44,0.028
407,45,0.027
407,46,0.029
407,47,0.028
407,48,0.029
408,1,0.029
408,2,0.029
408,3,0.066
408,4,0.095
408,5,0.079
408,6,0.029
408,7,0.029
408,8,0.03
408,9,0.03
408,10,0.03
408,11,0.03
408,12,0.029
408,13,0.029
408,14,0.029
408,15,0.029
408,16,0.084
408,17,0.093
408,18,0.255
408,19,0.29
408,20,0.029
408,21,0.029
408,22,0.028
408,23,0.029
408,24,0.029
408,25,0.029
408,26,0.03
408,27,0.03
408,28,0.03
408,29,0.03
408,30,0.03
408,31,0.084
408,32,0.096
408,33,0.095
408,34,0.029
408,35,0.297
408,36,0.402
408,37,0.472
408,38,0.48
408,39,0.2
408,40,0.118
408,41,0.306
408,42,0.782
408,43,0.432
408,44,1.615
408,45,2.182
408,46,2.125
408,47,0.383
408,48,0.349
409,1,0.163
409,2,0.049
409,3,0.049
409,4,0.049
409,5,0.048
409,6,0.049
409,7,0.049
409,8,0.049
409,9,0.049
409,10,0.049
409,11,0.048
409,12,0.048
409,13,0.048
409,14,0.116
409,15,0.152
409,16,0.159
409,17,0.083
409,18,0.21
409,19,0.083
409,20,0.035
409,21,0.035
409,22,1.429
409,23,0.715
409,24,0.27
409,25,0.46
409,26,0.37
409,27,0.2
409,28,0.185
409,29,1.016
409,30,1.018
409,31,0.768
409,32,0.727
409,33,0.194
409,34,0.199
409,35,0.21
409,36,0.277
409,37,0.277
409,38,0.416
409,39,1.464
409,40,2.094
409,41,0.423
409,42,1.614
409,43,0.381
409,44,0.769
409,45,0.515
409,46,0.42
409,47,0.384
409,48,0.168
410,1,0.049
410,2,0.048
410,3,0.049
410,4,0.049
410,5,0.048
410,6,0.049
410,7,0.049
410,8,0.049
410,9,0.117
410,10,0.118
410,11,0.081
410,12,0.048
410,13,0.048
410,14,0.048
410,15,0.048
410,16,0.078
410,17,2.17
410,18,0.836
410,19,0.317
410,20,0.164
410,21,0.102
410,22,0.268
410,23,0.175
410,24,0.036
410,25,0.036
410,26,0.036
410,27,0.599
410,28,0.081
410,29,0.131
410,30,0.485
410,31,0.198
410,32,0.116
410,33,0.117
410,34,0.154
410,35,0.189
410,36,0.203
410,37,0.207
410,38,0.668
410,39,0.297
410,40,0.408
410,41,0.485
410,42,0.383
410,43,0.376
410,44,0.284
410,45,0.402
410,46,0.403
410,47,0.25
410,48,0.048
411,1,0.048
411,2,0.049
411,3,0.049
411,4,0.049
411,5,0.049
411,6,0.048
411,7,0.097
411,8,0.117
411,9,0.08
411,10,0.048
411,11,0.048
411,12,0.048
411,13,0.068
411,14,0.048
411,15,0.048
411,16,0.071
411,17,0.118
411,18,0.287
411,19,0.327
411,20,0.4
411,21,0.105
411,22,0.036
411,23,0.036
411,24,0.036
411,25,0.411
411,26,0.308
411,27,0.132
411,28,0.289
411,29,1.034
411,30,1.094
411,31,1.741
411,32,1.929
411,33,2.026
411,34,1.982
411,35,0.246
411,36,0.313
411,37,0.991
411,38,0.254
411,39,0.261
411,40,0.169
411,41,0.348
411,42,0.4
411,43,0.285
411,44,0.241
411,45,0.245
411,46,0.231
411,47,0.082
411,48,0.047
412,1,0.048
412,2,0.049
412,3,0.049
412,4,0.049
412,5,0.049
412,6,0.118
412,7,0.117
412,8,0.135
412,9,0.048
412,10,0.048
412,11,0.048
412,12,0.048
412,13,0.048
412,14,0.058
412,15,0.511
412,16,0.189
412,17,0.115
412,18,0.269
412,19,0.099
412,20,0.047
412,21,0.047
412,22,0.048
412,23,0.048
412,24,0.048
412,25,0.048
412,26,0.117
412,27,0.117
412,28,0.107
412,29,0.047
412,30,0.047
412,31,0.048
412,32,0.049
412,33,0.049
412,34,0.096
412,35,0.155
412,36,2.289
412,37,0.291
412,38,0.282
412,39,0.54
412,40,0.623
412,41,0.534
412,42,0.457
412,43,0.346
412,44,0.301
412,45,0.086
412,46,0.049
412,47,0.049
412,48,0.072
413,1,0.119
413,2,0.116
413,3,0.069
413,4,0.048
413,5,0.048
413,6,0.048
413,7,0.048
413,8,0.048
413,9,0.049
413,10,0.049
413,11,0.049
413,12,0.085
413,13,0.116
413,14,0.114
413,15,0.061
413,16,0.048
413,17,0.304
413,18,1.382
413,19,0.518
413,20,0.194
413,21,0.077
413,22,0.037
413,23,0.284
413,24,0.866
413,25,0.121
413,26,0.261
413,27,0.2
413,28,0.292
413,29,0.247
413,30,1.352
413,31,2.212
413,32,3.157
413,33,3.445
413,34,2.191
413,35,0.463
413,36,0.211
413,37,0.396
413,38,0.278
413,39,0.429
413,40,0.381
413,41,0.4
413,42,1.311
413,43,1.136
413,44,1.153
413,45,1.151
413,46,1.285
413,47,1.185
413,48,0.622
414,1,0.113
414,2,0.08
414,3,0.049
414,4,0.726
414,5,0.889
414,6,0.901
414,7,0.883
414,8,0.66
414,9,0.048
414,10,0.095
414,11,0.117
414,12,0.11
414,13,0.047
414,14,0.046
414,15,0.047
414,16,0.104
414,17,1.51
414,18,1.147
414,19,2.69
414,20,0.834
414,21,0.466
414,22,1.284
414,23,1.462
414,24,1.538
414,25,0.628
414,26,0.275
414,27,0.359
414,28,0.494
414,29,0.036
414,30,0.036
414,31,0.441
414,32,0.175
414,33,0.206
414,34,0.435
414,35,0.342
414,36,1.249
414,37,1.471
414,38,1.544
414,39,0.396
414,40,0.769
414,41,1.181
414,42,1.166
414,43,1.212
414,44,1.327
414,45,1.11
414,46,1.038
414,47,0.905
414,48,0.895
415,1,0.9
415,2,0.943
415,3,0.999
415,4,1.657
415,5,1.742
415,6,1.73
415,7,1.73
415,8,1.52
415,9,0.931
415,10,0.684
415,11,0.048
415,12,0.088
415,13,0.118
415,14,1.779
415,15,0.529
415,16,0.257
415,17,0.137
415,18,0.416
415,19,0.154
415,20,0.038
415,21,0.035
415,22,0.069
415,23,0.104
415,24,0.418
415,25,0.193
415,26,0.104
415,27,0.103
415,28,0.102
415,29,0.101
415,30,0.073
415,31,0.034
415,32,0.034
415,33,0.034
415,34,1.051
415,35,0.169
415,36,0.275
415,37,0.399
415,38,1.754
415,39,2.593
415,40,1.95
415,41,1.38
415,42,0.364
415,43,1.81
415,44,2.302
415,45,1.511
415,46,0.301
415,47,0.202
415,48,0.048
