213,1,0.128
213,2,0.117
213,3,0.067
213,4,0.106
213,5,0.104
213,6,0.069
213,7,0.116
213,8,0.066
213,9,0.105
213,10,0.101
213,11,0.069
213,12,0.115
213,13,0.056
213,14,0.112
213,15,0.078
213,16,0.091
213,17,0.105
213,18,0.06
213,19,0.108
213,20,0.074
213,21,0.214
213,22,0.097
213,23,1.968
213,24,0.172
213,25,0.124
213,26,0.154
213,27,0.483
213,28,0.194
213,29,0.238
213,30,0.236
213,31,0.466
213,32,0.112
213,33,0.37
213,34,0.157
213,35,0.648
213,36,0.987
213,37,0.29
213,38,0.294
213,39,0.676
213,40,0.225
213,41,0.21
213,42,0.641
213,43,0.373
213,44,0.439
213,45,0.359
213,46,0.377
213,47,0.326
213,48,0.663
214,1,0.548
214,2,0.324
214,3,0.174
214,4,0.077
214,5,0.112
214,6,0.059
214,7,0.118
214,8,0.06
214,9,0.109
214,10,0.073
214,11,0.094
214,12,0.099
214,13,0.065
214,14,0.113
214,15,0.052
214,16,0.114
214,17,1.21
214,18,0.434
214,19,1.036
214,20,0.137
214,21,0.195
214,22,0.058
214,23,0.346
214,24,0.392
214,25,0.185
214,26,0.625
214,27,0.552
214,28,0.239
214,29,0.17
214,30,0.221
214,31,0.483
214,32,0.277
214,33,0.278
214,34,0.19
214,35,0.199
214,36,0.146
214,37,0.105
214,38,0.096
214,39,0.093
214,40,0.222
214,41,0.632
214,42,0.194
214,43,0.258
214,44,0.364
214,45,0.343
214,46,0.476
214,47,0.388
214,48,0.161
215,1,0.109
215,2,0.086
215,3,0.088
215,4,0.111
215,5,0.061
215,6,0.119
215,7,0.057
215,8,0.114
215,9,0.087
215,10,0.082
215,11,0.114
215,12,0.06
215,13,0.114
215,14,0.066
215,15,0.103
215,16,0.092
215,17,0.08
215,18,0.137
215,19,0.153
215,20,0.112
215,21,0.072
215,22,0.11
215,23,0.075
215,24,0.5
215,25,0.148
215,26,0.236
215,27,0.111
215,28,0.339
215,29,0.254
215,30,0.435
215,31,0.198
215,32,0.215
215,33,0.488
215,34,0.258
215,35,0.206
215,36,0.675
215,37,0.337
215,38,0.468
215,39,0.287
215,40,0.193
215,41,0.206
215,42,0.283
215,43,0.416
215,44,0.495
215,45,0.479
215,46,0.486
215,47,0.386
215,48,0.124
216,1,0.058
216,2,0.124
216,3,0.064
216,4,0.112
216,5,0.084
216,6,0.096
216,7,0.092
216,8,0.096
216,9,0.094
216,10,0.087
216,11,0.109
216,12,0.068
216,13,0.12
216,14,0.056
216,15,0.118
216,16,0.067
216,17,0.148
216,18,0.147
216,19,0.547
216,20,0.078
216,21,0.112
216,22,0.095
216,23,0.095
216,24,0.114
216,25,0.113
216,26,0.309
216,27,0.352
216,28,0.435
216,29,0.077
216,30,0.121
216,31,0.154
216,32,0.253
216,33,0.21
216,34,0.238
216,35,0.345
216,36,0.434
216,37,0.218
216,38,0.213
216,39,0.264
216,40,0.195
216,41,0.214
216,42,0.222
216,43,0.291
216,44,0.454
216,45,0.496
216,46,0.55
216,47,0.353
216,48,0.084
217,1,0.119
217,2,0.061
217,3,0.112
217,4,0.086
217,5,0.085
217,6,0.113
217,7,0.067
217,8,0.104
217,9,0.086
217,10,0.082
217,11,0.116
217,12,0.063
217,13,0.11
217,14,0.082
217,15,0.087
217,16,0.112
217,17,0.064
217,18,0.897
217,19,0.889
217,20,0.599
217,21,0.123
217,22,0.773
217,23,0.237
217,24,0.418
217,25,0.415
217,26,0.394
217,27,0.376
217,28,0.286
217,29,0.134
217,30,0.18
217,31,0.072
217,32,0.13
217,33,0.094
217,34,0.091
217,35,0.242
217,36,0.188
217,37,0.241
217,38,0.458
217,39,0.416
217,40,0.612
217,41,0.546
217,42,0.231
217,43,0.392
217,44,0.461
217,45,0.356
217,46,0.429
217,47,0.362
217,48,0.112
218,1,0.089
218,2,0.105
218,3,0.101
218,4,0.079
218,5,0.118
218,6,0.06
218,7,0.12
218,8,0.088
218,9,0.087
218,10,0.119
218,11,0.058
218,12,0.118
218,13,0.069
218,14,0.105
218,15,0.098
218,16,0.075
218,17,0.119
218,18,0.167
218,19,0.159
218,20,0.464
218,21,0.56
218,22,0.138
218,23,0.131
218,24,0.117
218,25,0.098
218,26,0.084
218,27,0.146
218,28,0.134
218,29,0.182
218,30,0.42
218,31,0.444
218,32,0.418
218,33,0.204
218,34,0.196
218,35,0.762
218,36,0.994
218,37,0.349
218,38,0.807
218,39,0.199
218,40,0.427
218,41,0.272
218,42,0.174
218,43,0.751
218,44,0.462
218,45,0.377
218,46,0.297
218,47,0.075
218,48,0.116
219,1,0.096
219,2,0.093
219,3,0.108
219,4,0.066
219,5,0.12
219,6,0.08
219,7,0.094
219,8,0.113
219,9,0.06
219,10,0.119
219,11,0.064
219,12,0.109
219,13,0.097
219,14,0.395
219,15,0.178
219,16,0.069
219,17,0.143
219,18,0.433
219,19,0.857
219,20,0.699
219,21,0.33
219,22,0.24
219,23,0.066
219,24,0.121
219,25,0.105
219,26,0.153
219,27,0.569
219,28,0.145
219,29,0.211
219,30,0.205
219,31,0.507
219,32,0.992
219,33,0.975
219,34,1.177
219,35,0.446
219,36,0.359
219,37,0.532
219,38,0.148
219,39,0.183
219,40,0.31
219,41,0.196
219,42,0.175
219,43,0.502
219,44,0.445
219,45,0.415
219,46,0.433
219,47,0.311
219,48,0.36
220,1,0.107
220,2,0.1
220,3,0.109
220,4,0.079
220,5,0.115
220,6,0.074
220,7,0.107
220,8,0.088
220,9,0.099
220,10,0.1
220,11,0.077
220,12,0.112
220,13,0.069
220,14,0.108
220,15,0.102
220,16,0.07
220,17,0.117
220,18,0.062
220,19,0.114
220,20,0.182
220,21,0.082
220,22,0.148
220,23,0.152
220,24,0.535
220,25,0.197
220,26,0.282
220,27,0.315
220,28,0.101
220,29,0.102
220,30,0.098
220,31,0.094
220,32,0.508
220,33,1.124
220,34,0.9
220,35,0.881
220,36,0.415
220,37,0.22
220,38,0.064
220,39,0.089
220,40,0.067
220,41,0.176
220,42,0.208
220,43,0.37
220,44,0.446
220,45,0.395
220,46,0.375
220,47,0.419
220,48,0.387
221,1,0.106
221,2,0.051
221,3,0.073
221,4,0.065
221,5,0.058
221,6,0.082
221,7,0.041
221,8,0.084
221,9,0.036
221,10,0.084
221,11,0.055
221,12,0.062
221,13,0.073
221,14,0.044
221,15,0.083
221,16,0.035
221,17,0.083
221,18,1.177
221,19,0.26
221,20,0.064
221,21,0.114
221,22,0.707
221,23,0.141
221,24,0.092
221,25,0.138
221,26,0.549
221,27,0.991
221,28,0.622
221,29,1.027
221,30,0.476
221,31,0.18
221,32,0.19
221,33,0.127
221,34,0.184
221,35,0.134
221,36,0.525
221,37,0.432
221,38,0.949
221,39,0.957
221,40,0.609
221,41,0.191
221,42,0.163
221,43,0.247
221,44,0.335
221,45,0.339
221,46,0.343
221,47,0.494
221,48,0.121
222,1,0.037
222,2,0.088
222,3,0.046
222,4,0.078
222,5,0.067
222,6,0.054
222,7,0.084
222,8,0.036
222,9,0.085
222,10,0.053
222,11,0.068
222,12,0.077
222,13,0.041
222,14,0.084
222,15,0.036
222,16,0.084
222,17,0.063
222,18,0.089
222,19,0.85
222,20,0.623
222,21,0.084
222,22,0.04
222,23,0.141
222,24,0.375
222,25,0.065
222,26,0.225
222,27,0.865
222,28,1.051
222,29,0.044
222,30,0.34
222,31,0.812
222,32,0.941
222,33,0.816
222,34,0.803
222,35,1.012
222,36,0.555
222,37,0.235
222,38,0.24
222,39,0.918
222,40,0.263
222,41,0.234
222,42,0.308
222,43,0.271
222,44,0.365
222,45,0.53
222,46,0.386
222,47,0.433
222,48,0.197
223,1,0.088
223,2,0.045
223,3,0.079
223,4,0.067
223,5,0.055
223,6,0.085
223,7,0.037
223,8,0.084
223,9,0.042
223,10,0.077
223,11,0.062
223,12,0.057
223,13,0.08
223,14,0.039
223,15,0.081
223,16,0.036
223,17,0.083
223,18,0.062
223,19,0.137
223,20,0.105
223,21,0.749
223,22,0.537
223,23,0.284
223,24,0.342
223,25,0.055
223,26,0.252
223,27,0.428
223,28,0.057
223,29,0.276
223,30,0.056
223,31,0.147
223,32,0.844
223,33,0.988
223,34,1.013
223,35,0.965
223,36,0.529
223,37,0.37
223,38,0.337
223,39,0.522
223,40,0.211
223,41,0.467
223,42,0.356
223,43,0.412
223,44,0.398
223,45,0.314
223,46,0.381
223,47,0.322
223,48,0.098
224,1,0.037
224,2,0.09
224,3,0.046
224,4,0.078
224,5,0.058
224,6,0.064
224,7,0.076
224,8,0.044
224,9,0.084
224,10,0.036
224,11,0.086
224,12,0.05
224,13,0.069
224,14,0.069
224,15,0.051
224,16,0.084
224,17,0.246
224,18,0.092
224,19,0.112
224,20,0.641
224,21,1.742
224,22,1.498
224,23,0.23
224,24,0.698
224,25,0.152
224,26,1.093
224,27,0.089
224,28,0.123
224,29,0.732
224,30,0.4
224,31,0.52
224,32,0.195
224,33,0.093
224,34,0.049
224,35,0.659
224,36,0.691
224,37,0.917
224,38,0.976
224,39,0.128
224,40,0.164
224,41,0.174
224,42,0.352
224,43,0.33
224,44,0.328
224,45,0.447
224,46,0.234
224,47,0.09
224,48,0.04
225,1,0.089
225,2,0.046
225,3,0.084
225,4,0.066
225,5,0.061
225,6,0.086
225,7,0.04
225,8,0.087
225,9,0.057
225,10,0.067
225,11,0.08
225,12,0.044
225,13,0.085
225,14,0.039
225,15,0.084
225,16,0.054
225,17,0.068
225,18,0.132
225,19,0.095
225,20,0.32
225,21,0.04
225,22,0.087
225,23,0.047
225,24,0.08
225,25,0.057
225,26,0.068
225,27,0.069
225,28,0.058
225,29,0.076
225,30,0.049
225,31,0.589
225,32,0.807
225,33,0.133
225,34,0.413
225,35,0.259
225,36,0.295
225,37,0.182
225,38,0.22
225,39,0.385
225,40,0.204
225,41,0.17
225,42,0.218
225,43,0.452
225,44,0.351
225,45,0.452
225,46,0.403
225,47,0.324
225,48,0.079
226,1,0.049
226,2,0.086
226,3,0.049
226,4,0.078
226,5,0.074
226,6,0.051
226,7,0.084
226,8,0.073
226,9,0.111
226,10,0.053
226,11,0.068
226,12,0.074
226,13,0.048
226,14,0.084
226,15,0.039
226,16,0.084
226,17,0.075
226,18,0.219
226,19,0.731
226,20,0.828
226,21,0.174
226,22,0.128
226,23,0.187
226,24,0.225
226,25,0.275
226,26,0.383
226,27,0.611
226,28,0.329
226,29,0.372
226,30,0.294
226,31,0.223
226,32,0.314
226,33,0.458
226,34,0.44
226,35,0.328
226,36,0.581
226,37,0.314
226,38,0.188
226,39,0.228
226,40,0.175
226,41,0.339
226,42,0.442
226,43,0.407
226,44,0.417
226,45,0.404
226,46,0.347
226,47,0.189
226,48,0.037
227,1,0.089
227,2,0.047
227,3,0.077
227,4,0.065
227,5,0.054
227,6,0.083
227,7,0.037
227,8,0.085
227,9,0.036
227,10,0.086
227,11,0.045
227,12,0.076
227,13,0.059
227,14,0.061
227,15,0.07
227,16,0.051
227,17,0.08
227,18,0.12
227,19,0.093
227,20,0.455
227,21,0.097
227,22,0.056
227,23,0.07
227,24,0.158
227,25,0.076
227,26,0.092
227,27,0.383
227,28,0.13
227,29,0.08
227,30,0.179
227,31,0.16
227,32,0.164
227,33,0.513
227,34,0.145
227,35,0.189
227,36,0.38
227,37,0.209
227,38,0.087
227,39,0.045
227,40,0.093
227,41,0.137
227,42,0.317
227,43,0.334
227,44,0.342
227,45,0.43
227,46,0.338
227,47,0.388
227,48,0.159
228,1,0.038
228,2,0.084
228,3,0.059
228,4,0.061
228,5,0.084
228,6,0.035
228,7,0.083
228,8,0.047
228,9,0.071
228,10,0.071
228,11,0.045
228,12,0.085
228,13,0.035
228,14,0.082
228,15,0.034
228,16,0.084
228,17,0.069
228,18,0.104
228,19,0.24
228,20,0.463
228,21,0.137
228,22,0.126
228,23,0.188
228,24,0.091
228,25,0.053
228,26,0.094
228,27,0.388
228,28,0.303
228,29,0.2
228,30,0.135
228,31,0.198
228,32,0.169
228,33,0.153
228,34,0.18
228,35,0.148
228,36,0.171
228,37,0.307
228,38,0.471
228,39,0.184
228,40,0.165
228,41,0.332
228,42,0.383
228,43,0.357
228,44,0.397
228,45,0.375
228,46,0.363
228,47,0.45
228,48,0.073
229,1,0.076
229,2,0.071
229,3,0.049
229,4,0.082
229,5,0.034
229,6,0.08
229,7,0.048
229,8,0.067
229,9,0.069
229,10,0.046
229,11,0.081
229,12,0.034
229,13,0.08
229,14,0.037
229,15,0.077
229,16,1.347
229,17,0.078
229,18,0.087
229,19,0.131
229,20,1.089
229,21,1.091
229,22,0.09
229,23,0.398
229,24,0.896
229,25,0.35
229,26,0.383
229,27,0.07
229,28,0.087
229,29,0.037
229,30,0.087
229,31,0.17
229,32,0.674
229,33,0.868
229,34,0.254
229,35,0.146
229,36,0.061
229,37,0.421
229,38,0.309
229,39,0.158
229,40,0.332
229,41,0.123
229,42,0.195
229,43,0.38
229,44,0.332
229,45,0.395
229,46,0.427
229,47,0.079
229,48,0.072
230,1,0.052
230,2,0.087
230,3,0.036
230,4,0.085
230,5,0.04
230,6,0.081
230,7,0.058
230,8,0.062
230,9,0.075
230,10,0.044
230,11,0.084
230,12,0.036
230,13,0.082
230,14,0.043
230,15,0.073
230,16,0.065
230,17,0.051
230,18,0.082
230,19,0.072
230,20,0.089
230,21,0.44
230,22,0.857
230,23,1.135
230,24,0.342
230,25,0.12
230,26,0.037
230,27,0.541
230,28,0.044
230,29,0.278
230,30,0.098
230,31,0.163
230,32,0.258
230,33,0.606
230,34,0.406
230,35,0.317
230,36,0.341
230,37,0.454
230,38,0.327
230,39,0.285
230,40,0.164
230,41,0.207
230,42,0.231
230,43,0.415
230,44,0.368
230,45,0.372
230,46,0.392
230,47,0.276
230,48,0.086
231,1,0.04
231,2,0.081
231,3,0.072
231,4,0.046
231,5,0.083
231,6,0.037
231,7,0.081
231,8,0.063
231,9,0.057
231,10,0.082
231,11,0.038
231,12,0.084
231,13,0.035
231,14,0.084
231,15,0.048
231,16,0.07
231,17,0.069
231,18,0.049
231,19,0.094
231,20,0.131
231,21,1.235
231,22,0.292
231,23,0.156
231,24,0.085
231,25,0.034
231,26,0.084
231,27,0.046
231,28,0.09
231,29,0.071
231,30,0.146
231,31,0.179
231,32,0.131
231,33,0.531
231,34,0.303
231,35,0.151
231,36,0.87
231,37,0.195
231,38,0.311
231,39,0.351
231,40,0.238
231,41,0.399
231,42,0.418
231,43,0.408
231,44,0.566
231,45,0.373
231,46,0.431
231,47,0.417
231,48,0.111
232,1,0.084
232,2,0.042
232,3,0.088
232,4,0.036
232,5,0.087
232,6,0.059
232,7,0.064
232,8,0.081
232,9,0.039
232,10,0.086
232,11,0.039
232,12,0.082
232,13,0.063
232,14,0.056
232,15,0.082
232,16,0.036
232,17,0.083
232,18,0.138
232,19,0.132
232,20,0.772
232,21,0.135
232,22,0.357
232,23,0.362
232,24,0.115
232,25,0.16
232,26,0.314
232,27,0.861
232,28,0.64
232,29,0.293
232,30,0.502
232,31,0.159
232,32,0.182
232,33,0.119
232,34,0.138
232,35,0.683
232,36,0.525
232,37,0.13
232,38,0.494
232,39,0.313
232,40,0.181
232,41,0.214
232,42,0.201
232,43,0.388
232,44,0.425
232,45,0.439
232,46,0.404
232,47,0.399
232,48,0.194
233,1,0.037
233,2,0.085
233,3,0.045
233,4,0.076
233,5,0.067
233,6,0.05
233,7,0.081
233,8,0.036
233,9,0.082
233,10,0.049
233,11,0.065
233,12,0.07
233,13,0.044
233,14,0.078
233,15,0.036
233,16,0.078
233,17,0.061
233,18,0.082
233,19,0.12
233,20,0.036
233,21,0.081
233,22,0.053
233,23,0.508
233,24,0.908
233,25,1.009
233,26,0.8
233,27,0.415
233,28,0.064
233,29,0.531
233,30,0.18
233,31,0.137
233,32,0.188
233,33,0.341
233,34,0.147
233,35,0.154
233,36,0.258
233,37,0.255
233,38,0.138
233,39,0.169
233,40,0.16
233,41,0.142
233,42,0.19
233,43,0.536
233,44,0.465
233,45,0.371
233,46,0.358
233,47,0.117
233,48,0.081
234,1,0.041
234,2,0.076
234,3,0.071
234,4,0.043
234,5,0.078
234,6,0.037
234,7,0.076
234,8,0.062
234,9,0.05
234,10,0.078
234,11,0.035
234,12,0.08
234,13,0.044
234,14,0.069
234,15,0.063
234,16,0.049
234,17,0.078
234,18,0.045
234,19,0.102
234,20,0.045
234,21,0.073
234,22,0.719
234,23,0.173
234,24,0.104
234,25,0.037
234,26,0.092
234,27,0.354
234,28,0.507
234,29,0.11
234,30,0.152
234,31,0.347
234,32,0.158
234,33,0.162
234,34,0.173
234,35,0.142
234,36,0.521
234,37,0.39
234,38,0.082
234,39,0.071
234,40,0.068
234,41,0.17
234,42,0.302
234,43,0.4
234,44,0.408
234,45,0.348
234,46,0.304
234,47,0.035
234,48,0.081
235,1,0.05
235,2,0.068
235,3,0.068
235,4,0.048
235,5,0.081
235,6,0.036
235,7,0.08
235,8,0.036
235,9,0.083
235,10,0.043
235,11,0.072
235,12,0.058
235,13,0.06
235,14,0.07
235,15,0.046
235,16,0.082
235,17,0.037
235,18,0.083
235,19,0.13
235,20,0.147
235,21,0.076
235,22,0.569
235,23,0.324
235,24,0.061
235,25,0.111
235,26,0.178
235,27,0.611
235,28,0.157
235,29,0.177
235,30,0.309
235,31,0.175
235,32,0.136
235,33,0.312
235,34,0.167
235,35,0.119
235,36,0.36
235,37,0.544
235,38,0.215
235,39,0.179
235,40,0.552
235,41,0.09
235,42,0.319
235,43,0.361
235,44,0.51
235,45,0.637
235,46,0.647
235,47,0.455
235,48,0.09
236,1,0.036
236,2,0.081
236,3,0.056
236,4,0.058
236,5,0.073
236,6,0.042
236,7,0.08
236,8,0.036
236,9,0.08
236,10,0.036
236,11,0.08
236,12,0.049
236,13,0.066
236,14,0.059
236,15,0.054
236,16,0.07
236,17,0.045
236,18,0.103
236,19,0.09
236,20,0.105
236,21,0.036
236,22,0.097
236,23,0.037
236,24,0.405
236,25,0.42
236,26,0.086
236,27,0.088
236,28,0.69
236,29,0.428
236,30,0.085
236,31,0.037
236,32,0.136
236,33,0.152
236,34,0.066
236,35,0.29
236,36,0.331
236,37,0.223
236,38,0.365
236,39,0.156
236,40,0.208
236,41,0.156
236,42,0.25
236,43,0.413
236,44,0.437
236,45,0.433
236,46,0.341
236,47,0.209
236,48,0.039
237,1,0.086
237,2,0.053
237,3,0.069
237,4,0.074
237,5,0.046
237,6,0.081
237,7,0.036
237,8,0.081
237,9,0.048
237,10,0.069
237,11,0.064
237,12,0.052
237,13,0.078
237,14,0.038
237,15,0.08
237,16,0.036
237,17,0.106
237,18,0.191
237,19,0.192
237,20,0.916
237,21,0.277
237,22,0.261
237,23,0.139
237,24,0.172
237,25,0.219
237,26,0.171
237,27,0.593
237,28,0.432
237,29,0.314
237,30,0.34
237,31,0.185
237,32,0.138
237,33,0.191
237,34,0.153
237,35,0.212
237,36,0.176
237,37,0.605
237,38,0.205
237,39,0.438
237,40,0.341
237,41,0.353
237,42,0.267
237,43,0.339
237,44,0.312
237,45,0.339
237,46,0.34
237,47,0.399
237,48,0.142
238,1,0.086
238,2,0.054
238,3,0.069
238,4,0.066
238,5,0.053
238,6,0.081
238,7,0.039
238,8,0.083
238,9,0.037
238,10,0.083
238,11,0.039
238,12,0.08
238,13,0.052
238,14,0.065
238,15,0.066
238,16,0.051
238,17,0.081
238,18,0.075
238,19,0.13
238,20,0.769
238,21,0.183
238,22,0.139
238,23,0.074
238,24,0.099
238,25,0.038
238,26,0.219
238,27,0.378
238,28,0.099
238,29,0.04
238,30,0.098
238,31,0.048
238,32,0.094
238,33,0.303
238,34,0.089
238,35,0.124
238,36,0.123
238,37,0.158
238,38,0.173
238,39,0.475
238,40,0.182
238,41,0.253
238,42,0.413
238,43,0.545
238,44,0.371
238,45,0.417
238,46,0.388
238,47,0.371
238,48,0.085
239,1,0.036
239,2,0.083
239,3,0.044
239,4,0.076
239,5,0.06
239,6,0.061
239,7,0.072
239,8,0.048
239,9,0.081
239,10,0.038
239,11,0.082
239,12,0.036
239,13,0.079
239,14,0.062
239,15,0.052
239,16,0.078
239,17,0.079
239,18,0.195
239,19,0.063
239,20,0.061
239,21,0.08
239,22,0.339
239,23,0.391
239,24,0.134
239,25,0.547
239,26,0.386
239,27,0.609
239,28,0.597
239,29,0.187
239,30,0.235
239,31,0.153
239,32,0.734
239,33,0.689
239,34,0.161
239,35,0.151
239,36,0.394
239,37,0.181
239,38,0.131
239,39,0.573
239,40,0.322
239,41,0.154
239,42,0.252
239,43,0.657
239,44,0.489
239,45,0.409
239,46,0.37
239,47,0.331
239,48,0.045
240,1,0.083
240,2,0.038
240,3,0.082
240,4,0.058
240,5,0.06
240,6,0.075
240,7,0.045
240,8,0.083
240,9,0.037
240,10,0.081
240,11,0.037
240,12,0.081
240,13,0.047
240,14,0.07
240,15,0.064
240,16,0.051
240,17,0.078
240,18,0.084
240,19,0.19
240,20,0.129
240,21,0.181
240,22,0.581
240,23,0.185
240,24,0.698
240,25,0.626
240,26,0.573
240,27,0.464
240,28,0.204
240,29,0.172
240,30,0.159
240,31,0.179
240,32,0.147
240,33,0.185
240,34,0.091
240,35,0.387
240,36,0.299
240,37,0.169
240,38,0.167
240,39,0.135
240,40,0.156
240,41,0.147
240,42,0.373
240,43,0.545
240,44,0.336
240,45,0.342
240,46,0.344
240,47,0.419
240,48,0.494
388,1,0.036
388,2,0.075
388,3,0.035
388,4,0.074
388,5,0.035
388,6,0.076
388,7,0.036
388,8,0.076
388,9,0.035
388,10,0.07
388,11,0.041
388,12,0.053
388,13,0.057
388,14,0.037
388,15,0.075
388,16,0.035
388,17,0.075
388,18,0.035
388,19,0.071
388,20,0.132
388,21,0.048
388,22,0.064
388,23,0.038
388,24,0.176
388,25,1.455
388,26,0.156
388,27,0.188
388,28,0.426
388,29,0.459
388,30,0.228
388,31,0.225
388,32,0.2
388,33,0.208
388,34,0.261
388,35,0.545
388,36,0.739
388,37,0.4
388,38,0.785
388,39,0.542
388,40,0.4
388,41,0.441
388,42,0.55
388,43,0.511
388,44,0.564
388,45,0.469
388,46,0.459
388,47,0.234
388,48,0.065
389,1,0.035
389,2,0.075
389,3,0.035
389,4,0.073
389,5,0.035
389,6,0.073
389,7,0.035
389,8,0.074
389,9,0.035
389,10,0.071
389,11,0.039
389,12,0.056
389,13,0.052
389,14,0.042
389,15,0.065
389,16,0.035
389,17,0.071
389,18,0.035
389,19,0.071
389,20,0.035
389,21,0.25
389,22,0.132
389,23,0.04
389,24,0.066
389,25,0.188
389,26,0.151
389,27,0.103
389,28,0.148
389,29,0.101
389,30,0.146
389,31,0.1
389,32,0.134
389,33,0.111
389,34,0.113
389,35,0.39
389,36,0.621
389,37,0.423
389,38,0.742
389,39,0.564
389,40,0.765
389,41,0.438
389,42,0.408
389,43,0.451
389,44,0.416
389,45,0.577
389,46,0.443
389,47,0.209
389,48,0.035
390,1,0.076
390,2,0.036
390,3,0.075
390,4,0.035
390,5,0.071
390,6,0.037
390,7,0.051
390,8,0.058
390,9,0.035
390,10,0.073
390,11,0.035
390,12,0.073
390,13,0.035
390,14,0.053
390,15,0.056
390,16,0.035
390,17,0.1
390,18,0.322
390,19,0.193
390,20,0.06
390,21,0.096
390,22,0.227
390,23,0.131
390,24,0.182
390,25,0.112
390,26,0.157
390,27,0.107
390,28,0.155
390,29,0.106
390,30,0.14
390,31,0.363
390,32,0.303
390,33,0.342
390,34,0.185
390,35,0.391
390,36,0.813
390,37,0.737
390,38,0.481
390,39,0.737
390,40,0.415
390,41,0.447
390,42,0.408
390,43,0.456
390,44,0.578
390,45,0.658
390,46,0.695
390,47,0.743
390,48,0.288
391,1,0.079
391,2,0.037
391,3,0.069
391,4,0.043
391,5,0.055
391,6,0.058
391,7,0.037
391,8,0.075
391,9,0.036
391,10,0.074
391,11,0.036
391,12,0.074
391,13,0.036
391,14,0.057
391,15,0.051
391,16,0.035
391,17,0.072
391,18,0.035
391,19,0.072
391,20,0.139
391,21,0.057
391,22,0.053
391,23,0.037
391,24,0.074
391,25,0.246
391,26,0.303
391,27,0.277
391,28,0.616
391,29,0.113
391,30,0.173
391,31,0.105
391,32,0.142
391,33,0.106
391,34,0.205
391,35,0.547
391,36,0.626
391,37,0.416
391,38,0.455
391,39,0.445
391,40,0.463
391,41,0.422
391,42,0.44
391,43,0.42
391,44,0.428
391,45,0.546
391,46,0.517
391,47,0.464
391,48,0.223
392,1,0.054
392,2,0.049
392,3,0.062
392,4,0.036
392,5,0.071
392,6,0.036
392,7,0.073
392,8,0.036
392,9,0.071
392,10,0.036
392,11,0.074
392,12,0.036
392,13,0.073
392,14,0.035
392,15,0.071
392,16,0.038
392,17,0.051
392,18,0.055
392,19,0.035
392,20,0.084
392,21,0.092
392,22,0.312
392,23,0.825
392,24,0.177
392,25,0.118
392,26,0.154
392,27,0.186
392,28,0.867
392,29,0.199
392,30,0.216
392,31,0.222
392,32,0.394
392,33,0.388
392,34,0.375
392,35,0.389
392,36,0.524
392,37,0.775
392,38,0.995
392,39,0.774
392,40,0.725
392,41,0.786
392,42,0.746
392,43,0.657
392,44,0.498
392,45,0.557
392,46,0.428
392,47,0.502
392,48,0.267
393,1,0.079
393,2,0.039
393,3,0.073
393,4,0.038
393,5,0.072
393,6,0.04
393,7,0.07
393,8,0.042
393,9,0.068
393,10,0.043
393,11,0.066
393,12,0.035
393,13,0.074
393,14,0.041
393,15,0.074
393,16,0.035
393,17,0.074
393,18,0.035
393,19,0.073
393,20,0.035
393,21,0.081
393,22,0.038
393,23,0.298
393,24,0.042
393,25,0.063
393,26,0.128
393,27,0.127
393,28,0.352
393,29,0.201
393,30,0.232
393,31,0.294
393,32,0.195
393,33,0.295
393,34,0.275
393,35,0.459
393,36,0.603
393,37,0.466
393,38,0.425
393,39,0.67
393,40,0.551
393,41,0.46
393,42,0.477
393,43,0.59
393,44,0.461
393,45,0.549
393,46,0.458
393,47,0.295
393,48,0.059
394,1,0.066
394,2,0.055
394,3,0.07
394,4,0.046
394,5,0.07
394,6,0.046
394,7,0.07
394,8,0.045
394,9,0.067
394,10,0.049
394,11,0.061
394,12,0.055
394,13,0.051
394,14,0.063
394,15,0.047
394,16,0.07
394,17,0.038
394,18,0.076
394,19,0.055
394,20,0.097
394,21,0.048
394,22,0.658
394,23,0.429
394,24,0.186
394,25,0.066
394,26,0.081
394,27,0.358
394,28,0.185
394,29,0.293
394,30,0.176
394,31,0.105
394,32,0.339
394,33,0.193
394,34,0.22
394,35,0.376
394,36,0.391
394,37,0.419
394,38,0.807
394,39,1.001
394,40,0.679
394,41,0.688
394,42,0.552
394,43,0.424
394,44,0.447
394,45,0.458
394,46,0.438
394,47,0.221
394,48,0.073
395,1,0.043
395,2,0.076
395,3,0.038
395,4,0.076
395,5,0.037
395,6,0.076
395,7,0.038
395,8,0.073
395,9,0.04
395,10,0.064
395,11,0.048
395,12,0.052
395,13,0.06
395,14,0.037
395,15,0.076
395,16,0.038
395,17,0.075
395,18,0.038
395,19,0.075
395,20,0.038
395,21,0.05
395,22,0.142
395,23,0.067
395,24,0.096
395,25,0.039
395,26,0.078
395,27,0.04
395,28,0.674
395,29,0.812
395,30,0.243
395,31,0.322
395,32,0.471
395,33,0.266
395,34,0.386
395,35,0.3
395,36,0.512
395,37,0.488
395,38,0.517
395,39,0.491
395,40,0.5
395,41,0.831
395,42,0.461
395,43,0.464
395,44,0.55
395,45,0.538
395,46,0.479
395,47,0.293
395,48,0.196
396,1,0.04
396,2,0.077
396,3,0.039
396,4,0.076
396,5,0.038
396,6,0.075
396,7,0.039
396,8,0.076
396,9,0.038
396,10,0.073
396,11,0.038
396,12,0.073
396,13,0.037
396,14,0.061
396,15,0.049
396,16,0.049
396,17,0.066
396,18,0.039
396,19,0.074
396,20,0.038
396,21,0.145
396,22,0.17
396,23,0.15
396,24,0.118
396,25,0.17
396,26,0.216
396,27,0.232
396,28,0.23
396,29,0.253
396,30,0.277
396,31,0.288
396,32,0.214
396,33,0.267
396,34,0.253
396,35,0.389
396,36,0.387
396,37,0.418
396,38,0.61
396,39,0.61
396,40,0.742
396,41,0.488
396,42,0.466
396,43,0.461
396,44,0.626
396,45,0.697
396,46,0.703
396,47,0.176
396,48,0.075
397,1,0.04
397,2,0.074
397,3,0.038
397,4,0.073
397,5,0.038
397,6,0.073
397,7,0.039
397,8,0.07
397,9,0.043
397,10,0.062
397,11,0.053
397,12,0.044
397,13,0.07
397,14,0.038
397,15,0.075
397,16,0.038
397,17,0.073
397,18,0.13
397,19,0.166
397,20,0.11
397,21,0.129
397,22,0.221
397,23,0.361
397,24,0.149
397,25,0.117
397,26,0.344
397,27,0.147
397,28,0.157
397,29,0.252
397,30,0.128
397,31,0.185
397,32,0.203
397,33,0.209
397,34,0.202
397,35,0.335
397,36,0.896
397,37,0.85
397,38,0.894
397,39,0.474
397,40,0.454
397,41,0.493
397,42,0.502
397,43,2.276
397,44,0.721
397,45,0.705
397,46,0.655
397,47,0.265
397,48,0.051
398,1,0.071
398,2,0.046
398,3,0.07
398,4,0.045
398,5,0.068
398,6,0.048
398,7,0.065
398,8,0.051
398,9,0.061
398,10,0.056
398,11,0.056
398,12,0.06
398,13,0.05
398,14,0.068
398,15,0.038
398,16,0.075
398,17,0.038
398,18,0.199
398,19,0.144
398,20,0.313
398,21,0.301
398,22,0.081
398,23,0.04
398,24,0.068
398,25,0.097
398,26,0.439
398,27,0.306
398,28,0.335
398,29,0.136
398,30,0.117
398,31,0.148
398,32,0.209
398,33,0.205
398,34,0.193
398,35,0.391
398,36,0.899
398,37,0.77
398,38,0.457
398,39,0.491
398,40,0.633
398,41,0.658
398,42,0.691
398,43,0.742
398,44,0.725
398,45,0.686
398,46,0.606
398,47,0.047
398,48,0.079
399,1,0.047
399,2,0.071
399,3,0.05
399,4,0.068
399,5,0.049
399,6,0.065
399,7,0.047
399,8,0.067
399,9,0.041
399,10,0.074
399,11,0.038
399,12,0.076
399,13,0.039
399,14,0.083
399,15,0.039
399,16,0.076
399,17,0.038
399,18,0.109
399,19,0.142
399,20,0.187
399,21,0.236
399,22,0.16
399,23,0.107
399,24,0.295
399,25,0.416
399,26,0.264
399,27,0.12
399,28,0.151
399,29,0.105
399,30,0.15
399,31,0.108
399,32,0.202
399,33,0.183
399,34,0.225
399,35,0.232
399,36,0.444
399,37,0.462
399,38,0.771
399,39,0.962
399,40,1.036
399,41,0.852
399,42,0.818
399,43,0.86
399,44,0.795
399,45,0.5
399,46,0.462
399,47,0.146
399,48,0.051
400,1,0.067
400,2,0.052
400,3,0.064
400,4,0.053
400,5,0.055
400,6,0.06
400,7,0.043
400,8,0.073
400,9,0.038
400,10,0.078
400,11,0.038
400,12,0.077
400,13,0.037
400,14,0.077
400,15,0.038
400,16,0.059
400,17,0.087
400,18,0.279
400,19,0.103
400,20,0.037
400,21,0.079
400,22,0.147
400,23,0.122
400,24,0.403
400,25,0.403
400,26,0.155
400,27,0.208
400,28,0.146
400,29,0.342
400,30,0.174
400,31,0.229
400,32,0.2
400,33,0.333
400,34,0.288
400,35,0.485
400,36,0.743
400,37,0.87
400,38,0.953
400,39,0.668
400,40,0.715
400,41,0.448
400,42,0.486
400,43,0.446
400,44,0.484
400,45,0.535
400,46,0.639
400,47,0.465
400,48,0.068
401,1,0.067
401,2,0.053
401,3,0.074
401,4,0.041
401,5,0.075
401,6,0.038
401,7,0.075
401,8,0.038
401,9,0.075
401,10,0.039
401,11,0.075
401,12,0.038
401,13,0.076
401,14,0.039
401,15,0.076
401,16,0.038
401,17,0.076
401,18,0.059
401,19,0.092
401,20,0.15
401,21,0.218
401,22,0.707
401,23,0.829
401,24,0.399
401,25,0.041
401,26,0.082
401,27,0.079
401,28,0.366
401,29,0.142
401,30,0.494
401,31,0.167
401,32,0.369
401,33,0.366
401,34,0.225
401,35,0.253
401,36,0.463
401,37,0.432
401,38,0.405
401,39,0.594
401,40,0.694
401,41,0.421
401,42,0.443
401,43,0.439
401,44,0.458
401,45,0.542
401,46,0.548
401,47,0.426
401,48,0.216
402,1,0.06
402,2,0.054
402,3,0.063
402,4,0.047
402,5,0.068
402,6,0.043
402,7,0.072
402,8,0.039
402,9,0.078
402,10,0.039
402,11,0.078
402,12,0.04
402,13,0.077
402,14,0.047
402,15,0.077
402,16,0.039
402,17,0.076
402,18,0.038
402,19,0.06
402,20,0.083
402,21,0.202
402,22,0.136
402,23,0.187
402,24,0.421
402,25,0.229
402,26,0.238
402,27,0.569
402,28,0.276
402,29,0.469
402,30,0.222
402,31,0.213
402,32,0.212
402,33,0.218
402,34,0.235
402,35,0.404
402,36,0.4
402,37,0.546
402,38,0.634
402,39,0.485
402,40,0.81
402,41,0.641
402,42,0.465
402,43,0.464
402,44,0.482
402,45,0.595
402,46,0.617
402,47,0.267
402,48,0.068
403,1,0.051
403,2,0.067
403,3,0.051
403,4,0.064
403,5,0.053
403,6,0.058
403,7,0.058
403,8,0.05
403,9,0.065
403,10,0.038
403,11,0.081
403,12,0.038
403,13,0.076
403,14,0.038
403,15,0.075
403,16,0.038
403,17,0.076
403,18,0.039
403,19,0.072
403,20,0.058
403,21,0.126
403,22,0.086
403,23,0.116
403,24,0.053
403,25,0.084
403,26,0.168
403,27,0.141
403,28,0.427
403,29,0.235
403,30,0.225
403,31,0.194
403,32,0.232
403,33,0.187
403,34,0.227
403,35,0.243
403,36,0.489
403,37,0.409
403,38,0.947
403,39,0.719
403,40,0.589
403,41,0.407
403,42,0.43
403,43,0.392
403,44,0.458
403,45,0.514
403,46,0.544
403,47,0.221
403,48,0.079
404,1,0.041
404,2,0.076
404,3,0.038
404,4,0.075
404,5,0.038
404,6,0.076
404,7,0.039
404,8,0.077
404,9,0.039
404,10,0.078
404,11,0.039
404,12,0.076
404,13,0.038
404,14,0.075
404,15,0.038
404,16,0.069
404,17,0.053
404,18,0.055
404,19,0.063
404,20,0.093
404,21,0.083
404,22,0.23
404,23,0.168
404,24,0.17
404,25,0.109
404,26,0.146
404,27,0.145
404,28,0.11
404,29,0.164
404,30,0.321
404,31,0.161
404,32,0.141
404,33,0.161
404,34,0.231
404,35,0.349
404,36,0.612
404,37,0.712
404,38,1.213
404,39,0.811
404,40,0.771
404,41,0.755
404,42,0.739
404,43,0.698
404,44,0.712
404,45,0.739
404,46,0.793
404,47,0.515
404,48,0.382
405,1,0.042
405,2,0.075
405,3,0.05
405,4,0.063
405,5,0.058
405,6,0.055
405,7,0.061
405,8,0.05
405,9,0.064
405,10,0.05
405,11,0.065
405,12,0.046
405,13,0.065
405,14,0.046
405,15,0.066
405,16,0.046
405,17,0.313
405,18,0.44
405,19,0.396
405,20,0.119
405,21,0.138
405,22,0.11
405,23,0.146
405,24,0.108
405,25,0.325
405,26,0.112
405,27,0.155
405,28,0.105
405,29,0.145
405,30,0.104
405,31,0.144
405,32,0.103
405,33,0.141
405,34,0.103
405,35,0.138
405,36,0.678
405,37,0.561
405,38,0.614
405,39,0.568
405,40,0.603
405,41,0.546
405,42,0.57
405,43,0.697
405,44,0.664
405,45,0.778
405,46,0.632
405,47,0.395
405,48,0.039
406,1,0.076
406,2,0.039
406,3,0.074
406,4,0.038
406,5,0.073
406,6,0.038
406,7,0.073
406,8,0.041
406,9,0.068
406,10,0.038
406,11,0.074
406,12,0.037
406,13,0.072
406,14,0.038
406,15,0.072
406,16,0.044
406,17,0.072
406,18,0.038
406,19,0.119
406,20,0.103
406,21,0.172
406,22,1.07
406,23,1.068
406,24,1.178
406,25,0.885
406,26,0.874
406,27,0.598
406,28,0.197
406,29,0.327
406,30,0.552
406,31,0.188
406,32,0.235
406,33,0.186
406,34,0.24
406,35,0.191
406,36,0.65
406,37,0.643
406,38,0.478
406,39,0.579
406,40,0.615
406,41,0.634
406,42,0.618
406,43,0.672
406,44,0.658
406,45,0.759
406,46,0.599
406,47,0.234
406,48,0.041
407,1,0.069
407,2,0.044
407,3,0.062
407,4,0.062
407,5,0.052
407,6,0.058
407,7,0.042
407,8,0.069
407,9,0.038
407,10,0.074
407,11,0.038
407,12,0.073
407,13,0.037
407,14,0.071
407,15,0.037
407,16,0.068
407,17,0.041
407,18,0.052
407,19,0.057
407,20,0.087
407,21,1.136
407,22,0.149
407,23,0.48
407,24,0.076
407,25,0.071
407,26,0.04
407,27,0.454
407,28,0.248
407,29,0.141
407,30,0.136
407,31,0.119
407,32,0.136
407,33,0.367
407,34,0.215
407,35,0.196
407,36,0.726
407,37,0.957
407,38,0.961
407,39,0.558
407,40,0.621
407,41,0.793
407,42,0.673
407,43,0.728
407,44,0.637
407,45,0.683
407,46,0.63
407,47,0.425
407,48,0.115
408,1,0.077
408,2,0.04
408,3,0.074
408,4,0.037
408,5,0.075
408,6,0.038
408,7,0.075
408,8,0.045
408,9,0.075
408,10,0.039
408,11,0.068
408,12,0.046
408,13,0.051
408,14,0.061
408,15,0.039
408,16,0.075
408,17,0.038
408,18,0.074
408,19,0.038
408,20,0.075
408,21,0.71
408,22,0.361
408,23,0.164
408,24,0.113
408,25,0.152
408,26,0.344
408,27,0.54
408,28,0.148
408,29,0.138
408,30,0.13
408,31,0.171
408,32,0.214
408,33,0.211
408,34,0.259
408,35,0.348
408,36,0.596
408,37,0.539
408,38,0.978
408,39,0.549
408,40,0.421
408,41,0.394
408,42,0.413
408,43,0.452
408,44,0.505
408,45,0.47
408,46,0.529
408,47,0.693
408,48,0.474
409,1,0.074
409,2,0.05
409,3,0.061
409,4,0.057
409,5,0.051
409,6,0.066
409,7,0.044
409,8,0.069
409,9,0.039
409,10,0.071
409,11,0.038
409,12,0.071
409,13,0.037
409,14,0.075
409,15,0.039
409,16,0.07
409,17,0.04
409,18,0.067
409,19,0.088
409,20,0.317
409,21,0.07
409,22,0.087
409,23,0.76
409,24,0.201
409,25,0.207
409,26,0.17
409,27,0.109
409,28,0.291
409,29,0.237
409,30,0.272
409,31,0.212
409,32,0.225
409,33,0.185
409,34,0.404
409,35,0.248
409,36,0.41
409,37,0.777
409,38,0.641
409,39,0.56
409,40,0.825
409,41,0.486
409,42,0.475
409,43,0.514
409,44,0.605
409,45,0.522
409,46,0.441
409,47,0.437
409,48,0.283
410,1,0.04
410,2,0.076
410,3,0.038
410,4,0.073
410,5,0.038
410,6,0.074
410,7,0.04
410,8,0.071
410,9,0.043
410,10,0.068
410,11,0.044
410,12,0.071
410,13,0.045
410,14,0.065
410,15,0.041
410,16,0.072
410,17,0.039
410,18,0.074
410,19,0.039
410,20,0.192
410,21,0.096
410,22,0.081
410,23,0.074
410,24,0.183
410,25,0.114
410,26,0.161
410,27,0.304
410,28,0.221
410,29,0.245
410,30,0.523
410,31,0.217
410,32,0.2
410,33,0.554
410,34,0.198
410,35,0.325
410,36,0.42
410,37,0.452
410,38,0.413
410,39,0.454
410,40,0.414
410,41,0.549
410,42,0.53
410,43,0.521
410,44,0.501
410,45,0.473
410,46,0.484
410,47,0.268
410,48,0.075
411,1,0.044
411,2,0.068
411,3,0.058
411,4,0.05
411,5,0.066
411,6,0.041
411,7,0.071
411,8,0.037
411,9,0.072
411,10,0.037
411,11,0.072
411,12,0.04
411,13,0.074
411,14,0.037
411,15,0.072
411,16,0.036
411,17,0.07
411,18,0.038
411,19,0.061
411,20,0.065
411,21,0.061
411,22,0.067
411,23,0.048
411,24,0.067
411,25,0.042
411,26,0.08
411,27,0.394
411,28,0.272
411,29,0.13
411,30,0.216
411,31,0.209
411,32,0.248
411,33,0.228
411,34,0.22
411,35,0.199
411,36,0.435
411,37,1.201
411,38,0.451
411,39,0.427
411,40,0.376
411,41,0.41
411,42,0.391
411,43,0.421
411,44,0.459
411,45,0.57
411,46,0.412
411,47,0.304
411,48,0.046
412,1,0.075
412,2,0.039
412,3,0.073
412,4,0.039
412,5,0.074
412,6,0.039
412,7,0.076
412,8,0.04
412,9,0.075
412,10,0.042
412,11,0.075
412,12,0.039
412,13,0.074
412,14,0.042
412,15,0.061
412,16,0.053
412,17,0.047
412,18,0.066
412,19,0.04
412,20,0.183
412,21,0.569
412,22,0.079
412,23,0.146
412,24,0.153
412,25,0.249
412,26,0.141
412,27,0.205
412,28,0.452
412,29,0.106
412,30,0.142
412,31,0.577
412,32,0.676
412,33,0.199
412,34,0.275
412,35,0.253
412,36,0.586
412,37,0.442
412,38,0.529
412,39,0.889
412,40,0.69
412,41,0.666
412,42,0.717
412,43,0.64
412,44,0.72
412,45,0.82
412,46,0.681
412,47,0.176
412,48,0.04
413,1,0.075
413,2,0.045
413,3,0.069
413,4,0.053
413,5,0.057
413,6,0.063
413,7,0.049
413,8,0.068
413,9,0.044
413,10,0.067
413,11,0.046
413,12,0.066
413,13,0.05
413,14,0.058
413,15,0.055
413,16,0.052
413,17,0.06
413,18,0.094
413,19,0.085
413,20,0.037
413,21,0.073
413,22,0.039
413,23,0.074
413,24,0.038
413,25,0.419
413,26,0.361
413,27,0.163
413,28,0.297
413,29,0.165
413,30,0.123
413,31,0.232
413,32,0.201
413,33,0.221
413,34,0.203
413,35,0.203
413,36,0.523
413,37,0.453
413,38,0.662
413,39,0.962
413,40,0.923
413,41,0.718
413,42,0.589
413,43,0.63
413,44,0.767
413,45,0.704
413,46,0.608
413,47,0.084
413,48,0.045
414,1,0.072
414,2,0.046
414,3,0.069
414,4,0.044
414,5,0.067
414,6,0.038
414,7,0.075
414,8,0.038
414,9,0.075
414,10,0.038
414,11,0.074
414,12,0.038
414,13,0.075
414,14,0.038
414,15,0.073
414,16,0.04
414,17,0.068
414,18,0.045
414,19,0.044
414,20,0.112
414,21,0.073
414,22,0.082
414,23,0.067
414,24,0.074
414,25,0.037
414,26,0.062
414,27,0.049
414,28,0.038
414,29,0.074
414,30,0.341
414,31,0.296
414,32,0.803
414,33,0.236
414,34,0.185
414,35,0.23
414,36,0.336
414,37,0.918
414,38,0.653
414,39,0.495
414,40,0.492
414,41,0.485
414,42,0.621
414,43,0.72
414,44,0.825
414,45,0.691
414,46,0.684
414,47,0.58
414,48,0.295
415,1,0.039
415,2,0.076
415,3,0.038
415,4,0.075
415,5,0.038
415,6,0.075
415,7,0.039
415,8,0.081
415,9,0.039
415,10,0.075
415,11,0.039
415,12,0.069
415,13,0.045
415,14,0.044
415,15,0.069
415,16,0.039
415,17,0.074
415,18,0.038
415,19,0.074
415,20,0.074
415,21,0.164
415,22,0.074
415,23,0.038
415,24,0.151
415,25,0.152
415,26,0.369
415,27,0.838
415,28,0.439
415,29,0.199
415,30,0.758
415,31,0.945
415,32,0.372
415,33,0.193
415,34,0.23
415,35,0.194
415,36,0.371
415,37,0.756
415,38,0.702
415,39,0.75
415,40,0.567
415,41,0.539
415,42,0.57
415,43,0.558
415,44,0.564
415,45,0.504
415,46,0.553
415,47,0.503
415,48,0.471
