213,1,0.166
213,2,0.134
213,3,0.133
213,4,0.176
213,5,0.191
213,6,0.167
213,7,0.084
213,8,0.193
213,9,0.186
213,10,0.147
213,11,0.107
213,12,0.186
213,13,0.166
213,14,0.148
213,15,0.276
213,16,0.316
213,17,0.287
213,18,0.302
213,19,1.481
213,20,0.188
213,21,0.409
213,22,0.203
213,23,0.128
213,24,0.305
213,25,0.215
213,26,0.267
213,27,0.21
213,28,0.168
213,29,0.486
213,30,0.17
213,31,0.179
213,32,0.097
213,33,0.32
213,34,0.168
213,35,0.171
213,36,0.3
213,37,0.267
213,38,0.681
213,39,0.916
213,40,0.364
213,41,0.27
213,42,0.365
213,43,0.312
213,44,0.401
213,45,0.493
213,46,0.539
213,47,0.729
213,48,0.412
214,1,0.467
214,2,0.384
214,3,0.357
214,4,0.298
214,5,0.172
214,6,0.161
214,7,0.198
214,8,0.163
214,9,0.158
214,10,0.193
214,11,0.169
214,12,0.159
214,13,0.181
214,14,0.182
214,15,0.157
214,16,0.161
214,17,0.357
214,18,0.425
214,19,0.16
214,20,0.28
214,21,0.33
214,22,0.16
214,23,0.22
214,24,2.027
214,25,0.195
214,26,0.161
214,27,0.188
214,28,0.248
214,29,0.265
214,30,0.293
214,31,0.28
214,32,0.176
214,33,0.308
214,34,0.47
214,35,0.388
214,36,0.305
214,37,0.192
214,38,0.161
214,39,0.2
214,40,0.158
214,41,0.165
214,42,0.198
214,43,0.16
214,44,0.265
214,45,0.722
214,46,0.539
214,47,0.558
214,48,0.467
215,1,0.551
215,2,1.281
215,3,0.231
215,4,0.252
215,5,0.23
215,6,0.158
215,7,0.192
215,8,0.175
215,9,0.157
215,10,0.199
215,11,0.168
215,12,0.157
215,13,0.197
215,14,0.164
215,15,0.156
215,16,0.196
215,17,0.324
215,18,0.323
215,19,0.205
215,20,0.32
215,21,0.4
215,22,0.315
215,23,0.219
215,24,0.271
215,25,0.182
215,26,0.187
215,27,0.241
215,28,0.388
215,29,0.267
215,30,0.393
215,31,0.262
215,32,0.3
215,33,0.156
215,34,0.201
215,35,0.157
215,36,0.179
215,37,0.175
215,38,0.234
215,39,1.152
215,40,0.368
215,41,0.269
215,42,0.288
215,43,0.237
215,44,0.528
215,45,0.345
215,46,0.282
215,47,0.165
215,48,0.183
216,1,0.179
216,2,0.169
216,3,0.196
216,4,0.157
216,5,0.204
216,6,0.158
216,7,0.196
216,8,0.166
216,9,0.175
216,10,0.186
216,11,0.156
216,12,0.206
216,13,0.405
216,14,0.342
216,15,0.162
216,16,0.274
216,17,0.233
216,18,0.318
216,19,0.165
216,20,0.205
216,21,0.255
216,22,0.246
216,23,0.16
216,24,0.202
216,25,0.179
216,26,0.186
216,27,1.101
216,28,0.317
216,29,0.306
216,30,0.166
216,31,0.309
216,32,0.2
216,33,0.165
216,34,0.205
216,35,0.163
216,36,0.3
216,37,0.236
216,38,0.279
216,39,1.811
216,40,0.471
216,41,0.308
216,42,0.305
216,43,0.248
216,44,0.322
216,45,0.579
216,46,0.215
216,47,0.2
216,48,0.156
217,1,0.198
217,2,0.155
217,3,0.201
217,4,0.155
217,5,0.201
217,6,0.154
217,7,0.202
217,8,0.154
217,9,0.202
217,10,0.154
217,11,0.201
217,12,0.3
217,13,0.298
217,14,0.158
217,15,0.199
217,16,0.151
217,17,0.362
217,18,0.28
217,19,0.243
217,20,0.249
217,21,0.304
217,22,0.167
217,23,0.202
217,24,0.158
217,25,0.318
217,26,0.16
217,27,0.201
217,28,0.163
217,29,0.202
217,30,0.16
217,31,0.423
217,32,0.185
217,33,0.176
217,34,0.19
217,35,0.294
217,36,0.239
217,37,0.268
217,38,0.204
217,39,0.161
217,40,0.428
217,41,0.413
217,42,0.344
217,43,0.406
217,44,0.373
217,45,0.244
217,46,0.215
217,47,0.485
217,48,0.254
218,1,0.204
218,2,0.162
218,3,0.206
218,4,0.16
218,5,0.203
218,6,0.16
218,7,0.204
218,8,0.16
218,9,0.204
218,10,0.16
218,11,0.205
218,12,0.159
218,13,0.371
218,14,0.163
218,15,0.201
218,16,0.157
218,17,0.36
218,18,0.339
218,19,0.358
218,20,0.282
218,21,0.225
218,22,0.336
218,23,0.199
218,24,0.194
218,25,0.158
218,26,0.202
218,27,0.156
218,28,0.204
218,29,0.158
218,30,0.391
218,31,0.163
218,32,0.203
218,33,0.16
218,34,0.192
218,35,0.171
218,36,0.347
218,37,0.274
218,38,0.252
218,39,0.954
218,40,0.269
218,41,0.204
218,42,0.428
218,43,1.406
218,44,0.658
218,45,0.655
218,46,0.642
218,47,0.434
218,48,0.379
219,1,0.165
219,2,0.211
219,3,0.188
219,4,0.185
219,5,0.187
219,6,0.182
219,7,0.183
219,8,0.186
219,9,0.173
219,10,0.196
219,11,0.16
219,12,0.209
219,13,0.159
219,14,0.207
219,15,0.337
219,16,2.295
219,17,0.5
219,18,0.305
219,19,1.698
219,20,0.624
219,21,0.312
219,22,0.258
219,23,0.234
219,24,0.205
219,25,0.182
219,26,0.162
219,27,0.26
219,28,0.874
219,29,0.282
219,30,0.432
219,31,0.271
219,32,0.277
219,33,0.202
219,34,0.168
219,35,0.203
219,36,0.156
219,37,0.282
219,38,0.16
219,39,0.402
219,40,0.211
219,41,0.704
219,42,0.173
219,43,0.488
219,44,0.489
219,45,0.556
219,46,0.492
219,47,0.212
219,48,0.209
220,1,0.159
220,2,0.205
220,3,0.159
220,4,0.197
220,5,0.365
220,6,0.2
220,7,0.174
220,8,0.189
220,9,0.178
220,10,0.185
220,11,0.178
220,12,0.185
220,13,0.173
220,14,0.191
220,15,0.167
220,16,0.191
220,17,0.467
220,18,0.266
220,19,0.201
220,20,0.265
220,21,0.253
220,22,0.189
220,23,0.194
220,24,0.167
220,25,0.192
220,26,0.165
220,27,0.188
220,28,0.169
220,29,0.183
220,30,0.176
220,31,0.18
220,32,0.179
220,33,0.181
220,34,0.177
220,35,0.184
220,36,0.176
220,37,0.186
220,38,0.173
220,39,0.187
220,40,0.172
220,41,0.189
220,42,0.17
220,43,0.185
220,44,0.167
220,45,0.181
220,46,0.172
220,47,0.18
220,48,0.178
221,1,0.175
221,2,0.181
221,3,0.168
221,4,0.188
221,5,0.162
221,6,0.195
221,7,0.151
221,8,0.201
221,9,0.15
221,10,0.202
221,11,0.151
221,12,0.198
221,13,0.155
221,14,0.181
221,15,0.171
221,16,0.161
221,17,0.185
221,18,0.149
221,19,0.205
221,20,0.152
221,21,0.187
221,22,0.164
221,23,0.167
221,24,0.187
221,25,0.148
221,26,0.204
221,27,0.339
221,28,0.303
221,29,0.263
221,30,0.401
221,31,0.259
221,32,0.302
221,33,0.26
221,34,0.403
221,35,0.259
221,36,0.291
221,37,0.268
221,38,1.406
221,39,1.592
221,40,0.353
221,41,0.316
221,42,0.333
221,43,0.226
221,44,0.256
221,45,0.153
221,46,0.199
221,47,0.151
221,48,0.203
222,1,0.152
222,2,0.2
222,3,0.153
222,4,0.185
222,5,0.163
222,6,0.174
222,7,0.176
222,8,0.16
222,9,0.19
222,10,0.147
222,11,0.202
222,12,0.148
222,13,0.386
222,14,0.156
222,15,0.193
222,16,0.163
222,17,0.348
222,18,0.193
222,19,0.15
222,20,0.205
222,21,0.149
222,22,0.19
222,23,0.164
222,24,0.172
222,25,0.185
222,26,0.152
222,27,0.205
222,28,0.152
222,29,0.206
222,30,0.154
222,31,0.346
222,32,0.2
222,33,0.158
222,34,0.309
222,35,0.161
222,36,0.201
222,37,0.16
222,38,0.305
222,39,0.178
222,40,0.288
222,41,0.246
222,42,0.259
222,43,0.263
222,44,0.386
222,45,0.339
222,46,0.147
222,47,0.201
222,48,0.149
223,1,0.186
223,2,0.167
223,3,0.164
223,4,0.185
223,5,0.145
223,6,0.202
223,7,0.147
223,8,0.18
223,9,0.169
223,10,0.154
223,11,0.193
223,12,0.145
223,13,0.367
223,14,0.152
223,15,0.321
223,16,0.186
223,17,0.149
223,18,0.202
223,19,0.151
223,20,0.169
223,21,0.186
223,22,0.226
223,23,0.276
223,24,0.206
223,25,0.235
223,26,0.19
223,27,0.202
223,28,0.267
223,29,0.152
223,30,0.203
223,31,0.137
223,32,0.182
223,33,0.149
223,34,0.287
223,35,0.154
223,36,0.188
223,37,0.143
223,38,0.959
223,39,0.249
223,40,0.302
223,41,0.229
223,42,0.453
223,43,0.288
223,44,0.334
223,45,0.296
223,46,0.334
223,47,0.215
223,48,0.152
224,1,0.194
224,2,0.146
224,3,0.2
224,4,0.146
224,5,0.184
224,6,0.164
224,7,0.164
224,8,0.18
224,9,0.141
224,10,0.199
224,11,0.143
224,12,0.18
224,13,0.344
224,14,0.161
224,15,0.182
224,16,0.297
224,17,0.197
224,18,0.143
224,19,0.187
224,20,0.155
224,21,0.157
224,22,0.186
224,23,0.332
224,24,0.268
224,25,0.15
224,26,0.179
224,27,0.169
224,28,0.156
224,29,0.19
224,30,0.299
224,31,0.202
224,32,0.318
224,33,1.313
224,34,0.214
224,35,0.261
224,36,0.278
224,37,0.38
224,38,1.322
224,39,0.509
224,40,0.298
224,41,0.168
224,42,0.376
224,43,0.236
224,44,0.499
224,45,0.306
224,46,0.226
224,47,0.146
224,48,0.174
225,1,0.165
225,2,0.155
225,3,0.184
225,4,0.14
225,5,0.195
225,6,0.14
225,7,0.179
225,8,0.158
225,9,0.156
225,10,0.179
225,11,0.138
225,12,0.197
225,13,0.322
225,14,0.174
225,15,0.162
225,16,0.294
225,17,0.19
225,18,0.142
225,19,0.263
225,20,0.222
225,21,0.197
225,22,0.242
225,23,0.185
225,24,0.206
225,25,0.147
225,26,0.179
225,27,0.164
225,28,0.164
225,29,0.182
225,30,0.142
225,31,0.442
225,32,0.144
225,33,0.194
225,34,0.148
225,35,0.279
225,36,0.164
225,37,0.314
225,38,1.276
225,39,0.306
225,40,0.269
225,41,0.271
225,42,0.233
225,43,0.297
225,44,0.285
225,45,0.175
225,46,0.139
225,47,0.099
225,48,0.176
226,1,0.09
226,2,0.174
226,3,0.095
226,4,0.17
226,5,0.105
226,6,0.162
226,7,0.122
226,8,0.134
226,9,0.149
226,10,0.103
226,11,0.179
226,12,0.076
226,13,0.201
226,14,0.066
226,15,0.383
226,16,0.221
226,17,1.822
226,18,0.198
226,19,0.282
226,20,0.109
226,21,0.294
226,22,0.246
226,23,0.224
226,24,0.162
226,25,0.154
226,26,0.156
226,27,0.121
226,28,0.16
226,29,0.257
226,30,0.143
226,31,0.246
226,32,0.132
226,33,0.33
226,34,0.155
226,35,0.264
226,36,0.206
226,37,0.276
226,38,0.239
226,39,0.204
226,40,0.232
226,41,0.113
226,42,0.243
226,43,0.291
226,44,0.445
226,45,0.338
226,46,0.117
226,47,0.21
226,48,0.079
227,1,0.206
227,2,0.111
227,3,0.173
227,4,0.142
227,5,0.137
227,6,0.157
227,7,0.146
227,8,0.145
227,9,0.17
227,10,0.12
227,11,0.192
227,12,0.097
227,13,0.186
227,14,0.136
227,15,0.145
227,16,0.172
227,17,0.325
227,18,0.21
227,19,0.314
227,20,0.339
227,21,0.193
227,22,0.13
227,23,0.199
227,24,0.103
227,25,0.282
227,26,0.109
227,27,0.188
227,28,0.315
227,29,0.116
227,30,0.214
227,31,0.208
227,32,0.252
227,33,0.335
227,34,0.139
227,35,1.463
227,36,0.112
227,37,0.177
227,38,0.286
227,39,0.4
227,40,0.332
227,41,0.288
227,42,0.253
227,43,0.295
227,44,0.554
227,45,0.508
227,46,0.613
227,47,0.158
227,48,0.21
228,1,0.129
228,2,0.144
228,3,0.165
228,4,0.107
228,5,0.18
228,6,0.105
228,7,0.166
228,8,0.169
228,9,0.14
228,10,0.158
228,11,0.108
228,12,0.182
228,13,0.089
228,14,0.184
228,15,0.106
228,16,0.165
228,17,0.35
228,18,0.155
228,19,0.145
228,20,0.13
228,21,0.389
228,22,0.148
228,23,0.244
228,24,0.175
228,25,0.125
228,26,0.174
228,27,0.08
228,28,0.211
228,29,0.177
228,30,0.313
228,31,0.205
228,32,0.267
228,33,0.257
228,34,0.334
228,35,0.217
228,36,0.177
228,37,0.104
228,38,0.213
228,39,0.072
228,40,0.209
228,41,0.234
228,42,0.344
228,43,0.525
228,44,0.423
228,45,0.22
228,46,0.159
228,47,0.116
228,48,0.195
229,1,0.074
229,2,0.216
229,3,0.085
229,4,0.194
229,5,0.119
229,6,0.16
229,7,0.151
229,8,0.121
229,9,0.162
229,10,0.133
229,11,0.148
229,12,0.147
229,13,0.316
229,14,0.166
229,15,0.118
229,16,0.338
229,17,0.108
229,18,0.167
229,19,0.195
229,20,0.225
229,21,0.183
229,22,0.165
229,23,0.249
229,24,0.115
229,25,0.22
229,26,0.082
229,27,0.213
229,28,0.115
229,29,0.178
229,30,0.336
229,31,0.579
229,32,1.018
229,33,0.23
229,34,0.198
229,35,0.176
229,36,0.212
229,37,1.426
229,38,0.365
229,39,0.355
229,40,0.217
229,41,0.303
229,42,0.231
229,43,0.363
229,44,0.591
229,45,0.472
229,46,0.392
229,47,0.155
229,48,0.133
230,1,0.195
230,2,0.112
230,3,0.186
230,4,0.141
230,5,0.155
230,6,0.158
230,7,0.14
230,8,0.146
230,9,0.177
230,10,0.108
230,11,0.212
230,12,0.076
230,13,0.494
230,14,0.109
230,15,0.184
230,16,0.141
230,17,0.271
230,18,0.183
230,19,0.168
230,20,0.264
230,21,0.213
230,22,0.223
230,23,0.177
230,24,0.148
230,25,0.159
230,26,0.149
230,27,0.137
230,28,0.592
230,29,0.116
230,30,0.197
230,31,0.157
230,32,0.286
230,33,0.217
230,34,0.202
230,35,0.168
230,36,0.198
230,37,0.12
230,38,0.547
230,39,0.854
230,40,0.277
230,41,0.266
230,42,0.255
230,43,0.479
230,44,0.352
230,45,0.138
230,46,0.144
230,47,0.204
230,48,0.081
231,1,0.206
231,2,0.174
231,3,0.106
231,4,0.214
231,5,0.1
231,6,0.181
231,7,0.185
231,8,0.097
231,9,0.206
231,10,0.131
231,11,0.146
231,12,0.154
231,13,0.41
231,14,0.16
231,15,0.17
231,16,0.13
231,17,0.281
231,18,0.192
231,19,0.159
231,20,0.282
231,21,0.209
231,22,0.124
231,23,0.214
231,24,0.139
231,25,0.146
231,26,0.365
231,27,0.101
231,28,0.186
231,29,0.188
231,30,0.102
231,31,0.38
231,32,0.27
231,33,0.225
231,34,0.184
231,35,0.143
231,36,0.323
231,37,0.289
231,38,0.308
231,39,0.55
231,40,0.34
231,41,0.233
231,42,0.298
231,43,0.447
231,44,0.449
231,45,0.185
231,46,0.125
231,47,0.159
231,48,0.178
232,1,0.138
232,2,0.184
232,3,0.147
232,4,0.138
232,5,0.205
232,6,0.102
232,7,0.197
232,8,0.16
232,9,0.122
232,10,0.214
232,11,0.068
232,12,0.216
232,13,0.136
232,14,0.143
232,15,0.359
232,16,0.314
232,17,0.393
232,18,0.216
232,19,0.289
232,20,1.324
232,21,0.167
232,22,0.263
232,23,0.155
232,24,0.167
232,25,0.152
232,26,0.128
232,27,0.231
232,28,0.402
232,29,0.114
232,30,0.221
232,31,0.226
232,32,0.238
232,33,0.182
232,34,0.197
232,35,0.491
232,36,0.215
232,37,0.203
232,38,0.274
232,39,1.006
232,40,0.32
232,41,1.818
232,42,0.324
232,43,0.537
232,44,0.472
232,45,0.625
232,46,0.506
232,47,0.462
232,48,0.199
233,1,0.128
233,2,0.173
233,3,0.108
233,4,0.177
233,5,0.112
233,6,0.16
233,7,0.141
233,8,0.134
233,9,0.164
233,10,0.123
233,11,0.156
233,12,0.133
233,13,0.142
233,14,0.142
233,15,0.144
233,16,0.502
233,17,0.302
233,18,0.325
233,19,0.173
233,20,0.226
233,21,0.228
233,22,0.126
233,23,0.384
233,24,0.134
233,25,1.344
233,26,0.066
233,27,0.216
233,28,0.073
233,29,0.191
233,30,0.105
233,31,0.149
233,32,0.154
233,33,0.104
233,34,0.198
233,35,0.067
233,36,0.208
233,37,0.107
233,38,0.148
233,39,0.159
233,40,0.095
233,41,0.177
233,42,0.116
233,43,0.156
233,44,0.133
233,45,0.137
233,46,0.146
233,47,0.122
233,48,0.15
234,1,0.126
234,2,0.15
234,3,0.124
234,4,0.152
234,5,0.12
234,6,0.152
234,7,0.136
234,8,0.12
234,9,0.164
234,10,0.09
234,11,0.191
234,12,0.063
234,13,0.213
234,14,0.06
234,15,0.194
234,16,0.084
234,17,0.163
234,18,0.111
234,19,0.143
234,20,0.123
234,21,0.156
234,22,0.092
234,23,0.184
234,24,0.069
234,25,0.209
234,26,0.071
234,27,0.18
234,28,0.112
234,29,0.139
234,30,0.158
234,31,0.096
234,32,0.204
234,33,0.068
234,34,0.417
234,35,0.154
234,36,0.199
234,37,0.118
234,38,0.143
234,39,0.276
234,40,0.167
234,41,0.275
234,42,0.252
234,43,0.632
234,44,0.734
234,45,0.671
234,46,0.676
234,47,0.619
234,48,0.632
235,1,0.28
235,2,0.193
235,3,0.116
235,4,0.16
235,5,0.15
235,6,0.123
235,7,0.178
235,8,0.092
235,9,0.187
235,10,0.113
235,11,0.165
235,12,0.135
235,13,0.143
235,14,0.155
235,15,0.124
235,16,0.146
235,17,0.158
235,18,0.117
235,19,0.19
235,20,0.205
235,21,0.375
235,22,0.373
235,23,0.313
235,24,0.189
235,25,0.155
235,26,0.15
235,27,0.137
235,28,0.249
235,29,0.291
235,30,0.199
235,31,0.317
235,32,0.192
235,33,0.271
235,34,0.27
235,35,0.172
235,36,0.194
235,37,0.117
235,38,0.157
235,39,0.164
235,40,1.362
235,41,0.303
235,42,0.571
235,43,0.562
235,44,0.666
235,45,0.317
235,46,0.162
235,47,0.149
235,48,0.127
236,1,0.154
236,2,0.146
236,3,0.129
236,4,0.172
236,5,0.105
236,6,0.194
236,7,0.083
236,8,0.209
236,9,0.065
236,10,0.214
236,11,0.068
236,12,0.204
236,13,0.333
236,14,0.33
236,15,0.094
236,16,0.181
236,17,0.102
236,18,0.167
236,19,0.129
236,20,0.263
236,21,0.262
236,22,0.161
236,23,0.146
236,24,0.13
236,25,0.165
236,26,0.108
236,27,0.189
236,28,0.09
236,29,0.207
236,30,0.228
236,31,0.309
236,32,0.13
236,33,0.149
236,34,0.699
236,35,1.022
236,36,0.314
236,37,0.193
236,38,0.401
236,39,1.014
236,40,0.291
236,41,0.248
236,42,0.268
236,43,0.502
236,44,0.491
236,45,0.123
236,46,0.179
236,47,0.107
236,48,0.17
237,1,0.126
237,2,0.152
237,3,0.143
237,4,0.133
237,5,0.153
237,6,0.121
237,7,0.161
237,8,0.112
237,9,0.164
237,10,0.112
237,11,0.161
237,12,0.113
237,13,0.384
237,14,0.125
237,15,0.147
237,16,0.385
237,17,0.151
237,18,0.13
237,19,0.171
237,20,0.237
237,21,0.263
237,22,0.134
237,23,0.151
237,24,0.261
237,25,0.145
237,26,0.137
237,27,0.142
237,28,0.151
237,29,0.126
237,30,0.391
237,31,0.101
237,32,0.319
237,33,0.084
237,34,0.207
237,35,0.113
237,36,0.296
237,37,0.199
237,38,0.472
237,39,1.464
237,40,0.315
237,41,0.264
237,42,0.592
237,43,0.619
237,44,0.587
237,45,0.316
237,46,0.157
237,47,0.151
237,48,0.117
238,1,0.178
238,2,0.093
238,3,0.203
238,4,0.079
238,5,0.207
238,6,0.083
238,7,0.191
238,8,0.115
238,9,0.159
238,10,0.147
238,11,0.124
238,12,0.185
238,13,0.4
238,14,0.214
238,15,0.067
238,16,0.204
238,17,0.22
238,18,0.311
238,19,0.202
238,20,0.273
238,21,0.222
238,22,0.097
238,23,0.194
238,24,0.246
238,25,0.18
238,26,0.132
238,27,0.149
238,28,0.154
238,29,0.152
238,30,0.363
238,31,0.179
238,32,0.118
238,33,0.188
238,34,0.132
238,35,0.145
238,36,0.19
238,37,0.201
238,38,0.406
238,39,0.818
238,40,0.331
238,41,1.078
238,42,0.796
238,43,0.737
238,44,0.482
238,45,0.227
238,46,0.157
238,47,0.167
238,48,0.169
239,1,0.106
239,2,0.2
239,3,0.096
239,4,0.195
239,5,0.105
239,6,0.179
239,7,0.115
239,8,0.165
239,9,0.131
239,10,0.15
239,11,0.15
239,12,0.126
239,13,0.165
239,14,0.11
239,15,0.337
239,16,0.1
239,17,0.355
239,18,0.217
239,19,0.294
239,20,0.23
239,21,1.416
239,22,0.198
239,23,0.275
239,24,0.204
239,25,0.198
239,26,0.256
239,27,0.339
239,28,0.182
239,29,0.226
239,30,0.258
239,31,0.182
239,32,0.277
239,33,0.362
239,34,0.546
239,35,0.151
239,36,0.194
239,37,0.12
239,38,0.15
239,39,0.142
239,40,1.058
239,41,0.446
239,42,0.582
239,43,0.555
239,44,0.631
239,45,0.56
239,46,0.55
239,47,0.302
239,48,0.204
240,1,0.073
240,2,0.214
240,3,0.062
240,4,0.22
240,5,0.056
240,6,0.22
240,7,0.057
240,8,0.221
240,9,0.059
240,10,0.211
240,11,0.065
240,12,0.206
240,13,0.068
240,14,0.198
240,15,0.077
240,16,0.187
240,17,2.126
240,18,0.276
240,19,0.316
240,20,1.77
240,21,0.199
240,22,0.245
240,23,0.205
240,24,0.181
240,25,0.149
240,26,0.123
240,27,0.152
240,28,0.221
240,29,0.219
240,30,0.272
240,31,0.178
240,32,0.123
240,33,0.236
240,34,0.285
240,35,0.193
240,36,0.223
240,37,0.202
240,38,0.224
240,39,0.239
240,40,0.296
240,41,0.25
240,42,0.246
240,43,0.47
240,44,0.452
240,45,0.47
240,46,0.221
240,47,0.136
240,48,0.142
388,1,0.376
388,2,0.151
388,3,0.059
388,4,0.14
388,5,0.104
388,6,0.065
388,7,0.136
388,8,0.094
388,9,0.079
388,10,0.128
388,11,0.085
388,12,0.092
388,13,0.114
388,14,0.096
388,15,0.096
388,16,0.086
388,17,0.11
388,18,0.334
388,19,0.231
388,20,0.29
388,21,0.198
388,22,0.096
388,23,0.198
388,24,0.153
388,25,0.149
388,26,0.164
388,27,0.221
388,28,0.423
388,29,0.198
388,30,0.176
388,31,0.193
388,32,0.269
388,33,0.227
388,34,0.34
388,35,0.381
388,36,0.616
388,37,0.649
388,38,1.02
388,39,0.814
388,40,0.624
388,41,0.651
388,42,0.594
388,43,0.618
388,44,0.634
388,45,0.595
388,46,0.486
388,47,0.612
388,48,0.372
389,1,0.209
389,2,0.189
389,3,0.058
389,4,0.102
389,5,0.128
389,6,0.068
389,7,0.096
389,8,0.103
389,9,0.099
389,10,0.087
389,11,0.3
389,12,0.296
389,13,0.201
389,14,0.119
389,15,0.128
389,16,0.058
389,17,0.099
389,18,0.281
389,19,0.199
389,20,0.302
389,21,0.251
389,22,0.289
389,23,0.139
389,24,2.041
389,25,0.183
389,26,0.124
389,27,0.145
389,28,0.189
389,29,0.185
389,30,0.163
389,31,0.142
389,32,0.185
389,33,0.133
389,34,0.236
389,35,0.272
389,36,0.251
389,37,0.211
389,38,0.296
389,39,0.215
389,40,0.258
389,41,0.254
389,42,0.499
389,43,0.693
389,44,0.629
389,45,0.514
389,46,0.319
389,47,0.284
389,48,0.185
390,1,0.075
390,2,0.087
390,3,0.104
390,4,0.11
390,5,0.086
390,6,0.071
390,7,0.126
390,8,0.075
390,9,0.089
390,10,0.12
390,11,0.086
390,12,0.085
390,13,0.081
390,14,0.125
390,15,0.05
390,16,0.1
390,17,0.115
390,18,0.223
390,19,0.316
390,20,0.32
390,21,0.242
390,22,0.092
390,23,0.183
390,24,0.148
390,25,0.158
390,26,0.154
390,27,0.146
390,28,0.227
390,29,0.239
390,30,0.132
390,31,0.15
390,32,0.145
390,33,0.081
390,34,0.082
390,35,0.356
390,36,0.765
390,37,0.739
390,38,0.694
390,39,0.547
390,40,0.609
390,41,0.552
390,42,0.672
390,43,0.72
390,44,0.766
390,45,0.699
390,46,0.714
390,47,0.728
390,48,0.488
391,1,0.229
391,2,0.114
391,3,0.06
391,4,0.127
391,5,0.083
391,6,0.091
391,7,0.071
391,8,0.122
391,9,0.092
391,10,0.062
391,11,0.126
391,12,0.081
391,13,0.085
391,14,0.071
391,15,0.125
391,16,0.21
391,17,0.24
391,18,0.247
391,19,0.185
391,20,0.295
391,21,0.22
391,22,0.193
391,23,0.265
391,24,0.142
391,25,0.156
391,26,0.19
391,27,0.371
391,28,0.136
391,29,0.444
391,30,0.182
391,31,0.171
391,32,0.129
391,33,0.236
391,34,0.138
391,35,0.272
391,36,0.592
391,37,1.785
391,38,1.361
391,39,0.733
391,40,0.747
391,41,0.633
391,42,0.59
391,43,0.626
391,44,0.503
391,45,0.509
391,46,0.609
391,47,0.435
391,48,0.455
392,1,0.154
392,2,0.103
392,3,0.055
392,4,0.128
392,5,0.103
392,6,0.056
392,7,0.128
392,8,0.098
392,9,0.07
392,10,0.117
392,11,0.09
392,12,0.086
392,13,0.107
392,14,0.087
392,15,0.099
392,16,0.067
392,17,0.22
392,18,0.424
392,19,0.154
392,20,0.258
392,21,0.171
392,22,0.132
392,23,0.113
392,24,0.117
392,25,0.146
392,26,0.071
392,27,0.075
392,28,0.354
392,29,0.105
392,30,0.18
392,31,0.181
392,32,0.174
392,33,0.155
392,34,0.295
392,35,0.251
392,36,0.593
392,37,0.736
392,38,1.732
392,39,0.848
392,40,1.341
392,41,1.806
392,42,0.76
392,43,0.54
392,44,0.55
392,45,0.712
392,46,0.524
392,47,0.478
392,48,0.386
393,1,0.146
393,2,0.091
393,3,0.234
393,4,0.193
393,5,0.073
393,6,0.093
393,7,0.14
393,8,0.055
393,9,0.113
393,10,0.111
393,11,0.079
393,12,0.109
393,13,0.09
393,14,0.094
393,15,0.1
393,16,0.101
393,17,0.09
393,18,0.307
393,19,0.167
393,20,0.302
393,21,0.223
393,22,0.189
393,23,0.183
393,24,0.12
393,25,0.173
393,26,0.189
393,27,0.233
393,28,0.39
393,29,0.077
393,30,0.142
393,31,0.095
393,32,0.238
393,33,0.201
393,34,0.183
393,35,0.448
393,36,0.653
393,37,0.616
393,38,0.509
393,39,0.627
393,40,0.63
393,41,0.718
393,42,0.686
393,43,0.703
393,44,0.687
393,45,0.678
393,46,0.604
393,47,0.665
393,48,0.492
394,1,0.527
394,2,0.555
394,3,0.56
394,4,0.359
394,5,0.101
394,6,0.092
394,7,0.128
394,8,0.069
394,9,0.137
394,10,0.107
394,11,0.074
394,12,0.142
394,13,0.052
394,14,0.132
394,15,0.107
394,16,0.066
394,17,0.277
394,18,0.11
394,19,0.22
394,20,0.32
394,21,0.144
394,22,0.195
394,23,0.135
394,24,0.166
394,25,0.158
394,26,0.174
394,27,0.196
394,28,0.163
394,29,0.2
394,30,0.147
394,31,0.197
394,32,0.142
394,33,0.236
394,34,0.226
394,35,0.218
394,36,0.459
394,37,0.481
394,38,0.725
394,39,0.603
394,40,0.302
394,41,0.32
394,42,0.342
394,43,0.289
394,44,0.332
394,45,0.535
394,46,0.612
394,47,0.791
394,48,0.61
395,1,0.527
395,2,0.537
395,3,0.301
395,4,0.298
395,5,0.525
395,6,0.283
395,7,0.128
395,8,0.071
395,9,0.12
395,10,0.089
395,11,0.088
395,12,0.137
395,13,0.202
395,14,0.132
395,15,0.194
395,16,0.163
395,17,0.128
395,18,0.171
395,19,0.234
395,20,0.302
395,21,0.15
395,22,0.161
395,23,0.175
395,24,0.122
395,25,0.255
395,26,0.154
395,27,0.168
395,28,0.125
395,29,0.202
395,30,0.106
395,31,0.281
395,32,0.287
395,33,0.169
395,34,0.238
395,35,0.253
395,36,0.611
395,37,1.34
395,38,0.573
395,39,1.575
395,40,0.526
395,41,0.565
395,42,0.575
395,43,0.447
395,44,0.67
395,45,0.446
395,46,0.617
395,47,0.525
395,48,0.455
396,1,0.466
396,2,0.418
396,3,0.268
396,4,0.118
396,5,0.068
396,6,0.143
396,7,0.061
396,8,0.115
396,9,0.104
396,10,0.075
396,11,0.122
396,12,0.084
396,13,0.096
396,14,0.098
396,15,0.097
396,16,0.071
396,17,0.285
396,18,0.302
396,19,0.184
396,20,0.178
396,21,0.142
396,22,0.212
396,23,0.16
396,24,0.307
396,25,0.218
396,26,0.193
396,27,0.216
396,28,0.222
396,29,0.198
396,30,0.179
396,31,0.154
396,32,0.156
396,33,0.216
396,34,2.105
396,35,0.128
396,36,0.196
396,37,0.093
396,38,0.195
396,39,0.148
396,40,0.112
396,41,0.214
396,42,0.37
396,43,0.647
396,44,0.582
396,45,0.567
396,46,0.606
396,47,0.484
396,48,0.55
397,1,0.396
397,2,0.091
397,3,0.129
397,4,0.08
397,5,0.089
397,6,0.103
397,7,0.097
397,8,0.107
397,9,0.096
397,10,0.082
397,11,0.106
397,12,0.1
397,13,0.09
397,14,0.097
397,15,0.099
397,16,0.064
397,17,0.133
397,18,0.229
397,19,0.255
397,20,0.422
397,21,0.103
397,22,0.258
397,23,0.147
397,24,0.285
397,25,1.916
397,26,0.471
397,27,0.231
397,28,0.278
397,29,0.096
397,30,0.592
397,31,0.125
397,32,0.197
397,33,0.241
397,34,0.218
397,35,0.356
397,36,0.599
397,37,0.594
397,38,0.591
397,39,0.547
397,40,0.515
397,41,0.325
397,42,0.462
397,43,0.531
397,44,0.604
397,45,0.563
397,46,0.505
397,47,0.38
397,48,0.494
398,1,0.457
398,2,0.336
398,3,0.139
398,4,0.125
398,5,0.041
398,6,0.139
398,7,0.096
398,8,0.08
398,9,0.131
398,10,0.052
398,11,0.123
398,12,0.11
398,13,0.058
398,14,0.14
398,15,0.06
398,16,0.107
398,17,0.115
398,18,0.409
398,19,0.288
398,20,0.187
398,21,0.187
398,22,0.23
398,23,0.136
398,24,0.181
398,25,0.145
398,26,0.077
398,27,0.143
398,28,0.07
398,29,0.119
398,30,0.127
398,31,0.156
398,32,0.195
398,33,0.161
398,34,0.194
398,35,0.326
398,36,0.521
398,37,0.776
398,38,0.632
398,39,0.664
398,40,1.798
398,41,0.613
398,42,0.538
398,43,0.6
398,44,0.441
398,45,0.624
398,46,0.357
398,47,0.504
398,48,0.263
399,1,0.084
399,2,0.146
399,3,0.042
399,4,0.13
399,5,0.096
399,6,0.078
399,7,0.144
399,8,0.051
399,9,0.124
399,10,0.089
399,11,0.084
399,12,0.128
399,13,0.071
399,14,0.109
399,15,0.097
399,16,0.087
399,17,0.119
399,18,0.24
399,19,0.35
399,20,0.195
399,21,0.177
399,22,0.293
399,23,0.205
399,24,0.191
399,25,0.203
399,26,0.222
399,27,0.238
399,28,0.368
399,29,0.219
399,30,0.14
399,31,0.173
399,32,0.137
399,33,0.195
399,34,0.169
399,35,0.374
399,36,0.614
399,37,0.74
399,38,0.721
399,39,0.78
399,40,0.415
399,41,0.413
399,42,0.538
399,43,0.455
399,44,0.506
399,45,0.312
399,46,0.45
399,47,0.376
399,48,0.154
400,1,0.118
400,2,0.087
400,3,0.09
400,4,0.13
400,5,0.075
400,6,0.121
400,7,0.083
400,8,0.092
400,9,0.11
400,10,0.113
400,11,0.211
400,12,0.142
400,13,0.481
400,14,0.142
400,15,0.108
400,16,0.264
400,17,0.213
400,18,0.169
400,19,0.141
400,20,0.235
400,21,0.131
400,22,0.18
400,23,0.129
400,24,0.178
400,25,0.155
400,26,0.155
400,27,0.18
400,28,0.162
400,29,0.166
400,30,0.261
400,31,0.189
400,32,0.218
400,33,0.149
400,34,0.148
400,35,0.301
400,36,0.507
400,37,0.496
400,38,0.672
400,39,0.961
400,40,1.328
400,41,0.715
400,42,0.688
400,43,0.627
400,44,0.55
400,45,0.461
400,46,0.312
400,47,0.308
400,48,0.107
401,1,0.096
401,2,0.111
401,3,0.089
401,4,0.1
401,5,0.117
401,6,0.07
401,7,0.141
401,8,0.063
401,9,0.129
401,10,0.073
401,11,0.105
401,12,0.12
401,13,0.48
401,14,0.167
401,15,0.049
401,16,0.126
401,17,0.217
401,18,0.255
401,19,0.349
401,20,0.09
401,21,0.323
401,22,0.1
401,23,0.192
401,24,0.149
401,25,0.093
401,26,0.149
401,27,0.039
401,28,0.154
401,29,0.054
401,30,0.437
401,31,0.113
401,32,0.147
401,33,0.162
401,34,0.309
401,35,1.698
401,36,0.571
401,37,0.592
401,38,0.82
401,39,0.62
401,40,0.756
401,41,1.928
401,42,0.782
401,43,0.654
401,44,0.717
401,45,0.672
401,46,0.605
401,47,0.569
401,48,0.359
402,1,0.311
402,2,0.084
402,3,0.099
402,4,0.398
402,5,0.123
402,6,0.138
402,7,0.074
402,8,0.119
402,9,0.101
402,10,0.078
402,11,0.129
402,12,0.076
402,13,0.124
402,14,0.091
402,15,0.085
402,16,0.285
402,17,0.21
402,18,0.291
402,19,0.242
402,20,0.157
402,21,0.206
402,22,0.195
402,23,0.231
402,24,0.248
402,25,0.22
402,26,2.225
402,27,0.089
402,28,0.126
402,29,0.089
402,30,0.093
402,31,0.116
402,32,0.091
402,33,0.114
402,34,0.089
402,35,0.088
402,36,0.116
402,37,0.086
402,38,0.102
402,39,0.089
402,40,0.089
402,41,0.108
402,42,0.092
402,43,0.093
402,44,0.096
402,45,0.1
402,46,0.1
402,47,0.083
402,48,0.093
403,1,0.105
403,2,0.092
403,3,0.1
403,4,0.08
403,5,0.091
403,6,0.105
403,7,0.096
403,8,0.093
403,9,0.083
403,10,0.096
403,11,0.097
403,12,0.083
403,13,0.094
403,14,0.088
403,15,0.101
403,16,0.087
403,17,0.078
403,18,0.095
403,19,0.092
403,20,0.099
403,21,0.089
403,22,0.074
403,23,0.093
403,24,0.094
403,25,0.089
403,26,0.086
403,27,0.081
403,28,0.109
403,29,0.087
403,30,0.084
403,31,0.095
403,32,0.086
403,33,0.103
403,34,0.09
403,35,0.079
403,36,0.092
403,37,0.761
403,38,1.093
403,39,1.247
403,40,0.558
403,41,0.528
403,42,0.638
403,43,0.549
403,44,0.33
403,45,0.065
403,46,0.135
403,47,0.072
403,48,0.098
404,1,0.12
404,2,0.061
404,3,0.122
404,4,0.088
404,5,0.08
404,6,0.133
404,7,0.052
404,8,0.116
404,9,0.098
404,10,0.065
404,11,0.134
404,12,0.051
404,13,0.111
404,14,0.12
404,15,0.046
404,16,0.131
404,17,0.06
404,18,0.242
404,19,0.197
404,20,0.162
404,21,0.994
404,22,1.393
404,23,0.286
404,24,0.279
404,25,0.168
404,26,0.174
404,27,0.121
404,28,0.143
404,29,0.183
404,30,0.129
404,31,0.181
404,32,0.205
404,33,0.189
404,34,1.447
404,35,0.233
404,36,0.488
404,37,0.672
404,38,0.648
404,39,0.718
404,40,0.334
404,41,0.506
404,42,0.666
404,43,0.523
404,44,0.613
404,45,0.398
404,46,0.481
404,47,0.686
404,48,0.576
405,1,0.199
405,2,0.099
405,3,0.106
405,4,0.09
405,5,0.092
405,6,0.11
405,7,0.095
405,8,0.099
405,9,0.084
405,10,0.102
405,11,0.101
405,12,0.096
405,13,0.1
405,14,0.076
405,15,0.109
405,16,0.088
405,17,0.265
405,18,0.219
405,19,0.076
405,20,0.291
405,21,0.211
405,22,0.223
405,23,0.234
405,24,0.24
405,25,0.208
405,26,0.218
405,27,1.06
405,28,1.152
405,29,0.222
405,30,0.298
405,31,0.172
405,32,0.158
405,33,0.182
405,34,0.106
405,35,0.222
405,36,0.487
405,37,0.61
405,38,0.608
405,39,0.538
405,40,0.576
405,41,0.458
405,42,0.576
405,43,0.565
405,44,0.498
405,45,0.534
405,46,0.475
405,47,0.491
405,48,0.258
406,1,0.071
406,2,0.14
406,3,0.05
406,4,0.118
406,5,0.089
406,6,0.076
406,7,0.135
406,8,0.049
406,9,0.124
406,10,0.074
406,11,0.094
406,12,0.096
406,13,0.083
406,14,0.086
406,15,0.11
406,16,0.055
406,17,0.135
406,18,0.263
406,19,0.328
406,20,0.157
406,21,0.16
406,22,0.212
406,23,0.077
406,24,0.205
406,25,0.195
406,26,0.142
406,27,0.215
406,28,0.159
406,29,0.249
406,30,0.133
406,31,0.163
406,32,0.219
406,33,0.129
406,34,0.216
406,35,0.222
406,36,0.248
406,37,0.627
406,38,0.576
406,39,1.812
406,40,0.52
406,41,0.707
406,42,0.565
406,43,0.544
406,44,0.57
406,45,0.37
406,46,0.237
406,47,0.124
406,48,0.049
407,1,0.139
407,2,0.078
407,3,0.113
407,4,0.083
407,5,0.086
407,6,0.1
407,7,0.085
407,8,0.104
407,9,0.091
407,10,0.108
407,11,0.206
407,12,0.136
407,13,0.474
407,14,0.153
407,15,0.091
407,16,0.101
407,17,0.224
407,18,0.102
407,19,0.334
407,20,0.186
407,21,0.279
407,22,0.08
407,23,0.205
407,24,0.124
407,25,0.116
407,26,0.128
407,27,0.034
407,28,0.131
407,29,0.061
407,30,0.427
407,31,0.182
407,32,0.058
407,33,0.129
407,34,0.057
407,35,0.094
407,36,0.154
407,37,0.658
407,38,0.63
407,39,0.647
407,40,1.58
407,41,0.654
407,42,0.474
407,43,0.721
407,44,0.492
407,45,0.513
407,46,0.317
407,47,0.256
407,48,0.109
408,1,0.086
408,2,0.096
408,3,0.104
408,4,0.074
408,5,0.098
408,6,0.098
408,7,0.096
408,8,0.098
408,9,0.074
408,10,0.12
408,11,0.211
408,12,0.125
408,13,0.532
408,14,0.105
408,15,0.105
408,16,0.093
408,17,0.067
408,18,0.291
408,19,0.221
408,20,0.208
408,21,0.22
408,22,0.135
408,23,0.194
408,24,0.089
408,25,0.162
408,26,0.074
408,27,0.083
408,28,0.109
408,29,0.355
408,30,0.126
408,31,0.083
408,32,0.166
408,33,0.116
408,34,0.059
408,35,0.124
408,36,0.448
408,37,0.666
408,38,0.732
408,39,1.532
408,40,0.703
408,41,0.533
408,42,0.566
408,43,0.568
408,44,0.56
408,45,0.545
408,46,0.576
408,47,0.628
408,48,0.374
409,1,0.429
409,2,0.191
409,3,0.069
409,4,0.17
409,5,0.068
409,6,0.103
409,7,0.084
409,8,0.077
409,9,0.121
409,10,0.055
409,11,0.119
409,12,0.069
409,13,0.095
409,14,0.092
409,15,0.069
409,16,0.111
409,17,0.074
409,18,0.268
409,19,0.362
409,20,0.277
409,21,1.902
409,22,0.492
409,23,0.245
409,24,0.258
409,25,0.174
409,26,0.246
409,27,0.105
409,28,0.113
409,29,0.089
409,30,0.296
409,31,0.153
409,32,0.135
409,33,0.289
409,34,0.165
409,35,0.237
409,36,0.198
409,37,0.432
409,38,0.61
409,39,1.316
409,40,0.649
409,41,0.645
409,42,0.653
409,43,0.703
409,44,0.533
409,45,0.59
409,46,0.499
409,47,0.428
409,48,0.469
410,1,0.423
410,2,0.148
410,3,0.055
410,4,0.119
410,5,0.101
410,6,0.07
410,7,0.127
410,8,0.043
410,9,0.141
410,10,0.056
410,11,0.111
410,12,0.1
410,13,0.067
410,14,0.125
410,15,0.043
410,16,0.136
410,17,0.241
410,18,0.389
410,19,0.316
410,20,0.159
410,21,0.168
410,22,0.182
410,23,0.185
410,24,1.904
410,25,0.166
410,26,0.081
410,27,0.099
410,28,0.097
410,29,0.06
410,30,0.14
410,31,0.028
410,32,0.13
410,33,0.053
410,34,0.121
410,35,0.111
410,36,0.053
410,37,0.131
410,38,0.04
410,39,0.114
410,40,0.084
410,41,0.243
410,42,0.739
410,43,0.497
410,44,0.587
410,45,0.545
410,46,0.53
410,47,0.569
410,48,0.516
411,1,0.182
411,2,0.1
411,3,0.094
411,4,0.074
411,5,0.132
411,6,0.05
411,7,0.129
411,8,0.068
411,9,0.103
411,10,0.114
411,11,0.058
411,12,0.139
411,13,0.035
411,14,0.136
411,15,0.078
411,16,0.089
411,17,0.103
411,18,0.237
411,19,0.283
411,20,0.078
411,21,0.381
411,22,0.13
411,23,0.192
411,24,1.948
411,25,0.52
411,26,0.255
411,27,0.278
411,28,0.288
411,29,0.158
411,30,0.26
411,31,0.128
411,32,0.245
411,33,0.207
411,34,0.24
411,35,0.288
411,36,0.289
411,37,0.618
411,38,0.758
411,39,0.704
411,40,0.629
411,41,2.052
411,42,0.583
411,43,0.668
411,44,0.614
411,45,0.578
411,46,0.457
411,47,0.522
411,48,0.435
412,1,0.406
412,2,0.397
412,3,0.187
412,4,0.126
412,5,0.063
412,6,0.122
412,7,0.081
412,8,0.106
412,9,0.069
412,10,0.111
412,11,0.075
412,12,0.124
412,13,0.059
412,14,0.122
412,15,0.062
412,16,0.109
412,17,0.101
412,18,0.215
412,19,0.334
412,20,0.243
412,21,0.21
412,22,0.288
412,23,0.227
412,24,0.18
412,25,0.2
412,26,0.22
412,27,0.198
412,28,0.22
412,29,0.219
412,30,0.209
412,31,0.234
412,32,0.23
412,33,0.224
412,34,0.231
412,35,0.228
412,36,0.358
412,37,0.644
412,38,0.8
412,39,0.785
412,40,0.6
412,41,0.574
412,42,0.563
412,43,0.645
412,44,0.627
412,45,0.533
412,46,0.751
412,47,0.485
412,48,0.479
413,1,0.439
413,2,0.344
413,3,0.153
413,4,0.039
413,5,0.155
413,6,0.043
413,7,0.14
413,8,0.067
413,9,0.112
413,10,0.108
413,11,0.075
413,12,0.123
413,13,0.056
413,14,0.135
413,15,0.067
413,16,0.119
413,17,0.073
413,18,0.105
413,19,0.37
413,20,0.231
413,21,0.232
413,22,0.332
413,23,0.213
413,24,0.17
413,25,0.096
413,26,0.148
413,27,0.321
413,28,0.192
413,29,0.479
413,30,0.362
413,31,0.275
413,32,0.21
413,33,0.243
413,34,0.23
413,35,0.252
413,36,0.354
413,37,0.588
413,38,0.735
413,39,0.652
413,40,0.661
413,41,0.472
413,42,0.495
413,43,0.444
413,44,0.465
413,45,0.497
413,46,0.345
413,47,0.2
413,48,0.104
414,1,0.089
414,2,0.091
414,3,0.102
414,4,0.076
414,5,0.121
414,6,0.063
414,7,0.135
414,8,0.054
414,9,0.12
414,10,0.09
414,11,0.21
414,12,0.154
414,13,0.44
414,14,0.14
414,15,0.206
414,16,0.285
414,17,0.185
414,18,0.231
414,19,0.157
414,20,0.153
414,21,0.184
414,22,0.11
414,23,0.204
414,24,0.091
414,25,0.237
414,26,0.152
414,27,0.235
414,28,0.139
414,29,0.173
414,30,0.325
414,31,0.23
414,32,0.282
414,33,0.235
414,34,0.231
414,35,0.286
414,36,0.294
414,37,0.447
414,38,0.645
414,39,0.515
414,40,1.112
414,41,1.092
414,42,0.685
414,43,0.455
414,44,0.559
414,45,0.499
414,46,0.335
414,47,0.129
414,48,0.045
415,1,0.141
415,2,0.048
415,3,0.133
415,4,0.075
415,5,0.099
415,6,0.091
415,7,0.082
415,8,0.107
415,9,0.088
415,10,0.123
415,11,0.192
415,12,0.137
415,13,0.503
415,14,0.147
415,15,0.076
415,16,0.279
415,17,0.204
415,18,0.252
415,19,0.265
415,20,0.157
415,21,0.147
415,22,0.136
415,23,0.18
415,24,0.108
415,25,0.174
415,26,0.075
415,27,0.203
415,28,0.12
415,29,0.174
415,30,0.489
415,31,0.139
415,32,0.257
415,33,0.193
415,34,0.055
415,35,0.25
415,36,0.202
415,37,0.524
415,38,0.499
415,39,0.431
415,40,1.165
415,41,2.093
415,42,1.574
415,43,0.883
415,44,0.782
415,45,0.674
415,46,0.531
415,47,0.465
415,48,0.48
