213,1,0.176
213,2,0.176
213,3,0.18
213,4,0.18
213,5,0.174
213,6,0.189
213,7,0.184
213,8,0.182
213,9,0.182
213,10,0.182
213,11,0.182
213,12,0.182
213,13,0.18
213,14,0.18
213,15,0.18
213,16,0.15
213,17,0.097
213,18,0.097
213,19,0.45
213,20,0.642
213,21,0.382
213,22,2.481
213,23,3.215
213,24,0.881
213,25,2.565
213,26,1.842
213,27,1.459
213,28,0.348
213,29,2.937
213,30,3.13
213,31,2.397
213,32,2.109
213,33,1.118
213,34,0.296
213,35,1.808
213,36,1.454
213,37,1.33
213,38,1.222
213,39,0.423
213,40,0.182
213,41,0.187
213,42,0.127
213,43,0.105
213,44,1.116
213,45,1.129
213,46,0.927
213,47,0.817
213,48,0.509
214,1,0.68
214,2,0.68
214,3,0.403
214,4,0.395
214,5,0.187
214,6,0.184
214,7,0.171
214,8,0.19
214,9,0.19
214,10,0.19
214,11,0.19
214,12,0.189
214,13,0.188
214,14,0.189
214,15,0.19
214,16,0.188
214,17,0.186
214,18,0.185
214,19,0.137
214,20,0.105
214,21,0.263
214,22,0.369
214,23,1.079
214,24,2.681
214,25,0.452
214,26,2.705
214,27,1.545
214,28,1.517
214,29,2.568
214,30,3.195
214,31,1.396
214,32,0.428
214,33,1.581
214,34,0.445
214,35,0.486
214,36,0.785
214,37,0.428
214,38,3.202
214,39,0.328
214,40,0.369
214,41,0.448
214,42,0.52
214,43,0.755
214,44,0.574
214,45,0.467
214,46,0.161
214,47,0.215
214,48,0.194
215,1,0.181
215,2,0.183
215,3,0.182
215,4,0.181
215,5,0.18
215,6,0.181
215,7,0.182
215,8,0.181
215,9,0.181
215,10,0.174
215,11,0.189
215,12,0.187
215,13,0.188
215,14,0.186
215,15,0.188
215,16,0.186
215,17,0.188
215,18,0.185
215,19,0.416
215,20,0.494
215,21,0.364
215,22,2.886
215,23,0.846
215,24,1.712
215,25,0.464
215,26,0.465
215,27,0.437
215,28,0.369
215,29,0.403
215,30,0.408
215,31,0.365
215,32,0.584
215,33,0.436
215,34,0.439
215,35,0.471
215,36,1.318
215,37,0.213
215,38,0.179
215,39,0.179
215,40,0.178
215,41,0.18
215,42,0.651
215,43,0.592
215,44,0.529
215,45,0.608
215,46,0.218
215,47,0.119
215,48,0.131
216,1,0.192
216,2,0.184
216,3,0.184
216,4,0.182
216,5,0.181
216,6,0.181
216,7,0.18
216,8,0.181
216,9,0.181
216,10,0.181
216,11,0.181
216,12,0.17
216,13,0.192
216,14,0.188
216,15,0.193
216,16,0.19
216,17,0.191
216,18,0.191
216,19,0.302
216,20,0.722
216,21,0.509
216,22,3.062
216,23,0.34
216,24,0.152
216,25,1.248
216,26,0.169
216,27,0.172
216,28,0.334
216,29,1.087
216,30,1.008
216,31,0.583
216,32,0.373
216,33,0.627
216,34,1.68
216,35,1.339
216,36,1.214
216,37,0.427
216,38,0.792
216,39,0.371
216,40,0.285
216,41,0.338
216,42,1.564
216,43,0.528
216,44,0.865
216,45,0.743
216,46,0.575
216,47,0.402
216,48,0.211
217,1,0.127
217,2,0.103
217,3,0.163
217,4,0.179
217,5,0.176
217,6,0.175
217,7,0.174
217,8,0.174
217,9,0.174
217,10,0.173
217,11,0.173
217,12,0.173
217,13,0.167
217,14,0.15
217,15,0.172
217,16,0.163
217,17,0.163
217,18,0.163
217,19,0.322
217,20,0.359
217,21,0.529
217,22,0.342
217,23,0.32
217,24,0.368
217,25,1.498
217,26,3.074
217,27,5.199
217,28,2.967
217,29,1.098
217,30,2.479
217,31,2.118
217,32,1.376
217,33,1.452
217,34,0.487
217,35,1.627
217,36,0.42
217,37,0.424
217,38,0.792
217,39,1.893
217,40,1.947
217,41,0.449
217,42,1.493
217,43,1.195
217,44,0.576
217,45,0.417
217,46,0.216
217,47,0.192
217,48,0.186
218,1,0.184
218,2,0.186
218,3,0.14
218,4,0.096
218,5,0.169
218,6,0.185
218,7,0.182
218,8,0.18
218,9,0.175
218,10,0.175
218,11,0.175
218,12,0.171
218,13,0.159
218,14,0.143
218,15,0.121
218,16,0.108
218,17,0.13
218,18,0.29
218,19,0.307
218,20,0.292
218,21,0.993
218,22,2.214
218,23,1.165
218,24,0.308
218,25,0.166
218,26,0.13
218,27,0.134
218,28,0.262
218,29,0.235
218,30,0.282
218,31,0.509
218,32,0.235
218,33,0.274
218,34,0.338
218,35,0.447
218,36,0.355
218,37,2.89
218,38,1.59
218,39,0.549
218,40,0.422
218,41,0.4
218,42,0.772
218,43,0.471
218,44,0.767
218,45,0.384
218,46,0.169
218,47,0.149
218,48,0.148
219,1,0.148
219,2,0.145
219,3,0.185
219,4,0.186
219,5,0.158
219,6,0.101
219,7,0.127
219,8,0.19
219,9,0.184
219,10,0.181
219,11,0.18
219,12,0.176
219,13,0.174
219,14,0.174
219,15,0.174
219,16,0.173
219,17,0.213
219,18,1.97
219,19,1.419
219,20,0.167
219,21,0.166
219,22,0.165
219,23,0.164
219,24,0.166
219,25,0.17
219,26,0.17
219,27,0.171
219,28,0.171
219,29,0.17
219,30,0.159
219,31,0.086
219,32,0.086
219,33,0.169
219,34,0.169
219,35,0.164
219,36,0.164
219,37,0.164
219,38,0.164
219,39,0.166
219,40,0.165
219,41,0.163
219,42,0.397
219,43,0.756
219,44,0.438
219,45,0.528
219,46,0.424
219,47,0.18
219,48,0.179
220,1,0.18
220,2,0.181
220,3,0.181
220,4,0.184
220,5,0.186
220,6,0.185
220,7,0.185
220,8,0.116
220,9,0.096
220,10,0.142
220,11,0.181
220,12,0.176
220,13,0.174
220,14,0.173
220,15,0.172
220,16,0.172
220,17,0.174
220,18,0.291
220,19,0.615
220,20,0.768
220,21,1.132
220,22,0.487
220,23,2.982
220,24,1.424
220,25,0.821
220,26,0.238
220,27,1.316
220,28,0.172
220,29,0.172
220,30,0.169
220,31,0.167
220,32,0.167
220,33,0.487
220,34,0.579
220,35,0.498
220,36,0.757
220,37,0.946
220,38,1.128
220,39,0.875
220,40,3.737
220,41,2.539
220,42,2.371
220,43,2.093
220,44,0.672
220,45,0.548
220,46,0.632
220,47,0.265
220,48,0.198
221,1,0.189
221,2,0.187
221,3,0.189
221,4,0.188
221,5,0.186
221,6,0.187
221,7,0.186
221,8,0.186
221,9,0.186
221,10,0.112
221,11,0.097
221,12,0.175
221,13,0.19
221,14,0.186
221,15,0.185
221,16,0.182
221,17,0.176
221,18,0.183
221,19,3.369
221,20,1.094
221,21,3.716
221,22,1.501
221,23,1.152
221,24,1.638
221,25,0.21
221,26,0.156
221,27,0.158
221,28,0.156
221,29,0.156
221,30,0.155
221,31,0.155
221,32,0.153
221,33,0.154
221,34,0.153
221,35,0.096
221,36,0.068
221,37,0.088
221,38,0.159
221,39,0.151
221,40,0.149
221,41,0.148
221,42,0.148
221,43,0.153
221,44,0.152
221,45,0.151
221,46,0.147
221,47,0.145
221,48,0.146
222,1,0.138
222,2,0.155
222,3,0.154
222,4,0.155
222,5,0.154
222,6,0.154
222,7,0.154
222,8,0.152
222,9,0.152
222,10,0.152
222,11,0.152
222,12,0.147
222,13,0.069
222,14,0.069
222,15,0.141
222,16,0.151
222,17,0.148
222,18,0.147
222,19,0.147
222,20,0.146
222,21,0.147
222,22,0.146
222,23,0.146
222,24,0.145
222,25,0.15
222,26,0.137
222,27,0.159
222,28,0.157
222,29,0.155
222,30,0.155
222,31,0.154
222,32,0.154
222,33,0.149
222,34,0.15
222,35,0.151
222,36,0.151
222,37,0.152
222,38,0.098
222,39,0.073
222,40,0.103
222,41,0.16
222,42,0.149
222,43,0.148
222,44,0.147
222,45,0.146
222,46,0.147
222,47,0.151
222,48,0.151
223,1,0.146
223,2,0.145
223,3,0.147
223,4,0.139
223,5,0.152
223,6,0.152
223,7,0.151
223,8,0.152
223,9,0.152
223,10,0.151
223,11,0.151
223,12,0.151
223,13,0.151
223,14,0.15
223,15,0.134
223,16,0.069
223,17,0.068
223,18,0.137
223,19,0.151
223,20,0.147
223,21,0.146
223,22,0.146
223,23,0.145
223,24,0.145
223,25,0.151
223,26,0.15
223,27,0.15
223,28,0.15
223,29,0.137
223,30,0.161
223,31,0.157
223,32,0.153
223,33,0.152
223,34,0.152
223,35,0.15
223,36,0.151
223,37,0.151
223,38,0.153
223,39,0.157
223,40,0.157
223,41,0.1
223,42,0.069
223,43,0.088
223,44,0.162
223,45,0.152
223,46,0.149
223,47,0.147
223,48,0.147
224,1,0.146
224,2,0.147
224,3,0.148
224,4,0.146
224,5,0.147
224,6,0.147
224,7,0.138
224,8,0.154
224,9,0.152
224,10,0.152
224,11,0.151
224,12,0.151
224,13,0.155
224,14,0.155
224,15,0.151
224,16,0.15
224,17,0.151
224,18,0.15
224,19,0.068
224,20,0.068
224,21,0.131
224,22,0.152
224,23,0.148
224,24,0.149
224,25,0.151
224,26,0.151
224,27,0.151
224,28,0.151
224,29,0.151
224,30,0.15
224,31,0.15
224,32,0.137
224,33,0.16
224,34,0.156
224,35,0.157
224,36,0.156
224,37,0.155
224,38,0.157
224,39,0.158
224,40,0.157
224,41,0.157
224,42,0.156
224,43,0.156
224,44,0.112
224,45,0.074
224,46,0.078
224,47,0.165
224,48,0.155
225,1,0.153
225,2,0.153
225,3,0.152
225,4,0.152
225,5,0.152
225,6,0.15
225,7,0.151
225,8,0.151
225,9,0.151
225,10,0.141
225,11,0.159
225,12,0.157
225,13,0.154
225,14,0.151
225,15,0.152
225,16,0.151
225,17,0.151
225,18,0.152
225,19,0.153
225,20,0.152
225,21,0.155
225,22,0.076
225,23,0.068
225,24,0.099
225,25,0.154
225,26,0.15
225,27,0.153
225,28,0.151
225,29,0.15
225,30,0.151
225,31,0.15
225,32,0.15
225,33,0.149
225,34,0.15
225,35,0.15
225,36,0.142
225,37,0.154
225,38,0.152
225,39,0.158
225,40,0.157
225,41,0.157
225,42,0.153
225,43,0.152
225,44,0.152
225,45,0.158
225,46,0.157
225,47,0.138
225,48,0.069
226,1,0.07
226,2,0.133
226,3,0.153
226,4,0.149
226,5,0.148
226,6,0.148
226,7,0.148
226,8,0.147
226,9,0.147
226,10,0.146
226,11,0.146
226,12,0.146
226,13,0.137
226,14,0.158
226,15,0.154
226,16,0.151
226,17,0.151
226,18,0.151
226,19,0.153
226,20,0.157
226,21,0.156
226,22,0.155
226,23,0.156
226,24,0.156
226,25,0.111
226,26,0.074
226,27,0.074
226,28,0.16
226,29,0.154
226,30,0.152
226,31,0.149
226,32,0.15
226,33,0.151
226,34,0.15
226,35,0.149
226,36,0.149
226,37,0.15
226,38,0.15
226,39,0.139
226,40,0.157
226,41,0.157
226,42,0.155
226,43,0.155
226,44,0.156
226,45,0.156
226,46,0.157
226,47,0.156
226,48,0.155
227,1,0.157
227,2,0.157
227,3,0.088
227,4,0.074
227,5,0.1
227,6,0.162
227,7,0.155
227,8,0.153
227,9,0.152
227,10,0.151
227,11,0.151
227,12,0.151
227,13,0.151
227,14,0.15
227,15,0.149
227,16,0.149
227,17,0.142
227,18,0.158
227,19,0.15
227,20,0.151
227,21,0.156
227,22,0.155
227,23,0.157
227,24,0.158
227,25,0.156
227,26,0.156
227,27,0.156
227,28,0.144
227,29,0.074
227,30,0.074
227,31,0.126
227,32,0.155
227,33,0.15
227,34,0.152
227,35,0.151
227,36,0.15
227,37,0.147
227,38,0.146
227,39,0.146
227,40,0.145
227,41,0.144
227,42,0.139
227,43,0.143
227,44,0.15
227,45,0.15
227,46,0.148
227,47,0.15
227,48,0.151
228,1,0.152
228,2,0.152
228,3,0.152
228,4,0.153
228,5,0.152
228,6,0.117
228,7,0.069
228,8,0.068
228,9,0.148
228,10,0.151
228,11,0.147
228,12,0.146
228,13,0.145
228,14,0.145
228,15,0.146
228,16,0.144
228,17,0.144
228,18,0.144
228,19,0.143
228,20,0.131
228,21,0.151
228,22,0.151
228,23,0.151
228,24,0.15
228,25,0.15
228,26,0.152
228,27,0.156
228,28,0.156
228,29,0.155
228,30,0.156
228,31,0.156
228,32,0.095
228,33,0.073
228,34,0.084
228,35,0.159
228,36,0.149
228,37,0.146
228,38,0.145
228,39,0.145
228,40,0.145
228,41,0.145
228,42,0.145
228,43,0.15
228,44,0.149
228,45,0.15
228,46,0.136
228,47,0.153
228,48,0.152
229,1,0.152
229,2,0.152
229,3,0.153
229,4,0.153
229,5,0.152
229,6,0.151
229,7,0.151
229,8,0.151
229,9,0.151
229,10,0.07
229,11,0.069
229,12,0.097
229,13,0.155
229,14,0.148
229,15,0.147
229,16,0.145
229,17,0.145
229,18,0.145
229,19,0.144
229,20,0.145
229,21,0.145
229,22,0.143
229,23,0.143
229,24,0.136
229,25,0.151
229,26,0.152
229,27,0.156
229,28,0.155
229,29,0.155
229,30,0.155
229,31,0.155
229,32,0.153
229,33,0.151
229,34,0.156
229,35,0.139
229,36,0.071
229,37,0.068
229,38,0.11
229,39,0.158
229,40,0.15
229,41,0.152
229,42,0.146
229,43,0.145
229,44,0.145
229,45,0.145
229,46,0.145
229,47,0.146
229,48,0.145
230,1,0.145
230,2,0.14
230,3,0.155
230,4,0.152
230,5,0.152
230,6,0.152
230,7,0.151
230,8,0.151
230,9,0.151
230,10,0.151
230,11,0.15
230,12,0.15
230,13,0.129
230,14,0.072
230,15,0.069
230,16,0.118
230,17,0.152
230,18,0.147
230,19,0.145
230,20,0.145
230,21,0.144
230,22,0.144
230,23,0.144
230,24,0.144
230,25,0.148
230,26,0.149
230,27,0.144
230,28,0.148
230,29,0.156
230,30,0.156
230,31,0.154
230,32,0.15
230,33,0.154
230,34,0.154
230,35,0.15
230,36,0.151
230,37,0.151
230,38,0.15
230,39,0.123
230,40,0.074
230,41,0.069
230,42,0.124
230,43,0.157
230,44,0.154
230,45,0.147
230,46,0.145
230,47,0.145
230,48,0.146
231,1,0.146
231,2,0.145
231,3,0.144
231,4,0.144
231,5,0.136
231,6,0.149
231,7,0.152
231,8,0.152
231,9,0.153
231,10,0.153
231,11,0.153
231,12,0.152
231,13,0.151
231,14,0.154
231,15,0.156
231,16,0.156
231,17,0.117
231,18,0.069
231,19,0.068
231,20,0.131
231,21,0.152
231,22,0.146
231,23,0.146
231,24,0.15
231,25,0.15
231,26,0.15
231,27,0.149
231,28,0.15
231,29,0.147
231,30,0.144
231,31,0.13
231,32,0.156
231,33,0.156
231,34,0.152
231,35,0.149
231,36,0.149
231,37,0.149
231,38,0.15
231,39,0.158
231,40,0.152
231,41,0.151
231,42,0.15
231,43,0.106
231,44,0.069
231,45,0.069
231,46,0.14
231,47,0.151
231,48,0.147
232,1,0.147
232,2,0.146
232,3,0.147
232,4,0.146
232,5,0.146
232,6,0.146
232,7,0.146
232,8,0.145
232,9,0.132
232,10,0.154
232,11,0.151
232,12,0.152
232,13,0.151
232,14,0.151
232,15,0.152
232,16,0.151
232,17,0.15
232,18,0.152
232,19,0.151
232,20,0.151
232,21,0.099
232,22,0.069
232,23,0.069
232,24,0.146
232,25,0.156
232,26,0.151
232,27,0.15
232,28,0.15
232,29,0.149
232,30,0.149
232,31,0.149
232,32,0.149
232,33,0.149
232,34,0.149
232,35,0.137
232,36,0.159
232,37,0.155
232,38,0.156
232,39,0.157
232,40,0.156
232,41,0.157
232,42,0.151
232,43,0.15
232,44,0.15
232,45,0.155
232,46,0.158
232,47,0.095
232,48,0.068
233,1,0.069
233,2,0.157
233,3,0.151
233,4,0.148
233,5,0.147
233,6,0.146
233,7,0.145
233,8,0.144
233,9,0.144
233,10,0.144
233,11,0.145
233,12,0.144
233,13,0.135
233,14,0.152
233,15,0.149
233,16,0.15
233,17,0.148
233,18,0.148
233,19,0.15
233,20,0.155
233,21,0.155
233,22,0.155
233,23,0.15
233,24,0.155
233,25,0.085
233,26,0.073
233,27,0.091
233,28,0.161
233,29,0.425
233,30,1.72
233,31,0.61
233,32,3.657
233,33,0.552
233,34,1.233
233,35,0.646
233,36,0.765
233,37,1.588
233,38,1.86
233,39,3.067
233,40,2.335
233,41,1.735
233,42,2.209
233,43,2.353
233,44,2.684
233,45,2.614
233,46,2.602
233,47,2.488
233,48,0.68
234,1,0.567
234,2,0.502
234,3,0.425
234,4,0.452
234,5,0.594
234,6,0.284
234,7,0.173
234,8,0.171
234,9,0.17
234,10,0.17
234,11,0.17
234,12,0.165
234,13,0.133
234,14,0.132
234,15,0.132
234,16,0.125
234,17,0.141
234,18,0.141
234,19,0.137
234,20,0.138
234,21,0.139
234,22,0.222
234,23,0.687
234,24,0.215
234,25,0.416
234,26,0.43
234,27,1.099
234,28,0.468
234,29,1.503
234,30,1.213
234,31,5.256
234,32,2.561
234,33,1.565
234,34,0.574
234,35,0.624
234,36,0.636
234,37,0.445
234,38,0.654
234,39,2.143
234,40,0.574
234,41,0.48
234,42,1.737
234,43,0.6
234,44,0.568
234,45,0.558
234,46,0.668
234,47,0.261
234,48,0.203
235,1,0.181
235,2,0.18
235,3,0.18
235,4,0.113
235,5,0.097
235,6,0.139
235,7,0.185
235,8,0.178
235,9,0.175
235,10,0.174
235,11,0.174
235,12,0.174
235,13,0.174
235,14,0.173
235,15,0.173
235,16,0.172
235,17,0.172
235,18,0.167
235,19,0.18
235,20,0.238
235,21,0.874
235,22,0.632
235,23,1.751
235,24,2.137
235,25,0.646
235,26,0.571
235,27,0.603
235,28,0.584
235,29,1.905
235,30,5.169
235,31,5.114
235,32,2.637
235,33,2.04
235,34,1.503
235,35,1.411
235,36,0.986
235,37,0.353
235,38,0.626
235,39,0.426
235,40,0.455
235,41,0.373
235,42,0.596
235,43,0.831
235,44,0.795
235,45,0.911
235,46,0.843
235,47,0.322
235,48,0.27
236,1,0.224
236,2,0.226
236,3,0.226
236,4,0.225
236,5,0.226
236,6,0.154
236,7,0.142
236,8,0.161
236,9,0.231
236,10,0.224
236,11,0.222
236,12,0.216
236,13,0.158
236,14,0.157
236,15,0.156
236,16,0.155
236,17,0.156
236,18,0.156
236,19,0.155
236,20,0.245
236,21,0.339
236,22,0.553
236,23,0.33
236,24,0.444
236,25,2.221
236,26,1.876
236,27,1.253
236,28,2.09
236,29,0.742
236,30,0.359
236,31,0.168
236,32,0.089
236,33,0.098
236,34,0.178
236,35,0.368
236,36,0.719
236,37,0.492
236,38,0.535
236,39,0.545
236,40,0.622
236,41,1.736
236,42,1.308
236,43,0.733
236,44,0.787
236,45,0.674
236,46,0.264
236,47,0.197
236,48,0.185
237,1,0.18
237,2,0.178
237,3,0.178
237,4,0.179
237,5,0.179
237,6,0.179
237,7,0.177
237,8,0.177
237,9,0.098
237,10,0.094
237,11,0.125
237,12,0.179
237,13,0.16
237,14,0.157
237,15,0.158
237,16,0.155
237,17,0.155
237,18,0.161
237,19,0.367
237,20,0.352
237,21,1.133
237,22,1.561
237,23,0.156
237,24,0.171
237,25,0.171
237,26,0.169
237,27,0.516
237,28,0.38
237,29,0.365
237,30,0.421
237,31,0.204
237,32,0.173
237,33,0.166
237,34,0.149
237,35,0.378
237,36,0.371
237,37,0.361
237,38,0.363
237,39,0.727
237,40,0.436
237,41,0.411
237,42,1.356
237,43,1.028
237,44,0.616
237,45,0.467
237,46,0.237
237,47,0.215
237,48,0.226
238,1,0.191
238,2,0.189
238,3,0.189
238,4,0.19
238,5,0.19
238,6,0.19
238,7,0.189
238,8,0.189
238,9,0.189
238,10,0.189
238,11,0.124
238,12,0.131
238,13,0.152
238,14,0.183
238,15,0.18
238,16,0.177
238,17,0.172
238,18,0.171
238,19,0.172
238,20,0.202
238,21,0.405
238,22,0.682
238,23,0.363
238,24,0.412
238,25,0.546
238,26,0.667
238,27,1.165
238,28,0.385
238,29,0.793
238,30,1.842
238,31,3.386
238,32,0.972
238,33,0.888
238,34,2.584
238,35,0.567
238,36,2.368
238,37,0.87
238,38,3.328
238,39,0.428
238,40,0.473
238,41,0.508
238,42,0.844
238,43,1.344
238,44,0.463
238,45,0.441
238,46,0.331
238,47,0.202
238,48,0.187
239,1,0.164
239,2,0.181
239,3,0.18
239,4,0.18
239,5,0.18
239,6,0.179
239,7,0.179
239,8,0.179
239,9,0.178
239,10,0.179
239,11,0.179
239,12,0.181
239,13,0.101
239,14,0.096
239,15,0.13
239,16,0.18
239,17,0.71
239,18,0.515
239,19,0.196
239,20,0.207
239,21,0.45
239,22,0.166
239,23,0.165
239,24,0.165
239,25,0.165
239,26,0.165
239,27,2.635
239,28,1.866
239,29,1.165
239,30,0.593
239,31,0.169
239,32,0.169
239,33,0.17
239,34,0.429
239,35,3.668
239,36,1.388
239,37,0.627
239,38,0.536
239,39,0.462
239,40,0.468
239,41,0.483
239,42,1.926
239,43,0.859
239,44,0.835
239,45,0.553
239,46,0.204
239,47,0.199
239,48,0.175
240,1,0.174
240,2,0.174
240,3,0.174
240,4,0.168
240,5,0.186
240,6,0.179
240,7,0.179
240,8,0.179
240,9,0.179
240,10,0.18
240,11,0.18
240,12,0.179
240,13,0.163
240,14,0.163
240,15,0.16
240,16,0.084
240,17,0.649
240,18,0.383
240,19,1.255
240,20,1.812
240,21,0.865
240,22,1.44
240,23,1.772
240,24,0.352
240,25,0.17
240,26,0.259
240,27,0.412
240,28,0.412
240,29,0.169
240,30,0.179
240,31,0.176
240,32,2.901
240,33,0.579
240,34,0.535
240,35,0.435
240,36,0.171
240,37,0.171
240,38,0.17
240,39,0.17
240,40,0.205
240,41,0.466
240,42,0.484
240,43,0.65
240,44,0.67
240,45,0.547
240,46,0.199
240,47,0.199
240,48,0.196
388,1,0.217
388,2,0.285
388,3,0.074
388,4,0.069
388,5,0.15
388,6,0.147
388,7,0.142
388,8,0.14
388,9,0.142
388,10,0.144
388,11,0.144
388,12,0.14
388,13,0.16
388,14,0.307
388,15,0.344
388,16,0.265
388,17,0.457
388,18,0.609
388,19,2.904
388,20,2.27
388,21,0.345
388,22,0.446
388,23,4.462
388,24,0.802
388,25,0.595
388,26,2.108
388,27,5.029
388,28,2.492
388,29,2.275
388,30,0.522
388,31,0.248
388,32,0.278
388,33,0.425
388,34,0.374
388,35,0.271
388,36,0.209
388,37,0.208
388,38,0.21
388,39,0.209
388,40,0.208
388,41,0.2
388,42,0.32
388,43,1.491
388,44,0.547
388,45,0.617
388,46,0.528
388,47,0.238
388,48,0.191
389,1,0.151
389,2,0.164
389,3,0.186
389,4,0.162
389,5,0.068
389,6,0.105
389,7,0.143
389,8,0.14
389,9,0.137
389,10,0.137
389,11,0.136
389,12,0.136
389,13,0.135
389,14,0.264
389,15,0.31
389,16,0.28
389,17,0.176
389,18,0.166
389,19,0.145
389,20,0.158
389,21,0.525
389,22,3.047
389,23,5.406
389,24,7.636
389,25,4.815
389,26,3.549
389,27,1.427
389,28,0.43
389,29,0.344
389,30,1.103
389,31,2.208
389,32,2.262
389,33,1.212
389,34,0.522
389,35,3.029
389,36,5.593
389,37,7.628
389,38,5.882
389,39,5.33
389,40,1.814
389,41,0.592
389,42,1.198
389,43,1.065
389,44,0.731
389,45,0.246
389,46,0.18
389,47,0.154
389,48,0.148
390,1,0.154
390,2,0.157
390,3,0.186
390,4,0.167
390,5,0.147
390,6,0.11
390,7,0.068
390,8,0.13
390,9,0.147
390,10,0.144
390,11,0.143
390,12,0.169
390,13,0.146
390,14,0.273
390,15,0.316
390,16,0.293
390,17,0.227
390,18,0.524
390,19,0.67
390,20,0.398
390,21,1.579
390,22,2.244
390,23,2.247
390,24,2.096
390,25,0.825
390,26,0.339
390,27,0.275
390,28,0.849
390,29,1.465
390,30,1.216
390,31,2.885
390,32,3.977
390,33,4.198
390,34,4.009
390,35,2.313
390,36,1.511
390,37,2.513
390,38,3.737
390,39,3.905
390,40,1.424
390,41,1.974
390,42,0.793
390,43,0.683
390,44,0.512
390,45,0.55
390,46,0.177
390,47,0.148
390,48,0.146
391,1,0.147
391,2,0.184
391,3,0.17
391,4,0.146
391,5,0.147
391,6,0.147
391,7,0.147
391,8,0.121
391,9,0.066
391,10,0.065
391,11,0.137
391,12,0.148
391,13,0.14
391,14,0.267
391,15,0.34
391,16,0.319
391,17,3.716
391,18,1.989
391,19,0.209
391,20,0.804
391,21,0.839
391,22,0.113
391,23,0.133
391,24,0.142
391,25,0.243
391,26,0.506
391,27,0.693
391,28,0.212
391,29,0.136
391,30,0.137
391,31,0.137
391,32,0.165
391,33,0.554
391,34,5.509
391,35,4.056
391,36,3.682
391,37,4.045
391,38,2.503
391,39,1.903
391,40,1.416
391,41,0.744
391,42,0.866
391,43,0.492
391,44,0.167
391,45,0.147
391,46,0.142
391,47,0.127
391,48,0.147
392,1,0.144
392,2,0.144
392,3,0.145
392,4,0.144
392,5,0.145
392,6,0.144
392,7,0.143
392,8,0.143
392,9,0.143
392,10,0.173
392,11,0.129
392,12,0.273
392,13,1.035
392,14,0.845
392,15,0.538
392,16,0.186
392,17,0.186
392,18,0.186
392,19,0.188
392,20,0.224
392,21,0.222
392,22,0.184
392,23,0.183
392,24,0.185
392,25,0.215
392,26,0.383
392,27,0.33
392,28,0.219
392,29,0.234
392,30,0.235
392,31,0.235
392,32,0.263
392,33,0.398
392,34,0.372
392,35,0.367
392,36,0.323
392,37,0.244
392,38,0.24
392,39,0.305
392,40,0.32
392,41,0.325
392,42,0.621
392,43,0.93
392,44,1.03
392,45,0.151
392,46,0.14
392,47,0.139
392,48,0.138
393,1,0.138
393,2,0.125
393,3,0.146
393,4,0.144
393,5,0.143
393,6,0.142
393,7,0.147
393,8,0.181
393,9,0.182
393,10,0.166
393,11,0.143
393,12,0.279
393,13,0.31
393,14,0.238
393,15,0.067
393,16,0.094
393,17,0.133
393,18,0.125
393,19,0.3
393,20,0.593
393,21,0.435
393,22,0.338
393,23,0.29
393,24,0.683
393,25,0.195
393,26,0.341
393,27,0.297
393,28,0.173
393,29,0.504
393,30,0.37
393,31,0.369
393,32,0.595
393,33,0.583
393,34,0.705
393,35,0.697
393,36,0.748
393,37,2.494
393,38,1.961
393,39,0.913
393,40,1.507
393,41,3.661
393,42,1.31
393,43,0.603
393,44,1.774
393,45,0.494
393,46,0.553
393,47,0.142
393,48,0.14
394,1,0.139
394,2,0.139
394,3,0.138
394,4,0.128
394,5,0.148
394,6,0.145
394,7,0.149
394,8,0.182
394,9,0.18
394,10,0.178
394,11,0.178
394,12,0.32
394,13,0.355
394,14,0.321
394,15,0.185
394,16,0.117
394,17,0.161
394,18,0.225
394,19,0.219
394,20,0.218
394,21,0.214
394,22,0.212
394,23,0.193
394,24,0.314
394,25,0.628
394,26,0.491
394,27,0.444
394,28,0.298
394,29,0.276
394,30,0.402
394,31,0.38
394,32,1.519
394,33,0.819
394,34,2.782
394,35,3.468
394,36,0.581
394,37,1.898
394,38,1.4
394,39,2.251
394,40,0.783
394,41,1.019
394,42,3.012
394,43,0.584
394,44,0.557
394,45,0.66
394,46,0.541
394,47,0.412
394,48,0.171
395,1,0.14
395,2,0.141
395,3,0.141
395,4,0.14
395,5,0.139
395,6,0.133
395,7,0.147
395,8,0.145
395,9,0.145
395,10,0.144
395,11,0.145
395,12,0.275
395,13,0.314
395,14,0.278
395,15,0.144
395,16,0.144
395,17,0.113
395,18,0.069
395,19,0.696
395,20,0.419
395,21,0.341
395,22,2.636
395,23,4.187
395,24,3.249
395,25,1.911
395,26,5.522
395,27,3.441
395,28,3.019
395,29,2.791
395,30,5.077
395,31,0.429
395,32,0.199
395,33,0.342
395,34,1.553
395,35,4.752
395,36,4.812
395,37,2.515
395,38,2.699
395,39,3.7
395,40,3.625
395,41,4.142
395,42,2.76
395,43,2.483
395,44,1.0
395,45,0.765
395,46,0.634
395,47,0.473
395,48,0.366
396,1,0.135
396,2,0.137
396,3,0.137
396,4,0.136
396,5,0.136
396,6,0.136
396,7,0.127
396,8,0.146
396,9,0.143
396,10,0.143
396,11,0.143
396,12,0.278
396,13,0.313
396,14,0.278
396,15,0.158
396,16,0.179
396,17,0.144
396,18,0.34
396,19,0.48
396,20,2.757
396,21,0.628
396,22,0.937
396,23,4.133
396,24,3.844
396,25,4.58
396,26,5.206
396,27,5.439
396,28,3.46
396,29,1.653
396,30,2.347
396,31,1.584
396,32,2.737
396,33,4.723
396,34,6.716
396,35,5.34
396,36,1.223
396,37,1.112
396,38,1.817
396,39,1.178
396,40,1.044
396,41,0.501
396,42,0.663
396,43,1.122
396,44,0.398
396,45,0.571
396,46,0.179
396,47,0.165
396,48,0.141
397,1,0.153
397,2,0.166
397,3,0.139
397,4,0.14
397,5,0.139
397,6,0.139
397,7,0.138
397,8,0.138
397,9,0.13
397,10,0.146
397,11,0.144
397,12,0.154
397,13,0.155
397,14,0.27
397,15,0.311
397,16,0.286
397,17,0.317
397,18,0.446
397,19,0.706
397,20,0.294
397,21,0.085
397,22,0.3
397,23,0.203
397,24,0.194
397,25,0.458
397,26,1.78
397,27,0.335
397,28,1.498
397,29,2.683
397,30,3.386
397,31,0.384
397,32,0.733
397,33,0.536
397,34,2.475
397,35,3.575
397,36,1.095
397,37,2.603
397,38,4.727
397,39,5.238
397,40,4.252
397,41,3.035
397,42,2.816
397,43,3.673
397,44,2.414
397,45,2.227
397,46,0.172
397,47,0.067
397,48,0.102
398,1,0.149
398,2,0.141
398,3,0.139
398,4,0.138
398,5,0.138
398,6,0.137
398,7,0.145
398,8,0.175
398,9,0.165
398,10,0.136
398,11,0.136
398,12,0.131
398,13,0.143
398,14,0.268
398,15,0.317
398,16,0.277
398,17,0.208
398,18,2.253
398,19,2.32
398,20,1.757
398,21,1.058
398,22,0.185
398,23,0.11
398,24,0.049
398,25,0.081
398,26,0.306
398,27,1.614
398,28,2.173
398,29,0.267
398,30,0.167
398,31,1.451
398,32,1.6
398,33,2.043
398,34,3.41
398,35,3.841
398,36,3.68
398,37,1.079
398,38,1.704
398,39,1.224
398,40,1.583
398,41,0.973
398,42,0.591
398,43,0.497
398,44,0.479
398,45,0.474
398,46,0.274
398,47,0.166
398,48,0.15
399,1,0.095
399,2,0.065
399,3,0.087
399,4,0.15
399,5,0.144
399,6,0.142
399,7,0.141
399,8,0.152
399,9,0.177
399,10,0.176
399,11,0.141
399,12,0.139
399,13,0.392
399,14,3.051
399,15,0.712
399,16,0.212
399,17,0.207
399,18,0.211
399,19,0.25
399,20,0.248
399,21,0.234
399,22,0.206
399,23,0.209
399,24,0.204
399,25,0.244
399,26,0.39
399,27,0.261
399,28,0.133
399,29,0.187
399,30,0.253
399,31,0.247
399,32,0.277
399,33,0.42
399,34,0.378
399,35,0.309
399,36,0.338
399,37,3.81
399,38,3.934
399,39,5.96
399,40,1.583
399,41,1.225
399,42,2.462
399,43,0.666
399,44,0.602
399,45,0.585
399,46,0.239
399,47,0.148
399,48,0.145
400,1,0.144
400,2,0.145
400,3,0.145
400,4,0.117
400,5,0.063
400,6,0.063
400,7,0.132
400,8,0.144
400,9,0.14
400,10,0.138
400,11,0.137
400,12,0.136
400,13,0.138
400,14,0.136
400,15,0.139
400,16,0.173
400,17,0.201
400,18,0.194
400,19,0.202
400,20,0.195
400,21,0.195
400,22,0.195
400,23,0.351
400,24,0.521
400,25,0.366
400,26,0.514
400,27,0.57
400,28,0.201
400,29,0.192
400,30,0.14
400,31,0.218
400,32,0.538
400,33,0.583
400,34,1.471
400,35,1.28
400,36,2.133
400,37,3.71
400,38,2.924
400,39,2.384
400,40,0.636
400,41,0.543
400,42,0.556
400,43,1.022
400,44,0.509
400,45,0.301
400,46,0.186
400,47,0.181
400,48,0.181
401,1,0.184
401,2,0.173
401,3,0.147
401,4,0.143
401,5,0.142
401,6,0.141
401,7,0.122
401,8,0.062
401,9,0.104
401,10,0.142
401,11,0.139
401,12,0.137
401,13,0.141
401,14,0.139
401,15,0.14
401,16,0.136
401,17,0.176
401,18,0.347
401,19,0.57
401,20,0.345
401,21,0.72
401,22,0.377
401,23,0.15
401,24,0.136
401,25,0.185
401,26,0.788
401,27,0.907
401,28,0.638
401,29,0.604
401,30,0.695
401,31,0.361
401,32,0.512
401,33,0.285
401,34,0.24
401,35,0.46
401,36,0.963
401,37,2.208
401,38,3.132
401,39,3.239
401,40,1.062
401,41,0.72
401,42,1.739
401,43,0.783
401,44,0.815
401,45,0.503
401,46,0.424
401,47,0.417
401,48,0.185
402,1,0.145
402,2,0.148
402,3,0.145
402,4,0.141
402,5,0.142
402,6,0.143
402,7,0.143
402,8,0.142
402,9,0.142
402,10,0.073
402,11,0.062
402,12,0.15
402,13,0.14
402,14,0.138
402,15,0.137
402,16,0.136
402,17,0.135
402,18,0.152
402,19,0.174
402,20,1.319
402,21,1.97
402,22,1.233
402,23,0.824
402,24,1.66
402,25,0.387
402,26,1.469
402,27,2.432
402,28,2.217
402,29,2.198
402,30,0.733
402,31,1.787
402,32,4.834
402,33,5.137
402,34,1.394
402,35,0.303
402,36,0.294
402,37,0.31
402,38,0.359
402,39,5.178
402,40,4.015
402,41,2.475
402,42,2.205
402,43,0.937
402,44,0.591
402,45,0.61
402,46,0.775
402,47,0.675
402,48,0.204
403,1,0.199
403,2,0.189
403,3,0.19
403,4,0.191
403,5,0.192
403,6,0.192
403,7,0.194
403,8,0.194
403,9,0.193
403,10,0.194
403,11,0.173
403,12,0.157
403,13,0.189
403,14,0.193
403,15,0.187
403,16,0.181
403,17,0.164
403,18,0.164
403,19,0.279
403,20,0.331
403,21,2.131
403,22,2.223
403,23,5.76
403,24,5.43
403,25,3.315
403,26,2.381
403,27,4.836
403,28,3.275
403,29,2.215
403,30,4.294
403,31,4.139
403,32,4.202
403,33,0.866
403,34,0.471
403,35,1.638
403,36,2.925
403,37,2.653
403,38,2.361
403,39,0.964
403,40,1.738
403,41,2.619
403,42,0.921
403,43,0.569
403,44,0.577
403,45,0.333
403,46,0.179
403,47,0.165
403,48,0.143
404,1,0.128
404,2,0.15
404,3,0.148
404,4,0.148
404,5,0.148
404,6,0.149
404,7,0.149
404,8,0.148
404,9,0.147
404,10,0.148
404,11,0.147
404,12,0.185
404,13,0.141
404,14,0.077
404,15,0.069
404,16,0.153
404,17,0.889
404,18,0.466
404,19,0.174
404,20,0.125
404,21,0.125
404,22,0.125
404,23,0.125
404,24,0.126
404,25,0.276
404,26,0.385
404,27,0.304
404,28,0.255
404,29,0.133
404,30,0.135
404,31,2.281
404,32,3.35
404,33,4.216
404,34,2.315
404,35,0.955
404,36,2.299
404,37,2.521
404,38,0.95
404,39,3.864
404,40,1.514
404,41,0.747
404,42,0.543
404,43,0.457
404,44,0.169
404,45,0.154
404,46,0.146
404,47,0.174
404,48,0.176
405,1,0.142
405,2,0.14
405,3,0.14
405,4,0.14
405,5,0.134
405,6,0.148
405,7,0.147
405,8,0.146
405,9,0.144
405,10,0.154
405,11,0.183
405,12,0.166
405,13,0.154
405,14,0.21
405,15,0.332
405,16,0.265
405,17,1.519
405,18,1.76
405,19,0.265
405,20,0.931
405,21,1.271
405,22,0.165
405,23,0.163
405,24,0.129
405,25,0.131
405,26,0.785
405,27,0.527
405,28,1.56
405,29,1.067
405,30,3.798
405,31,4.573
405,32,4.055
405,33,0.643
405,34,0.602
405,35,4.511
405,36,1.639
405,37,0.779
405,38,0.73
405,39,1.652
405,40,2.85
405,41,4.336
405,42,2.617
405,43,1.584
405,44,0.227
405,45,0.225
405,46,0.208
405,47,0.15
405,48,0.147
406,1,0.146
406,2,0.146
406,3,0.147
406,4,0.142
406,5,0.14
406,6,0.14
406,7,0.133
406,8,0.148
406,9,0.183
406,10,0.156
406,11,0.149
406,12,0.161
406,13,0.335
406,14,1.099
406,15,0.442
406,16,0.214
406,17,0.211
406,18,0.205
406,19,0.136
406,20,0.155
406,21,0.236
406,22,0.241
406,23,0.212
406,24,0.207
406,25,0.21
406,26,0.365
406,27,0.369
406,28,0.256
406,29,0.208
406,30,0.24
406,31,0.248
406,32,0.218
406,33,0.366
406,34,0.372
406,35,0.32
406,36,0.215
406,37,0.211
406,38,1.658
406,39,5.53
406,40,6.094
406,41,1.639
406,42,0.694
406,43,0.554
406,44,0.598
406,45,0.303
406,46,0.165
406,47,0.146
406,48,0.146
407,1,0.142
407,2,0.14
407,3,0.14
407,4,0.14
407,5,0.141
407,6,0.141
407,7,0.141
407,8,0.138
407,9,0.137
407,10,0.146
407,11,0.145
407,12,0.143
407,13,0.145
407,14,0.144
407,15,0.202
407,16,0.329
407,17,0.287
407,18,0.235
407,19,0.126
407,20,0.098
407,21,0.069
407,22,0.128
407,23,0.128
407,24,0.619
407,25,0.303
407,26,0.615
407,27,0.473
407,28,0.348
407,29,0.324
407,30,0.309
407,31,0.18
407,32,0.153
407,33,0.293
407,34,0.349
407,35,1.06
407,36,0.506
407,37,1.276
407,38,1.529
407,39,1.062
407,40,1.533
407,41,0.611
407,42,0.52
407,43,0.599
407,44,0.616
407,45,0.528
407,46,0.068
407,47,0.075
407,48,0.152
408,1,0.143
408,2,0.142
408,3,0.145
408,4,0.144
408,5,0.143
408,6,0.144
408,7,0.143
408,8,0.143
408,9,0.167
408,10,0.148
408,11,0.129
408,12,0.145
408,13,0.15
408,14,0.147
408,15,0.207
408,16,0.331
408,17,0.556
408,18,3.203
408,19,3.282
408,20,1.756
408,21,0.737
408,22,0.388
408,23,0.233
408,24,0.226
408,25,0.289
408,26,2.206
408,27,1.264
408,28,0.462
408,29,1.617
408,30,2.561
408,31,3.473
408,32,0.442
408,33,0.425
408,34,0.346
408,35,0.295
408,36,0.72
408,37,5.015
408,38,3.944
408,39,3.616
408,40,3.603
408,41,2.409
408,42,1.756
408,43,0.642
408,44,0.609
408,45,0.729
408,46,0.431
408,47,0.203
408,48,0.095
409,1,0.071
409,2,0.185
409,3,0.157
409,4,0.141
409,5,0.14
409,6,0.14
409,7,0.14
409,8,0.139
409,9,0.139
409,10,0.137
409,11,0.137
409,12,0.138
409,13,0.138
409,14,0.184
409,15,0.222
409,16,0.334
409,17,0.287
409,18,0.259
409,19,2.425
409,20,3.367
409,21,3.356
409,22,3.415
409,23,3.322
409,24,2.793
409,25,4.066
409,26,0.533
409,27,1.114
409,28,4.594
409,29,3.126
409,30,2.304
409,31,2.531
409,32,3.101
409,33,3.14
409,34,1.797
409,35,1.396
409,36,0.702
409,37,2.702
409,38,2.462
409,39,2.402
409,40,1.268
409,41,0.834
409,42,0.468
409,43,0.508
409,44,0.63
409,45,0.404
409,46,0.161
409,47,0.143
409,48,0.143
410,1,0.145
410,2,0.116
410,3,0.062
410,4,0.063
410,5,0.15
410,6,0.143
410,7,0.14
410,8,0.14
410,9,0.139
410,10,0.138
410,11,0.138
410,12,0.138
410,13,0.137
410,14,0.136
410,15,0.193
410,16,0.31
410,17,0.283
410,18,0.261
410,19,0.301
410,20,2.196
410,21,4.006
410,22,2.116
410,23,0.844
410,24,0.235
410,25,0.134
410,26,0.335
410,27,3.515
410,28,3.733
410,29,5.158
410,30,3.605
410,31,4.064
410,32,4.967
410,33,4.056
410,34,3.637
410,35,1.184
410,36,0.766
410,37,0.951
410,38,0.864
410,39,0.907
410,40,1.256
410,41,0.714
410,42,0.618
410,43,0.601
410,44,0.782
410,45,0.223
410,46,0.174
410,47,0.159
410,48,0.147
411,1,0.148
411,2,0.146
411,3,0.146
411,4,0.112
411,5,0.063
411,6,0.099
411,7,0.15
411,8,0.143
411,9,0.142
411,10,0.141
411,11,0.141
411,12,0.148
411,13,0.154
411,14,0.138
411,15,0.197
411,16,0.331
411,17,0.429
411,18,1.205
411,19,5.029
411,20,3.234
411,21,3.236
411,22,2.175
411,23,0.516
411,24,0.53
411,25,0.237
411,26,0.415
411,27,0.426
411,28,0.548
411,29,0.441
411,30,0.237
411,31,2.411
411,32,1.192
411,33,1.431
411,34,1.64
411,35,0.835
411,36,1.234
411,37,1.677
411,38,1.81
411,39,3.022
411,40,1.196
411,41,0.886
411,42,2.439
411,43,0.517
411,44,0.621
411,45,0.18
411,46,0.154
411,47,0.151
411,48,0.149
412,1,0.148
412,2,0.148
412,3,0.146
412,4,0.144
412,5,0.144
412,6,0.142
412,7,0.062
412,8,0.062
412,9,0.074
412,10,0.15
412,11,0.142
412,12,0.161
412,13,0.143
412,14,0.143
412,15,0.326
412,16,0.91
412,17,0.304
412,18,0.252
412,19,0.126
412,20,0.126
412,21,0.119
412,22,0.135
412,23,0.133
412,24,0.133
412,25,0.132
412,26,0.285
412,27,0.35
412,28,0.406
412,29,0.35
412,30,0.677
412,31,1.856
412,32,1.912
412,33,3.796
412,34,4.373
412,35,1.39
412,36,0.626
412,37,0.964
412,38,1.073
412,39,1.968
412,40,2.372
412,41,1.192
412,42,1.644
412,43,0.647
412,44,0.482
412,45,0.167
412,46,0.168
412,47,0.154
412,48,0.147
413,1,0.145
413,2,0.145
413,3,0.145
413,4,0.143
413,5,0.144
413,6,0.144
413,7,0.145
413,8,0.145
413,9,0.145
413,10,0.124
413,11,0.063
413,12,0.063
413,13,0.072
413,14,0.07
413,15,0.212
413,16,0.328
413,17,0.853
413,18,0.513
413,19,0.306
413,20,0.179
413,21,0.198
413,22,0.21
413,23,0.331
413,24,0.242
413,25,2.062
413,26,1.775
413,27,0.771
413,28,0.416
413,29,1.493
413,30,3.337
413,31,3.342
413,32,0.83
413,33,0.57
413,34,0.578
413,35,0.991
413,36,0.514
413,37,0.92
413,38,0.826
413,39,2.999
413,40,3.866
413,41,1.636
413,42,1.182
413,43,4.224
413,44,2.514
413,45,2.093
413,46,2.063
413,47,2.078
413,48,1.56
414,1,0.168
414,2,0.137
414,3,0.127
414,4,0.147
414,5,0.143
414,6,0.143
414,7,0.143
414,8,0.143
414,9,0.143
414,10,0.143
414,11,0.143
414,12,0.145
414,13,1.68
414,14,2.046
414,15,1.701
414,16,0.181
414,17,0.122
414,18,0.122
414,19,0.12
414,20,0.118
414,21,0.118
414,22,0.118
414,23,0.118
414,24,0.123
414,25,0.122
414,26,0.122
414,27,0.123
414,28,0.111
414,29,0.132
414,30,0.14
414,31,0.165
414,32,0.151
414,33,0.122
414,34,0.123
414,35,0.128
414,36,0.123
414,37,0.124
414,38,0.151
414,39,0.128
414,40,0.068
414,41,0.051
414,42,0.05
414,43,0.109
414,44,0.131
414,45,0.12
414,46,0.118
414,47,0.118
414,48,0.118
415,1,0.151
415,2,0.13
415,3,0.117
415,4,0.117
415,5,0.117
415,6,0.104
415,7,0.039
415,8,0.039
415,9,0.039
415,10,0.039
415,11,0.074
415,12,0.139
415,13,0.131
415,14,0.127
415,15,0.126
415,16,0.134
415,17,0.164
415,18,0.123
415,19,0.125
415,20,0.123
415,21,0.124
415,22,0.123
415,23,0.058
415,24,0.045
415,25,0.045
415,26,0.069
415,27,0.135
415,28,0.127
415,29,0.123
415,30,0.123
415,31,0.131
415,32,0.156
415,33,0.121
415,34,0.116
415,35,0.115
415,36,0.084
415,37,0.049
415,38,0.039
415,39,0.045
415,40,0.044
415,41,0.044
415,42,0.044
415,43,0.06
415,44,0.068
415,45,0.044
415,46,0.045
415,47,0.039
415,48,0.04
