213,1,0.234
213,2,0.233
213,3,0.206
213,4,0.257
213,5,0.315
213,6,0.283
213,7,0.316
213,8,0.229
213,9,0.222
213,10,0.184
213,11,0.253
213,12,0.2
213,13,0.195
213,14,0.25
213,15,0.197
213,16,0.248
213,17,0.799
213,18,0.739
213,19,0.692
213,20,1.633
213,21,1.335
213,22,2.718
213,23,1.446
213,24,0.401
213,25,0.412
213,26,0.784
213,27,0.476
213,28,0.397
213,29,2.366
213,30,3.227
213,31,3.219
213,32,3.368
213,33,3.533
213,34,1.89
213,35,2.407
213,36,3.816
213,37,3.196
213,38,1.402
213,39,1.084
213,40,1.878
213,41,1.775
213,42,1.441
213,43,1.061
213,44,0.949
213,45,0.814
213,46,1.358
213,47,3.35
213,48,0.307
214,1,0.298
214,2,0.208
214,3,0.219
214,4,0.192
214,5,0.219
214,6,0.208
214,7,0.229
214,8,0.202
214,9,0.209
214,10,0.179
214,11,0.252
214,12,0.152
214,13,0.254
214,14,0.203
214,15,0.212
214,16,0.225
214,17,0.391
214,18,0.79
214,19,0.84
214,20,0.918
214,21,0.926
214,22,0.483
214,23,1.038
214,24,0.356
214,25,0.27
214,26,0.67
214,27,0.675
214,28,0.369
214,29,0.249
214,30,2.103
214,31,1.705
214,32,1.676
214,33,1.786
214,34,1.789
214,35,2.452
214,36,2.619
214,37,1.316
214,38,0.611
214,39,0.601
214,40,2.521
214,41,3.314
214,42,4.231
214,43,5.013
214,44,3.786
214,45,2.364
214,46,0.847
214,47,1.233
214,48,0.589
215,1,0.56
215,2,0.551
215,3,0.908
215,4,0.544
215,5,0.957
215,6,0.517
215,7,0.968
215,8,0.613
215,9,1.059
215,10,0.666
215,11,0.907
215,12,0.705
215,13,0.755
215,14,1.238
215,15,1.171
215,16,0.553
215,17,0.884
215,18,3.051
215,19,0.904
215,20,0.695
215,21,0.792
215,22,0.718
215,23,0.467
215,24,0.444
215,25,2.125
215,26,2.352
215,27,0.803
215,28,0.361
215,29,0.407
215,30,0.374
215,31,0.332
215,32,0.252
215,33,0.858
215,34,0.376
215,35,0.292
215,36,0.912
215,37,0.507
215,38,1.894
215,39,1.882
215,40,2.753
215,41,0.766
215,42,0.843
215,43,0.797
215,44,0.987
215,45,0.889
215,46,0.67
215,47,0.474
215,48,0.252
216,1,0.197
216,2,0.247
216,3,0.394
216,4,0.277
216,5,0.32
216,6,0.219
216,7,0.256
216,8,0.182
216,9,0.271
216,10,0.231
216,11,0.26
216,12,0.196
216,13,0.258
216,14,0.191
216,15,0.236
216,16,0.342
216,17,1.281
216,18,0.591
216,19,0.578
216,20,0.533
216,21,0.389
216,22,0.984
216,23,2.316
216,24,2.193
216,25,0.513
216,26,2.165
216,27,0.642
216,28,0.548
216,29,0.436
216,30,0.285
216,31,0.33
216,32,0.308
216,33,0.384
216,34,0.321
216,35,0.989
216,36,3.142
216,37,4.046
216,38,3.453
216,39,3.35
216,40,4.616
216,41,3.292
216,42,4.444
216,43,2.534
216,44,1.477
216,45,1.495
216,46,2.298
216,47,1.275
216,48,1.359
217,1,1.988
217,2,0.769
217,3,1.074
217,4,0.861
217,5,0.591
217,6,0.951
217,7,0.914
217,8,0.656
217,9,1.518
217,10,1.159
217,11,0.704
217,12,0.852
217,13,0.895
217,14,0.935
217,15,0.606
217,16,0.934
217,17,3.196
217,18,1.434
217,19,2.177
217,20,2.536
217,21,1.077
217,22,0.867
217,23,0.585
217,24,0.554
217,25,0.35
217,26,1.087
217,27,0.563
217,28,0.649
217,29,0.515
217,30,0.561
217,31,1.099
217,32,0.637
217,33,0.406
217,34,0.401
217,35,1.695
217,36,2.839
217,37,1.421
217,38,0.658
217,39,0.521
217,40,0.374
217,41,0.832
217,42,0.423
217,43,0.562
217,44,1.07
217,45,0.756
217,46,0.752
217,47,2.192
217,48,0.4
218,1,0.25
218,2,0.264
218,3,0.227
218,4,0.213
218,5,0.399
218,6,0.283
218,7,0.328
218,8,0.195
218,9,0.239
218,10,0.243
218,11,0.35
218,12,0.937
218,13,0.253
218,14,0.277
218,15,0.226
218,16,0.201
218,17,0.615
218,18,0.879
218,19,0.633
218,20,1.64
218,21,0.413
218,22,0.906
218,23,0.407
218,24,0.484
218,25,0.722
218,26,2.113
218,27,0.803
218,28,0.369
218,29,1.062
218,30,0.495
218,31,0.441
218,32,0.384
218,33,0.997
218,34,1.061
218,35,0.793
218,36,1.92
218,37,0.688
218,38,1.067
218,39,0.621
218,40,0.578
218,41,2.483
218,42,3.875
218,43,3.904
218,44,4.387
218,45,3.841
218,46,3.605
218,47,3.601
218,48,3.228
219,1,2.277
219,2,1.13
219,3,0.739
219,4,0.989
219,5,0.933
219,6,0.552
219,7,0.964
219,8,0.759
219,9,0.785
219,10,0.947
219,11,0.523
219,12,1.012
219,13,0.618
219,14,1.176
219,15,0.246
219,16,0.213
219,17,0.664
219,18,0.658
219,19,0.646
219,20,0.484
219,21,0.386
219,22,0.55
219,23,1.168
219,24,0.609
219,25,0.474
219,26,1.302
219,27,0.284
219,28,0.347
219,29,0.91
219,30,0.294
219,31,0.365
219,32,0.317
219,33,0.277
219,34,0.701
219,35,0.991
219,36,2.219
219,37,0.908
219,38,0.938
219,39,0.473
219,40,0.481
219,41,0.41
219,42,0.48
219,43,0.43
219,44,0.774
219,45,0.507
219,46,0.832
219,47,0.531
219,48,0.596
220,1,3.073
220,2,3.104
220,3,3.171
220,4,3.029
220,5,3.069
220,6,1.506
220,7,1.231
220,8,0.74
220,9,0.787
220,10,0.927
220,11,1.008
220,12,0.77
220,13,0.866
220,14,0.943
220,15,0.871
220,16,0.733
220,17,0.98
220,18,0.799
220,19,2.333
220,20,2.085
220,21,1.922
220,22,0.346
220,23,0.892
220,24,0.728
220,25,2.147
220,26,2.031
220,27,0.65
220,28,0.342
220,29,0.318
220,30,0.218
220,31,0.44
220,32,0.425
220,33,0.419
220,34,0.679
220,35,0.325
220,36,0.299
220,37,0.688
220,38,0.427
220,39,0.293
220,40,0.457
220,41,0.952
220,42,1.685
220,43,0.586
220,44,3.163
220,45,4.172
220,46,4.477
220,47,3.41
220,48,3.339
221,1,2.236
221,2,1.083
221,3,0.916
221,4,1.057
221,5,0.934
221,6,0.586
221,7,0.949
221,8,0.667
221,9,0.776
221,10,0.808
221,11,0.913
221,12,0.48
221,13,0.901
221,14,0.862
221,15,0.769
221,16,0.685
221,17,2.205
221,18,1.333
221,19,1.362
221,20,1.247
221,21,0.423
221,22,1.225
221,23,1.035
221,24,0.481
221,25,3.026
221,26,2.241
221,27,0.59
221,28,0.61
221,29,1.468
221,30,0.43
221,31,0.873
221,32,1.472
221,33,0.423
221,34,0.404
221,35,0.441
221,36,1.077
221,37,0.44
221,38,0.42
221,39,2.688
221,40,3.51
221,41,3.589
221,42,3.39
221,43,3.636
221,44,1.494
221,45,2.591
221,46,1.048
221,47,1.028
221,48,0.866
222,1,0.906
222,2,0.895
222,3,0.689
222,4,0.841
222,5,0.832
222,6,0.86
222,7,0.87
222,8,0.633
222,9,0.705
222,10,0.872
222,11,0.795
222,12,0.95
222,13,0.864
222,14,0.516
222,15,0.834
222,16,1.402
222,17,1.614
222,18,1.398
222,19,2.764
222,20,0.657
222,21,0.406
222,22,0.273
222,23,0.383
222,24,0.335
222,25,0.329
222,26,0.88
222,27,0.826
222,28,0.823
222,29,0.293
222,30,0.357
222,31,0.238
222,32,0.293
222,33,0.249
222,34,0.299
222,35,0.411
222,36,1.359
222,37,0.392
222,38,0.249
222,39,0.404
222,40,0.408
222,41,0.362
222,42,0.336
222,43,0.763
222,44,0.922
222,45,0.808
222,46,0.777
222,47,0.489
222,48,0.303
223,1,0.399
223,2,0.196
223,3,0.236
223,4,0.222
223,5,0.278
223,6,0.211
223,7,0.218
223,8,0.236
223,9,0.236
223,10,0.202
223,11,0.238
223,12,0.213
223,13,0.237
223,14,0.195
223,15,0.233
223,16,0.313
223,17,0.607
223,18,0.852
223,19,0.495
223,20,1.339
223,21,1.624
223,22,1.468
223,23,2.392
223,24,2.417
223,25,1.388
223,26,0.806
223,27,1.408
223,28,0.703
223,29,1.515
223,30,3.002
223,31,1.662
223,32,2.103
223,33,2.378
223,34,2.043
223,35,1.696
223,36,1.132
223,37,0.522
223,38,0.764
223,39,0.454
223,40,1.352
223,41,4.734
223,42,2.246
223,43,0.603
223,44,0.958
223,45,0.893
223,46,0.918
223,47,0.502
223,48,0.551
224,1,0.304
224,2,0.296
224,3,0.235
224,4,0.265
224,5,0.213
224,6,0.318
224,7,0.314
224,8,0.268
224,9,0.272
224,10,0.181
224,11,0.242
224,12,0.243
224,13,0.215
224,14,0.233
224,15,0.175
224,16,0.488
224,17,3.448
224,18,6.149
224,19,5.601
224,20,3.319
224,21,3.147
224,22,2.895
224,23,1.31
224,24,1.308
224,25,1.2
224,26,1.627
224,27,1.22
224,28,0.643
224,29,1.912
224,30,1.583
224,31,1.232
224,32,1.221
224,33,1.318
224,34,0.803
224,35,2.64
224,36,2.024
224,37,1.484
224,38,1.456
224,39,0.81
224,40,0.84
224,41,0.465
224,42,0.373
224,43,0.349
224,44,0.396
224,45,0.431
224,46,1.572
224,47,0.451
224,48,1.515
225,1,0.301
225,2,0.24
225,3,0.332
225,4,0.351
225,5,0.333
225,6,0.304
225,7,0.28
225,8,0.262
225,9,0.192
225,10,0.326
225,11,0.233
225,12,0.224
225,13,0.212
225,14,0.21
225,15,0.259
225,16,0.136
225,17,0.364
225,18,0.901
225,19,0.883
225,20,0.833
225,21,1.047
225,22,0.479
225,23,2.332
225,24,2.113
225,25,0.644
225,26,0.708
225,27,0.677
225,28,0.708
225,29,0.41
225,30,0.322
225,31,0.214
225,32,0.317
225,33,1.635
225,34,0.465
225,35,1.277
225,36,2.492
225,37,1.278
225,38,1.036
225,39,0.319
225,40,0.314
225,41,0.866
225,42,3.32
225,43,5.954
225,44,3.283
225,45,3.427
225,46,3.402
225,47,3.213
225,48,3.2
226,1,2.617
226,2,1.274
226,3,1.179
226,4,0.98
226,5,1.342
226,6,0.874
226,7,0.825
226,8,0.887
226,9,0.635
226,10,0.9
226,11,0.924
226,12,0.812
226,13,1.169
226,14,1.735
226,15,0.899
226,16,0.806
226,17,1.369
226,18,0.952
226,19,0.5
226,20,0.686
226,21,2.565
226,22,1.192
226,23,0.267
226,24,0.82
226,25,0.615
226,26,1.34
226,27,0.83
226,28,0.465
226,29,0.267
226,30,0.942
226,31,0.872
226,32,0.591
226,33,0.906
226,34,0.343
226,35,1.348
226,36,3.29
226,37,1.22
226,38,1.14
226,39,0.463
226,40,2.28
226,41,0.866
226,42,0.422
226,43,0.603
226,44,0.51
226,45,0.488
226,46,0.506
226,47,0.448
226,48,0.295
227,1,0.242
227,2,0.241
227,3,0.242
227,4,0.259
227,5,0.194
227,6,0.277
227,7,0.183
227,8,0.273
227,9,0.165
227,10,0.276
227,11,0.225
227,12,0.229
227,13,0.217
227,14,0.269
227,15,0.193
227,16,0.259
227,17,0.257
227,18,1.11
227,19,0.631
227,20,1.809
227,21,0.559
227,22,3.754
227,23,1.598
227,24,1.757
227,25,1.342
227,26,0.796
227,27,0.464
227,28,0.658
227,29,0.463
227,30,0.366
227,31,0.79
227,32,0.659
227,33,1.936
227,34,3.419
227,35,4.505
227,36,4.888
227,37,3.652
227,38,3.521
227,39,2.65
227,40,1.843
227,41,1.767
227,42,1.254
227,43,3.551
227,44,4.34
227,45,0.83
227,46,0.643
227,47,0.971
227,48,0.959
228,1,0.728
228,2,0.702
228,3,0.751
228,4,0.952
228,5,0.72
228,6,1.618
228,7,0.825
228,8,1.102
228,9,1.056
228,10,1.075
228,11,0.83
228,12,0.897
228,13,0.651
228,14,0.987
228,15,0.812
228,16,0.579
228,17,0.947
228,18,2.371
228,19,2.342
228,20,1.192
228,21,3.207
228,22,2.194
228,23,2.705
228,24,2.806
228,25,2.405
228,26,2.341
228,27,0.959
228,28,0.803
228,29,0.509
228,30,0.431
228,31,0.765
228,32,0.92
228,33,0.72
228,34,2.218
228,35,0.807
228,36,0.985
228,37,0.882
228,38,0.595
228,39,0.687
228,40,0.672
228,41,0.532
228,42,0.56
228,43,0.654
228,44,0.546
228,45,0.544
228,46,0.448
228,47,0.386
228,48,0.436
229,1,0.337
229,2,0.334
229,3,0.298
229,4,0.288
229,5,0.202
229,6,0.219
229,7,0.262
229,8,0.145
229,9,0.283
229,10,0.208
229,11,0.329
229,12,0.245
229,13,0.178
229,14,0.253
229,15,0.166
229,16,0.266
229,17,0.87
229,18,0.549
229,19,2.201
229,20,0.623
229,21,0.695
229,22,0.364
229,23,0.777
229,24,1.293
229,25,1.164
229,26,0.907
229,27,0.848
229,28,0.44
229,29,0.406
229,30,0.325
229,31,0.36
229,32,1.91
229,33,1.833
229,34,2.527
229,35,1.581
229,36,1.806
229,37,1.548
229,38,0.656
229,39,0.324
229,40,0.451
229,41,1.412
229,42,0.426
229,43,1.747
229,44,0.864
229,45,0.803
229,46,1.01
229,47,0.72
229,48,0.558
230,1,0.413
230,2,0.41
230,3,0.442
230,4,0.317
230,5,0.431
230,6,0.348
230,7,0.344
230,8,0.373
230,9,0.352
230,10,0.277
230,11,0.426
230,12,0.325
230,13,0.338
230,14,0.369
230,15,0.292
230,16,0.335
230,17,0.357
230,18,5.751
230,19,3.326
230,20,3.569
230,21,5.217
230,22,3.886
230,23,3.491
230,24,3.485
230,25,3.878
230,26,5.494
230,27,4.607
230,28,3.245
230,29,2.224
230,30,1.776
230,31,1.578
230,32,2.688
230,33,1.752
230,34,1.385
230,35,3.47
230,36,3.151
230,37,1.496
230,38,1.101
230,39,0.645
230,40,1.019
230,41,1.04
230,42,0.742
230,43,0.964
230,44,1.611
230,45,0.97
230,46,1.227
230,47,0.857
230,48,0.642
231,1,0.502
231,2,0.261
231,3,0.311
231,4,0.254
231,5,0.32
231,6,0.268
231,7,0.403
231,8,0.322
231,9,0.37
231,10,0.254
231,11,0.327
231,12,0.248
231,13,0.312
231,14,0.243
231,15,5.011
231,16,5.858
231,17,3.777
231,18,3.163
231,19,1.166
231,20,0.862
231,21,1.019
231,22,0.819
231,23,2.173
231,24,0.861
231,25,0.642
231,26,0.856
231,27,0.952
231,28,0.586
231,29,0.868
231,30,0.722
231,31,0.941
231,32,0.685
231,33,0.956
231,34,1.558
231,35,0.748
231,36,3.214
231,37,1.666
231,38,0.891
231,39,1.01
231,40,0.541
231,41,0.493
231,42,0.639
231,43,0.661
231,44,0.912
231,45,0.481
231,46,0.422
231,47,0.282
231,48,0.366
232,1,0.455
232,2,0.331
232,3,0.244
232,4,0.26
232,5,0.231
232,6,0.253
232,7,0.201
232,8,0.251
232,9,0.16
232,10,0.261
232,11,0.198
232,12,0.227
232,13,0.584
232,14,0.36
232,15,0.184
232,16,0.937
232,17,0.558
232,18,2.189
232,19,0.798
232,20,1.685
232,21,2.287
232,22,4.246
232,23,1.634
232,24,0.495
232,25,1.011
232,26,1.906
232,27,0.341
232,28,0.563
232,29,0.886
232,30,0.788
232,31,0.324
232,32,0.875
232,33,0.921
232,34,0.598
232,35,1.329
232,36,1.634
232,37,0.49
232,38,0.435
232,39,0.358
232,40,0.475
232,41,0.397
232,42,0.732
232,43,1.311
232,44,0.751
232,45,0.718
232,46,0.709
232,47,0.373
232,48,0.324
233,1,0.259
233,2,0.175
233,3,0.247
233,4,0.195
233,5,0.256
233,6,0.195
233,7,0.199
233,8,0.264
233,9,0.185
233,10,0.202
233,11,0.223
233,12,0.209
233,13,0.238
233,14,0.853
233,15,0.501
233,16,0.497
233,17,0.628
233,18,1.31
233,19,1.068
233,20,0.403
233,21,0.691
233,22,1.541
233,23,2.133
233,24,0.387
233,25,0.574
233,26,0.653
233,27,1.163
233,28,0.553
233,29,0.693
233,30,0.247
233,31,0.676
233,32,0.35
233,33,0.93
233,34,1.839
233,35,3.536
233,36,5.54
233,37,4.948
233,38,4.072
233,39,3.339
233,40,3.487
233,41,2.451
233,42,1.186
233,43,2.771
233,44,1.168
233,45,1.642
233,46,2.883
233,47,1.128
233,48,1.172
234,1,0.631
234,2,0.839
234,3,0.582
234,4,0.882
234,5,0.509
234,6,0.944
234,7,0.663
234,8,0.892
234,9,0.633
234,10,2.304
234,11,1.721
234,12,0.607
234,13,0.871
234,14,0.857
234,15,0.552
234,16,0.878
234,17,1.752
234,18,1.255
234,19,1.509
234,20,1.385
234,21,0.394
234,22,0.31
234,23,1.114
234,24,2.355
234,25,0.479
234,26,0.492
234,27,0.821
234,28,0.451
234,29,0.372
234,30,0.391
234,31,0.487
234,32,0.593
234,33,0.99
234,34,2.245
234,35,4.685
234,36,4.936
234,37,3.435
234,38,1.753
234,39,1.381
234,40,0.88
234,41,0.394
234,42,0.964
234,43,0.778
234,44,0.731
234,45,0.853
234,46,3.308
234,47,0.728
234,48,0.525
235,1,0.492
235,2,0.454
235,3,0.37
235,4,0.331
235,5,0.387
235,6,0.613
235,7,0.256
235,8,0.215
235,9,0.259
235,10,0.194
235,11,0.24
235,12,0.192
235,13,0.257
235,14,0.185
235,15,0.242
235,16,0.213
235,17,0.642
235,18,0.632
235,19,1.334
235,20,2.559
235,21,1.981
235,22,0.381
235,23,0.644
235,24,0.368
235,25,1.052
235,26,2.044
235,27,1.173
235,28,0.754
235,29,0.496
235,30,1.913
235,31,1.693
235,32,1.443
235,33,1.843
235,34,2.913
235,35,4.474
235,36,3.671
235,37,1.518
235,38,0.706
235,39,1.569
235,40,1.434
235,41,0.895
235,42,1.983
235,43,0.851
235,44,2.003
235,45,0.572
235,46,0.572
235,47,0.364
235,48,0.392
236,1,0.276
236,2,0.286
236,3,0.253
236,4,0.28
236,5,0.189
236,6,0.337
236,7,0.242
236,8,0.206
236,9,0.278
236,10,0.226
236,11,0.235
236,12,0.269
236,13,0.266
236,14,0.214
236,15,0.356
236,16,0.37
236,17,0.935
236,18,0.743
236,19,0.927
236,20,1.452
236,21,0.821
236,22,0.451
236,23,0.277
236,24,0.334
236,25,0.369
236,26,1.991
236,27,0.605
236,28,0.839
236,29,0.303
236,30,0.341
236,31,0.788
236,32,3.086
236,33,3.069
236,34,3.579
236,35,3.923
236,36,3.576
236,37,3.313
236,38,1.576
236,39,1.417
236,40,1.942
236,41,1.448
236,42,2.918
236,43,1.166
236,44,1.004
236,45,0.623
236,46,0.748
236,47,2.448
236,48,0.235
237,1,0.292
237,2,0.211
237,3,0.212
237,4,0.324
237,5,0.33
237,6,0.29
237,7,0.214
237,8,0.258
237,9,0.211
237,10,0.192
237,11,0.277
237,12,0.175
237,13,0.234
237,14,0.234
237,15,0.163
237,16,0.348
237,17,1.039
237,18,1.053
237,19,0.858
237,20,0.686
237,21,1.088
237,22,2.989
237,23,0.893
237,24,0.495
237,25,1.84
237,26,2.22
237,27,1.234
237,28,0.512
237,29,1.494
237,30,0.361
237,31,2.11
237,32,0.59
237,33,0.778
237,34,0.841
237,35,0.446
237,36,0.454
237,37,0.682
237,38,0.362
237,39,2.487
237,40,3.26
237,41,3.274
237,42,3.579
237,43,3.54
237,44,2.076
237,45,1.274
237,46,1.635
237,47,0.77
237,48,0.675
238,1,0.377
238,2,0.26
238,3,0.264
238,4,0.273
238,5,0.216
238,6,0.316
238,7,0.22
238,8,0.3
238,9,0.223
238,10,0.286
238,11,0.245
238,12,0.243
238,13,0.277
238,14,0.227
238,15,0.276
238,16,0.293
238,17,0.335
238,18,1.208
238,19,0.479
238,20,1.215
238,21,1.218
238,22,1.71
238,23,2.883
238,24,1.865
238,25,2.32
238,26,2.11
238,27,0.945
238,28,0.424
238,29,0.66
238,30,0.887
238,31,0.581
238,32,1.03
238,33,0.741
238,34,0.776
238,35,1.282
238,36,0.797
238,37,2.022
238,38,4.681
238,39,5.296
238,40,4.293
238,41,0.94
238,42,0.755
238,43,1.441
238,44,0.936
238,45,0.854
238,46,0.319
238,47,0.27
238,48,0.217
239,1,0.4
239,2,0.203
239,3,0.236
239,4,0.286
239,5,0.245
239,6,0.23
239,7,0.252
239,8,0.281
239,9,0.229
239,10,0.232
239,11,0.239
239,12,0.268
239,13,0.705
239,14,0.491
239,15,0.334
239,16,0.24
239,17,0.25
239,18,1.73
239,19,0.916
239,20,0.399
239,21,0.97
239,22,0.733
239,23,1.537
239,24,2.099
239,25,2.42
239,26,0.64
239,27,0.81
239,28,0.721
239,29,0.404
239,30,0.64
239,31,0.409
239,32,1.426
239,33,3.414
239,34,4.166
239,35,4.253
239,36,5.019
239,37,2.456
239,38,1.689
239,39,1.205
239,40,1.224
239,41,0.777
239,42,2.126
239,43,0.907
239,44,1.281
239,45,1.112
239,46,0.413
239,47,0.816
239,48,0.425
240,1,0.375
240,2,0.423
240,3,0.193
240,4,0.282
240,5,0.251
240,6,0.214
240,7,0.192
240,8,0.206
240,9,0.244
240,10,0.326
240,11,0.297
240,12,0.323
240,13,0.128
240,14,0.29
240,15,0.151
240,16,0.235
240,17,0.215
240,18,1.757
240,19,0.863
240,20,1.089
240,21,2.433
240,22,1.967
240,23,2.326
240,24,0.873
240,25,0.861
240,26,1.122
240,27,0.556
240,28,0.716
240,29,1.22
240,30,0.652
240,31,0.806
240,32,0.698
240,33,0.429
240,34,1.529
240,35,3.564
240,36,4.361
240,37,1.374
240,38,0.964
240,39,0.697
240,40,0.767
240,41,0.611
240,42,0.523
240,43,0.611
240,44,0.789
240,45,0.805
240,46,0.675
240,47,0.404
240,48,0.404
388,1,0.464
388,2,0.23
388,3,0.26
388,4,0.173
388,5,0.231
388,6,0.306
388,7,0.151
388,8,0.26
388,9,0.397
388,10,0.367
388,11,0.268
388,12,0.227
388,13,0.219
388,14,0.235
388,15,0.23
388,16,0.581
388,17,0.812
388,18,0.972
388,19,0.769
388,20,1.232
388,21,1.266
388,22,1.229
388,23,1.865
388,24,3.708
388,25,2.591
388,26,1.097
388,27,1.138
388,28,0.826
388,29,0.55
388,30,1.133
388,31,1.137
388,32,0.68
388,33,0.663
388,34,0.731
388,35,1.384
388,36,2.782
388,37,1.685
388,38,0.926
388,39,3.198
388,40,2.591
388,41,2.172
388,42,1.661
388,43,1.092
388,44,1.436
388,45,1.06
388,46,0.881
388,47,1.996
388,48,2.187
389,1,0.366
389,2,0.434
389,3,0.383
389,4,0.45
389,5,0.486
389,6,0.311
389,7,0.367
389,8,0.306
389,9,0.271
389,10,0.329
389,11,0.378
389,12,0.368
389,13,0.467
389,14,0.401
389,15,0.377
389,16,0.682
389,17,0.503
389,18,0.561
389,19,1.634
389,20,2.254
389,21,1.742
389,22,2.677
389,23,2.232
389,24,3.181
389,25,2.929
389,26,2.133
389,27,1.876
389,28,2.129
389,29,3.918
389,30,1.527
389,31,0.435
389,32,0.417
389,33,0.623
389,34,0.622
389,35,1.785
389,36,4.17
389,37,2.09
389,38,1.052
389,39,0.792
389,40,0.706
389,41,0.865
389,42,1.111
389,43,1.334
389,44,1.246
389,45,1.047
389,46,1.139
389,47,0.417
389,48,0.297
390,1,0.224
390,2,0.254
390,3,0.159
390,4,0.262
390,5,0.214
390,6,0.225
390,7,0.318
390,8,0.176
390,9,0.237
390,10,0.195
390,11,0.192
390,12,0.226
390,13,0.279
390,14,0.252
390,15,0.332
390,16,0.627
390,17,1.424
390,18,0.748
390,19,1.538
390,20,2.007
390,21,1.401
390,22,0.763
390,23,1.519
390,24,0.858
390,25,0.385
390,26,1.923
390,27,0.567
390,28,1.227
390,29,0.555
390,30,0.365
390,31,0.371
390,32,0.9
390,33,1.149
390,34,0.693
390,35,0.682
390,36,3.109
390,37,2.353
390,38,1.482
390,39,3.735
390,40,1.804
390,41,0.998
390,42,1.174
390,43,2.529
390,44,1.445
390,45,1.097
390,46,0.756
390,47,0.349
390,48,0.303
391,1,0.291
391,2,0.241
391,3,0.21
391,4,0.22
391,5,0.29
391,6,0.255
391,7,0.243
391,8,0.177
391,9,0.254
391,10,0.203
391,11,0.308
391,12,0.183
391,13,0.218
391,14,0.171
391,15,0.257
391,16,0.616
391,17,1.462
391,18,0.431
391,19,1.741
391,20,1.444
391,21,1.343
391,22,2.271
391,23,3.189
391,24,2.629
391,25,2.703
391,26,0.745
391,27,0.375
391,28,1.532
391,29,1.104
391,30,0.365
391,31,0.415
391,32,2.387
391,33,1.23
391,34,0.713
391,35,2.105
391,36,4.209
391,37,3.097
391,38,1.079
391,39,1.208
391,40,1.142
391,41,1.089
391,42,0.854
391,43,0.947
391,44,1.449
391,45,1.33
391,46,3.604
391,47,2.731
391,48,0.329
392,1,0.218
392,2,0.245
392,3,0.344
392,4,0.23
392,5,0.212
392,6,0.266
392,7,0.185
392,8,0.308
392,9,0.201
392,10,0.217
392,11,0.2
392,12,0.261
392,13,0.278
392,14,0.399
392,15,0.282
392,16,0.623
392,17,1.181
392,18,0.495
392,19,0.419
392,20,0.503
392,21,1.008
392,22,2.917
392,23,0.965
392,24,3.0
392,25,4.164
392,26,1.673
392,27,0.758
392,28,0.638
392,29,0.485
392,30,0.542
392,31,0.57
392,32,0.871
392,33,0.886
392,34,1.248
392,35,1.455
392,36,3.448
392,37,1.957
392,38,1.478
392,39,1.394
392,40,1.475
392,41,1.764
392,42,1.306
392,43,1.235
392,44,1.202
392,45,1.591
392,46,1.262
392,47,0.98
392,48,0.33
393,1,0.244
393,2,0.201
393,3,0.109
393,4,0.158
393,5,0.182
393,6,0.21
393,7,0.148
393,8,0.152
393,9,0.117
393,10,0.189
393,11,0.184
393,12,0.112
393,13,0.135
393,14,0.141
393,15,0.209
393,16,1.949
393,17,1.38
393,18,0.873
393,19,1.889
393,20,0.823
393,21,1.13
393,22,0.888
393,23,0.976
393,24,0.54
393,25,0.669
393,26,2.748
393,27,0.909
393,28,0.764
393,29,1.697
393,30,0.933
393,31,0.55
393,32,2.13
393,33,1.853
393,34,1.369
393,35,1.873
393,36,2.982
393,37,2.391
393,38,1.328
393,39,1.608
393,40,1.3
393,41,0.912
393,42,2.287
393,43,3.767
393,44,1.194
393,45,1.487
393,46,0.906
393,47,0.808
393,48,0.888
394,1,0.832
394,2,0.637
394,3,0.389
394,4,0.301
394,5,0.244
394,6,0.218
394,7,0.264
394,8,0.269
394,9,0.219
394,10,0.256
394,11,0.219
394,12,0.454
394,13,0.312
394,14,0.239
394,15,0.237
394,16,0.309
394,17,1.088
394,18,0.396
394,19,0.528
394,20,0.451
394,21,0.867
394,22,2.837
394,23,3.013
394,24,1.983
394,25,0.315
394,26,0.746
394,27,0.465
394,28,0.507
394,29,0.501
394,30,1.278
394,31,1.426
394,32,1.205
394,33,0.468
394,34,0.759
394,35,1.74
394,36,3.324
394,37,3.17
394,38,1.524
394,39,0.804
394,40,0.841
394,41,0.778
394,42,0.659
394,43,0.732
394,44,0.915
394,45,1.752
394,46,4.257
394,47,2.699
394,48,0.218
395,1,0.285
395,2,0.33
395,3,0.239
395,4,0.235
395,5,0.211
395,6,0.187
395,7,0.212
395,8,0.242
395,9,0.267
395,10,0.252
395,11,0.192
395,12,0.258
395,13,0.33
395,14,0.276
395,15,0.835
395,16,0.646
395,17,0.632
395,18,0.728
395,19,1.156
395,20,1.592
395,21,1.242
395,22,0.468
395,23,0.679
395,24,0.604
395,25,2.598
395,26,2.043
395,27,1.139
395,28,0.827
395,29,1.475
395,30,0.967
395,31,0.659
395,32,1.455
395,33,0.342
395,34,0.343
395,35,0.661
395,36,3.773
395,37,2.282
395,38,0.901
395,39,0.95
395,40,0.857
395,41,0.827
395,42,0.629
395,43,0.938
395,44,1.483
395,45,0.719
395,46,4.641
395,47,0.412
395,48,0.388
396,1,0.296
396,2,0.251
396,3,0.21
396,4,0.229
396,5,0.224
396,6,0.229
396,7,0.325
396,8,0.263
396,9,0.17
396,10,0.261
396,11,0.204
396,12,0.164
396,13,0.262
396,14,0.269
396,15,0.416
396,16,0.302
396,17,0.308
396,18,1.243
396,19,0.827
396,20,2.146
396,21,2.251
396,22,2.615
396,23,3.276
396,24,3.902
396,25,2.897
396,26,3.164
396,27,1.24
396,28,1.913
396,29,0.683
396,30,0.878
396,31,0.383
396,32,0.5
396,33,1.238
396,34,0.547
396,35,1.893
396,36,3.907
396,37,1.966
396,38,1.09
396,39,0.938
396,40,1.323
396,41,3.589
396,42,1.188
396,43,0.807
396,44,1.224
396,45,1.018
396,46,0.747
396,47,0.774
396,48,0.988
397,1,0.341
397,2,0.292
397,3,0.195
397,4,0.261
397,5,0.221
397,6,0.253
397,7,0.314
397,8,0.178
397,9,0.219
397,10,0.198
397,11,0.219
397,12,0.234
397,13,0.308
397,14,0.177
397,15,0.32
397,16,0.53
397,17,1.245
397,18,0.517
397,19,0.475
397,20,1.261
397,21,1.143
397,22,0.754
397,23,0.491
397,24,0.515
397,25,0.881
397,26,2.28
397,27,0.661
397,28,0.578
397,29,0.497
397,30,0.352
397,31,0.276
397,32,0.642
397,33,0.466
397,34,0.457
397,35,2.88
397,36,4.639
397,37,2.91
397,38,1.993
397,39,1.106
397,40,0.998
397,41,1.102
397,42,0.971
397,43,1.245
397,44,3.48
397,45,1.578
397,46,1.03
397,47,0.623
397,48,0.763
398,1,0.274
398,2,0.237
398,3,0.23
398,4,0.283
398,5,0.21
398,6,0.206
398,7,0.297
398,8,0.198
398,9,0.195
398,10,0.284
398,11,0.213
398,12,0.171
398,13,0.287
398,14,0.18
398,15,0.282
398,16,0.663
398,17,1.69
398,18,0.724
398,19,0.596
398,20,1.012
398,21,1.156
398,22,1.367
398,23,0.487
398,24,0.499
398,25,0.376
398,26,0.684
398,27,0.775
398,28,0.585
398,29,0.472
398,30,0.446
398,31,0.798
398,32,0.457
398,33,0.702
398,34,4.571
398,35,2.533
398,36,1.441
398,37,1.556
398,38,4.138
398,39,2.451
398,40,2.368
398,41,1.847
398,42,3.141
398,43,1.071
398,44,2.156
398,45,1.199
398,46,5.66
398,47,0.717
398,48,0.285
399,1,0.241
399,2,0.196
399,3,0.327
399,4,0.378
399,5,0.301
399,6,0.24
399,7,0.23
399,8,0.259
399,9,0.171
399,10,0.22
399,11,0.24
399,12,0.214
399,13,0.222
399,14,0.177
399,15,0.295
399,16,0.637
399,17,1.196
399,18,1.512
399,19,1.055
399,20,0.672
399,21,2.34
399,22,1.77
399,23,3.196
399,24,3.006
399,25,1.611
399,26,1.982
399,27,1.355
399,28,1.594
399,29,0.786
399,30,1.362
399,31,0.77
399,32,0.428
399,33,0.497
399,34,0.663
399,35,2.354
399,36,3.259
399,37,2.407
399,38,1.038
399,39,1.201
399,40,1.052
399,41,0.998
399,42,1.132
399,43,1.003
399,44,1.508
399,45,0.927
399,46,0.813
399,47,0.628
399,48,0.744
400,1,0.476
400,2,0.348
400,3,0.327
400,4,0.37
400,5,0.311
400,6,0.271
400,7,0.39
400,8,0.339
400,9,0.428
400,10,0.376
400,11,0.423
400,12,0.288
400,13,0.315
400,14,0.329
400,15,0.376
400,16,0.583
400,17,1.061
400,18,0.878
400,19,0.628
400,20,0.305
400,21,0.394
400,22,1.268
400,23,3.052
400,24,2.827
400,25,2.107
400,26,1.165
400,27,2.125
400,28,1.221
400,29,0.616
400,30,0.808
400,31,0.87
400,32,1.806
400,33,0.848
400,34,0.725
400,35,4.67
400,36,6.168
400,37,2.411
400,38,1.098
400,39,1.137
400,40,1.538
400,41,1.066
400,42,1.005
400,43,1.201
400,44,0.649
400,45,0.884
400,46,0.842
400,47,0.264
400,48,0.25
401,1,0.32
401,2,0.17
401,3,0.305
401,4,0.2
401,5,0.233
401,6,0.27
401,7,0.154
401,8,0.299
401,9,0.207
401,10,0.196
401,11,0.29
401,12,0.82
401,13,0.414
401,14,0.407
401,15,0.884
401,16,1.901
401,17,1.537
401,18,0.619
401,19,0.713
401,20,1.253
401,21,0.589
401,22,2.913
401,23,2.457
401,24,0.528
401,25,0.578
401,26,1.461
401,27,1.69
401,28,1.144
401,29,1.697
401,30,0.977
401,31,1.239
401,32,1.049
401,33,1.01
401,34,1.157
401,35,3.264
401,36,3.953
401,37,2.76
401,38,1.006
401,39,0.904
401,40,0.955
401,41,2.692
401,42,1.136
401,43,1.078
401,44,1.792
401,45,1.361
401,46,0.724
401,47,2.045
401,48,0.495
402,1,1.21
402,2,0.727
402,3,0.239
402,4,0.277
402,5,0.19
402,6,0.203
402,7,0.281
402,8,0.182
402,9,0.238
402,10,0.172
402,11,0.321
402,12,0.192
402,13,0.179
402,14,0.273
402,15,0.283
402,16,0.54
402,17,0.48
402,18,1.454
402,19,0.7
402,20,0.877
402,21,1.196
402,22,1.242
402,23,1.835
402,24,3.17
402,25,2.971
402,26,1.261
402,27,1.165
402,28,0.705
402,29,1.189
402,30,0.921
402,31,0.459
402,32,0.451
402,33,1.324
402,34,1.249
402,35,0.994
402,36,3.726
402,37,1.32
402,38,2.128
402,39,1.003
402,40,1.001
402,41,0.789
402,42,0.702
402,43,1.499
402,44,1.444
402,45,1.024
402,46,0.698
402,47,4.734
402,48,0.326
403,1,0.273
403,2,0.203
403,3,0.212
403,4,0.249
403,5,0.246
403,6,0.157
403,7,0.297
403,8,0.251
403,9,0.159
403,10,0.229
403,11,0.273
403,12,0.193
403,13,0.227
403,14,0.192
403,15,0.33
403,16,0.533
403,17,0.391
403,18,0.872
403,19,0.879
403,20,1.925
403,21,1.77
403,22,3.537
403,23,3.856
403,24,3.373
403,25,2.41
403,26,1.905
403,27,1.047
403,28,2.731
403,29,1.387
403,30,0.539
403,31,0.442
403,32,0.721
403,33,0.455
403,34,0.571
403,35,1.809
403,36,2.491
403,37,1.634
403,38,1.109
403,39,1.254
403,40,2.01
403,41,1.226
403,42,1.967
403,43,1.788
403,44,0.886
403,45,0.873
403,46,0.762
403,47,0.552
403,48,0.29
404,1,0.297
404,2,0.236
404,3,0.203
404,4,0.235
404,5,0.277
404,6,0.191
404,7,0.221
404,8,0.234
404,9,0.23
404,10,0.21
404,11,0.186
404,12,0.28
404,13,0.193
404,14,0.188
404,15,0.208
404,16,0.492
404,17,1.25
404,18,0.368
404,19,0.709
404,20,1.188
404,21,0.557
404,22,1.333
404,23,1.428
404,24,3.63
404,25,0.429
404,26,1.639
404,27,1.236
404,28,1.261
404,29,0.553
404,30,1.288
404,31,0.711
404,32,1.334
404,33,0.987
404,34,0.488
404,35,0.858
404,36,1.614
404,37,3.423
404,38,1.598
404,39,0.835
404,40,1.379
404,41,5.194
404,42,1.424
404,43,1.018
404,44,1.57
404,45,1.422
404,46,0.448
404,47,0.435
404,48,0.368
405,1,0.33
405,2,0.198
405,3,0.285
405,4,0.172
405,5,0.257
405,6,0.268
405,7,0.146
405,8,0.217
405,9,0.189
405,10,0.282
405,11,0.176
405,12,0.158
405,13,0.241
405,14,0.196
405,15,0.249
405,16,0.289
405,17,1.47
405,18,2.391
405,19,1.738
405,20,1.296
405,21,0.82
405,22,0.644
405,23,2.664
405,24,2.741
405,25,1.088
405,26,0.959
405,27,1.07
405,28,0.713
405,29,0.789
405,30,1.158
405,31,1.838
405,32,2.246
405,33,1.182
405,34,0.559
405,35,0.699
405,36,2.553
405,37,2.992
405,38,1.749
405,39,1.232
405,40,1.119
405,41,0.646
405,42,0.723
405,43,1.004
405,44,1.732
405,45,0.936
405,46,0.869
405,47,0.299
405,48,0.277
406,1,0.25
406,2,0.239
406,3,0.242
406,4,0.15
406,5,0.227
406,6,0.163
406,7,0.236
406,8,0.283
406,9,0.172
406,10,0.165
406,11,0.2
406,12,0.157
406,13,0.247
406,14,0.225
406,15,0.178
406,16,0.246
406,17,1.353
406,18,0.556
406,19,0.629
406,20,0.478
406,21,0.925
406,22,1.226
406,23,0.911
406,24,1.294
406,25,1.249
406,26,2.22
406,27,1.591
406,28,0.679
406,29,0.514
406,30,0.315
406,31,0.444
406,32,1.711
406,33,0.994
406,34,0.399
406,35,1.338
406,36,2.907
406,37,3.151
406,38,2.01
406,39,1.588
406,40,1.076
406,41,2.126
406,42,0.781
406,43,1.994
406,44,2.625
406,45,0.931
406,46,0.772
406,47,0.438
406,48,0.245
407,1,0.363
407,2,0.347
407,3,0.25
407,4,0.205
407,5,0.197
407,6,0.214
407,7,0.22
407,8,0.279
407,9,0.201
407,10,0.168
407,11,0.207
407,12,0.14
407,13,0.216
407,14,0.203
407,15,0.303
407,16,0.187
407,17,1.472
407,18,0.745
407,19,1.39
407,20,1.542
407,21,1.947
407,22,2.749
407,23,1.258
407,24,0.994
407,25,0.446
407,26,1.499
407,27,1.059
407,28,0.795
407,29,0.621
407,30,0.949
407,31,0.609
407,32,1.43
407,33,0.525
407,34,0.615
407,35,2.696
407,36,3.886
407,37,2.612
407,38,1.367
407,39,1.163
407,40,1.93
407,41,1.62
407,42,1.063
407,43,1.078
407,44,1.995
407,45,1.159
407,46,1.208
407,47,0.91
407,48,0.473
408,1,0.384
408,2,0.399
408,3,0.421
408,4,0.494
408,5,0.584
408,6,0.474
408,7,0.414
408,8,0.393
408,9,0.502
408,10,0.414
408,11,0.415
408,12,0.356
408,13,0.496
408,14,0.431
408,15,0.389
408,16,0.448
408,17,1.396
408,18,0.472
408,19,1.048
408,20,1.358
408,21,2.153
408,22,2.839
408,23,2.796
408,24,2.298
408,25,1.589
408,26,1.018
408,27,0.767
408,28,0.689
408,29,0.583
408,30,0.507
408,31,0.46
408,32,0.372
408,33,0.536
408,34,0.344
408,35,0.943
408,36,2.772
408,37,2.318
408,38,1.412
408,39,1.347
408,40,1.609
408,41,1.979
408,42,1.024
408,43,1.094
408,44,2.058
408,45,1.191
408,46,0.977
408,47,0.4
408,48,0.349
409,1,0.333
409,2,0.327
409,3,0.427
409,4,0.368
409,5,0.372
409,6,0.399
409,7,0.255
409,8,0.339
409,9,0.252
409,10,0.314
409,11,0.369
409,12,0.298
409,13,0.313
409,14,0.252
409,15,0.288
409,16,0.356
409,17,0.861
409,18,1.099
409,19,0.439
409,20,1.735
409,21,1.431
409,22,3.576
409,23,3.674
409,24,2.418
409,25,1.068
409,26,0.808
409,27,0.633
409,28,0.88
409,29,0.463
409,30,0.703
409,31,1.379
409,32,1.37
409,33,0.477
409,34,0.424
409,35,2.28
409,36,2.308
409,37,1.029
409,38,0.709
409,39,0.972
409,40,1.88
409,41,4.34
409,42,1.621
409,43,0.857
409,44,1.898
409,45,1.991
409,46,0.582
409,47,1.891
409,48,0.491
410,1,0.411
410,2,0.375
410,3,0.411
410,4,0.384
410,5,0.53
410,6,0.569
410,7,0.61
410,8,0.202
410,9,0.193
410,10,0.296
410,11,0.175
410,12,0.195
410,13,0.199
410,14,0.184
410,15,0.203
410,16,0.268
410,17,0.197
410,18,1.016
410,19,0.697
410,20,1.943
410,21,2.129
410,22,2.222
410,23,2.085
410,24,2.509
410,25,1.793
410,26,1.662
410,27,1.325
410,28,0.495
410,29,0.582
410,30,0.334
410,31,0.271
410,32,0.333
410,33,0.712
410,34,0.413
410,35,0.635
410,36,1.448
410,37,1.227
410,38,0.958
410,39,3.616
410,40,0.797
410,41,0.638
410,42,0.541
410,43,1.299
410,44,1.002
410,45,1.026
410,46,0.843
410,47,1.523
410,48,0.455
411,1,0.199
411,2,0.193
411,3,0.297
411,4,0.206
411,5,0.188
411,6,0.222
411,7,0.261
411,8,0.165
411,9,0.232
411,10,0.151
411,11,0.284
411,12,0.326
411,13,0.247
411,14,0.264
411,15,0.31
411,16,0.237
411,17,1.312
411,18,0.727
411,19,0.971
411,20,1.748
411,21,2.892
411,22,1.613
411,23,1.628
411,24,3.298
411,25,0.764
411,26,2.824
411,27,3.27
411,28,0.98
411,29,0.99
411,30,0.688
411,31,0.959
411,32,0.523
411,33,0.606
411,34,0.77
411,35,1.094
411,36,1.019
411,37,2.756
411,38,1.203
411,39,0.779
411,40,1.472
411,41,1.196
411,42,1.05
411,43,1.049
411,44,1.63
411,45,0.779
411,46,3.069
411,47,2.121
411,48,0.258
412,1,0.211
412,2,0.271
412,3,0.241
412,4,0.218
412,5,0.191
412,6,0.159
412,7,0.303
412,8,0.221
412,9,0.162
412,10,0.188
412,11,0.299
412,12,0.322
412,13,0.33
412,14,0.218
412,15,0.163
412,16,0.243
412,17,0.849
412,18,0.725
412,19,0.956
412,20,1.803
412,21,0.889
412,22,0.787
412,23,1.06
412,24,0.887
412,25,2.465
412,26,2.863
412,27,0.934
412,28,0.808
412,29,0.693
412,30,0.506
412,31,0.601
412,32,0.502
412,33,0.438
412,34,0.565
412,35,1.173
412,36,2.32
412,37,1.464
412,38,1.102
412,39,3.301
412,40,1.408
412,41,2.283
412,42,1.138
412,43,1.214
412,44,3.197
412,45,0.802
412,46,0.508
412,47,0.374
412,48,0.337
413,1,0.303
413,2,0.322
413,3,0.343
413,4,0.223
413,5,0.355
413,6,0.344
413,7,0.261
413,8,0.299
413,9,0.322
413,10,0.303
413,11,0.306
413,12,0.285
413,13,0.232
413,14,0.413
413,15,0.245
413,16,0.316
413,17,1.473
413,18,0.42
413,19,1.08
413,20,1.43
413,21,1.324
413,22,1.106
413,23,0.553
413,24,1.057
413,25,2.603
413,26,2.808
413,27,1.132
413,28,0.562
413,29,0.562
413,30,0.67
413,31,0.373
413,32,0.191
413,33,0.318
413,34,0.312
413,35,0.473
413,36,1.312
413,37,2.316
413,38,1.057
413,39,0.735
413,40,0.691
413,41,0.585
413,42,0.744
413,43,0.881
413,44,1.372
413,45,4.194
413,46,0.618
413,47,0.404
413,48,0.306
414,1,0.245
414,2,0.386
414,3,0.322
414,4,0.288
414,5,0.312
414,6,0.327
414,7,0.349
414,8,0.402
414,9,0.229
414,10,0.282
414,11,0.3
414,12,0.221
414,13,0.381
414,14,0.315
414,15,0.282
414,16,0.348
414,17,1.036
414,18,2.404
414,19,1.828
414,20,1.552
414,21,2.628
414,22,1.462
414,23,1.427
414,24,3.048
414,25,1.974
414,26,2.042
414,27,0.982
414,28,0.603
414,29,0.409
414,30,0.563
414,31,1.226
414,32,1.63
414,33,0.726
414,34,0.443
414,35,0.558
414,36,2.026
414,37,2.259
414,38,0.977
414,39,1.143
414,40,1.03
414,41,1.244
414,42,0.903
414,43,0.996
414,44,1.501
414,45,1.637
414,46,0.918
414,47,1.0
414,48,0.658
415,1,0.477
415,2,0.386
415,3,0.304
415,4,0.236
415,5,0.342
415,6,0.34
415,7,0.331
415,8,0.287
415,9,0.313
415,10,0.273
415,11,0.254
415,12,0.348
415,13,0.344
415,14,0.31
415,15,0.347
415,16,0.48
415,17,0.88
415,18,1.016
415,19,0.585
415,20,1.645
415,21,2.976
415,22,1.626
415,23,3.728
415,24,2.858
415,25,5.427
415,26,3.116
415,27,1.844
415,28,1.266
415,29,1.003
415,30,0.834
415,31,0.552
415,32,1.179
415,33,1.454
415,34,0.563
415,35,1.176
415,36,1.817
415,37,1.722
415,38,1.43
415,39,2.532
415,40,2.838
415,41,2.463
415,42,1.017
415,43,1.146
415,44,1.578
415,45,4.754
415,46,0.725
415,47,0.512
415,48,0.395
