213,1,0.199
213,2,0.193
213,3,0.159
213,4,0.2
213,5,0.194
213,6,0.507
213,7,0.334
213,8,0.181
213,9,0.122
213,10,0.17
213,11,0.146
213,12,0.108
213,13,0.156
213,14,0.138
213,15,0.107
213,16,0.16
213,17,0.132
213,18,0.106
213,19,0.163
213,20,0.117
213,21,0.179
213,22,0.267
213,23,0.36
213,24,0.199
213,25,1.485
213,26,0.314
213,27,0.502
213,28,0.258
213,29,0.317
213,30,0.261
213,31,0.217
213,32,0.248
213,33,0.417
213,34,0.27
213,35,0.236
213,36,0.26
213,37,0.373
213,38,0.399
213,39,0.363
213,40,1.768
213,41,0.638
213,42,0.566
213,43,0.157
213,44,0.271
213,45,0.263
213,46,0.31
213,47,0.678
213,48,0.327
214,1,0.394
214,2,0.357
214,3,0.346
214,4,0.546
214,5,0.334
214,6,0.33
214,7,0.405
214,8,0.128
214,9,0.157
214,10,0.12
214,11,0.123
214,12,0.155
214,13,0.105
214,14,0.126
214,15,0.149
214,16,0.101
214,17,0.133
214,18,0.142
214,19,0.102
214,20,0.137
214,21,0.424
214,22,0.181
214,23,0.445
214,24,0.226
214,25,0.086
214,26,0.14
214,27,0.114
214,28,0.093
214,29,0.145
214,30,0.104
214,31,0.104
214,32,0.139
214,33,0.096
214,34,0.59
214,35,0.341
214,36,0.438
214,37,0.69
214,38,0.51
214,39,1.535
214,40,0.954
214,41,1.872
214,42,0.396
214,43,0.185
214,44,0.219
214,45,0.168
214,46,0.203
214,47,0.207
214,48,0.167
215,1,0.212
215,2,0.203
215,3,0.171
215,4,0.533
215,5,0.349
215,6,0.346
215,7,0.195
215,8,0.165
215,9,0.168
215,10,0.179
215,11,0.117
215,12,0.158
215,13,0.145
215,14,0.119
215,15,0.177
215,16,0.115
215,17,0.135
215,18,0.145
215,19,0.092
215,20,0.138
215,21,0.762
215,22,0.918
215,23,0.765
215,24,1.167
215,25,0.513
215,26,0.355
215,27,0.293
215,28,0.287
215,29,0.261
215,30,0.472
215,31,0.253
215,32,0.358
215,33,0.302
215,34,0.658
215,35,0.41
215,36,0.289
215,37,0.271
215,38,0.217
215,39,0.274
215,40,1.16
215,41,0.323
215,42,0.436
215,43,0.802
215,44,1.435
215,45,0.398
215,46,0.369
215,47,0.378
215,48,0.487
216,1,0.425
216,2,0.337
216,3,0.205
216,4,0.224
216,5,0.175
216,6,0.12
216,7,0.183
216,8,0.128
216,9,0.145
216,10,0.16
216,11,0.112
216,12,0.169
216,13,0.128
216,14,0.131
216,15,0.16
216,16,0.111
216,17,0.154
216,18,0.504
216,19,2.477
216,20,0.685
216,21,0.927
216,22,0.821
216,23,0.192
216,24,1.283
216,25,0.497
216,26,0.245
216,27,0.314
216,28,1.041
216,29,0.378
216,30,0.687
216,31,0.738
216,32,0.844
216,33,0.617
216,34,0.476
216,35,0.668
216,36,1.563
216,37,1.364
216,38,0.401
216,39,0.383
216,40,0.364
216,41,1.272
216,42,0.56
216,43,0.446
216,44,0.384
216,45,0.731
216,46,0.547
216,47,0.63
216,48,0.423
217,1,0.201
217,2,0.227
217,3,0.164
217,4,0.224
217,5,0.169
217,6,0.233
217,7,0.185
217,8,0.219
217,9,0.189
217,10,0.216
217,11,0.197
217,12,0.187
217,13,0.15
217,14,0.149
217,15,0.141
217,16,0.143
217,17,0.227
217,18,0.419
217,19,0.357
217,20,0.664
217,21,0.259
217,22,0.232
217,23,0.16
217,24,0.133
217,25,0.507
217,26,0.22
217,27,0.51
217,28,0.271
217,29,0.321
217,30,0.22
217,31,0.292
217,32,0.239
217,33,1.154
217,34,0.551
217,35,0.674
217,36,0.613
217,37,1.123
217,38,0.636
217,39,0.317
217,40,0.094
217,41,0.145
217,42,0.116
217,43,0.114
217,44,0.144
217,45,0.093
217,46,0.14
217,47,0.196
217,48,0.543
218,1,0.452
218,2,0.424
218,3,0.208
218,4,0.127
218,5,0.173
218,6,0.151
218,7,0.132
218,8,0.177
218,9,0.133
218,10,0.141
218,11,0.166
218,12,0.117
218,13,0.158
218,14,0.159
218,15,0.118
218,16,0.428
218,17,0.393
218,18,0.217
218,19,0.243
218,20,0.144
218,21,1.351
218,22,1.315
218,23,0.272
218,24,0.309
218,25,0.568
218,26,0.273
218,27,0.755
218,28,0.828
218,29,0.794
218,30,0.32
218,31,0.409
218,32,0.499
218,33,0.266
218,34,0.271
218,35,0.49
218,36,0.532
218,37,0.791
218,38,0.336
218,39,0.307
218,40,0.232
218,41,0.282
218,42,0.435
218,43,0.345
218,44,0.323
218,45,0.478
218,46,0.406
218,47,0.449
218,48,0.383
219,1,0.278
219,2,0.151
219,3,0.18
219,4,0.154
219,5,0.123
219,6,0.172
219,7,0.104
219,8,0.142
219,9,0.136
219,10,0.105
219,11,0.165
219,12,0.11
219,13,0.13
219,14,0.146
219,15,0.1
219,16,0.151
219,17,0.126
219,18,0.379
219,19,0.43
219,20,0.326
219,21,0.309
219,22,0.242
219,23,0.233
219,24,0.158
219,25,0.093
219,26,0.13
219,27,0.274
219,28,0.343
219,29,0.142
219,30,0.12
219,31,0.104
219,32,0.148
219,33,0.112
219,34,0.274
219,35,0.406
219,36,0.272
219,37,0.235
219,38,0.246
219,39,0.259
219,40,0.207
219,41,0.681
219,42,0.261
219,43,0.581
219,44,0.948
219,45,1.165
219,46,0.509
219,47,0.47
219,48,0.476
220,1,0.409
220,2,0.327
220,3,0.155
220,4,0.188
220,5,0.156
220,6,0.127
220,7,0.188
220,8,0.115
220,9,0.154
220,10,0.15
220,11,0.114
220,12,0.171
220,13,0.14
220,14,0.134
220,15,0.177
220,16,0.128
220,17,0.142
220,18,0.164
220,19,0.285
220,20,2.159
220,21,0.237
220,22,0.504
220,23,0.336
220,24,0.502
220,25,1.174
220,26,1.319
220,27,0.293
220,28,0.255
220,29,0.836
220,30,0.574
220,31,0.309
220,32,0.274
220,33,0.255
220,34,0.268
220,35,0.244
220,36,0.283
220,37,0.22
220,38,0.477
220,39,0.262
220,40,0.246
220,41,0.561
220,42,0.296
220,43,0.272
220,44,0.456
220,45,0.357
220,46,0.383
220,47,0.394
220,48,0.428
221,1,0.124
221,2,0.161
221,3,0.134
221,4,0.123
221,5,0.159
221,6,0.112
221,7,0.131
221,8,0.156
221,9,0.107
221,10,0.151
221,11,0.139
221,12,0.106
221,13,0.175
221,14,0.122
221,15,0.134
221,16,0.143
221,17,0.089
221,18,0.415
221,19,0.309
221,20,0.415
221,21,1.434
221,22,0.432
221,23,0.242
221,24,0.571
221,25,0.328
221,26,0.221
221,27,0.137
221,28,0.163
221,29,0.2
221,30,0.107
221,31,0.196
221,32,0.293
221,33,0.221
221,34,0.257
221,35,0.268
221,36,0.225
221,37,0.538
221,38,0.591
221,39,0.684
221,40,0.683
221,41,2.534
221,42,0.531
221,43,0.422
221,44,0.377
221,45,0.39
221,46,0.441
221,47,0.45
221,48,0.183
222,1,0.178
222,2,0.103
222,3,0.182
222,4,0.114
222,5,0.145
222,6,0.143
222,7,0.113
222,8,0.165
222,9,0.11
222,10,0.129
222,11,0.149
222,12,0.104
222,13,0.708
222,14,0.49
222,15,1.854
222,16,0.629
222,17,0.502
222,18,0.328
222,19,0.267
222,20,0.228
222,21,0.323
222,22,0.393
222,23,0.26
222,24,0.279
222,25,0.407
222,26,0.429
222,27,0.336
222,28,0.262
222,29,0.227
222,30,0.219
222,31,0.164
222,32,0.085
222,33,0.176
222,34,1.888
222,35,0.523
222,36,2.984
222,37,0.754
222,38,1.39
222,39,0.375
222,40,1.346
222,41,0.46
222,42,0.519
222,43,0.385
222,44,0.344
222,45,0.639
222,46,0.45
222,47,0.471
222,48,0.307
223,1,0.146
223,2,0.159
223,3,0.179
223,4,0.121
223,5,0.197
223,6,0.126
223,7,0.166
223,8,0.153
223,9,0.132
223,10,0.181
223,11,0.125
223,12,0.159
223,13,0.143
223,14,0.116
223,15,0.168
223,16,0.339
223,17,0.293
223,18,0.254
223,19,0.339
223,20,0.264
223,21,0.229
223,22,0.234
223,23,0.593
223,24,0.221
223,25,0.217
223,26,0.112
223,27,0.107
223,28,0.156
223,29,0.111
223,30,0.144
223,31,0.2
223,32,0.491
223,33,0.218
223,34,0.52
223,35,0.286
223,36,0.209
223,37,0.27
223,38,0.484
223,39,0.331
223,40,0.215
223,41,0.277
223,42,0.702
223,43,1.721
223,44,0.328
223,45,0.292
223,46,0.538
223,47,0.25
223,48,0.171
224,1,0.114
224,2,0.11
224,3,0.15
224,4,0.095
224,5,0.122
224,6,0.12
224,7,0.125
224,8,0.154
224,9,0.1
224,10,0.118
224,11,0.137
224,12,0.092
224,13,0.144
224,14,0.13
224,15,0.094
224,16,0.147
224,17,0.109
224,18,0.344
224,19,1.246
224,20,0.723
224,21,0.516
224,22,0.311
224,23,0.246
224,24,0.295
224,25,0.509
224,26,0.421
224,27,0.229
224,28,0.12
224,29,0.08
224,30,0.14
224,31,0.1
224,32,0.094
224,33,0.138
224,34,0.09
224,35,0.161
224,36,0.314
224,37,0.293
224,38,0.615
224,39,0.368
224,40,0.455
224,41,0.792
224,42,0.813
224,43,0.437
224,44,0.55
224,45,0.36
224,46,0.362
224,47,0.397
224,48,0.179
225,1,0.226
225,2,0.561
225,3,0.272
225,4,0.167
225,5,0.155
225,6,0.204
225,7,0.151
225,8,0.144
225,9,0.167
225,10,0.11
225,11,0.143
225,12,0.147
225,13,0.106
225,14,0.155
225,15,0.135
225,16,0.332
225,17,0.404
225,18,0.327
225,19,1.028
225,20,0.465
225,21,0.991
225,22,1.149
225,23,0.082
225,24,0.443
225,25,0.278
225,26,0.086
225,27,0.131
225,28,0.108
225,29,0.111
225,30,0.128
225,31,0.085
225,32,0.175
225,33,0.741
225,34,0.278
225,35,0.428
225,36,0.471
225,37,0.391
225,38,0.573
225,39,0.273
225,40,0.475
225,41,0.254
225,42,2.16
225,43,0.4
225,44,0.462
225,45,0.643
225,46,0.434
225,47,0.378
225,48,0.224
226,1,0.401
226,2,0.157
226,3,0.207
226,4,0.165
226,5,0.178
226,6,0.169
226,7,0.124
226,8,0.155
226,9,0.151
226,10,0.114
226,11,0.161
226,12,0.145
226,13,0.113
226,14,0.165
226,15,0.128
226,16,0.303
226,17,0.33
226,18,0.287
226,19,0.218
226,20,1.435
226,21,0.335
226,22,0.71
226,23,0.949
226,24,0.358
226,25,0.312
226,26,0.295
226,27,0.566
226,28,0.262
226,29,0.304
226,30,0.252
226,31,0.478
226,32,0.38
226,33,0.273
226,34,0.246
226,35,0.496
226,36,0.263
226,37,0.97
226,38,0.429
226,39,0.371
226,40,1.435
226,41,0.437
226,42,0.176
226,43,0.176
226,44,0.213
226,45,0.163
226,46,0.362
226,47,0.798
226,48,0.261
227,1,0.17
227,2,0.214
227,3,0.167
227,4,0.166
227,5,0.173
227,6,0.13
227,7,0.197
227,8,0.126
227,9,0.156
227,10,0.161
227,11,0.126
227,12,0.179
227,13,0.121
227,14,0.149
227,15,0.149
227,16,0.294
227,17,0.43
227,18,0.207
227,19,0.123
227,20,0.299
227,21,0.252
227,22,0.516
227,23,0.321
227,24,0.284
227,25,0.275
227,26,0.373
227,27,0.297
227,28,0.252
227,29,0.302
227,30,0.245
227,31,0.497
227,32,0.245
227,33,0.269
227,34,0.301
227,35,0.28
227,36,0.42
227,37,0.504
227,38,0.314
227,39,0.24
227,40,0.319
227,41,0.252
227,42,0.367
227,43,0.519
227,44,1.216
227,45,0.625
227,46,0.6
227,47,0.385
227,48,0.561
228,1,0.363
228,2,0.345
228,3,0.198
228,4,0.154
228,5,0.224
228,6,0.162
228,7,0.163
228,8,0.173
228,9,0.133
228,10,0.187
228,11,0.128
228,12,0.169
228,13,0.153
228,14,0.133
228,15,0.187
228,16,0.112
228,17,0.145
228,18,0.379
228,19,1.611
228,20,0.538
228,21,1.599
228,22,0.611
228,23,0.249
228,24,0.239
228,25,0.769
228,26,0.225
228,27,0.942
228,28,0.342
228,29,0.758
228,30,0.518
228,31,0.372
228,32,0.26
228,33,0.423
228,34,0.579
228,35,1.192
228,36,1.434
228,37,0.755
228,38,0.331
228,39,0.377
228,40,2.023
228,41,0.495
228,42,1.206
228,43,0.5
228,44,0.344
228,45,0.456
228,46,0.372
228,47,0.574
228,48,0.299
229,1,0.184
229,2,0.217
229,3,0.16
229,4,0.153
229,5,0.172
229,6,0.127
229,7,0.193
229,8,0.127
229,9,0.151
229,10,0.149
229,11,0.113
229,12,0.177
229,13,0.116
229,14,0.14
229,15,0.152
229,16,0.271
229,17,0.305
229,18,0.108
229,19,0.103
229,20,0.14
229,21,0.425
229,22,0.281
229,23,0.235
229,24,0.273
229,25,0.176
229,26,0.158
229,27,0.096
229,28,0.338
229,29,0.246
229,30,0.308
229,31,0.305
229,32,0.254
229,33,0.433
229,34,0.172
229,35,0.55
229,36,0.588
229,37,0.593
229,38,0.3
229,39,0.528
229,40,0.288
229,41,0.293
229,42,0.373
229,43,0.514
229,44,0.497
229,45,0.454
229,46,0.467
229,47,0.519
229,48,0.322
230,1,0.347
230,2,0.221
230,3,0.145
230,4,0.217
230,5,0.186
230,6,0.129
230,7,0.161
230,8,0.137
230,9,0.11
230,10,0.161
230,11,0.134
230,12,0.112
230,13,0.169
230,14,0.134
230,15,0.113
230,16,0.389
230,17,0.373
230,18,0.159
230,19,0.136
230,20,0.105
230,21,0.089
230,22,0.294
230,23,0.229
230,24,0.28
230,25,0.242
230,26,0.23
230,27,1.304
230,28,0.339
230,29,0.708
230,30,0.893
230,31,1.553
230,32,1.526
230,33,0.269
230,34,0.136
230,35,0.149
230,36,0.1
230,37,1.01
230,38,0.905
230,39,0.458
230,40,0.337
230,41,0.278
230,42,0.444
230,43,1.362
230,44,0.534
230,45,0.457
230,46,0.437
230,47,0.373
230,48,0.411
231,1,0.298
231,2,0.217
231,3,0.124
231,4,0.154
231,5,0.189
231,6,0.11
231,7,0.165
231,8,0.133
231,9,0.116
231,10,0.164
231,11,0.129
231,12,0.121
231,13,0.164
231,14,0.131
231,15,0.131
231,16,0.171
231,17,0.126
231,18,0.522
231,19,0.502
231,20,0.329
231,21,0.315
231,22,0.268
231,23,0.246
231,24,0.371
231,25,3.07
231,26,1.436
231,27,0.404
231,28,0.336
231,29,0.271
231,30,0.215
231,31,0.389
231,32,0.391
231,33,0.274
231,34,0.366
231,35,0.248
231,36,0.372
231,37,0.653
231,38,0.846
231,39,1.664
231,40,2.333
231,41,1.063
231,42,0.564
231,43,1.421
231,44,0.514
231,45,0.446
231,46,0.405
231,47,0.475
231,48,0.437
232,1,0.45
232,2,0.367
232,3,0.214
232,4,0.169
232,5,0.147
232,6,0.167
232,7,0.118
232,8,0.177
232,9,0.131
232,10,0.142
232,11,0.163
232,12,0.117
232,13,0.164
232,14,0.14
232,15,0.123
232,16,0.171
232,17,0.306
232,18,0.373
232,19,0.326
232,20,0.221
232,21,0.253
232,22,0.256
232,23,0.239
232,24,0.263
232,25,0.255
232,26,0.22
232,27,0.405
232,28,0.348
232,29,0.291
232,30,0.216
232,31,0.463
232,32,0.25
232,33,0.114
232,34,0.198
232,35,0.291
232,36,0.448
232,37,0.352
232,38,0.269
232,39,0.218
232,40,0.267
232,41,0.278
232,42,0.234
232,43,0.124
232,44,0.14
232,45,0.197
232,46,0.739
232,47,0.679
232,48,0.494
233,1,0.305
233,2,0.207
233,3,0.161
233,4,0.377
233,5,0.165
233,6,0.182
233,7,0.116
233,8,0.179
233,9,0.118
233,10,0.139
233,11,0.15
233,12,0.108
233,13,0.173
233,14,0.122
233,15,0.129
233,16,0.16
233,17,0.402
233,18,0.525
233,19,0.123
233,20,0.101
233,21,0.146
233,22,0.103
233,23,0.112
233,24,0.267
233,25,0.458
233,26,0.267
233,27,0.36
233,28,0.106
233,29,0.149
233,30,0.223
233,31,0.581
233,32,0.276
233,33,0.21
233,34,1.409
233,35,0.249
233,36,0.423
233,37,0.303
233,38,0.257
233,39,0.305
233,40,0.273
233,41,0.237
233,42,0.639
233,43,0.388
233,44,0.565
233,45,0.404
233,46,1.162
233,47,0.678
233,48,0.615
234,1,0.392
234,2,0.345
234,3,0.185
234,4,0.226
234,5,0.157
234,6,0.157
234,7,0.169
234,8,0.115
234,9,0.166
234,10,0.14
234,11,0.123
234,12,0.169
234,13,0.13
234,14,0.132
234,15,0.168
234,16,0.118
234,17,0.139
234,18,0.327
234,19,0.234
234,20,0.145
234,21,0.542
234,22,0.28
234,23,0.358
234,24,0.268
234,25,0.261
234,26,0.428
234,27,0.253
234,28,0.118
234,29,0.087
234,30,0.143
234,31,0.107
234,32,0.098
234,33,0.14
234,34,0.099
234,35,0.105
234,36,0.161
234,37,0.302
234,38,0.275
234,39,0.352
234,40,0.501
234,41,0.643
234,42,0.401
234,43,0.434
234,44,0.62
234,45,0.763
234,46,0.638
234,47,0.636
234,48,0.345
235,1,0.301
235,2,0.176
235,3,0.224
235,4,0.151
235,5,0.219
235,6,0.128
235,7,0.166
235,8,0.177
235,9,0.126
235,10,0.177
235,11,0.12
235,12,0.154
235,13,0.151
235,14,0.116
235,15,0.174
235,16,0.133
235,17,0.13
235,18,0.168
235,19,0.116
235,20,0.285
235,21,0.948
235,22,0.789
235,23,0.404
235,24,0.317
235,25,0.27
235,26,0.259
235,27,0.267
235,28,0.459
235,29,0.783
235,30,0.345
235,31,0.302
235,32,0.314
235,33,0.308
235,34,0.251
235,35,0.287
235,36,0.437
235,37,0.539
235,38,0.358
235,39,0.833
235,40,0.316
235,41,0.317
235,42,0.306
235,43,0.513
235,44,0.693
235,45,0.404
235,46,0.342
235,47,0.465
235,48,0.378
236,1,0.404
236,2,0.28
236,3,0.148
236,4,0.149
236,5,0.166
236,6,0.114
236,7,0.17
236,8,0.118
236,9,0.129
236,10,0.156
236,11,0.109
236,12,0.147
236,13,0.144
236,14,0.111
236,15,0.166
236,16,0.275
236,17,0.242
236,18,0.14
236,19,0.103
236,20,0.224
236,21,0.394
236,22,0.247
236,23,2.951
236,24,0.338
236,25,0.245
236,26,1.386
236,27,0.844
236,28,0.392
236,29,0.267
236,30,0.318
236,31,1.141
236,32,0.852
236,33,0.58
236,34,0.193
236,35,1.324
236,36,0.828
236,37,0.424
236,38,0.551
236,39,1.273
236,40,0.349
236,41,0.324
236,42,0.393
236,43,0.554
236,44,0.494
236,45,0.444
236,46,0.533
236,47,0.443
236,48,0.494
237,1,0.48
237,2,0.301
237,3,0.181
237,4,0.113
237,5,0.143
237,6,0.153
237,7,0.111
237,8,0.163
237,9,0.135
237,10,0.118
237,11,0.17
237,12,0.12
237,13,0.132
237,14,0.16
237,15,0.111
237,16,0.321
237,17,0.227
237,18,0.409
237,19,0.253
237,20,0.222
237,21,0.474
237,22,0.376
237,23,0.208
237,24,0.278
237,25,0.199
237,26,0.144
237,27,0.107
237,28,0.204
237,29,0.269
237,30,0.276
237,31,0.269
237,32,0.31
237,33,0.36
237,34,0.413
237,35,0.206
237,36,0.256
237,37,0.604
237,38,0.522
237,39,1.273
237,40,1.994
237,41,1.452
237,42,0.633
237,43,0.552
237,44,0.453
237,45,0.521
237,46,0.461
237,47,0.349
237,48,0.763
238,1,0.435
238,2,0.227
238,3,0.171
238,4,0.25
238,5,0.134
238,6,0.172
238,7,0.155
238,8,0.14
238,9,0.183
238,10,0.122
238,11,0.172
238,12,0.138
238,13,0.138
238,14,0.174
238,15,0.114
238,16,0.26
238,17,0.493
238,18,0.657
238,19,0.931
238,20,0.811
238,21,0.443
238,22,0.253
238,23,0.229
238,24,0.283
238,25,0.286
238,26,0.522
238,27,0.264
238,28,0.361
238,29,0.256
238,30,1.243
238,31,0.274
238,32,0.376
238,33,0.396
238,34,0.251
238,35,0.236
238,36,0.372
238,37,0.107
238,38,0.124
238,39,0.221
238,40,0.386
238,41,0.311
238,42,0.491
238,43,0.4
238,44,0.408
238,45,0.445
238,46,0.337
238,47,0.426
238,48,0.388
239,1,0.242
239,2,0.181
239,3,0.13
239,4,0.119
239,5,0.163
239,6,0.124
239,7,0.124
239,8,0.163
239,9,0.118
239,10,0.126
239,11,0.159
239,12,0.118
239,13,0.123
239,14,0.158
239,15,0.103
239,16,0.098
239,17,0.134
239,18,0.091
239,19,0.33
239,20,0.464
239,21,0.242
239,22,0.483
239,23,0.306
239,24,0.263
239,25,0.268
239,26,0.296
239,27,0.475
239,28,0.199
239,29,0.145
239,30,0.21
239,31,0.609
239,32,1.276
239,33,0.657
239,34,0.264
239,35,0.169
239,36,0.17
239,37,0.429
239,38,0.537
239,39,0.648
239,40,0.259
239,41,0.292
239,42,0.395
239,43,0.612
239,44,0.422
239,45,0.368
239,46,0.405
239,47,0.369
239,48,0.348
240,1,0.381
240,2,0.15
240,3,0.172
240,4,0.163
240,5,0.136
240,6,0.205
240,7,0.177
240,8,0.175
240,9,0.209
240,10,0.131
240,11,0.159
240,12,0.148
240,13,0.107
240,14,0.165
240,15,0.12
240,16,0.136
240,17,0.659
240,18,0.162
240,19,0.128
240,20,0.253
240,21,0.243
240,22,0.152
240,23,0.096
240,24,0.16
240,25,0.26
240,26,0.297
240,27,0.28
240,28,0.11
240,29,0.264
240,30,0.345
240,31,0.254
240,32,0.136
240,33,0.094
240,34,0.321
240,35,0.241
240,36,0.415
240,37,0.346
240,38,0.386
240,39,0.309
240,40,0.174
240,41,0.274
240,42,0.22
240,43,0.463
240,44,0.507
240,45,0.456
240,46,0.409
240,47,0.375
240,48,0.302
388,1,1.444
388,2,0.401
388,3,0.346
388,4,0.199
388,5,0.157
388,6,0.14
388,7,0.158
388,8,0.126
388,9,0.122
388,10,0.156
388,11,0.135
388,12,0.105
388,13,0.155
388,14,0.145
388,15,0.11
388,16,0.145
388,17,0.155
388,18,0.295
388,19,0.38
388,20,3.55
388,21,0.335
388,22,0.621
388,23,0.582
388,24,0.17
388,25,0.25
388,26,0.281
388,27,0.542
388,28,0.116
388,29,0.563
388,30,0.249
388,31,0.273
388,32,0.581
388,33,0.507
388,34,0.357
388,35,0.342
388,36,0.277
388,37,0.359
388,38,0.449
388,39,0.957
388,40,0.834
388,41,0.356
388,42,0.454
388,43,0.72
388,44,1.116
388,45,0.405
388,46,0.348
388,47,1.06
388,48,0.723
389,1,0.418
389,2,0.28
389,3,0.16
389,4,0.235
389,5,0.202
389,6,0.156
389,7,0.12
389,8,0.163
389,9,0.151
389,10,0.116
389,11,0.132
389,12,0.155
389,13,0.125
389,14,0.107
389,15,0.149
389,16,0.141
389,17,0.108
389,18,0.129
389,19,0.452
389,20,0.311
389,21,0.28
389,22,0.579
389,23,0.111
389,24,0.117
389,25,0.136
389,26,0.123
389,27,0.085
389,28,0.354
389,29,0.276
389,30,0.208
389,31,0.264
389,32,0.186
389,33,0.083
389,34,0.246
389,35,0.413
389,36,0.183
389,37,0.524
389,38,0.603
389,39,0.531
389,40,0.427
389,41,0.527
389,42,0.452
389,43,0.489
389,44,0.409
389,45,0.768
389,46,0.978
389,47,0.47
389,48,0.358
390,1,0.174
390,2,0.142
390,3,0.129
390,4,0.169
390,5,0.149
390,6,0.119
390,7,0.141
390,8,0.159
390,9,0.133
390,10,0.118
390,11,0.158
390,12,0.15
390,13,0.116
390,14,0.138
390,15,0.156
390,16,0.124
390,17,0.465
390,18,0.275
390,19,0.404
390,20,0.422
390,21,0.271
390,22,0.193
390,23,0.087
390,24,0.138
390,25,0.269
390,26,0.245
390,27,0.482
390,28,0.471
390,29,0.439
390,30,0.239
390,31,0.271
390,32,0.477
390,33,0.286
390,34,2.323
390,35,0.368
390,36,0.769
390,37,0.832
390,38,0.594
390,39,0.701
390,40,0.36
390,41,0.308
390,42,0.353
390,43,0.577
390,44,0.73
390,45,0.689
390,46,0.519
390,47,0.218
390,48,0.209
391,1,0.176
391,2,0.136
391,3,0.165
391,4,0.17
391,5,0.133
391,6,0.142
391,7,0.174
391,8,0.139
391,9,0.135
391,10,0.169
391,11,0.149
391,12,0.122
391,13,0.166
391,14,0.153
391,15,0.116
391,16,0.316
391,17,0.34
391,18,0.167
391,19,0.356
391,20,0.466
391,21,0.338
391,22,0.28
391,23,0.365
391,24,0.195
391,25,0.328
391,26,0.445
391,27,0.64
391,28,0.387
391,29,0.373
391,30,0.525
391,31,0.221
391,32,0.468
391,33,0.288
391,34,0.282
391,35,0.152
391,36,0.181
391,37,0.308
391,38,0.366
391,39,0.362
391,40,0.35
391,41,0.343
391,42,0.278
391,43,0.177
391,44,0.755
391,45,0.658
391,46,0.408
391,47,0.191
391,48,1.594
392,1,0.422
392,2,0.183
392,3,0.16
392,4,0.168
392,5,0.127
392,6,0.145
392,7,0.161
392,8,0.133
392,9,0.128
392,10,0.162
392,11,0.141
392,12,0.119
392,13,0.162
392,14,0.145
392,15,0.115
392,16,0.394
392,17,0.353
392,18,0.225
392,19,0.144
392,20,0.844
392,21,0.842
392,22,0.482
392,23,0.31
392,24,0.116
392,25,0.227
392,26,0.273
392,27,0.232
392,28,0.423
392,29,0.43
392,30,0.226
392,31,0.17
392,32,0.14
392,33,0.548
392,34,0.275
392,35,0.395
392,36,0.507
392,37,0.352
392,38,0.456
392,39,0.413
392,40,0.303
392,41,0.77
392,42,0.491
392,43,0.539
392,44,1.049
392,45,0.482
392,46,0.401
392,47,0.418
392,48,0.445
393,1,0.322
393,2,0.191
393,3,0.229
393,4,0.193
393,5,0.176
393,6,0.218
393,7,0.199
393,8,0.172
393,9,0.205
393,10,0.213
393,11,0.16
393,12,0.155
393,13,0.169
393,14,0.147
393,15,0.126
393,16,0.417
393,17,0.505
393,18,0.179
393,19,0.242
393,20,0.269
393,21,0.237
393,22,0.218
393,23,0.136
393,24,0.125
393,25,0.383
393,26,0.256
393,27,0.265
393,28,0.247
393,29,0.227
393,30,0.262
393,31,0.215
393,32,0.105
393,33,0.221
393,34,0.463
393,35,0.364
393,36,0.646
393,37,0.75
393,38,0.639
393,39,0.348
393,40,0.243
393,41,0.26
393,42,0.22
393,43,0.231
393,44,0.595
393,45,0.447
393,46,0.88
393,47,0.508
393,48,0.5
394,1,1.466
394,2,0.499
394,3,0.42
394,4,0.352
394,5,0.34
394,6,0.271
394,7,0.155
394,8,0.166
394,9,0.123
394,10,0.135
394,11,0.155
394,12,0.118
394,13,0.12
394,14,0.157
394,15,0.14
394,16,0.419
394,17,0.538
394,18,0.164
394,19,0.087
394,20,0.114
394,21,0.361
394,22,0.211
394,23,0.122
394,24,0.145
394,25,0.099
394,26,0.116
394,27,0.158
394,28,0.153
394,29,0.119
394,30,0.138
394,31,0.108
394,32,0.405
394,33,0.278
394,34,0.27
394,35,0.118
394,36,0.52
394,37,0.776
394,38,0.824
394,39,0.615
394,40,0.454
394,41,0.348
394,42,0.449
394,43,0.495
394,44,0.355
394,45,0.394
394,46,0.709
394,47,0.671
394,48,0.372
395,1,0.278
395,2,0.172
395,3,0.166
395,4,0.186
395,5,0.139
395,6,0.148
395,7,0.173
395,8,0.154
395,9,0.129
395,10,0.174
395,11,0.166
395,12,0.135
395,13,0.147
395,14,0.175
395,15,0.143
395,16,0.132
395,17,2.186
395,18,0.794
395,19,0.25
395,20,0.27
395,21,0.292
395,22,0.235
395,23,0.169
395,24,0.143
395,25,0.109
395,26,0.1
395,27,0.137
395,28,0.126
395,29,0.216
395,30,0.722
395,31,0.293
395,32,0.117
395,33,0.104
395,34,0.159
395,35,0.306
395,36,0.43
395,37,0.702
395,38,0.56
395,39,0.378
395,40,1.843
395,41,3.4
395,42,0.406
395,43,2.614
395,44,0.467
395,45,1.04
395,46,0.325
395,47,0.468
395,48,0.244
396,1,0.289
396,2,0.286
396,3,0.149
396,4,0.158
396,5,0.17
396,6,0.143
396,7,0.121
396,8,0.161
396,9,0.151
396,10,0.122
396,11,0.13
396,12,0.153
396,13,0.134
396,14,0.112
396,15,0.137
396,16,0.147
396,17,0.11
396,18,0.464
396,19,0.376
396,20,0.526
396,21,1.829
396,22,0.384
396,23,0.559
396,24,0.092
396,25,0.112
396,26,0.381
396,27,0.519
396,28,0.247
396,29,0.276
396,30,0.327
396,31,0.319
396,32,1.311
396,33,0.45
396,34,0.307
396,35,0.35
396,36,0.525
396,37,0.744
396,38,0.487
396,39,0.57
396,40,0.403
396,41,0.686
396,42,0.452
396,43,1.07
396,44,0.482
396,45,0.453
396,46,0.395
396,47,0.505
396,48,0.462
397,1,0.289
397,2,0.3
397,3,0.285
397,4,0.223
397,5,0.175
397,6,0.188
397,7,0.212
397,8,0.182
397,9,0.163
397,10,0.209
397,11,0.198
397,12,0.167
397,13,0.192
397,14,0.208
397,15,0.141
397,16,0.523
397,17,0.39
397,18,0.378
397,19,0.313
397,20,1.681
397,21,0.772
397,22,0.333
397,23,1.747
397,24,0.38
397,25,0.302
397,26,0.176
397,27,1.147
397,28,0.849
397,29,0.386
397,30,0.49
397,31,0.274
397,32,0.281
397,33,0.326
397,34,0.353
397,35,0.445
397,36,0.557
397,37,0.858
397,38,0.75
397,39,0.698
397,40,0.474
397,41,0.489
397,42,0.522
397,43,0.502
397,44,0.586
397,45,0.528
397,46,1.108
397,47,0.448
397,48,0.368
398,1,0.345
398,2,0.228
398,3,0.176
398,4,0.14
398,5,0.154
398,6,0.182
398,7,0.141
398,8,0.134
398,9,0.17
398,10,0.163
398,11,0.14
398,12,0.156
398,13,0.174
398,14,0.13
398,15,0.147
398,16,0.405
398,17,0.4
398,18,0.136
398,19,0.119
398,20,0.395
398,21,0.414
398,22,0.277
398,23,0.255
398,24,0.334
398,25,0.26
398,26,0.352
398,27,0.432
398,28,0.261
398,29,0.277
398,30,0.269
398,31,0.597
398,32,0.375
398,33,0.573
398,34,0.297
398,35,0.231
398,36,0.109
398,37,0.42
398,38,0.386
398,39,0.376
398,40,0.356
398,41,0.9
398,42,3.2
398,43,0.33
398,44,0.84
398,45,0.489
398,46,0.404
398,47,0.475
398,48,0.372
399,1,0.384
399,2,0.258
399,3,0.124
399,4,0.15
399,5,0.165
399,6,0.117
399,7,0.129
399,8,0.153
399,9,0.123
399,10,0.111
399,11,0.151
399,12,0.134
399,13,0.113
399,14,0.145
399,15,0.149
399,16,0.114
399,17,0.514
399,18,0.433
399,19,0.312
399,20,0.344
399,21,0.263
399,22,0.647
399,23,0.1
399,24,0.156
399,25,0.242
399,26,0.164
399,27,0.669
399,28,0.245
399,29,0.295
399,30,0.271
399,31,0.17
399,32,0.155
399,33,0.377
399,34,0.29
399,35,0.848
399,36,0.541
399,37,0.502
399,38,0.327
399,39,0.321
399,40,0.336
399,41,0.29
399,42,0.616
399,43,0.438
399,44,1.133
399,45,0.561
399,46,0.431
399,47,0.354
399,48,0.305
400,1,0.243
400,2,0.212
400,3,0.144
400,4,0.14
400,5,0.179
400,6,0.139
400,7,0.129
400,8,0.174
400,9,0.148
400,10,0.126
400,11,0.167
400,12,0.157
400,13,0.126
400,14,0.148
400,15,0.169
400,16,0.407
400,17,0.56
400,18,0.451
400,19,0.34
400,20,0.455
400,21,0.274
400,22,0.273
400,23,0.309
400,24,0.279
400,25,0.263
400,26,0.302
400,27,0.378
400,28,0.153
400,29,0.288
400,30,0.283
400,31,0.236
400,32,0.633
400,33,0.292
400,34,0.26
400,35,0.383
400,36,0.909
400,37,0.583
400,38,0.464
400,39,0.301
400,40,0.235
400,41,0.21
400,42,0.293
400,43,0.533
400,44,0.331
400,45,0.322
400,46,1.076
400,47,0.387
400,48,0.354
401,1,0.229
401,2,0.158
401,3,0.13
401,4,0.164
401,5,0.167
401,6,0.125
401,7,0.142
401,8,0.17
401,9,0.136
401,10,0.126
401,11,0.17
401,12,0.148
401,13,0.126
401,14,0.158
401,15,0.171
401,16,0.447
401,17,0.467
401,18,0.247
401,19,0.223
401,20,0.261
401,21,0.324
401,22,0.257
401,23,0.137
401,24,0.162
401,25,0.268
401,26,0.125
401,27,0.158
401,28,0.402
401,29,0.245
401,30,0.273
401,31,0.285
401,32,0.17
401,33,0.238
401,34,0.157
401,35,0.124
401,36,0.189
401,37,0.613
401,38,0.405
401,39,0.501
401,40,0.419
401,41,0.351
401,42,1.037
401,43,1.14
401,44,0.555
401,45,0.623
401,46,1.017
401,47,0.385
401,48,0.413
402,1,0.378
402,2,0.221
402,3,0.22
402,4,0.234
402,5,0.187
402,6,0.203
402,7,0.229
402,8,0.189
402,9,0.196
402,10,0.231
402,11,0.198
402,12,0.186
402,13,0.206
402,14,0.159
402,15,0.126
402,16,0.163
402,17,0.153
402,18,3.393
402,19,0.753
402,20,0.483
402,21,0.406
402,22,0.146
402,23,0.115
402,24,0.09
402,25,0.136
402,26,0.122
402,27,0.09
402,28,0.128
402,29,0.128
402,30,0.092
402,31,0.109
402,32,0.131
402,33,0.101
402,34,0.093
402,35,0.129
402,36,0.264
402,37,0.472
402,38,0.919
402,39,0.844
402,40,0.378
402,41,0.384
402,42,0.441
402,43,0.441
402,44,0.574
402,45,0.63
402,46,0.408
402,47,0.997
402,48,0.36
403,1,0.396
403,2,0.253
403,3,0.144
403,4,0.153
403,5,0.118
403,6,0.117
403,7,0.144
403,8,0.129
403,9,0.102
403,10,0.132
403,11,0.141
403,12,0.108
403,13,0.113
403,14,0.142
403,15,0.122
403,16,0.095
403,17,0.142
403,18,0.134
403,19,0.097
403,20,0.269
403,21,0.493
403,22,2.917
403,23,0.256
403,24,0.286
403,25,0.179
403,26,0.307
403,27,0.267
403,28,0.87
403,29,0.123
403,30,0.139
403,31,0.139
403,32,0.232
403,33,0.274
403,34,0.417
403,35,0.563
403,36,0.431
403,37,0.613
403,38,0.519
403,39,0.351
403,40,0.394
403,41,0.31
403,42,0.608
403,43,0.326
403,44,0.296
403,45,1.026
403,46,0.335
403,47,0.672
403,48,1.196
404,1,0.551
404,2,0.327
404,3,0.317
404,4,0.2
404,5,0.139
404,6,0.14
404,7,0.16
404,8,0.122
404,9,0.113
404,10,0.152
404,11,0.133
404,12,0.106
404,13,0.142
404,14,0.142
404,15,0.104
404,16,0.399
404,17,0.478
404,18,0.209
404,19,0.118
404,20,0.212
404,21,0.263
404,22,0.403
404,23,0.146
404,24,0.116
404,25,0.1
404,26,0.432
404,27,0.121
404,28,0.092
404,29,0.136
404,30,0.36
404,31,0.228
404,32,0.38
404,33,0.262
404,34,0.217
404,35,0.269
404,36,0.75
404,37,0.933
404,38,0.566
404,39,0.605
404,40,0.416
404,41,0.36
404,42,0.33
404,43,0.351
404,44,0.421
404,45,1.118
404,46,0.456
404,47,0.462
404,48,0.369
405,1,0.331
405,2,0.275
405,3,0.203
405,4,0.131
405,5,0.146
405,6,0.106
405,7,0.116
405,8,0.135
405,9,0.11
405,10,0.091
405,11,0.135
405,12,0.125
405,13,0.097
405,14,0.124
405,15,0.131
405,16,0.201
405,17,0.661
405,18,2.288
405,19,0.293
405,20,0.115
405,21,0.147
405,22,0.141
405,23,0.29
405,24,0.207
405,25,0.136
405,26,0.096
405,27,0.401
405,28,0.158
405,29,0.093
405,30,0.33
405,31,0.278
405,32,0.238
405,33,0.594
405,34,1.036
405,35,0.699
405,36,0.492
405,37,0.76
405,38,0.47
405,39,3.383
405,40,1.162
405,41,0.377
405,42,0.609
405,43,0.489
405,44,0.732
405,45,0.596
405,46,0.327
405,47,0.288
405,48,0.141
406,1,0.123
406,2,0.163
406,3,0.15
406,4,0.109
406,5,0.142
406,6,0.146
406,7,0.104
406,8,0.122
406,9,0.142
406,10,0.119
406,11,0.108
406,12,0.144
406,13,0.134
406,14,0.097
406,15,0.142
406,16,0.405
406,17,0.42
406,18,0.217
406,19,0.12
406,20,0.299
406,21,0.278
406,22,0.135
406,23,0.096
406,24,0.121
406,25,0.14
406,26,0.104
406,27,0.111
406,28,0.231
406,29,0.437
406,30,0.228
406,31,0.403
406,32,0.267
406,33,0.226
406,34,0.29
406,35,0.293
406,36,0.26
406,37,0.568
406,38,0.364
406,39,0.343
406,40,0.302
406,41,0.427
406,42,0.395
406,43,0.588
406,44,0.998
406,45,0.425
406,46,0.39
406,47,0.383
406,48,0.377
407,1,0.313
407,2,0.168
407,3,0.163
407,4,0.143
407,5,0.122
407,6,0.148
407,7,0.151
407,8,0.111
407,9,0.126
407,10,0.149
407,11,0.127
407,12,0.109
407,13,0.146
407,14,0.134
407,15,0.098
407,16,2.303
407,17,0.469
407,18,0.127
407,19,0.218
407,20,0.362
407,21,0.247
407,22,0.359
407,23,0.27
407,24,0.754
407,25,0.249
407,26,0.276
407,27,0.287
407,28,0.526
407,29,0.246
407,30,0.289
407,31,0.241
407,32,0.621
407,33,0.279
407,34,0.274
407,35,0.244
407,36,0.486
407,37,0.788
407,38,0.434
407,39,0.282
407,40,0.225
407,41,0.206
407,42,0.242
407,43,0.249
407,44,0.953
407,45,0.525
407,46,0.85
407,47,0.719
407,48,1.162
408,1,0.562
408,2,0.347
408,3,0.268
408,4,0.156
408,5,0.17
408,6,0.138
408,7,0.128
408,8,0.155
408,9,0.144
408,10,0.113
408,11,0.144
408,12,0.156
408,13,0.111
408,14,0.135
408,15,0.153
408,16,0.13
408,17,0.36
408,18,0.459
408,19,0.247
408,20,0.224
408,21,0.398
408,22,0.274
408,23,0.247
408,24,0.253
408,25,0.206
408,26,0.29
408,27,0.559
408,28,0.33
408,29,0.617
408,30,0.308
408,31,0.299
408,32,0.322
408,33,0.413
408,34,0.453
408,35,0.73
408,36,0.372
408,37,0.372
408,38,0.562
408,39,0.353
408,40,0.434
408,41,2.939
408,42,0.696
408,43,0.496
408,44,0.616
408,45,0.424
408,46,1.052
408,47,0.455
408,48,0.39
409,1,0.419
409,2,0.359
409,3,0.203
409,4,0.168
409,5,0.22
409,6,0.454
409,7,0.15
409,8,0.166
409,9,0.14
409,10,0.122
409,11,0.158
409,12,0.148
409,13,0.115
409,14,0.15
409,15,0.163
409,16,0.119
409,17,0.14
409,18,0.158
409,19,0.119
409,20,0.373
409,21,0.583
409,22,1.296
409,23,0.433
409,24,0.254
409,25,0.118
409,26,0.095
409,27,0.659
409,28,0.255
409,29,0.229
409,30,0.531
409,31,0.167
409,32,0.684
409,33,0.309
409,34,0.309
409,35,0.351
409,36,0.284
409,37,0.581
409,38,0.424
409,39,2.284
409,40,0.658
409,41,3.1
409,42,0.404
409,43,0.461
409,44,0.457
409,45,0.432
409,46,0.481
409,47,0.318
409,48,0.275
410,1,0.297
410,2,0.948
410,3,0.272
410,4,0.166
410,5,0.302
410,6,0.241
410,7,0.172
410,8,0.211
410,9,0.102
410,10,0.131
410,11,0.143
410,12,0.093
410,13,0.13
410,14,0.137
410,15,0.124
410,16,0.129
410,17,0.115
410,18,0.068
410,19,0.114
410,20,0.397
410,21,0.349
410,22,0.389
410,23,0.175
410,24,0.084
410,25,0.13
410,26,0.152
410,27,0.239
410,28,0.91
410,29,0.108
410,30,0.088
410,31,0.13
410,32,0.112
410,33,0.088
410,34,0.128
410,35,0.106
410,36,0.394
410,37,0.671
410,38,0.598
410,39,0.621
410,40,3.598
410,41,1.053
410,42,0.495
410,43,0.452
410,44,0.485
410,45,2.076
410,46,0.473
410,47,0.429
410,48,0.334
411,1,0.266
411,2,0.157
411,3,0.124
411,4,0.169
411,5,0.149
411,6,0.114
411,7,0.152
411,8,0.155
411,9,0.112
411,10,0.144
411,11,0.161
411,12,0.109
411,13,0.144
411,14,0.149
411,15,0.103
411,16,0.394
411,17,0.379
411,18,0.107
411,19,0.108
411,20,0.205
411,21,0.444
411,22,0.248
411,23,0.159
411,24,0.112
411,25,0.097
411,26,0.136
411,27,0.22
411,28,0.093
411,29,0.158
411,30,0.444
411,31,0.255
411,32,0.173
411,33,0.305
411,34,0.254
411,35,0.335
411,36,0.637
411,37,0.478
411,38,0.333
411,39,0.188
411,40,0.148
411,41,0.187
411,42,0.188
411,43,0.169
411,44,0.395
411,45,0.971
411,46,0.636
411,47,0.374
411,48,0.286
412,1,0.294
412,2,0.316
412,3,0.23
412,4,0.169
412,5,0.188
412,6,0.12
412,7,0.133
412,8,0.159
412,9,0.132
412,10,0.117
412,11,0.155
412,12,0.132
412,13,0.109
412,14,0.158
412,15,0.132
412,16,0.379
412,17,0.464
412,18,0.168
412,19,0.109
412,20,0.16
412,21,0.383
412,22,0.249
412,23,0.303
412,24,0.25
412,25,0.236
412,26,0.154
412,27,0.126
412,28,0.209
412,29,0.182
412,30,0.442
412,31,0.226
412,32,0.278
412,33,0.59
412,34,0.228
412,35,0.346
412,36,0.73
412,37,0.55
412,38,0.497
412,39,0.717
412,40,0.334
412,41,0.399
412,42,3.344
412,43,1.438
412,44,0.408
412,45,1.455
412,46,1.033
412,47,0.542
412,48,0.288
413,1,0.222
413,2,0.189
413,3,0.158
413,4,0.176
413,5,0.14
413,6,0.13
413,7,0.171
413,8,0.151
413,9,0.12
413,10,0.171
413,11,0.157
413,12,0.117
413,13,0.152
413,14,0.159
413,15,0.114
413,16,0.146
413,17,0.162
413,18,0.424
413,19,0.529
413,20,0.195
413,21,0.113
413,22,0.215
413,23,0.162
413,24,0.354
413,25,0.118
413,26,0.151
413,27,2.144
413,28,0.499
413,29,0.396
413,30,0.35
413,31,0.561
413,32,0.884
413,33,0.355
413,34,0.287
413,35,0.302
413,36,0.3
413,37,0.353
413,38,0.327
413,39,0.509
413,40,0.298
413,41,0.394
413,42,0.495
413,43,0.586
413,44,1.995
413,45,0.502
413,46,0.317
413,47,0.432
413,48,0.225
414,1,0.192
414,2,0.183
414,3,0.293
414,4,0.406
414,5,0.17
414,6,0.182
414,7,0.172
414,8,0.13
414,9,0.15
414,10,0.169
414,11,0.132
414,12,0.137
414,13,0.171
414,14,0.141
414,15,0.126
414,16,0.16
414,17,0.14
414,18,0.361
414,19,0.285
414,20,0.23
414,21,0.25
414,22,0.402
414,23,0.496
414,24,0.615
414,25,0.595
414,26,0.395
414,27,0.282
414,28,0.499
414,29,0.612
414,30,0.315
414,31,0.149
414,32,0.154
414,33,0.147
414,34,0.438
414,35,0.321
414,36,0.318
414,37,0.719
414,38,0.633
414,39,0.287
414,40,0.109
414,41,0.297
414,42,0.402
414,43,0.46
414,44,0.342
414,45,1.064
414,46,0.388
414,47,0.327
414,48,0.407
415,1,0.352
415,2,0.47
415,3,0.292
415,4,0.141
415,5,0.13
415,6,0.161
415,7,0.146
415,8,0.108
415,9,0.156
415,10,0.138
415,11,0.101
415,12,0.144
415,13,0.141
415,14,0.1
415,15,0.137
415,16,0.145
415,17,0.099
415,18,0.143
415,19,1.621
415,20,0.471
415,21,0.439
415,22,0.294
415,23,0.131
415,24,0.126
415,25,0.125
415,26,0.554
415,27,0.279
415,28,0.272
415,29,0.321
415,30,0.332
415,31,0.822
415,32,0.474
415,33,0.285
415,34,0.423
415,35,0.59
415,36,0.279
415,37,0.268
415,38,0.514
415,39,0.77
415,40,0.466
415,41,0.418
415,42,0.435
415,43,0.369
415,44,0.566
415,45,0.317
415,46,1.018
415,47,0.463
415,48,0.356
