213,1,0.644
213,2,0.104
213,3,0.068
213,4,0.133
213,5,0.056
213,6,0.088
213,7,0.066
213,8,0.124
213,9,0.044
213,10,0.097
213,11,0.065
213,12,0.109
213,13,0.049
213,14,0.064
213,15,0.105
213,16,0.062
213,17,0.085
213,18,0.056
213,19,0.125
213,20,0.048
213,21,0.087
213,22,0.109
213,23,0.363
213,24,0.157
213,25,0.467
213,26,0.091
213,27,0.281
213,28,0.392
213,29,0.139
213,30,0.482
213,31,0.368
213,32,0.182
213,33,0.143
213,34,0.061
213,35,0.101
213,36,1.833
213,37,1.318
213,38,0.295
213,39,0.348
213,40,0.127
213,41,0.119
213,42,0.244
213,43,0.235
213,44,0.669
213,45,0.457
213,46,0.446
213,47,0.324
213,48,0.381
214,1,0.388
214,2,0.241
214,3,0.06
214,4,0.115
214,5,0.032
214,6,0.114
214,7,0.062
214,8,0.123
214,9,0.045
214,10,0.094
214,11,0.064
214,12,0.092
214,13,0.088
214,14,0.031
214,15,0.114
214,16,0.06
214,17,0.125
214,18,0.045
214,19,0.099
214,20,0.155
214,21,0.06
214,22,0.124
214,23,0.032
214,24,0.259
214,25,0.217
214,26,0.114
214,27,0.532
214,28,0.216
214,29,0.222
214,30,0.184
214,31,0.049
214,32,0.139
214,33,0.132
214,34,0.187
214,35,1.986
214,36,1.049
214,37,0.617
214,38,0.258
214,39,0.295
214,40,0.225
214,41,0.361
214,42,3.023
214,43,0.55
214,44,0.316
214,45,0.319
214,46,0.398
214,47,0.293
214,48,0.839
215,1,0.456
215,2,0.352
215,3,0.067
215,4,0.121
215,5,0.034
215,6,0.083
215,7,0.088
215,8,0.069
215,9,0.098
215,10,0.04
215,11,0.124
215,12,0.06
215,13,0.111
215,14,0.031
215,15,0.088
215,16,0.092
215,17,0.062
215,18,0.089
215,19,0.048
215,20,0.121
215,21,0.062
215,22,0.381
215,23,0.117
215,24,0.097
215,25,0.236
215,26,0.106
215,27,0.358
215,28,0.268
215,29,0.358
215,30,0.222
215,31,0.133
215,32,0.064
215,33,0.117
215,34,0.089
215,35,0.08
215,36,0.087
215,37,0.05
215,38,0.623
215,39,0.288
215,40,0.288
215,41,0.343
215,42,0.355
215,43,0.538
215,44,0.335
215,45,0.4
215,46,0.272
215,47,0.814
215,48,0.643
216,1,0.37
216,2,0.162
216,3,0.085
216,4,0.102
216,5,0.087
216,6,0.06
216,7,0.084
216,8,0.075
216,9,0.108
216,10,0.066
216,11,0.082
216,12,0.053
216,13,0.122
216,14,0.061
216,15,0.1
216,16,0.038
216,17,0.121
216,18,0.061
216,19,0.112
216,20,0.032
216,21,0.109
216,22,0.218
216,23,0.216
216,24,0.103
216,25,0.427
216,26,0.165
216,27,0.112
216,28,1.734
216,29,1.169
216,30,1.066
216,31,0.74
216,32,0.544
216,33,0.975
216,34,0.188
216,35,0.109
216,36,1.047
216,37,0.223
216,38,0.487
216,39,0.139
216,40,0.117
216,41,0.178
216,42,0.327
216,43,0.466
216,44,0.303
216,45,0.336
216,46,0.433
216,47,0.497
216,48,0.726
217,1,0.354
217,2,0.054
217,3,0.095
217,4,0.044
217,5,0.118
217,6,0.061
217,7,0.119
217,8,0.044
217,9,0.109
217,10,0.042
217,11,0.132
217,12,0.094
217,13,0.15
217,14,0.076
217,15,0.114
217,16,0.058
217,17,0.1
217,18,0.079
217,19,0.201
217,20,0.739
217,21,0.312
217,22,0.229
217,23,0.092
217,24,0.085
217,25,0.127
217,26,0.189
217,27,0.118
217,28,0.518
217,29,0.201
217,30,0.242
217,31,0.098
217,32,0.097
217,33,0.075
217,34,0.659
217,35,0.979
217,36,0.355
217,37,0.413
217,38,0.124
217,39,0.447
217,40,0.26
217,41,0.226
217,42,0.326
217,43,0.375
217,44,0.345
217,45,0.288
217,46,0.309
217,47,0.49
217,48,0.369
218,1,0.469
218,2,0.277
218,3,0.037
218,4,0.105
218,5,0.061
218,6,0.124
218,7,0.061
218,8,0.104
218,9,0.039
218,10,0.103
218,11,0.084
218,12,0.082
218,13,0.089
218,14,0.037
218,15,0.118
218,16,0.061
218,17,0.126
218,18,0.052
218,19,0.091
218,20,0.062
218,21,0.094
218,22,0.259
218,23,0.07
218,24,0.337
218,25,0.293
218,26,0.548
218,27,0.247
218,28,0.291
218,29,0.153
218,30,0.495
218,31,0.127
218,32,0.137
218,33,0.081
218,34,0.303
218,35,0.671
218,36,1.336
218,37,0.147
218,38,0.515
218,39,0.14
218,40,0.176
218,41,0.413
218,42,0.497
218,43,0.448
218,44,0.404
218,45,0.41
218,46,0.411
218,47,0.373
218,48,0.407
219,1,0.382
219,2,0.118
219,3,0.088
219,4,0.106
219,5,0.069
219,6,0.082
219,7,0.075
219,8,0.126
219,9,0.03
219,10,0.123
219,11,0.069
219,12,0.106
219,13,0.038
219,14,0.098
219,15,0.096
219,16,0.04
219,17,0.104
219,18,0.067
219,19,0.128
219,20,0.029
219,21,0.323
219,22,0.14
219,23,0.175
219,24,0.306
219,25,0.166
219,26,0.129
219,27,0.327
219,28,0.305
219,29,0.247
219,30,0.121
219,31,0.337
219,32,0.134
219,33,0.33
219,34,0.088
219,35,0.713
219,36,0.552
219,37,0.565
219,38,0.086
219,39,0.095
219,40,0.111
219,41,0.503
219,42,0.463
219,43,0.419
219,44,0.343
219,45,0.352
219,46,0.444
219,47,0.535
219,48,0.397
220,1,0.409
220,2,0.215
220,3,0.378
220,4,0.086
220,5,0.106
220,6,0.061
220,7,0.138
220,8,0.041
220,9,0.137
220,10,0.092
220,11,0.073
220,12,0.089
220,13,0.08
220,14,0.118
220,15,0.042
220,16,0.142
220,17,0.063
220,18,0.176
220,19,0.141
220,20,0.146
220,21,0.09
220,22,0.217
220,23,0.103
220,24,0.342
220,25,0.187
220,26,0.055
220,27,0.384
220,28,0.228
220,29,0.432
220,30,0.282
220,31,0.099
220,32,0.117
220,33,0.031
220,34,0.366
220,35,1.286
220,36,1.806
220,37,1.257
220,38,0.929
220,39,0.366
220,40,0.12
220,41,0.386
220,42,0.206
220,43,0.096
220,44,0.098
220,45,0.103
220,46,0.411
220,47,0.606
220,48,0.551
221,1,0.433
221,2,0.246
221,3,0.443
221,4,0.136
221,5,0.029
221,6,0.126
221,7,0.084
221,8,0.087
221,9,0.059
221,10,0.137
221,11,0.038
221,12,0.114
221,13,0.072
221,14,0.109
221,15,0.04
221,16,0.135
221,17,0.054
221,18,0.095
221,19,0.072
221,20,0.126
221,21,0.026
221,22,0.133
221,23,0.264
221,24,0.147
221,25,0.49
221,26,0.242
221,27,0.086
221,28,0.357
221,29,0.176
221,30,0.048
221,31,0.097
221,32,0.104
221,33,0.483
221,34,0.345
221,35,1.473
221,36,1.687
221,37,0.811
221,38,1.688
221,39,0.471
221,40,0.247
221,41,0.28
221,42,0.559
221,43,2.773
221,44,0.425
221,45,0.344
221,46,0.41
221,47,0.404
221,48,0.498
222,1,0.521
222,2,0.082
222,3,0.11
222,4,0.062
222,5,0.083
222,6,0.083
222,7,0.105
222,8,0.043
222,9,0.096
222,10,0.095
222,11,0.062
222,12,0.084
222,13,0.085
222,14,0.098
222,15,0.027
222,16,0.13
222,17,0.065
222,18,0.096
222,19,0.05
222,20,0.131
222,21,0.045
222,22,0.272
222,23,0.079
222,24,0.316
222,25,0.537
222,26,0.167
222,27,0.148
222,28,0.456
222,29,0.163
222,30,0.335
222,31,0.105
222,32,0.106
222,33,0.03
222,34,0.121
222,35,0.089
222,36,1.184
222,37,1.148
222,38,0.312
222,39,0.305
222,40,0.302
222,41,0.215
222,42,0.241
222,43,0.485
222,44,0.359
222,45,0.391
222,46,0.526
222,47,0.45
222,48,0.675
223,1,0.366
223,2,0.141
223,3,0.057
223,4,0.097
223,5,0.124
223,6,0.157
223,7,0.177
223,8,0.075
223,9,0.108
223,10,0.075
223,11,0.096
223,12,0.042
223,13,0.204
223,14,0.132
223,15,0.085
223,16,0.056
223,17,0.115
223,18,0.067
223,19,0.061
223,20,0.091
223,21,0.422
223,22,0.191
223,23,0.159
223,24,0.151
223,25,0.389
223,26,0.599
223,27,0.523
223,28,0.743
223,29,0.445
223,30,0.176
223,31,0.059
223,32,0.151
223,33,0.451
223,34,0.421
223,35,1.929
223,36,0.293
223,37,0.935
223,38,0.347
223,39,0.086
223,40,0.109
223,41,0.067
223,42,0.494
223,43,0.509
223,44,0.387
223,45,0.356
223,46,0.399
223,47,0.37
223,48,0.665
224,1,0.283
224,2,0.398
224,3,0.084
224,4,0.091
224,5,0.067
224,6,0.127
224,7,0.048
224,8,0.097
224,9,0.074
224,10,0.123
224,11,0.053
224,12,0.093
224,13,0.097
224,14,0.097
224,15,0.098
224,16,0.147
224,17,0.176
224,18,0.09
224,19,0.2
224,20,0.061
224,21,0.323
224,22,0.171
224,23,0.141
224,24,0.113
224,25,0.076
224,26,0.102
224,27,0.123
224,28,0.233
224,29,0.272
224,30,0.134
224,31,0.33
224,32,0.073
224,33,0.21
224,34,0.308
224,35,2.052
224,36,0.858
224,37,0.733
224,38,0.35
224,39,0.192
224,40,0.231
224,41,0.441
224,42,0.308
224,43,0.309
224,44,0.296
224,45,0.373
224,46,0.306
224,47,0.312
224,48,0.268
225,1,0.792
225,2,0.464
225,3,0.091
225,4,0.125
225,5,0.111
225,6,0.039
225,7,0.117
225,8,0.069
225,9,0.096
225,10,0.063
225,11,0.108
225,12,0.091
225,13,0.048
225,14,0.119
225,15,0.072
225,16,0.092
225,17,0.048
225,18,0.455
225,19,0.13
225,20,0.327
225,21,0.16
225,22,0.202
225,23,0.096
225,24,0.219
225,25,0.104
225,26,0.456
225,27,0.078
225,28,0.189
225,29,0.552
225,30,0.266
225,31,0.396
225,32,0.295
225,33,0.064
225,34,1.133
225,35,1.107
225,36,2.703
225,37,0.38
225,38,0.199
225,39,0.366
225,40,0.317
225,41,0.044
225,42,0.163
225,43,0.301
225,44,0.468
225,45,0.335
225,46,0.437
225,47,0.416
225,48,0.506
226,1,0.237
226,2,0.067
226,3,0.108
226,4,0.034
226,5,0.125
226,6,0.066
226,7,0.091
226,8,0.051
226,9,0.128
226,10,0.056
226,11,0.089
226,12,0.068
226,13,0.127
226,14,0.037
226,15,0.108
226,16,0.067
226,17,0.123
226,18,0.106
226,19,0.324
226,20,0.119
226,21,0.205
226,22,0.067
226,23,0.296
226,24,0.175
226,25,0.08
226,26,0.123
226,27,0.445
226,28,0.09
226,29,0.139
226,30,0.137
226,31,0.256
226,32,0.497
226,33,0.254
226,34,0.09
226,35,0.29
226,36,0.128
226,37,1.87
226,38,0.385
226,39,0.502
226,40,0.388
226,41,0.393
226,42,0.911
226,43,0.536
226,44,0.599
226,45,0.543
226,46,0.549
226,47,0.601
226,48,0.497
227,1,0.456
227,2,0.756
227,3,0.258
227,4,0.181
227,5,0.162
227,6,0.082
227,7,0.125
227,8,0.099
227,9,0.043
227,10,0.126
227,11,0.075
227,12,0.076
227,13,0.096
227,14,0.088
227,15,0.102
227,16,0.041
227,17,0.116
227,18,0.068
227,19,0.088
227,20,0.07
227,21,0.357
227,22,0.263
227,23,0.384
227,24,0.596
227,25,0.447
227,26,0.05
227,27,0.116
227,28,0.413
227,29,0.068
227,30,0.302
227,31,0.414
227,32,1.229
227,33,0.727
227,34,0.484
227,35,0.636
227,36,0.792
227,37,2.786
227,38,2.048
227,39,0.55
227,40,0.658
227,41,0.399
227,42,0.361
227,43,0.542
227,44,0.808
227,45,2.727
227,46,0.892
227,47,0.864
227,48,0.727
228,1,0.347
228,2,0.233
228,3,0.122
228,4,0.101
228,5,0.052
228,6,0.106
228,7,0.116
228,8,0.058
228,9,0.084
228,10,0.12
228,11,0.072
228,12,0.066
228,13,0.122
228,14,0.074
228,15,0.064
228,16,0.122
228,17,0.065
228,18,0.076
228,19,0.095
228,20,0.311
228,21,0.259
228,22,0.362
228,23,0.263
228,24,1.041
228,25,0.956
228,26,0.87
228,27,1.268
228,28,0.043
228,29,0.155
228,30,0.191
228,31,0.222
228,32,0.294
228,33,0.265
228,34,0.248
228,35,1.43
228,36,0.158
228,37,0.185
228,38,0.243
228,39,0.25
228,40,0.27
228,41,0.332
228,42,0.285
228,43,0.381
228,44,0.429
228,45,0.64
228,46,0.542
228,47,0.558
228,48,0.636
229,1,0.427
229,2,0.134
229,3,0.025
229,4,0.119
229,5,0.069
229,6,0.087
229,7,0.071
229,8,0.095
229,9,0.098
229,10,0.037
229,11,0.122
229,12,0.064
229,13,0.083
229,14,0.054
229,15,0.121
229,16,0.042
229,17,0.093
229,18,0.066
229,19,0.108
229,20,0.027
229,21,0.124
229,22,0.104
229,23,0.109
229,24,0.456
229,25,0.089
229,26,0.088
229,27,0.229
229,28,0.121
229,29,0.063
229,30,0.073
229,31,0.378
229,32,0.219
229,33,0.249
229,34,0.582
229,35,0.067
229,36,0.707
229,37,1.899
229,38,0.111
229,39,0.261
229,40,0.244
229,41,0.273
229,42,0.225
229,43,0.387
229,44,0.475
229,45,0.562
229,46,0.431
229,47,0.416
229,48,0.363
230,1,0.275
230,2,0.074
230,3,0.09
230,4,0.05
230,5,0.125
230,6,0.047
230,7,0.091
230,8,0.072
230,9,0.116
230,10,0.124
230,11,0.195
230,12,0.116
230,13,0.084
230,14,0.055
230,15,0.092
230,16,0.094
230,17,0.057
230,18,0.085
230,19,0.083
230,20,0.081
230,21,0.057
230,22,2.637
230,23,0.38
230,24,0.187
230,25,0.121
230,26,0.123
230,27,0.029
230,28,0.111
230,29,0.067
230,30,0.101
230,31,0.039
230,32,0.125
230,33,0.129
230,34,0.24
230,35,0.123
230,36,1.327
230,37,0.636
230,38,0.11
230,39,0.28
230,40,0.391
230,41,0.294
230,42,0.201
230,43,0.66
230,44,0.387
230,45,0.278
230,46,0.392
230,47,0.307
230,48,0.328
231,1,0.297
231,2,0.062
231,3,0.087
231,4,0.068
231,5,0.12
231,6,0.055
231,7,0.091
231,8,0.119
231,9,0.044
231,10,0.111
231,11,0.05
231,12,0.127
231,13,0.044
231,14,0.094
231,15,0.068
231,16,0.114
231,17,0.024
231,18,0.123
231,19,0.07
231,20,0.078
231,21,0.067
231,22,0.121
231,23,0.063
231,24,0.089
231,25,0.649
231,26,0.68
231,27,0.551
231,28,0.113
231,29,0.177
231,30,0.133
231,31,0.422
231,32,0.309
231,33,0.213
231,34,0.075
231,35,0.924
231,36,0.889
231,37,1.187
231,38,0.069
231,39,0.314
231,40,0.393
231,41,0.37
231,42,0.344
231,43,0.691
231,44,0.394
231,45,0.35
231,46,0.199
231,47,0.129
231,48,0.164
232,1,0.105
232,2,0.079
232,3,0.105
232,4,0.07
232,5,0.082
232,6,0.077
232,7,0.115
232,8,0.026
232,9,0.133
232,10,0.067
232,11,0.082
232,12,0.061
232,13,0.125
232,14,0.032
232,15,0.108
232,16,0.068
232,17,0.098
232,18,0.04
232,19,0.127
232,20,0.056
232,21,1.534
232,22,0.202
232,23,0.126
232,24,0.029
232,25,0.13
232,26,0.073
232,27,0.087
232,28,0.066
232,29,0.131
232,30,0.039
232,31,0.117
232,32,0.155
232,33,0.168
232,34,0.164
232,35,0.042
232,36,0.105
232,37,0.068
232,38,0.117
232,39,0.028
232,40,0.126
232,41,0.07
232,42,0.439
232,43,0.572
232,44,0.468
232,45,0.476
232,46,0.433
232,47,0.366
232,48,0.305
233,1,0.188
233,2,0.574
233,3,0.17
233,4,0.097
233,5,0.069
233,6,0.105
233,7,0.038
233,8,0.151
233,9,0.131
233,10,0.302
233,11,0.091
233,12,0.124
233,13,0.086
233,14,0.132
233,15,0.042
233,16,0.143
233,17,0.081
233,18,0.093
233,19,0.086
233,20,0.282
233,21,0.106
233,22,0.487
233,23,0.12
233,24,0.244
233,25,0.422
233,26,0.678
233,27,0.39
233,28,0.194
233,29,0.472
233,30,0.091
233,31,0.116
233,32,0.209
233,33,0.272
233,34,0.127
233,35,0.119
233,36,2.294
233,37,0.27
233,38,0.282
233,39,0.208
233,40,0.375
233,41,0.111
233,42,0.386
233,43,0.535
233,44,0.477
233,45,0.321
233,46,0.438
233,47,0.297
233,48,0.266
234,1,0.42
234,2,0.107
234,3,0.109
234,4,0.073
234,5,0.071
234,6,0.121
234,7,0.208
234,8,0.11
234,9,0.073
234,10,0.065
234,11,0.103
234,12,0.056
234,13,0.072
234,14,0.089
234,15,0.064
234,16,0.083
234,17,0.129
234,18,0.353
234,19,0.238
234,20,0.306
234,21,0.144
234,22,0.089
234,23,0.191
234,24,0.12
234,25,0.35
234,26,0.33
234,27,0.071
234,28,0.084
234,29,1.59
234,30,1.638
234,31,0.886
234,32,0.293
234,33,0.117
234,34,0.028
234,35,0.313
234,36,0.113
234,37,1.086
234,38,1.131
234,39,0.646
234,40,0.659
234,41,0.422
234,42,0.383
234,43,0.455
234,44,0.423
234,45,0.576
234,46,0.394
234,47,0.343
234,48,0.552
235,1,0.242
235,2,0.056
235,3,0.107
235,4,0.166
235,5,0.097
235,6,0.094
235,7,0.087
235,8,0.105
235,9,0.068
235,10,0.084
235,11,0.066
235,12,0.106
235,13,0.081
235,14,0.06
235,15,0.084
235,16,0.089
235,17,0.093
235,18,0.125
235,19,0.214
235,20,0.12
235,21,0.106
235,22,0.056
235,23,0.148
235,24,0.2
235,25,0.318
235,26,0.442
235,27,0.207
235,28,0.084
235,29,0.218
235,30,0.384
235,31,0.077
235,32,0.091
235,33,0.135
235,34,0.058
235,35,0.113
235,36,0.855
235,37,0.556
235,38,0.657
235,39,0.262
235,40,0.299
235,41,0.656
235,42,0.405
235,43,1.012
235,44,3.448
235,45,0.384
235,46,0.392
235,47,0.517
235,48,0.945
236,1,0.342
236,2,0.14
236,3,0.116
236,4,0.045
236,5,0.13
236,6,0.092
236,7,0.083
236,8,0.061
236,9,0.135
236,10,0.054
236,11,0.102
236,12,0.074
236,13,0.132
236,14,0.039
236,15,0.156
236,16,0.103
236,17,0.134
236,18,0.074
236,19,0.328
236,20,0.085
236,21,0.135
236,22,0.327
236,23,0.428
236,24,0.416
236,25,0.497
236,26,0.5
236,27,0.43
236,28,0.186
236,29,0.233
236,30,0.123
236,31,0.414
236,32,0.791
236,33,0.877
236,34,0.151
236,35,1.144
236,36,0.945
236,37,0.196
236,38,0.327
236,39,0.2
236,40,0.244
236,41,0.301
236,42,0.429
236,43,0.512
236,44,0.445
236,45,0.449
236,46,0.504
236,47,0.305
236,48,0.462
237,1,0.757
237,2,0.239
237,3,0.062
237,4,0.095
237,5,0.048
237,6,0.113
237,7,0.072
237,8,0.061
237,9,0.084
237,10,0.063
237,11,0.136
237,12,0.062
237,13,0.169
237,14,0.057
237,15,0.095
237,16,0.089
237,17,0.03
237,18,0.113
237,19,0.368
237,20,0.192
237,21,0.124
237,22,0.123
237,23,0.388
237,24,0.064
237,25,0.193
237,26,0.268
237,27,0.548
237,28,0.169
237,29,0.204
237,30,0.165
237,31,0.126
237,32,0.133
237,33,0.087
237,34,0.099
237,35,0.759
237,36,1.305
237,37,0.61
237,38,0.1
237,39,0.124
237,40,0.28
237,41,0.298
237,42,0.486
237,43,0.489
237,44,0.381
237,45,0.405
237,46,0.423
237,47,0.368
237,48,0.327
238,1,0.432
238,2,0.295
238,3,0.53
238,4,0.168
238,5,0.047
238,6,0.126
238,7,0.062
238,8,0.08
238,9,0.082
238,10,0.112
238,11,0.035
238,12,0.109
238,13,0.082
238,14,0.051
238,15,0.104
238,16,0.071
238,17,0.074
238,18,0.077
238,19,0.172
238,20,0.341
238,21,0.134
238,22,0.184
238,23,0.124
238,24,0.073
238,25,0.078
238,26,0.354
238,27,0.213
238,28,1.574
238,29,1.211
238,30,1.408
238,31,1.16
238,32,1.131
238,33,0.253
238,34,0.319
238,35,0.074
238,36,0.946
238,37,1.328
238,38,0.148
238,39,0.385
238,40,0.65
238,41,0.424
238,42,0.479
238,43,0.617
238,44,0.641
238,45,0.536
238,46,0.516
238,47,0.476
238,48,0.599
239,1,0.428
239,2,0.131
239,3,0.079
239,4,0.077
239,5,0.076
239,6,0.117
239,7,0.044
239,8,0.132
239,9,0.034
239,10,0.123
239,11,0.071
239,12,0.081
239,13,0.075
239,14,0.104
239,15,0.046
239,16,0.134
239,17,0.019
239,18,0.131
239,19,0.055
239,20,0.176
239,21,0.821
239,22,0.263
239,23,0.135
239,24,0.221
239,25,0.141
239,26,0.378
239,27,0.186
239,28,0.443
239,29,0.192
239,30,0.129
239,31,0.138
239,32,0.38
239,33,0.246
239,34,0.232
239,35,1.205
239,36,0.404
239,37,0.536
239,38,0.22
239,39,0.184
239,40,0.189
239,41,0.261
239,42,0.18
239,43,0.384
239,44,0.453
239,45,0.311
239,46,0.396
239,47,0.688
239,48,0.365
240,1,0.111
240,2,0.033
240,3,0.113
240,4,0.085
240,5,0.091
240,6,0.07
240,7,0.107
240,8,0.04
240,9,0.121
240,10,0.041
240,11,0.067
240,12,0.119
240,13,0.018
240,14,0.131
240,15,0.055
240,16,0.081
240,17,0.081
240,18,0.04
240,19,0.139
240,20,0.1
240,21,0.108
240,22,0.391
240,23,0.301
240,24,0.185
240,25,0.082
240,26,0.404
240,27,0.575
240,28,0.312
240,29,0.473
240,30,0.086
240,31,0.186
240,32,0.204
240,33,0.25
240,34,0.358
240,35,2.105
240,36,0.413
240,37,0.43
240,38,0.637
240,39,0.134
240,40,0.463
240,41,1.874
240,42,0.937
240,43,0.93
240,44,1.373
240,45,1.552
240,46,1.739
240,47,1.843
240,48,1.142
388,1,0.781
388,2,0.127
388,3,0.102
388,4,0.072
388,5,0.053
388,6,0.089
388,7,0.106
388,8,0.012
388,9,0.101
388,10,0.063
388,11,0.076
388,12,0.017
388,13,0.145
388,14,0.018
388,15,0.072
388,16,0.027
388,17,0.137
388,18,0.056
388,19,0.142
388,20,0.103
388,21,0.197
388,22,0.151
388,23,0.212
388,24,0.469
388,25,0.202
388,26,0.168
388,27,0.303
388,28,0.655
388,29,0.552
388,30,0.931
388,31,1.28
388,32,1.142
388,33,1.4
388,34,1.289
388,35,2.258
388,36,3.626
388,37,1.804
388,38,1.764
388,39,1.811
388,40,1.681
388,41,1.606
388,42,1.213
388,43,0.344
388,44,0.434
388,45,0.375
388,46,0.376
388,47,0.41
388,48,0.353
389,1,0.889
389,2,0.198
389,3,0.016
389,4,0.053
389,5,0.09
389,6,0.05
389,7,0.048
389,8,0.052
389,9,0.038
389,10,0.099
389,11,0.053
389,12,0.052
389,13,0.074
389,14,0.115
389,15,0.026
389,16,0.05
389,17,0.027
389,18,0.093
389,19,0.161
389,20,0.085
389,21,0.097
389,22,0.032
389,23,0.106
389,24,0.155
389,25,0.027
389,26,0.389
389,27,0.271
389,28,0.2
389,29,0.444
389,30,0.485
389,31,0.165
389,32,0.294
389,33,0.256
389,34,0.593
389,35,2.392
389,36,2.24
389,37,1.782
389,38,1.492
389,39,0.653
389,40,0.884
389,41,1.085
389,42,0.826
389,43,0.676
389,44,0.609
389,45,0.495
389,46,0.358
389,47,0.661
389,48,0.627
390,1,0.088
390,2,0.027
390,3,0.04
390,4,0.087
390,5,0.059
390,6,0.053
390,7,0.029
390,8,0.036
390,9,0.068
390,10,0.084
390,11,0.055
390,12,0.023
390,13,0.039
390,14,0.051
390,15,0.16
390,16,1.841
390,17,1.129
390,18,0.068
390,19,0.121
390,20,0.285
390,21,0.193
390,22,0.119
390,23,0.055
390,24,0.053
390,25,0.703
390,26,0.037
390,27,0.184
390,28,0.024
390,29,0.265
390,30,0.316
390,31,1.133
390,32,0.626
390,33,0.512
390,34,1.77
390,35,0.539
390,36,0.68
390,37,1.116
390,38,1.375
390,39,0.802
390,40,0.699
390,41,0.93
390,42,0.714
390,43,0.659
390,44,0.599
390,45,0.465
390,46,0.379
390,47,0.68
390,48,0.235
391,1,0.34
391,2,0.096
391,3,0.066
391,4,0.023
391,5,0.041
391,6,0.05
391,7,0.012
391,8,0.122
391,9,0.035
391,10,0.052
391,11,0.057
391,12,0.101
391,13,0.052
391,14,0.012
391,15,0.568
391,16,1.486
391,17,0.492
391,18,0.051
391,19,0.021
391,20,0.108
391,21,0.726
391,22,0.278
391,23,0.613
391,24,0.115
391,25,0.126
391,26,0.163
391,27,0.102
391,28,0.122
391,29,1.3
391,30,0.395
391,31,0.837
391,32,0.835
391,33,1.304
391,34,1.355
391,35,0.515
391,36,2.007
391,37,1.983
391,38,1.623
391,39,1.076
391,40,0.801
391,41,1.052
391,42,0.928
391,43,0.586
391,44,0.55
391,45,0.427
391,46,0.332
391,47,0.622
391,48,0.433
392,1,0.236
392,2,0.066
392,3,0.064
392,4,0.021
392,5,0.098
392,6,0.067
392,7,0.071
392,8,0.016
392,9,0.07
392,10,0.065
392,11,0.106
392,12,0.016
392,13,0.069
392,14,0.02
392,15,0.09
392,16,1.778
392,17,0.996
392,18,0.055
392,19,0.062
392,20,0.071
392,21,0.091
392,22,0.298
392,23,0.732
392,24,0.754
392,25,0.195
392,26,0.042
392,27,0.677
392,28,0.105
392,29,0.287
392,30,0.175
392,31,0.012
392,32,0.313
392,33,0.264
392,34,0.469
392,35,1.122
392,36,1.978
392,37,0.954
392,38,0.776
392,39,1.06
392,40,0.82
392,41,0.837
392,42,0.482
392,43,0.542
392,44,0.34
392,45,0.596
392,46,0.396
392,47,0.248
392,48,0.57
393,1,0.351
393,2,0.163
393,3,0.127
393,4,0.171
393,5,0.114
393,6,0.141
393,7,0.182
393,8,0.102
393,9,0.148
393,10,0.199
393,11,0.174
393,12,0.094
393,13,0.183
393,14,0.205
393,15,0.198
393,16,1.467
393,17,0.157
393,18,0.061
393,19,0.015
393,20,0.687
393,21,0.349
393,22,0.132
393,23,0.473
393,24,0.219
393,25,0.144
393,26,1.403
393,27,1.741
393,28,0.46
393,29,0.49
393,30,0.293
393,31,0.217
393,32,1.704
393,33,1.231
393,34,0.671
393,35,0.375
393,36,2.159
393,37,1.696
393,38,0.548
393,39,0.543
393,40,0.825
393,41,0.915
393,42,0.355
393,43,0.354
393,44,0.318
393,45,0.274
393,46,0.699
393,47,0.29
393,48,0.207
394,1,0.249
394,2,0.55
394,3,0.149
394,4,0.141
394,5,0.121
394,6,0.112
394,7,0.162
394,8,0.143
394,9,0.092
394,10,0.154
394,11,0.111
394,12,0.027
394,13,0.062
394,14,0.089
394,15,0.057
394,16,1.703
394,17,0.856
394,18,0.182
394,19,0.125
394,20,0.737
394,21,0.243
394,22,0.301
394,23,0.134
394,24,1.327
394,25,0.459
394,26,0.261
394,27,0.398
394,28,0.203
394,29,0.117
394,30,0.157
394,31,0.387
394,32,0.118
394,33,0.646
394,34,0.39
394,35,2.016
394,36,1.679
394,37,1.621
394,38,1.685
394,39,0.669
394,40,0.79
394,41,0.538
394,42,0.356
394,43,0.429
394,44,0.293
394,45,0.255
394,46,0.364
394,47,0.33
394,48,0.72
395,1,0.527
395,2,0.353
395,3,0.068
395,4,0.081
395,5,0.015
395,6,0.102
395,7,0.06
395,8,0.04
395,9,0.076
395,10,0.164
395,11,0.138
395,12,0.031
395,13,0.113
395,14,0.056
395,15,0.038
395,16,0.058
395,17,0.083
395,18,0.066
395,19,0.09
395,20,0.134
395,21,0.495
395,22,0.158
395,23,0.13
395,24,0.097
395,25,0.367
395,26,0.271
395,27,0.315
395,28,0.093
395,29,0.142
395,30,0.06
395,31,0.059
395,32,0.274
395,33,1.037
395,34,1.475
395,35,3.484
395,36,2.375
395,37,1.678
395,38,1.712
395,39,1.724
395,40,1.229
395,41,0.385
395,42,0.304
395,43,0.356
395,44,0.323
395,45,0.363
395,46,0.486
395,47,0.341
395,48,0.566
396,1,0.561
396,2,0.263
396,3,0.103
396,4,0.037
396,5,0.053
396,6,0.012
396,7,0.121
396,8,0.021
396,9,0.099
396,10,0.1
396,11,0.136
396,12,0.178
396,13,0.042
396,14,0.053
396,15,0.012
396,16,0.056
396,17,0.176
396,18,0.235
396,19,0.096
396,20,0.121
396,21,0.121
396,22,0.109
396,23,0.167
396,24,0.014
396,25,0.078
396,26,0.48
396,27,0.159
396,28,0.157
396,29,0.477
396,30,0.107
396,31,0.131
396,32,0.016
396,33,0.172
396,34,0.02
396,35,0.539
396,36,3.291
396,37,2.164
396,38,2.556
396,39,1.707
396,40,2.17
396,41,1.269
396,42,0.571
396,43,0.422
396,44,0.43
396,45,0.282
396,46,0.266
396,47,0.357
396,48,0.929
397,1,0.378
397,2,0.114
397,3,0.012
397,4,0.08
397,5,0.095
397,6,0.07
397,7,0.016
397,8,0.035
397,9,0.05
397,10,0.103
397,11,0.07
397,12,0.061
397,13,0.325
397,14,0.089
397,15,0.082
397,16,1.165
397,17,0.934
397,18,0.388
397,19,0.013
397,20,0.593
397,21,0.114
397,22,0.22
397,23,0.429
397,24,1.024
397,25,0.376
397,26,0.041
397,27,0.043
397,28,0.022
397,29,0.124
397,30,0.431
397,31,0.532
397,32,2.64
397,33,1.525
397,34,0.459
397,35,0.456
397,36,1.537
397,37,1.195
397,38,1.041
397,39,0.954
397,40,0.806
397,41,1.077
397,42,0.817
397,43,0.553
397,44,0.592
397,45,0.781
397,46,0.357
397,47,0.418
397,48,0.845
398,1,0.352
398,2,0.05
398,3,0.139
398,4,0.012
398,5,0.067
398,6,0.012
398,7,0.139
398,8,0.016
398,9,0.057
398,10,0.017
398,11,0.136
398,12,0.021
398,13,0.053
398,14,0.023
398,15,0.08
398,16,1.335
398,17,0.436
398,18,0.074
398,19,0.119
398,20,0.727
398,21,0.103
398,22,0.056
398,23,0.012
398,24,0.112
398,25,0.038
398,26,0.06
398,27,0.301
398,28,1.52
398,29,1.001
398,30,1.441
398,31,1.189
398,32,1.815
398,33,1.63
398,34,2.586
398,35,1.949
398,36,0.77
398,37,1.117
398,38,0.874
398,39,1.018
398,40,0.867
398,41,0.864
398,42,0.726
398,43,0.495
398,44,0.469
398,45,0.462
398,46,0.303
398,47,0.589
398,48,0.32
399,1,0.471
399,2,0.121
399,3,0.016
399,4,0.087
399,5,0.071
399,6,0.043
399,7,0.061
399,8,0.084
399,9,0.063
399,10,0.012
399,11,0.132
399,12,0.011
399,13,0.064
399,14,0.098
399,15,0.174
399,16,0.694
399,17,0.198
399,18,0.118
399,19,0.089
399,20,0.081
399,21,0.068
399,22,0.331
399,23,0.2
399,24,0.239
399,25,0.339
399,26,0.165
399,27,0.072
399,28,0.052
399,29,0.113
399,30,0.436
399,31,0.015
399,32,0.509
399,33,0.051
399,34,0.557
399,35,1.922
399,36,2.08
399,37,1.282
399,38,1.307
399,39,0.993
399,40,0.789
399,41,0.869
399,42,0.937
399,43,0.704
399,44,0.528
399,45,0.349
399,46,0.276
399,47,0.433
399,48,0.564
400,1,0.354
400,2,0.158
400,3,0.088
400,4,0.068
400,5,0.016
400,6,0.084
400,7,0.067
400,8,0.069
400,9,0.013
400,10,0.113
400,11,0.036
400,12,0.064
400,13,0.023
400,14,0.119
400,15,0.045
400,16,0.556
400,17,0.182
400,18,0.214
400,19,0.228
400,20,0.365
400,21,0.574
400,22,0.126
400,23,0.119
400,24,0.122
400,25,0.133
400,26,0.161
400,27,0.061
400,28,0.079
400,29,0.092
400,30,0.09
400,31,0.188
400,32,0.312
400,33,2.024
400,34,2.536
400,35,0.743
400,36,0.78
400,37,0.882
400,38,0.639
400,39,0.559
400,40,1.031
400,41,0.714
400,42,0.642
400,43,0.457
400,44,0.521
400,45,0.548
400,46,0.655
400,47,0.606
400,48,0.479
401,1,0.256
401,2,0.515
401,3,0.224
401,4,0.117
401,5,0.133
401,6,0.099
401,7,0.057
401,8,0.04
401,9,0.081
401,10,0.073
401,11,0.012
401,12,0.058
401,13,0.177
401,14,0.095
401,15,0.139
401,16,0.713
401,17,0.21
401,18,0.079
401,19,0.031
401,20,0.755
401,21,0.542
401,22,0.092
401,23,0.294
401,24,0.42
401,25,0.06
401,26,0.075
401,27,0.153
401,28,0.015
401,29,0.056
401,30,0.05
401,31,0.091
401,32,0.083
401,33,0.735
401,34,0.808
401,35,0.591
401,36,2.314
401,37,1.05
401,38,1.676
401,39,1.92
401,40,0.72
401,41,0.629
401,42,0.685
401,43,0.633
401,44,0.577
401,45,0.741
401,46,0.694
401,47,0.854
401,48,0.38
402,1,0.327
402,2,0.333
402,3,0.652
402,4,0.365
402,5,0.163
402,6,0.142
402,7,0.089
402,8,0.199
402,9,0.11
402,10,0.147
402,11,0.098
402,12,0.19
402,13,0.117
402,14,0.016
402,15,0.069
402,16,0.084
402,17,0.075
402,18,0.078
402,19,0.114
402,20,0.244
402,21,0.143
402,22,0.109
402,23,0.52
402,24,0.088
402,25,0.203
402,26,0.829
402,27,1.322
402,28,1.484
402,29,1.615
402,30,1.437
402,31,2.37
402,32,1.993
402,33,1.615
402,34,3.053
402,35,2.936
402,36,4.549
402,37,2.248
402,38,1.565
402,39,1.581
402,40,1.494
402,41,0.777
402,42,0.354
402,43,0.624
402,44,0.42
402,45,0.387
402,46,0.511
402,47,0.894
402,48,0.342
403,1,0.748
403,2,0.426
403,3,0.401
403,4,0.369
403,5,0.032
403,6,0.06
403,7,0.076
403,8,0.061
403,9,0.013
403,10,0.125
403,11,0.017
403,12,0.059
403,13,0.089
403,14,0.052
403,15,0.024
403,16,0.117
403,17,0.04
403,18,0.084
403,19,0.078
403,20,0.096
403,21,0.03
403,22,0.091
403,23,0.094
403,24,0.191
403,25,0.021
403,26,0.449
403,27,0.248
403,28,0.245
403,29,1.49
403,30,1.366
403,31,1.221
403,32,1.14
403,33,3.06
403,34,2.71
403,35,2.556
403,36,0.628
403,37,0.636
403,38,1.035
403,39,0.738
403,40,1.36
403,41,4.131
403,42,0.66
403,43,0.574
403,44,0.508
403,45,0.509
403,46,0.797
403,47,0.402
403,48,0.778
404,1,0.366
404,2,0.108
404,3,0.111
404,4,0.034
404,5,0.066
404,6,0.095
404,7,0.074
404,8,0.015
404,9,0.122
404,10,0.039
404,11,0.073
404,12,0.012
404,13,0.142
404,14,0.014
404,15,0.113
404,16,0.878
404,17,0.279
404,18,0.114
404,19,0.115
404,20,0.715
404,21,0.338
404,22,0.064
404,23,0.018
404,24,0.086
404,25,0.182
404,26,0.391
404,27,1.238
404,28,1.683
404,29,0.798
404,30,0.707
404,31,0.56
404,32,0.53
404,33,0.297
404,34,0.653
404,35,2.079
404,36,0.937
404,37,0.554
404,38,1.579
404,39,1.457
404,40,0.691
404,41,0.663
404,42,0.436
404,43,0.443
404,44,0.885
404,45,0.405
404,46,0.393
404,47,0.397
404,48,0.395
405,1,0.506
405,2,0.19
405,3,0.063
405,4,0.055
405,5,0.012
405,6,0.081
405,7,0.067
405,8,0.123
405,9,0.145
405,10,0.169
405,11,0.269
405,12,0.126
405,13,0.109
405,14,0.125
405,15,0.021
405,16,0.863
405,17,0.161
405,18,0.073
405,19,0.093
405,20,0.086
405,21,0.537
405,22,0.355
405,23,0.059
405,24,0.035
405,25,0.122
405,26,0.058
405,27,0.215
405,28,0.188
405,29,0.232
405,30,1.026
405,31,0.677
405,32,0.773
405,33,1.062
405,34,1.006
405,35,2.518
405,36,2.882
405,37,1.447
405,38,1.066
405,39,0.75
405,40,0.865
405,41,0.774
405,42,0.599
405,43,0.655
405,44,0.475
405,45,0.375
405,46,0.373
405,47,0.921
405,48,0.465
406,1,0.163
406,2,0.062
406,3,0.105
406,4,0.012
406,5,0.089
406,6,0.065
406,7,0.146
406,8,0.136
406,9,0.063
406,10,0.054
406,11,0.028
406,12,0.123
406,13,0.054
406,14,0.014
406,15,0.052
406,16,0.805
406,17,0.631
406,18,0.154
406,19,0.09
406,20,0.128
406,21,0.088
406,22,0.102
406,23,0.286
406,24,0.037
406,25,0.146
406,26,0.051
406,27,0.523
406,28,0.161
406,29,0.201
406,30,0.107
406,31,0.131
406,32,0.381
406,33,0.165
406,34,0.949
406,35,1.533
406,36,2.1
406,37,0.673
406,38,0.949
406,39,0.598
406,40,0.867
406,41,0.642
406,42,0.647
406,43,0.5
406,44,0.378
406,45,0.31
406,46,0.419
406,47,0.665
406,48,0.314
407,1,0.505
407,2,0.114
407,3,0.042
407,4,0.065
407,5,0.082
407,6,0.013
407,7,0.046
407,8,0.093
407,9,0.056
407,10,0.086
407,11,0.048
407,12,0.108
407,13,0.132
407,14,0.049
407,15,0.082
407,16,0.67
407,17,0.32
407,18,0.12
407,19,0.332
407,20,0.506
407,21,0.406
407,22,0.117
407,23,0.054
407,24,0.053
407,25,0.048
407,26,0.032
407,27,0.172
407,28,0.433
407,29,0.187
407,30,0.977
407,31,0.188
407,32,0.109
407,33,0.644
407,34,3.869
407,35,1.473
407,36,1.9
407,37,2.723
407,38,2.064
407,39,1.624
407,40,1.889
407,41,1.765
407,42,1.522
407,43,1.641
407,44,1.539
407,45,1.371
407,46,0.724
407,47,0.739
407,48,0.284
408,1,0.418
408,2,0.358
408,3,0.136
408,4,0.038
408,5,0.088
408,6,0.094
408,7,0.107
408,8,0.029
408,9,0.041
408,10,0.119
408,11,0.126
408,12,0.154
408,13,0.104
408,14,0.07
408,15,0.161
408,16,0.849
408,17,0.222
408,18,0.128
408,19,0.042
408,20,0.112
408,21,0.621
408,22,0.015
408,23,0.055
408,24,0.252
408,25,0.146
408,26,0.042
408,27,0.113
408,28,0.14
408,29,0.07
408,30,0.133
408,31,0.018
408,32,0.05
408,33,0.198
408,34,0.427
408,35,2.337
408,36,1.256
408,37,0.707
408,38,1.127
408,39,0.796
408,40,0.583
408,41,0.595
408,42,0.299
408,43,0.433
408,44,0.3
408,45,0.454
408,46,0.44
408,47,0.501
408,48,0.601
409,1,0.3
409,2,0.092
409,3,0.044
409,4,0.022
409,5,0.141
409,6,0.015
409,7,0.054
409,8,0.045
409,9,0.024
409,10,0.09
409,11,0.074
409,12,0.053
409,13,0.036
409,14,0.03
409,15,0.052
409,16,0.013
409,17,0.097
409,18,0.089
409,19,0.065
409,20,0.128
409,21,0.089
409,22,0.129
409,23,0.059
409,24,0.097
409,25,0.656
409,26,1.324
409,27,1.537
409,28,1.518
409,29,1.364
409,30,1.385
409,31,0.066
409,32,0.077
409,33,0.092
409,34,0.438
409,35,0.221
409,36,2.17
409,37,1.528
409,38,0.663
409,39,0.632
409,40,0.628
409,41,0.469
409,42,0.335
409,43,0.446
409,44,0.261
409,45,0.448
409,46,0.344
409,47,0.289
409,48,0.76
410,1,0.354
410,2,0.225
410,3,0.043
410,4,0.021
410,5,0.074
410,6,0.079
410,7,0.047
410,8,0.051
410,9,0.013
410,10,0.132
410,11,0.033
410,12,0.04
410,13,0.051
410,14,0.07
410,15,0.147
410,16,0.056
410,17,0.039
410,18,0.071
410,19,0.085
410,20,0.103
410,21,0.069
410,22,0.093
410,23,0.053
410,24,0.082
410,25,0.618
410,26,1.711
410,27,0.425
410,28,0.298
410,29,0.646
410,30,0.466
410,31,0.404
410,32,0.016
410,33,0.104
410,34,0.134
410,35,0.527
410,36,0.095
410,37,0.04
410,38,0.052
410,39,0.066
410,40,0.105
410,41,0.026
410,42,0.567
410,43,0.762
410,44,1.125
410,45,1.418
410,46,1.309
410,47,0.672
410,48,0.545
411,1,0.311
411,2,0.118
411,3,0.012
411,4,0.075
411,5,0.09
411,6,0.071
411,7,0.012
411,8,0.062
411,9,0.039
411,10,0.114
411,11,0.029
411,12,0.038
411,13,0.039
411,14,0.062
411,15,0.097
411,16,0.017
411,17,0.058
411,18,0.01
411,19,0.154
411,20,0.146
411,21,0.139
411,22,0.653
411,23,0.21
411,24,0.046
411,25,0.14
411,26,0.01
411,27,0.515
411,28,1.158
411,29,1.461
411,30,0.052
411,31,0.082
411,32,2.039
411,33,1.601
411,34,2.372
411,35,0.721
411,36,0.713
411,37,0.934
411,38,0.923
411,39,1.141
411,40,0.658
411,41,0.735
411,42,0.672
411,43,0.613
411,44,0.682
411,45,0.461
411,46,0.834
411,47,0.577
411,48,0.51
412,1,0.075
412,2,0.16
412,3,0.086
412,4,0.077
412,5,0.014
412,6,0.082
412,7,0.072
412,8,0.065
412,9,0.014
412,10,0.089
412,11,0.064
412,12,0.055
412,13,0.034
412,14,0.057
412,15,0.099
412,16,0.011
412,17,0.065
412,18,0.031
412,19,0.499
412,20,0.024
412,21,0.514
412,22,0.573
412,23,0.189
412,24,0.089
412,25,0.119
412,26,0.197
412,27,0.154
412,28,0.136
412,29,0.013
412,30,0.068
412,31,0.013
412,32,0.137
412,33,0.014
412,34,0.563
412,35,1.408
412,36,1.032
412,37,0.793
412,38,0.662
412,39,0.481
412,40,0.635
412,41,0.339
412,42,0.538
412,43,0.448
412,44,0.503
412,45,0.399
412,46,0.6
412,47,0.638
412,48,0.279
413,1,0.328
413,2,0.026
413,3,0.037
413,4,0.11
413,5,0.039
413,6,0.058
413,7,0.052
413,8,0.013
413,9,0.123
413,10,0.043
413,11,0.042
413,12,0.07
413,13,0.014
413,14,0.063
413,15,0.111
413,16,0.129
413,17,0.085
413,18,0.135
413,19,0.088
413,20,0.129
413,21,0.077
413,22,0.311
413,23,0.747
413,24,0.523
413,25,0.035
413,26,0.088
413,27,0.082
413,28,0.056
413,29,0.041
413,30,0.531
413,31,0.135
413,32,0.265
413,33,0.235
413,34,0.579
413,35,0.831
413,36,2.096
413,37,0.529
413,38,0.554
413,39,0.586
413,40,0.947
413,41,0.408
413,42,0.45
413,43,0.316
413,44,0.511
413,45,0.443
413,46,0.34
413,47,0.331
413,48,0.858
414,1,0.44
414,2,0.109
414,3,0.011
414,4,0.06
414,5,0.011
414,6,0.149
414,7,0.012
414,8,0.058
414,9,0.015
414,10,0.054
414,11,0.161
414,12,0.084
414,13,0.045
414,14,0.017
414,15,0.053
414,16,0.062
414,17,0.134
414,18,0.169
414,19,0.248
414,20,0.366
414,21,0.412
414,22,0.292
414,23,0.045
414,24,0.037
414,25,0.065
414,26,0.117
414,27,0.016
414,28,0.067
414,29,0.31
414,30,0.204
414,31,0.189
414,32,0.27
414,33,0.45
414,34,1.158
414,35,0.805
414,36,0.423
414,37,0.893
414,38,0.679
414,39,0.683
414,40,1.008
414,41,0.957
414,42,0.45
414,43,0.318
414,44,0.349
414,45,0.451
414,46,0.414
414,47,0.606
414,48,0.57
415,1,0.397
415,2,0.182
415,3,0.058
415,4,0.011
415,5,0.076
415,6,0.083
415,7,0.062
415,8,0.013
415,9,0.062
415,10,0.014
415,11,0.192
415,12,0.088
415,13,0.086
415,14,0.012
415,15,0.058
415,16,0.063
415,17,0.088
415,18,0.073
415,19,0.104
415,20,0.745
415,21,0.139
415,22,0.116
415,23,0.108
415,24,0.026
415,25,0.289
415,26,0.038
415,27,0.03
415,28,0.107
415,29,0.051
415,30,0.207
415,31,0.362
415,32,0.157
415,33,0.408
415,34,0.339
415,35,1.825
415,36,2.57
415,37,0.689
415,38,0.638
415,39,0.828
415,40,0.889
415,41,0.394
415,42,0.33
415,43,0.238
415,44,0.403
415,45,0.336
415,46,0.247
415,47,0.277
415,48,0.752
