213,1,0.393
213,2,0.453
213,3,0.256
213,4,0.187
213,5,0.187
213,6,0.153
213,7,0.154
213,8,0.172
213,9,0.167
213,10,0.142
213,11,0.166
213,12,0.184
213,13,0.125
213,14,0.173
213,15,0.179
213,16,0.126
213,17,0.181
213,18,0.161
213,19,0.135
213,20,0.346
213,21,0.256
213,22,0.341
213,23,0.556
213,24,0.464
213,25,2.676
213,26,1.245
213,27,0.327
213,28,0.419
213,29,1.22
213,30,0.187
213,31,0.112
213,32,1.185
213,33,0.793
213,34,0.252
213,35,0.309
213,36,0.292
213,37,0.3
213,38,0.345
213,39,0.333
213,40,0.681
213,41,0.336
213,42,1.928
213,43,2.294
213,44,0.578
213,45,0.489
213,46,0.489
213,47,0.532
213,48,0.466
214,1,0.281
214,2,0.263
214,3,0.278
214,4,0.217
214,5,0.183
214,6,0.173
214,7,0.171
214,8,0.189
214,9,0.192
214,10,0.138
214,11,0.171
214,12,0.191
214,13,0.164
214,14,0.146
214,15,0.192
214,16,0.173
214,17,0.137
214,18,0.202
214,19,0.159
214,20,0.299
214,21,0.831
214,22,1.469
214,23,0.39
214,24,1.99
214,25,0.516
214,26,1.413
214,27,0.691
214,28,0.311
214,29,0.191
214,30,0.171
214,31,0.202
214,32,0.138
214,33,0.371
214,34,0.276
214,35,0.388
214,36,1.651
214,37,1.526
214,38,0.36
214,39,0.351
214,40,0.274
214,41,0.228
214,42,0.283
214,43,0.266
214,44,0.216
214,45,0.277
214,46,0.265
214,47,0.215
214,48,0.291
215,1,0.244
215,2,0.228
215,3,0.295
215,4,0.218
215,5,0.257
215,6,0.28
215,7,0.201
215,8,0.283
215,9,0.244
215,10,0.234
215,11,0.278
215,12,0.208
215,13,0.287
215,14,0.253
215,15,0.221
215,16,0.288
215,17,0.2
215,18,0.279
215,19,0.245
215,20,0.241
215,21,0.283
215,22,0.198
215,23,0.288
215,24,0.231
215,25,0.242
215,26,0.285
215,27,0.222
215,28,0.282
215,29,0.228
215,30,0.261
215,31,0.268
215,32,0.221
215,33,0.289
215,34,0.215
215,35,0.258
215,36,0.398
215,37,0.351
215,38,1.155
215,39,1.501
215,40,0.405
215,41,0.551
215,42,0.505
215,43,0.432
215,44,0.508
215,45,0.476
215,46,0.778
215,47,0.575
215,48,0.337
216,1,0.247
216,2,0.194
216,3,0.224
216,4,0.161
216,5,0.179
216,6,0.228
216,7,0.131
216,8,0.193
216,9,0.213
216,10,0.127
216,11,0.21
216,12,0.187
216,13,0.156
216,14,0.213
216,15,0.147
216,16,0.312
216,17,0.315
216,18,0.146
216,19,0.212
216,20,0.147
216,21,0.178
216,22,0.195
216,23,0.126
216,24,0.211
216,25,0.169
216,26,0.153
216,27,0.224
216,28,0.129
216,29,0.192
216,30,0.198
216,31,0.141
216,32,0.212
216,33,0.156
216,34,0.181
216,35,0.2
216,36,0.125
216,37,0.211
216,38,0.178
216,39,0.407
216,40,1.044
216,41,0.376
216,42,0.356
216,43,1.82
216,44,0.276
216,45,0.377
216,46,1.037
216,47,0.666
216,48,0.3
217,1,0.239
217,2,0.17
217,3,0.214
217,4,0.144
217,5,0.211
217,6,0.16
217,7,0.177
217,8,0.176
217,9,0.158
217,10,0.194
217,11,0.174
217,12,0.155
217,13,0.2
217,14,0.159
217,15,0.174
217,16,0.212
217,17,0.266
217,18,0.18
217,19,0.197
217,20,0.134
217,21,0.209
217,22,0.152
217,23,0.186
217,24,0.201
217,25,0.129
217,26,0.219
217,27,0.143
217,28,0.186
217,29,0.203
217,30,0.145
217,31,0.216
217,32,0.146
217,33,0.195
217,34,0.191
217,35,0.143
217,36,0.22
217,37,0.153
217,38,0.171
217,39,1.15
217,40,1.953
217,41,1.808
217,42,1.934
217,43,0.338
217,44,0.433
217,45,1.409
217,46,2.148
217,47,1.097
217,48,0.792
218,1,0.695
218,2,0.304
218,3,0.281
218,4,0.164
218,5,0.207
218,6,0.197
218,7,0.166
218,8,0.215
218,9,0.179
218,10,0.158
218,11,0.222
218,12,0.16
218,13,0.167
218,14,0.218
218,15,0.144
218,16,0.386
218,17,0.183
218,18,1.468
218,19,1.045
218,20,0.227
218,21,0.608
218,22,1.152
218,23,0.152
218,24,0.157
218,25,0.201
218,26,0.132
218,27,0.173
218,28,0.207
218,29,0.119
218,30,0.2
218,31,0.192
218,32,0.131
218,33,0.184
218,34,0.185
218,35,0.139
218,36,0.401
218,37,0.276
218,38,0.24
218,39,0.381
218,40,0.32
218,41,0.25
218,42,2.983
218,43,0.466
218,44,0.881
218,45,1.68
218,46,1.018
218,47,0.922
218,48,0.588
219,1,0.183
219,2,0.161
219,3,0.216
219,4,0.162
219,5,0.158
219,6,0.195
219,7,0.173
219,8,0.146
219,9,0.213
219,10,0.135
219,11,0.176
219,12,0.205
219,13,0.121
219,14,0.194
219,15,0.304
219,16,0.162
219,17,0.181
219,18,0.725
219,19,0.677
219,20,0.294
219,21,0.178
219,22,0.198
219,23,0.174
219,24,0.15
219,25,0.22
219,26,0.147
219,27,0.209
219,28,0.399
219,29,0.269
219,30,0.168
219,31,0.181
219,32,0.226
219,33,0.133
219,34,0.197
219,35,0.21
219,36,0.136
219,37,0.199
219,38,0.196
219,39,0.156
219,40,0.189
219,41,0.319
219,42,0.318
219,43,0.682
219,44,0.754
219,45,0.817
219,46,0.723
219,47,0.769
219,48,0.588
220,1,0.431
220,2,0.275
220,3,0.211
220,4,0.197
220,5,0.172
220,6,0.168
220,7,0.205
220,8,0.134
220,9,0.214
220,10,0.179
220,11,0.146
220,12,0.213
220,13,0.145
220,14,0.179
220,15,0.191
220,16,0.142
220,17,0.186
220,18,0.158
220,19,0.175
220,20,0.183
220,21,0.795
220,22,0.824
220,23,0.353
220,24,1.196
220,25,0.239
220,26,0.182
220,27,0.164
220,28,0.216
220,29,0.142
220,30,0.215
220,31,0.372
220,32,0.286
220,33,0.207
220,34,0.196
220,35,0.187
220,36,0.169
220,37,0.209
220,38,0.165
220,39,0.418
220,40,0.214
220,41,0.245
220,42,0.295
220,43,0.304
220,44,1.293
220,45,2.139
220,46,0.887
220,47,0.93
220,48,0.979
221,1,0.483
221,2,0.328
221,3,0.268
221,4,0.246
221,5,0.233
221,6,0.218
221,7,0.193
221,8,0.241
221,9,0.167
221,10,0.258
221,11,0.161
221,12,0.253
221,13,0.17
221,14,0.242
221,15,0.186
221,16,0.186
221,17,0.23
221,18,0.156
221,19,0.251
221,20,0.283
221,21,0.276
221,22,0.379
221,23,0.752
221,24,0.592
221,25,0.396
221,26,0.412
221,27,0.37
221,28,2.363
221,29,1.982
221,30,1.107
221,31,0.34
221,32,1.611
221,33,0.284
221,34,0.2
221,35,0.236
221,36,0.175
221,37,0.203
221,38,0.232
221,39,0.164
221,40,0.226
221,41,0.212
221,42,0.181
221,43,0.252
221,44,0.882
221,45,0.928
221,46,0.85
221,47,0.316
221,48,0.221
222,1,0.224
222,2,0.194
222,3,0.188
222,4,0.24
222,5,0.161
222,6,0.198
222,7,0.36
222,8,0.303
222,9,0.265
222,10,0.247
222,11,0.191
222,12,0.194
222,13,0.23
222,14,0.158
222,15,0.308
222,16,0.213
222,17,0.284
222,18,0.21
222,19,0.233
222,20,0.166
222,21,0.208
222,22,0.207
222,23,0.154
222,24,0.225
222,25,0.191
222,26,0.169
222,27,0.238
222,28,0.177
222,29,0.189
222,30,0.219
222,31,0.186
222,32,0.178
222,33,0.22
222,34,0.174
222,35,0.171
222,36,0.393
222,37,0.843
222,38,0.632
222,39,0.465
222,40,0.545
222,41,0.324
222,42,0.48
222,43,0.377
222,44,0.662
222,45,1.072
222,46,2.59
222,47,0.627
222,48,0.269
223,1,0.25
223,2,0.212
223,3,0.14
223,4,0.211
223,5,0.199
223,6,0.148
223,7,0.177
223,8,0.201
223,9,0.164
223,10,0.159
223,11,0.195
223,12,0.189
223,13,0.135
223,14,0.197
223,15,0.32
223,16,0.183
223,17,1.69
223,18,0.208
223,19,0.168
223,20,0.15
223,21,0.197
223,22,0.168
223,23,0.146
223,24,0.207
223,25,0.157
223,26,0.172
223,27,0.196
223,28,0.162
223,29,0.165
223,30,0.215
223,31,0.132
223,32,0.184
223,33,0.19
223,34,0.132
223,35,0.188
223,36,0.171
223,37,0.427
223,38,0.243
223,39,0.268
223,40,0.181
223,41,0.149
223,42,0.466
223,43,1.223
223,44,0.794
223,45,0.682
223,46,2.377
223,47,0.723
223,48,0.568
224,1,0.289
224,2,0.281
224,3,0.147
224,4,0.173
224,5,0.192
224,6,0.151
224,7,0.171
224,8,0.189
224,9,0.156
224,10,0.156
224,11,0.193
224,12,0.146
224,13,0.162
224,14,0.204
224,15,0.194
224,16,0.251
224,17,0.188
224,18,0.299
224,19,0.159
224,20,0.321
224,21,0.319
224,22,0.211
224,23,0.189
224,24,0.163
224,25,0.159
224,26,0.191
224,27,0.169
224,28,0.156
224,29,0.185
224,30,0.18
224,31,0.151
224,32,0.178
224,33,0.204
224,34,0.13
224,35,0.188
224,36,0.194
224,37,0.206
224,38,2.063
224,39,1.186
224,40,0.298
224,41,0.433
224,42,1.202
224,43,0.187
224,44,0.192
224,45,0.163
224,46,2.064
224,47,0.927
224,48,0.84
225,1,0.245
225,2,0.259
225,3,0.201
225,4,0.212
225,5,0.138
225,6,0.187
225,7,0.192
225,8,0.165
225,9,0.153
225,10,0.203
225,11,0.16
225,12,0.157
225,13,0.182
225,14,0.194
225,15,0.236
225,16,0.205
225,17,0.169
225,18,0.15
225,19,0.174
225,20,0.184
225,21,0.298
225,22,0.291
225,23,0.225
225,24,0.178
225,25,0.167
225,26,0.136
225,27,0.202
225,28,0.177
225,29,0.147
225,30,0.167
225,31,0.209
225,32,0.15
225,33,0.162
225,34,0.179
225,35,0.188
225,36,0.142
225,37,0.266
225,38,1.327
225,39,0.629
225,40,0.298
225,41,0.296
225,42,0.256
225,43,0.752
225,44,0.632
225,45,1.209
225,46,1.936
225,47,2.283
225,48,0.942
226,1,0.748
226,2,0.251
226,3,0.198
226,4,0.185
226,5,0.179
226,6,0.138
226,7,0.178
226,8,0.163
226,9,0.152
226,10,0.145
226,11,0.183
226,12,0.141
226,13,0.157
226,14,0.177
226,15,0.28
226,16,0.161
226,17,0.24
226,18,0.307
226,19,0.144
226,20,0.163
226,21,0.174
226,22,0.353
226,23,0.244
226,24,0.202
226,25,0.191
226,26,0.151
226,27,0.151
226,28,0.188
226,29,0.178
226,30,0.127
226,31,0.172
226,32,0.203
226,33,0.125
226,34,0.175
226,35,0.175
226,36,0.149
226,37,0.225
226,38,1.761
226,39,3.602
226,40,1.319
226,41,1.161
226,42,1.007
226,43,0.794
226,44,1.708
226,45,0.262
226,46,0.272
226,47,0.225
226,48,0.274
227,1,0.281
227,2,0.229
227,3,0.456
227,4,0.444
227,5,0.304
227,6,0.141
227,7,0.189
227,8,0.192
227,9,0.15
227,10,0.178
227,11,0.175
227,12,0.177
227,13,0.142
227,14,0.181
227,15,0.179
227,16,0.124
227,17,0.2
227,18,0.17
227,19,0.126
227,20,0.171
227,21,0.515
227,22,0.361
227,23,2.483
227,24,1.688
227,25,0.414
227,26,0.268
227,27,1.613
227,28,0.173
227,29,0.369
227,30,0.336
227,31,1.528
227,32,2.005
227,33,0.183
227,34,0.183
227,35,0.217
227,36,0.172
227,37,0.155
227,38,0.214
227,39,0.181
227,40,0.153
227,41,0.198
227,42,0.194
227,43,0.139
227,44,0.194
227,45,0.198
227,46,0.145
227,47,0.187
227,48,0.197
228,1,0.179
228,2,0.151
228,3,0.191
228,4,0.198
228,5,0.138
228,6,0.201
228,7,0.177
228,8,0.15
228,9,0.201
228,10,0.188
228,11,0.144
228,12,0.183
228,13,0.206
228,14,0.136
228,15,0.195
228,16,0.19
228,17,0.135
228,18,0.207
228,19,0.181
228,20,0.148
228,21,0.182
228,22,0.199
228,23,0.142
228,24,0.189
228,25,0.184
228,26,0.368
228,27,0.265
228,28,0.204
228,29,0.202
228,30,0.166
228,31,0.161
228,32,0.208
228,33,0.183
228,34,0.155
228,35,0.703
228,36,0.425
228,37,0.294
228,38,0.254
228,39,0.355
228,40,0.408
228,41,0.386
228,42,0.333
228,43,0.254
228,44,0.217
228,45,0.239
228,46,0.541
228,47,0.712
228,48,0.536
229,1,0.233
229,2,0.246
229,3,0.557
229,4,0.252
229,5,0.178
229,6,0.163
229,7,0.215
229,8,0.188
229,9,0.149
229,10,0.419
229,11,0.259
229,12,0.192
229,13,0.193
229,14,0.187
229,15,0.227
229,16,0.255
229,17,0.197
229,18,0.154
229,19,0.163
229,20,0.2
229,21,0.136
229,22,0.193
229,23,0.185
229,24,0.146
229,25,0.182
229,26,0.191
229,27,0.17
229,28,0.167
229,29,0.199
229,30,0.154
229,31,0.187
229,32,0.197
229,33,0.143
229,34,0.199
229,35,0.186
229,36,0.368
229,37,0.187
229,38,1.136
229,39,0.423
229,40,2.424
229,41,1.158
229,42,0.484
229,43,1.151
229,44,0.823
229,45,0.819
229,46,1.131
229,47,1.07
229,48,0.403
230,1,0.211
230,2,0.257
230,3,0.183
230,4,0.2
230,5,0.198
230,6,0.2
230,7,0.149
230,8,0.182
230,9,0.175
230,10,0.202
230,11,0.148
230,12,0.162
230,13,0.206
230,14,0.178
230,15,0.284
230,16,0.185
230,17,0.182
230,18,0.174
230,19,0.153
230,20,0.189
230,21,0.163
230,22,0.139
230,23,0.197
230,24,0.17
230,25,0.153
230,26,0.168
230,27,0.204
230,28,0.17
230,29,0.144
230,30,0.202
230,31,0.182
230,32,0.145
230,33,0.177
230,34,0.2
230,35,0.295
230,36,1.017
230,37,1.292
230,38,0.501
230,39,1.81
230,40,0.368
230,41,0.439
230,42,0.545
230,43,0.464
230,44,0.474
230,45,0.969
230,46,1.025
230,47,0.529
230,48,0.218
231,1,0.189
231,2,0.207
231,3,0.202
231,4,0.182
231,5,0.162
231,6,0.2
231,7,0.194
231,8,0.146
231,9,0.192
231,10,0.199
231,11,0.174
231,12,0.158
231,13,0.199
231,14,0.202
231,15,0.261
231,16,0.217
231,17,0.195
231,18,0.148
231,19,0.205
231,20,0.189
231,21,0.173
231,22,0.162
231,23,0.196
231,24,0.212
231,25,0.169
231,26,0.162
231,27,0.4
231,28,0.278
231,29,0.225
231,30,0.193
231,31,0.178
231,32,0.161
231,33,0.19
231,34,0.214
231,35,0.169
231,36,0.155
231,37,0.201
231,38,0.659
231,39,2.972
231,40,1.065
231,41,1.535
231,42,2.279
231,43,0.465
231,44,1.328
231,45,0.865
231,46,0.526
231,47,1.967
231,48,0.857
232,1,0.433
232,2,0.302
232,3,0.291
232,4,0.163
232,5,0.203
232,6,0.2
232,7,0.143
232,8,0.184
232,9,0.188
232,10,0.167
232,11,0.149
232,12,0.187
232,13,0.186
232,14,0.126
232,15,0.332
232,16,0.19
232,17,0.131
232,18,0.402
232,19,0.258
232,20,0.179
232,21,0.183
232,22,0.177
232,23,0.145
232,24,0.183
232,25,0.192
232,26,0.131
232,27,0.178
232,28,0.215
232,29,0.134
232,30,0.179
232,31,0.198
232,32,0.133
232,33,0.191
232,34,0.183
232,35,0.139
232,36,0.203
232,37,0.422
232,38,0.796
232,39,3.952
232,40,0.515
232,41,0.21
232,42,0.165
232,43,0.199
232,44,0.183
232,45,0.151
232,46,0.37
232,47,1.014
232,48,0.87
233,1,0.677
233,2,0.194
233,3,0.145
233,4,0.19
233,5,0.177
233,6,0.152
233,7,0.181
233,8,0.18
233,9,0.135
233,10,0.18
233,11,0.188
233,12,0.362
233,13,0.267
233,14,0.169
233,15,0.304
233,16,0.208
233,17,0.141
233,18,0.258
233,19,0.174
233,20,0.153
233,21,0.177
233,22,0.181
233,23,0.13
233,24,0.176
233,25,0.192
233,26,0.135
233,27,0.192
233,28,0.157
233,29,0.15
233,30,0.201
233,31,0.163
233,32,0.188
233,33,0.177
233,34,0.129
233,35,0.195
233,36,0.174
233,37,1.185
233,38,1.294
233,39,1.132
233,40,0.251
233,41,0.338
233,42,0.4
233,43,0.469
233,44,0.534
233,45,0.554
233,46,0.434
233,47,0.438
233,48,0.423
234,1,0.363
234,2,0.157
234,3,0.189
234,4,0.15
234,5,0.163
234,6,0.176
234,7,0.152
234,8,0.164
234,9,0.178
234,10,0.139
234,11,0.169
234,12,0.183
234,13,0.115
234,14,0.421
234,15,0.231
234,16,0.189
234,17,0.167
234,18,0.379
234,19,0.234
234,20,0.299
234,21,1.432
234,22,0.641
234,23,1.238
234,24,0.853
234,25,2.281
234,26,1.072
234,27,0.36
234,28,0.237
234,29,0.225
234,30,0.184
234,31,0.137
234,32,0.195
234,33,0.182
234,34,0.139
234,35,0.212
234,36,0.146
234,37,0.163
234,38,0.201
234,39,0.126
234,40,0.193
234,41,0.172
234,42,0.374
234,43,0.647
234,44,0.483
234,45,0.347
234,46,0.37
234,47,0.414
234,48,0.4
235,1,0.27
235,2,0.419
235,3,0.128
235,4,0.195
235,5,0.187
235,6,0.131
235,7,0.192
235,8,0.167
235,9,0.141
235,10,0.182
235,11,0.147
235,12,0.166
235,13,0.174
235,14,0.134
235,15,0.184
235,16,0.172
235,17,0.124
235,18,0.192
235,19,0.153
235,20,0.589
235,21,0.392
235,22,0.501
235,23,0.377
235,24,0.168
235,25,0.193
235,26,0.132
235,27,0.174
235,28,0.198
235,29,0.125
235,30,0.178
235,31,0.179
235,32,0.131
235,33,0.382
235,34,1.303
235,35,0.381
235,36,0.433
235,37,0.687
235,38,2.009
235,39,1.097
235,40,1.666
235,41,1.24
235,42,0.41
235,43,1.824
235,44,0.652
235,45,0.629
235,46,1.233
235,47,0.664
235,48,0.354
236,1,0.244
236,2,0.19
236,3,0.198
236,4,0.191
236,5,0.151
236,6,0.194
236,7,0.182
236,8,0.15
236,9,0.179
236,10,0.184
236,11,0.158
236,12,0.163
236,13,0.197
236,14,0.13
236,15,0.326
236,16,0.181
236,17,0.171
236,18,0.266
236,19,0.173
236,20,0.132
236,21,0.177
236,22,0.18
236,23,0.142
236,24,0.173
236,25,0.172
236,26,0.163
236,27,0.191
236,28,0.138
236,29,0.178
236,30,0.209
236,31,0.129
236,32,0.182
236,33,0.191
236,34,0.148
236,35,0.194
236,36,2.151
236,37,1.507
236,38,0.513
236,39,0.328
236,40,0.237
236,41,0.357
236,42,2.045
236,43,0.614
236,44,0.851
236,45,0.915
236,46,0.974
236,47,0.456
236,48,0.269
237,1,0.252
237,2,0.136
237,3,0.186
237,4,0.202
237,5,0.14
237,6,0.175
237,7,0.194
237,8,0.137
237,9,0.17
237,10,0.195
237,11,0.127
237,12,0.178
237,13,0.191
237,14,0.126
237,15,0.345
237,16,0.191
237,17,1.681
237,18,0.171
237,19,0.193
237,20,0.189
237,21,0.113
237,22,0.208
237,23,0.174
237,24,0.132
237,25,0.203
237,26,0.153
237,27,0.164
237,28,0.198
237,29,0.142
237,30,0.177
237,31,0.308
237,32,0.313
237,33,0.23
237,34,0.181
237,35,0.146
237,36,0.178
237,37,0.262
237,38,0.411
237,39,0.263
237,40,0.734
237,41,0.826
237,42,0.852
237,43,0.988
237,44,1.038
237,45,2.444
237,46,0.691
237,47,0.797
237,48,0.323
238,1,0.297
238,2,0.194
238,3,0.167
238,4,0.165
238,5,0.194
238,6,0.191
238,7,0.137
238,8,0.179
238,9,0.181
238,10,0.153
238,11,0.17
238,12,0.174
238,13,0.182
238,14,0.15
238,15,0.314
238,16,0.21
238,17,0.125
238,18,0.17
238,19,0.201
238,20,0.136
238,21,0.17
238,22,0.2
238,23,0.14
238,24,0.18
238,25,0.192
238,26,0.151
238,27,0.171
238,28,0.193
238,29,0.154
238,30,0.165
238,31,0.198
238,32,0.148
238,33,0.168
238,34,0.208
238,35,0.13
238,36,0.828
238,37,0.739
238,38,0.462
238,39,1.677
238,40,1.244
238,41,1.533
238,42,0.919
238,43,1.772
238,44,0.765
238,45,0.776
238,46,1.809
238,47,0.769
238,48,0.487
239,1,0.245
239,2,0.27
239,3,0.191
239,4,0.186
239,5,0.154
239,6,0.202
239,7,0.19
239,8,0.14
239,9,0.172
239,10,0.192
239,11,0.164
239,12,0.143
239,13,0.202
239,14,0.166
239,15,0.246
239,16,0.202
239,17,0.172
239,18,0.172
239,19,0.156
239,20,0.182
239,21,0.161
239,22,0.151
239,23,0.192
239,24,0.158
239,25,0.162
239,26,0.184
239,27,0.155
239,28,0.174
239,29,0.177
239,30,0.165
239,31,0.164
239,32,0.179
239,33,0.161
239,34,0.165
239,35,0.184
239,36,0.158
239,37,4.265
239,38,0.816
239,39,0.579
239,40,0.34
239,41,1.533
239,42,1.606
239,43,1.353
239,44,0.945
239,45,1.741
239,46,1.244
239,47,0.707
239,48,0.26
240,1,0.232
240,2,0.22
240,3,0.129
240,4,0.196
240,5,0.183
240,6,0.134
240,7,0.183
240,8,0.162
240,9,0.158
240,10,0.172
240,11,0.167
240,12,0.152
240,13,0.181
240,14,0.143
240,15,0.312
240,16,0.191
240,17,0.116
240,18,0.198
240,19,0.175
240,20,0.119
240,21,0.197
240,22,0.152
240,23,0.151
240,24,0.185
240,25,0.143
240,26,0.174
240,27,0.187
240,28,0.139
240,29,0.177
240,30,0.362
240,31,0.264
240,32,0.197
240,33,0.191
240,34,0.171
240,35,0.148
240,36,0.175
240,37,0.181
240,38,0.141
240,39,0.176
240,40,0.186
240,41,0.133
240,42,0.26
240,43,1.581
240,44,1.14
240,45,0.922
240,46,0.6
240,47,0.738
240,48,0.597
388,1,0.459
388,2,0.273
388,3,0.183
388,4,0.186
388,5,0.187
388,6,0.193
388,7,0.173
388,8,0.174
388,9,0.18
388,10,0.187
388,11,0.153
388,12,0.175
388,13,0.196
388,14,0.161
388,15,0.187
388,16,0.177
388,17,0.157
388,18,0.184
388,19,0.168
388,20,0.31
388,21,0.254
388,22,0.733
388,23,0.88
388,24,1.272
388,25,1.116
388,26,0.25
388,27,0.181
388,28,0.183
388,29,0.166
388,30,0.183
388,31,0.173
388,32,0.173
388,33,0.179
388,34,0.136
388,35,0.178
388,36,0.286
388,37,0.512
388,38,0.393
388,39,0.286
388,40,0.324
388,41,0.222
388,42,1.619
388,43,0.938
388,44,0.418
388,45,0.561
388,46,0.596
388,47,0.5
388,48,0.539
389,1,1.585
389,2,0.335
389,3,0.491
389,4,1.537
389,5,0.19
389,6,0.194
389,7,0.181
389,8,0.194
389,9,0.192
389,10,0.18
389,11,0.195
389,12,0.182
389,13,0.18
389,14,0.195
389,15,0.174
389,16,0.18
389,17,0.17
389,18,0.169
389,19,0.194
389,20,0.169
389,21,0.309
389,22,0.47
389,23,0.283
389,24,1.37
389,25,2.809
389,26,1.527
389,27,3.566
389,28,2.082
389,29,0.229
389,30,0.188
389,31,0.176
389,32,0.205
389,33,0.166
389,34,0.163
389,35,0.171
389,36,0.31
389,37,0.298
389,38,0.318
389,39,0.311
389,40,0.284
389,41,0.395
389,42,1.218
389,43,0.833
389,44,0.847
389,45,0.811
389,46,0.782
389,47,0.319
389,48,0.264
390,1,0.232
390,2,0.167
390,3,0.197
390,4,0.171
390,5,0.177
390,6,0.187
390,7,0.16
390,8,0.186
390,9,0.15
390,10,0.174
390,11,0.135
390,12,0.22
390,13,0.147
390,14,0.149
390,15,0.459
390,16,0.277
390,17,0.289
390,18,0.519
390,19,0.273
390,20,0.184
390,21,0.192
390,22,0.146
390,23,0.183
390,24,0.147
390,25,0.192
390,26,0.165
390,27,0.191
390,28,0.155
390,29,0.184
390,30,0.174
390,31,0.158
390,32,0.209
390,33,0.141
390,34,0.162
390,35,0.202
390,36,1.193
390,37,3.434
390,38,2.191
390,39,0.844
390,40,0.932
390,41,0.594
390,42,0.855
390,43,0.558
390,44,0.562
390,45,0.636
390,46,0.397
390,47,0.309
390,48,0.233
391,1,0.203
391,2,0.141
391,3,0.203
391,4,0.198
391,5,0.176
391,6,0.159
391,7,0.161
391,8,0.207
391,9,0.161
391,10,0.372
391,11,0.258
391,12,0.191
391,13,0.193
391,14,0.169
391,15,0.45
391,16,0.23
391,17,0.288
391,18,0.257
391,19,0.14
391,20,0.168
391,21,0.169
391,22,0.193
391,23,0.114
391,24,0.187
391,25,0.214
391,26,0.134
391,27,0.173
391,28,0.181
391,29,0.179
391,30,0.161
391,31,0.166
391,32,0.189
391,33,0.143
391,34,0.175
391,35,0.345
391,36,0.436
391,37,0.937
391,38,1.095
391,39,2.176
391,40,0.828
391,41,0.84
391,42,0.587
391,43,0.718
391,44,0.706
391,45,0.64
391,46,0.672
391,47,0.363
391,48,0.239
392,1,0.407
392,2,0.288
392,3,0.17
392,4,0.181
392,5,0.203
392,6,0.18
392,7,0.19
392,8,0.161
392,9,0.169
392,10,0.178
392,11,0.191
392,12,0.196
392,13,0.124
392,14,0.184
392,15,0.439
392,16,0.284
392,17,0.231
392,18,0.288
392,19,0.192
392,20,0.2
392,21,0.13
392,22,0.17
392,23,0.195
392,24,0.185
392,25,0.164
392,26,0.173
392,27,0.187
392,28,0.197
392,29,0.132
392,30,0.185
392,31,0.194
392,32,0.154
392,33,0.305
392,34,0.321
392,35,0.291
392,36,0.255
392,37,2.016
392,38,3.015
392,39,1.156
392,40,0.844
392,41,1.873
392,42,0.75
392,43,1.098
392,44,1.841
392,45,0.872
392,46,0.841
392,47,1.213
392,48,0.799
393,1,0.32
393,2,0.262
393,3,0.21
393,4,0.192
393,5,0.162
393,6,0.191
393,7,0.191
393,8,0.17
393,9,0.185
393,10,0.164
393,11,0.196
393,12,0.189
393,13,0.152
393,14,0.179
393,15,0.451
393,16,0.287
393,17,0.258
393,18,0.343
393,19,0.194
393,20,0.182
393,21,0.189
393,22,0.137
393,23,0.183
393,24,0.194
393,25,0.153
393,26,0.152
393,27,0.196
393,28,0.19
393,29,0.162
393,30,0.173
393,31,0.188
393,32,0.193
393,33,0.282
393,34,0.299
393,35,0.31
393,36,0.416
393,37,1.259
393,38,1.935
393,39,1.047
393,40,0.717
393,41,0.551
393,42,1.007
393,43,0.65
393,44,0.729
393,45,0.714
393,46,0.707
393,47,0.485
393,48,0.285
394,1,0.175
394,2,0.165
394,3,0.2
394,4,0.192
394,5,0.176
394,6,0.137
394,7,0.19
394,8,0.188
394,9,0.159
394,10,0.16
394,11,0.192
394,12,0.182
394,13,0.148
394,14,0.196
394,15,0.4
394,16,0.231
394,17,0.303
394,18,0.315
394,19,0.245
394,20,0.327
394,21,0.224
394,22,0.187
394,23,0.166
394,24,0.148
394,25,0.169
394,26,0.183
394,27,0.158
394,28,0.163
394,29,0.177
394,30,0.177
394,31,0.147
394,32,0.197
394,33,0.321
394,34,0.258
394,35,0.294
394,36,0.298
394,37,0.46
394,38,1.087
394,39,0.957
394,40,0.835
394,41,0.826
394,42,0.803
394,43,0.844
394,44,0.652
394,45,0.582
394,46,0.476
394,47,0.35
394,48,0.297
395,1,0.257
395,2,0.23
395,3,0.186
395,4,0.154
395,5,0.214
395,6,0.198
395,7,0.19
395,8,0.186
395,9,0.154
395,10,0.197
395,11,0.197
395,12,0.155
395,13,0.181
395,14,0.18
395,15,0.202
395,16,0.128
395,17,0.203
395,18,0.188
395,19,0.158
395,20,0.188
395,21,0.42
395,22,0.676
395,23,0.422
395,24,0.323
395,25,0.181
395,26,0.205
395,27,0.174
395,28,0.173
395,29,0.223
395,30,0.175
395,31,0.188
395,32,0.178
395,33,0.192
395,34,0.221
395,35,0.133
395,36,0.188
395,37,0.241
395,38,0.382
395,39,0.319
395,40,0.331
395,41,0.666
395,42,0.994
395,43,0.769
395,44,0.539
395,45,0.576
395,46,0.536
395,47,0.485
395,48,0.561
396,1,0.32
396,2,0.233
396,3,0.144
396,4,0.219
396,5,0.198
396,6,0.16
396,7,0.176
396,8,0.366
396,9,0.283
396,10,0.197
396,11,0.205
396,12,0.179
396,13,0.158
396,14,0.172
396,15,0.219
396,16,0.135
396,17,0.185
396,18,0.207
396,19,0.124
396,20,0.32
396,21,0.362
396,22,0.972
396,23,1.458
396,24,0.646
396,25,0.54
396,26,0.44
396,27,1.289
396,28,0.549
396,29,1.535
396,30,1.624
396,31,0.45
396,32,0.539
396,33,3.795
396,34,0.758
396,35,0.261
396,36,0.296
396,37,3.261
396,38,2.912
396,39,0.839
396,40,0.748
396,41,2.028
396,42,1.459
396,43,0.764
396,44,1.12
396,45,0.872
396,46,0.954
396,47,0.545
396,48,0.28
397,1,0.25
397,2,0.194
397,3,0.234
397,4,0.169
397,5,0.183
397,6,0.223
397,7,0.146
397,8,0.191
397,9,0.189
397,10,0.157
397,11,0.428
397,12,0.245
397,13,0.212
397,14,0.186
397,15,0.482
397,16,0.255
397,17,0.363
397,18,0.366
397,19,0.139
397,20,0.198
397,21,0.182
397,22,0.169
397,23,0.164
397,24,0.209
397,25,0.148
397,26,0.187
397,27,0.203
397,28,0.153
397,29,0.188
397,30,0.21
397,31,0.127
397,32,0.192
397,33,0.2
397,34,0.185
397,35,0.369
397,36,2.254
397,37,2.772
397,38,0.863
397,39,1.009
397,40,0.797
397,41,0.994
397,42,0.594
397,43,0.537
397,44,0.591
397,45,0.637
397,46,0.864
397,47,0.386
397,48,0.204
398,1,0.227
398,2,0.198
398,3,0.19
398,4,0.172
398,5,0.21
398,6,0.151
398,7,0.177
398,8,0.203
398,9,0.19
398,10,0.164
398,11,0.189
398,12,0.179
398,13,0.161
398,14,0.197
398,15,0.419
398,16,0.256
398,17,0.295
398,18,0.235
398,19,0.149
398,20,0.196
398,21,0.185
398,22,0.172
398,23,0.199
398,24,0.132
398,25,0.196
398,26,0.195
398,27,0.152
398,28,0.22
398,29,0.154
398,30,0.191
398,31,0.196
398,32,0.159
398,33,0.19
398,34,0.185
398,35,0.379
398,36,0.542
398,37,1.158
398,38,1.641
398,39,0.956
398,40,1.032
398,41,0.768
398,42,0.754
398,43,0.899
398,44,0.833
398,45,0.784
398,46,0.762
398,47,0.752
398,48,0.338
399,1,0.233
399,2,0.206
399,3,0.21
399,4,0.155
399,5,0.223
399,6,0.174
399,7,0.154
399,8,0.214
399,9,0.156
399,10,0.179
399,11,0.213
399,12,0.131
399,13,0.2
399,14,0.218
399,15,0.387
399,16,0.304
399,17,0.296
399,18,0.45
399,19,0.267
399,20,0.2
399,21,0.183
399,22,0.187
399,23,0.168
399,24,0.175
399,25,0.201
399,26,0.156
399,27,0.199
399,28,0.189
399,29,0.151
399,30,0.216
399,31,0.161
399,32,0.178
399,33,0.205
399,34,0.189
399,35,0.388
399,36,0.766
399,37,1.315
399,38,2.595
399,39,1.034
399,40,1.895
399,41,0.832
399,42,1.334
399,43,1.638
399,44,0.498
399,45,0.484
399,46,0.746
399,47,0.935
399,48,0.389
400,1,0.279
400,2,0.259
400,3,0.212
400,4,0.208
400,5,0.151
400,6,0.205
400,7,0.192
400,8,0.172
400,9,0.175
400,10,0.203
400,11,0.181
400,12,0.16
400,13,0.192
400,14,0.182
400,15,0.408
400,16,0.291
400,17,0.326
400,18,0.217
400,19,0.185
400,20,0.154
400,21,0.208
400,22,0.164
400,23,0.155
400,24,0.209
400,25,0.174
400,26,0.147
400,27,0.216
400,28,0.158
400,29,0.191
400,30,0.212
400,31,0.135
400,32,0.188
400,33,0.169
400,34,0.218
400,35,0.392
400,36,0.447
400,37,1.613
400,38,2.003
400,39,0.975
400,40,0.702
400,41,1.316
400,42,0.909
400,43,0.845
400,44,0.83
400,45,0.747
400,46,0.607
400,47,0.337
400,48,0.27
401,1,0.16
401,2,0.219
401,3,0.194
401,4,0.162
401,5,0.203
401,6,0.204
401,7,0.144
401,8,0.209
401,9,0.164
401,10,0.171
401,11,0.212
401,12,0.156
401,13,0.18
401,14,0.208
401,15,0.397
401,16,0.186
401,17,0.19
401,18,0.165
401,19,0.192
401,20,0.193
401,21,0.145
401,22,0.208
401,23,0.175
401,24,0.157
401,25,0.201
401,26,0.144
401,27,0.19
401,28,0.211
401,29,0.141
401,30,0.197
401,31,0.184
401,32,0.174
401,33,0.203
401,34,0.213
401,35,0.373
401,36,0.681
401,37,3.066
401,38,1.206
401,39,0.792
401,40,0.598
401,41,0.696
401,42,1.052
401,43,1.013
401,44,0.947
401,45,1.581
401,46,0.676
401,47,0.75
401,48,0.403
402,1,0.326
402,2,0.218
402,3,0.184
402,4,0.221
402,5,0.21
402,6,0.149
402,7,0.203
402,8,0.204
402,9,0.151
402,10,0.2
402,11,0.19
402,12,0.153
402,13,0.219
402,14,0.157
402,15,0.169
402,16,0.218
402,17,0.142
402,18,0.179
402,19,0.209
402,20,0.152
402,21,0.434
402,22,0.912
402,23,0.618
402,24,0.341
402,25,1.399
402,26,0.548
402,27,1.526
402,28,0.564
402,29,2.569
402,30,1.083
402,31,0.46
402,32,0.444
402,33,1.586
402,34,1.471
402,35,0.665
402,36,2.326
402,37,2.031
402,38,2.083
402,39,2.007
402,40,0.749
402,41,0.582
402,42,0.638
402,43,0.553
402,44,0.714
402,45,0.608
402,46,0.701
402,47,0.561
402,48,0.43
403,1,0.388
403,2,0.368
403,3,0.28
403,4,0.321
403,5,0.32
403,6,0.251
403,7,0.31
403,8,0.294
403,9,0.284
403,10,0.313
403,11,0.474
403,12,0.383
403,13,0.299
403,14,0.302
403,15,0.293
403,16,0.266
403,17,0.3
403,18,0.263
403,19,0.425
403,20,0.499
403,21,0.449
403,22,0.906
403,23,1.906
403,24,0.403
403,25,0.465
403,26,1.736
403,27,0.533
403,28,0.624
403,29,0.296
403,30,0.174
403,31,0.206
403,32,0.159
403,33,0.192
403,34,0.227
403,35,0.143
403,36,0.856
403,37,0.89
403,38,0.909
403,39,0.799
403,40,0.731
403,41,0.492
403,42,0.487
403,43,0.425
403,44,0.586
403,45,0.613
403,46,0.582
403,47,0.72
403,48,0.774
404,1,0.181
404,2,0.398
404,3,0.272
404,4,0.211
404,5,0.21
404,6,0.18
404,7,0.143
404,8,0.214
404,9,0.187
404,10,0.138
404,11,0.203
404,12,0.165
404,13,0.175
404,14,0.187
404,15,0.326
404,16,0.215
404,17,0.249
404,18,0.169
404,19,0.205
404,20,0.118
404,21,0.203
404,22,0.176
404,23,0.155
404,24,0.209
404,25,0.146
404,26,0.183
404,27,0.162
404,28,0.206
404,29,0.179
404,30,0.144
404,31,0.207
404,32,0.136
404,33,0.194
404,34,0.199
404,35,0.306
404,36,0.357
404,37,2.004
404,38,3.13
404,39,1.92
404,40,0.652
404,41,0.755
404,42,0.642
404,43,0.687
404,44,0.911
404,45,1.032
404,46,1.018
404,47,0.647
404,48,0.304
405,1,0.324
405,2,0.183
405,3,0.205
405,4,0.216
405,5,0.144
405,6,0.203
405,7,0.185
405,8,0.157
405,9,0.209
405,10,0.143
405,11,0.189
405,12,0.197
405,13,0.156
405,14,0.188
405,15,0.161
405,16,0.799
405,17,0.262
405,18,0.147
405,19,0.182
405,20,0.16
405,21,0.163
405,22,0.184
405,23,0.139
405,24,0.299
405,25,0.229
405,26,0.183
405,27,0.374
405,28,0.23
405,29,0.916
405,30,0.55
405,31,0.425
405,32,0.215
405,33,0.215
405,34,0.33
405,35,0.387
405,36,0.755
405,37,2.815
405,38,0.971
405,39,0.887
405,40,0.841
405,41,1.094
405,42,0.807
405,43,0.734
405,44,0.796
405,45,0.706
405,46,1.407
405,47,1.223
405,48,0.309
406,1,1.497
406,2,0.606
406,3,0.21
406,4,0.154
406,5,0.197
406,6,0.254
406,7,0.368
406,8,0.248
406,9,0.168
406,10,0.167
406,11,0.21
406,12,0.181
406,13,0.165
406,14,0.188
406,15,0.338
406,16,0.218
406,17,0.159
406,18,0.213
406,19,0.188
406,20,0.149
406,21,0.174
406,22,0.195
406,23,0.133
406,24,0.222
406,25,0.152
406,26,0.17
406,27,0.21
406,28,0.12
406,29,0.207
406,30,0.194
406,31,0.152
406,32,0.196
406,33,0.17
406,34,0.155
406,35,0.378
406,36,0.586
406,37,3.2
406,38,2.129
406,39,1.135
406,40,0.95
406,41,0.599
406,42,0.889
406,43,0.968
406,44,0.739
406,45,0.718
406,46,1.03
406,47,2.143
406,48,0.757
407,1,0.607
407,2,0.285
407,3,0.215
407,4,0.231
407,5,0.156
407,6,0.194
407,7,0.183
407,8,0.207
407,9,0.119
407,10,0.214
407,11,0.164
407,12,0.158
407,13,0.171
407,14,0.213
407,15,0.309
407,16,0.206
407,17,0.167
407,18,0.175
407,19,0.155
407,20,0.178
407,21,0.184
407,22,0.134
407,23,0.206
407,24,0.16
407,25,0.167
407,26,0.176
407,27,0.204
407,28,0.135
407,29,0.207
407,30,0.181
407,31,0.153
407,32,0.175
407,33,0.218
407,34,0.131
407,35,0.368
407,36,0.372
407,37,2.472
407,38,3.27
407,39,1.021
407,40,0.706
407,41,0.941
407,42,0.733
407,43,0.751
407,44,0.692
407,45,0.532
407,46,0.478
407,47,0.506
407,48,0.223
408,1,0.183
408,2,0.184
408,3,0.212
408,4,0.133
408,5,0.192
408,6,0.187
408,7,0.2
408,8,0.13
408,9,0.198
408,10,0.193
408,11,0.178
408,12,0.155
408,13,0.44
408,14,0.298
408,15,0.272
408,16,0.249
408,17,0.297
408,18,0.288
408,19,0.144
408,20,0.167
408,21,0.212
408,22,0.11
408,23,0.197
408,24,0.175
408,25,0.146
408,26,0.174
408,27,0.202
408,28,0.146
408,29,0.164
408,30,0.211
408,31,0.125
408,32,0.189
408,33,0.196
408,34,0.145
408,35,0.593
408,36,0.414
408,37,0.325
408,38,0.342
408,39,1.102
408,40,2.25
408,41,1.396
408,42,0.592
408,43,0.559
408,44,0.543
408,45,0.754
408,46,0.943
408,47,0.856
408,48,0.244
409,1,0.259
409,2,0.2
409,3,0.16
409,4,0.194
409,5,0.191
409,6,0.168
409,7,0.155
409,8,0.205
409,9,0.171
409,10,0.152
409,11,0.179
409,12,0.198
409,13,0.369
409,14,0.284
409,15,0.289
409,16,0.27
409,17,0.259
409,18,0.277
409,19,0.282
409,20,0.279
409,21,0.462
409,22,1.116
409,23,2.141
409,24,0.753
409,25,2.656
409,26,0.296
409,27,0.278
409,28,0.173
409,29,0.166
409,30,0.209
409,31,0.195
409,32,0.149
409,33,0.206
409,34,0.189
409,35,0.367
409,36,0.329
409,37,0.329
409,38,0.355
409,39,0.28
409,40,0.784
409,41,1.029
409,42,0.891
409,43,0.723
409,44,0.718
409,45,0.974
409,46,0.673
409,47,0.707
409,48,0.553
410,1,0.276
410,2,0.215
410,3,0.183
410,4,0.173
410,5,0.174
410,6,0.226
410,7,0.159
410,8,0.175
410,9,0.174
410,10,0.225
410,11,0.152
410,12,0.173
410,13,0.729
410,14,0.355
410,15,0.351
410,16,0.278
410,17,0.26
410,18,0.254
410,19,0.317
410,20,0.272
410,21,0.241
410,22,0.316
410,23,0.332
410,24,0.346
410,25,0.428
410,26,0.63
410,27,0.56
410,28,0.969
410,29,1.902
410,30,0.622
410,31,0.515
410,32,0.61
410,33,0.5
410,34,0.602
410,35,1.353
410,36,2.787
410,37,2.112
410,38,2.074
410,39,3.055
410,40,2.134
410,41,1.02
410,42,1.612
410,43,1.974
410,44,1.526
410,45,1.125
410,46,2.05
410,47,2.004
410,48,0.368
411,1,0.324
411,2,1.647
411,3,0.181
411,4,0.202
411,5,0.19
411,6,0.205
411,7,0.155
411,8,0.176
411,9,0.218
411,10,0.183
411,11,0.163
411,12,0.187
411,13,0.198
411,14,0.182
411,15,0.427
411,16,0.367
411,17,0.278
411,18,0.267
411,19,0.198
411,20,0.187
411,21,0.186
411,22,0.161
411,23,0.217
411,24,0.185
411,25,0.157
411,26,0.192
411,27,0.225
411,28,0.174
411,29,0.148
411,30,0.208
411,31,0.209
411,32,0.161
411,33,0.177
411,34,0.317
411,35,0.357
411,36,0.326
411,37,0.806
411,38,1.213
411,39,0.974
411,40,0.872
411,41,1.009
411,42,1.047
411,43,0.971
411,44,0.666
411,45,1.056
411,46,0.98
411,47,0.659
411,48,0.22
412,1,0.199
412,2,0.186
412,3,0.227
412,4,0.203
412,5,0.134
412,6,0.207
412,7,0.218
412,8,0.146
412,9,0.184
412,10,0.207
412,11,0.17
412,12,0.172
412,13,0.196
412,14,0.183
412,15,0.426
412,16,0.186
412,17,0.197
412,18,0.239
412,19,0.15
412,20,0.161
412,21,0.21
412,22,0.189
412,23,0.131
412,24,0.211
412,25,0.206
412,26,0.156
412,27,0.182
412,28,0.203
412,29,0.186
412,30,0.184
412,31,0.175
412,32,0.179
412,33,0.215
412,34,0.263
412,35,0.447
412,36,0.785
412,37,0.864
412,38,0.84
412,39,1.214
412,40,0.991
412,41,0.775
412,42,0.702
412,43,0.767
412,44,0.735
412,45,0.771
412,46,0.656
412,47,0.387
412,48,0.224
413,1,0.189
413,2,0.195
413,3,0.21
413,4,0.153
413,5,0.185
413,6,0.214
413,7,0.133
413,8,0.195
413,9,0.211
413,10,0.141
413,11,0.186
413,12,0.204
413,13,0.187
413,14,0.159
413,15,0.513
413,16,0.208
413,17,0.168
413,18,0.179
413,19,0.35
413,20,0.291
413,21,0.241
413,22,0.204
413,23,0.127
413,24,0.204
413,25,0.182
413,26,0.172
413,27,0.19
413,28,0.179
413,29,0.2
413,30,0.149
413,31,0.188
413,32,0.218
413,33,0.135
413,34,0.304
413,35,0.375
413,36,0.292
413,37,0.333
413,38,0.863
413,39,3.255
413,40,1.499
413,41,0.894
413,42,0.945
413,43,0.624
413,44,0.527
413,45,0.508
413,46,0.782
413,47,0.601
413,48,0.476
414,1,0.301
414,2,0.184
414,3,0.176
414,4,0.188
414,5,0.22
414,6,0.128
414,7,0.325
414,8,0.307
414,9,0.264
414,10,0.176
414,11,0.158
414,12,0.188
414,13,0.197
414,14,0.19
414,15,0.38
414,16,0.197
414,17,0.191
414,18,0.179
414,19,0.175
414,20,0.195
414,21,0.164
414,22,0.163
414,23,0.189
414,24,0.163
414,25,0.168
414,26,0.221
414,27,0.141
414,28,0.188
414,29,0.185
414,30,0.185
414,31,0.159
414,32,0.2
414,33,0.192
414,34,0.243
414,35,0.371
414,36,0.332
414,37,1.896
414,38,3.122
414,39,0.661
414,40,1.627
414,41,0.822
414,42,0.732
414,43,1.07
414,44,0.74
414,45,1.427
414,46,1.211
414,47,0.405
414,48,1.772
415,1,0.171
415,2,0.215
415,3,0.181
415,4,0.153
415,5,0.199
415,6,0.189
415,7,0.168
415,8,0.162
415,9,0.21
415,10,0.177
415,11,0.154
415,12,0.203
415,13,0.182
415,14,0.166
415,15,0.411
415,16,0.208
415,17,0.178
415,18,0.235
415,19,0.174
415,20,0.197
415,21,0.132
415,22,0.204
415,23,0.186
415,24,0.145
415,25,0.202
415,26,0.182
415,27,0.15
415,28,0.171
415,29,0.209
415,30,0.159
415,31,0.172
415,32,0.209
415,33,0.149
415,34,0.296
415,35,0.37
415,36,0.303
415,37,0.617
415,38,1.063
415,39,0.952
415,40,0.923
415,41,0.899
415,42,0.883
415,43,1.051
415,44,0.774
415,45,1.061
415,46,0.519
415,47,0.409
415,48,0.182
