213,1,0.25
213,2,0.293
213,3,0.351
213,4,0.345
213,5,0.312
213,6,0.204
213,7,0.378
213,8,0.375
213,9,0.359
213,10,0.393
213,11,0.326
213,12,0.377
213,13,0.327
213,14,0.365
213,15,0.358
213,16,0.328
213,17,0.384
213,18,0.305
213,19,0.256
213,20,0.365
213,21,0.651
213,22,0.647
213,23,0.77
213,24,1.906
213,25,2.179
213,26,0.517
213,27,3.05
213,28,1.193
213,29,1.793
213,30,1.459
213,31,1.334
213,32,0.902
213,33,2.261
213,34,2.412
213,35,0.524
213,36,0.461
213,37,0.495
213,38,0.452
213,39,0.433
213,40,0.729
213,41,0.542
213,42,0.452
213,43,0.585
213,44,0.457
213,45,0.371
213,46,0.417
213,47,0.219
213,48,0.266
214,1,0.224
214,2,0.222
214,3,0.266
214,4,0.185
214,5,0.265
214,6,1.196
214,7,1.186
214,8,1.375
214,9,0.196
214,10,0.266
214,11,0.194
214,12,0.24
214,13,0.225
214,14,0.204
214,15,0.249
214,16,0.176
214,17,0.256
214,18,0.206
214,19,0.231
214,20,0.379
214,21,0.32
214,22,0.678
214,23,0.309
214,24,2.437
214,25,3.397
214,26,1.107
214,27,1.077
214,28,1.874
214,29,0.591
214,30,0.702
214,31,0.645
214,32,1.682
214,33,1.74
214,34,1.586
214,35,1.332
214,36,0.374
214,37,0.65
214,38,1.771
214,39,2.472
214,40,1.802
214,41,3.062
214,42,1.199
214,43,2.884
214,44,3.186
214,45,2.007
214,46,0.978
214,47,0.808
214,48,1.803
215,1,1.726
215,2,1.549
215,3,1.184
215,4,0.462
215,5,0.268
215,6,0.228
215,7,0.397
215,8,0.238
215,9,0.436
215,10,0.364
215,11,0.474
215,12,0.499
215,13,0.533
215,14,0.485
215,15,0.384
215,16,0.305
215,17,0.187
215,18,0.262
215,19,0.231
215,20,0.359
215,21,0.427
215,22,0.602
215,23,0.477
215,24,0.789
215,25,2.105
215,26,1.966
215,27,2.37
215,28,4.168
215,29,2.387
215,30,1.784
215,31,1.545
215,32,1.612
215,33,1.55
215,34,1.363
215,35,1.343
215,36,0.54
215,37,1.105
215,38,1.837
215,39,2.546
215,40,2.148
215,41,1.806
215,42,4.673
215,43,1.441
215,44,0.771
215,45,0.795
215,46,0.812
215,47,0.56
215,48,0.572
216,1,0.707
216,2,0.412
216,3,0.407
216,4,0.297
216,5,0.19
216,6,0.276
216,7,0.183
216,8,0.271
216,9,0.193
216,10,0.251
216,11,0.217
216,12,0.233
216,13,0.22
216,14,0.222
216,15,0.239
216,16,0.199
216,17,0.257
216,18,0.117
216,19,0.198
216,20,0.109
216,21,0.193
216,22,0.109
216,23,0.308
216,24,0.555
216,25,3.14
216,26,0.322
216,27,0.45
216,28,0.473
216,29,4.553
216,30,3.673
216,31,2.486
216,32,1.378
216,33,0.487
216,34,0.356
216,35,0.324
216,36,1.399
216,37,0.418
216,38,0.258
216,39,0.2
216,40,0.105
216,41,0.264
216,42,0.613
216,43,1.556
216,44,0.55
216,45,0.68
216,46,0.338
216,47,0.411
216,48,0.295
217,1,0.273
217,2,0.192
217,3,0.264
217,4,0.125
217,5,0.189
217,6,0.104
217,7,0.188
217,8,0.102
217,9,0.187
217,10,0.099
217,11,0.22
217,12,0.219
217,13,0.326
217,14,0.223
217,15,0.212
217,16,0.207
217,17,1.226
217,18,1.341
217,19,1.09
217,20,0.15
217,21,0.129
217,22,0.171
217,23,0.12
217,24,0.312
217,25,0.245
217,26,3.231
217,27,0.977
217,28,0.337
217,29,0.658
217,30,0.261
217,31,0.376
217,32,0.64
217,33,0.331
217,34,0.268
217,35,0.151
217,36,0.301
217,37,0.453
217,38,0.714
217,39,0.939
217,40,0.476
217,41,0.384
217,42,3.527
217,43,3.102
217,44,0.974
217,45,0.609
217,46,0.4
217,47,0.347
217,48,0.358
218,1,0.543
218,2,0.504
218,3,0.644
218,4,0.594
218,5,0.33
218,6,0.23
218,7,0.257
218,8,0.182
218,9,0.2
218,10,0.103
218,11,0.186
218,12,0.099
218,13,0.183
218,14,0.098
218,15,0.198
218,16,0.141
218,17,0.18
218,18,0.099
218,19,0.169
218,20,0.101
218,21,0.161
218,22,0.096
218,23,0.161
218,24,1.152
218,25,0.59
218,26,0.163
218,27,0.199
218,28,0.245
218,29,0.234
218,30,0.652
218,31,0.432
218,32,0.778
218,33,2.641
218,34,0.355
218,35,0.278
218,36,0.339
218,37,0.299
218,38,0.339
218,39,0.439
218,40,0.361
218,41,0.338
218,42,2.052
218,43,2.319
218,44,0.793
218,45,0.832
218,46,0.851
218,47,0.469
218,48,0.194
219,1,0.181
219,2,0.126
219,3,0.147
219,4,0.147
219,5,0.127
219,6,0.155
219,7,0.129
219,8,0.159
219,9,0.113
219,10,0.219
219,11,0.255
219,12,0.275
219,13,0.233
219,14,0.137
219,15,0.172
219,16,1.081
219,17,1.412
219,18,0.891
219,19,0.177
219,20,0.107
219,21,0.16
219,22,0.154
219,23,0.2
219,24,1.504
219,25,0.246
219,26,0.318
219,27,0.332
219,28,0.453
219,29,0.356
219,30,3.189
219,31,0.57
219,32,0.337
219,33,0.515
219,34,0.388
219,35,1.565
219,36,1.127
219,37,0.4
219,38,0.336
219,39,0.372
219,40,0.466
219,41,0.393
219,42,1.766
219,43,1.69
219,44,1.89
219,45,0.773
219,46,0.428
219,47,0.386
219,48,0.372
220,1,0.45
220,2,0.407
220,3,0.417
220,4,0.322
220,5,0.231
220,6,0.238
220,7,0.194
220,8,0.261
220,9,0.173
220,10,0.258
220,11,0.178
220,12,0.253
220,13,0.191
220,14,0.224
220,15,0.213
220,16,0.213
220,17,0.234
220,18,0.193
220,19,0.23
220,20,0.1
220,21,0.237
220,22,0.27
220,23,0.426
220,24,0.741
220,25,0.752
220,26,0.639
220,27,0.646
220,28,0.577
220,29,4.346
220,30,1.331
220,31,1.243
220,32,0.467
220,33,1.799
220,34,1.596
220,35,1.452
220,36,0.415
220,37,0.515
220,38,0.458
220,39,0.413
220,40,0.616
220,41,0.626
220,42,0.734
220,43,1.636
220,44,2.282
220,45,1.305
220,46,0.617
220,47,0.498
220,48,0.53
221,1,0.747
221,2,0.747
221,3,0.679
221,4,0.464
221,5,0.126
221,6,0.196
221,7,0.171
221,8,0.1
221,9,0.154
221,10,0.145
221,11,0.109
221,12,0.415
221,13,0.12
221,14,0.15
221,15,0.144
221,16,0.122
221,17,0.172
221,18,0.093
221,19,0.176
221,20,0.091
221,21,0.176
221,22,0.224
221,23,0.364
221,24,0.288
221,25,0.676
221,26,2.229
221,27,3.849
221,28,1.541
221,29,1.057
221,30,0.561
221,31,2.386
221,32,2.407
221,33,1.782
221,34,1.157
221,35,0.408
221,36,0.183
221,37,0.713
221,38,2.346
221,39,1.637
221,40,1.549
221,41,1.412
221,42,2.081
221,43,2.374
221,44,2.384
221,45,1.902
221,46,1.927
221,47,1.159
221,48,0.735
222,1,0.559
222,2,1.108
222,3,1.848
222,4,1.762
222,5,1.305
222,6,0.807
222,7,0.259
222,8,0.36
222,9,0.26
222,10,0.348
222,11,0.258
222,12,0.358
222,13,0.285
222,14,0.364
222,15,0.367
222,16,0.469
222,17,1.271
222,18,1.713
222,19,0.892
222,20,0.343
222,21,0.265
222,22,0.328
222,23,0.271
222,24,0.32
222,25,0.3
222,26,0.517
222,27,1.278
222,28,2.044
222,29,0.348
222,30,0.619
222,31,1.381
222,32,0.41
222,33,0.359
222,34,0.364
222,35,0.411
222,36,0.403
222,37,0.309
222,38,0.332
222,39,0.296
222,40,0.375
222,41,1.984
222,42,0.491
222,43,0.399
222,44,0.481
222,45,0.47
222,46,0.581
222,47,0.621
222,48,0.519
223,1,0.397
223,2,0.431
223,3,0.213
223,4,0.247
223,5,0.224
223,6,0.235
223,7,0.241
223,8,0.24
223,9,0.23
223,10,0.211
223,11,0.218
223,12,0.217
223,13,0.224
223,14,0.208
223,15,0.221
223,16,0.213
223,17,0.194
223,18,0.204
223,19,0.155
223,20,0.14
223,21,0.163
223,22,0.133
223,23,0.153
223,24,0.136
223,25,0.161
223,26,0.275
223,27,0.619
223,28,0.311
223,29,0.287
223,30,0.392
223,31,0.467
223,32,0.464
223,33,1.975
223,34,2.428
223,35,0.594
223,36,0.458
223,37,0.951
223,38,0.748
223,39,0.481
223,40,0.514
223,41,0.549
223,42,0.407
223,43,1.744
223,44,4.791
223,45,3.892
223,46,2.525
223,47,2.403
223,48,2.132
224,1,1.103
224,2,0.281
224,3,0.215
224,4,0.269
224,5,0.165
224,6,0.184
224,7,0.173
224,8,0.228
224,9,0.312
224,10,0.245
224,11,0.234
224,12,0.144
224,13,0.158
224,14,0.189
224,15,0.115
224,16,0.257
224,17,0.706
224,18,1.623
224,19,1.595
224,20,0.294
224,21,0.296
224,22,0.247
224,23,0.31
224,24,0.268
224,25,0.276
224,26,0.308
224,27,0.23
224,28,0.3
224,29,0.267
224,30,0.256
224,31,0.299
224,32,0.23
224,33,0.608
224,34,0.472
224,35,0.4
224,36,0.43
224,37,0.4
224,38,1.554
224,39,2.73
224,40,0.398
224,41,0.627
224,42,1.551
224,43,1.251
224,44,0.739
224,45,0.768
224,46,0.847
224,47,0.874
224,48,0.64
225,1,0.559
225,2,0.315
225,3,0.228
225,4,0.174
225,5,0.139
225,6,0.132
225,7,0.172
225,8,0.099
225,9,0.173
225,10,0.136
225,11,0.136
225,12,0.17
225,13,0.099
225,14,0.174
225,15,0.117
225,16,0.152
225,17,0.151
225,18,0.121
225,19,0.169
225,20,0.094
225,21,0.219
225,22,0.256
225,23,0.264
225,24,0.339
225,25,1.415
225,26,3.622
225,27,0.482
225,28,0.379
225,29,0.272
225,30,0.136
225,31,0.373
225,32,0.316
225,33,0.368
225,34,0.301
225,35,0.367
225,36,0.293
225,37,0.36
225,38,0.295
225,39,0.343
225,40,2.394
225,41,1.322
225,42,0.415
225,43,0.574
225,44,0.479
225,45,0.571
225,46,0.378
225,47,0.405
225,48,0.345
226,1,0.402
226,2,0.166
226,3,0.258
226,4,0.17
226,5,0.283
226,6,0.275
226,7,0.365
226,8,0.3
226,9,0.279
226,10,0.175
226,11,0.241
226,12,0.202
226,13,0.182
226,14,0.23
226,15,0.153
226,16,0.226
226,17,1.116
226,18,1.071
226,19,1.281
226,20,0.089
226,21,0.159
226,22,0.105
226,23,0.237
226,24,0.322
226,25,0.295
226,26,2.075
226,27,2.864
226,28,0.391
226,29,0.266
226,30,0.435
226,31,0.435
226,32,0.184
226,33,0.202
226,34,0.43
226,35,0.578
226,36,0.492
226,37,0.488
226,38,0.375
226,39,1.274
226,40,1.135
226,41,1.268
226,42,1.664
226,43,1.158
226,44,0.558
226,45,0.344
226,46,0.398
226,47,0.357
226,48,0.435
227,1,0.287
227,2,0.302
227,3,0.172
227,4,0.279
227,5,0.162
227,6,0.29
227,7,0.456
227,8,0.555
227,9,0.388
227,10,0.375
227,11,0.162
227,12,0.244
227,13,0.171
227,14,0.252
227,15,0.251
227,16,0.239
227,17,0.198
227,18,0.203
227,19,0.285
227,20,0.492
227,21,1.433
227,22,0.373
227,23,0.274
227,24,0.182
227,25,0.428
227,26,0.542
227,27,1.226
227,28,1.297
227,29,1.632
227,30,0.403
227,31,0.433
227,32,0.487
227,33,0.454
227,34,0.369
227,35,1.673
227,36,0.36
227,37,0.374
227,38,0.653
227,39,0.434
227,40,0.342
227,41,0.415
227,42,0.35
227,43,0.622
227,44,1.342
227,45,3.042
227,46,0.562
227,47,0.644
227,48,0.653
228,1,0.71
228,2,0.694
228,3,0.593
228,4,0.24
228,5,0.219
228,6,0.21
228,7,0.219
228,8,0.207
228,9,0.237
228,10,0.209
228,11,0.216
228,12,0.214
228,13,0.22
228,14,0.206
228,15,0.198
228,16,0.205
228,17,0.205
228,18,0.198
228,19,0.189
228,20,0.201
228,21,0.191
228,22,0.213
228,23,0.373
228,24,0.377
228,25,2.546
228,26,1.196
228,27,0.458
228,28,1.4
228,29,0.632
228,30,0.626
228,31,1.327
228,32,2.865
228,33,2.579
228,34,1.63
228,35,0.54
228,36,1.621
228,37,2.647
228,38,1.835
228,39,1.96
228,40,1.049
228,41,1.783
228,42,1.898
228,43,2.212
228,44,1.646
228,45,1.693
228,46,2.6
228,47,2.506
228,48,2.53
229,1,1.777
229,2,2.336
229,3,1.7
229,4,1.504
229,5,0.831
229,6,0.171
229,7,0.128
229,8,0.189
229,9,0.163
229,10,0.132
229,11,0.183
229,12,0.148
229,13,0.143
229,14,0.182
229,15,0.127
229,16,0.16
229,17,1.472
229,18,2.806
229,19,2.127
229,20,1.24
229,21,0.656
229,22,0.181
229,23,0.252
229,24,0.278
229,25,0.374
229,26,0.311
229,27,0.344
229,28,1.366
229,29,2.64
229,30,0.377
229,31,0.34
229,32,0.147
229,33,0.177
229,34,0.223
229,35,0.358
229,36,1.039
229,37,1.299
229,38,0.884
229,39,0.384
229,40,0.889
229,41,0.759
229,42,0.661
229,43,0.462
229,44,0.601
229,45,0.682
229,46,2.305
229,47,1.992
229,48,1.53
230,1,1.047
230,2,0.399
230,3,0.235
230,4,0.25
230,5,0.226
230,6,0.212
230,7,0.256
230,8,0.213
230,9,0.224
230,10,0.251
230,11,0.196
230,12,0.249
230,13,0.552
230,14,0.189
230,15,0.243
230,16,0.218
230,17,0.202
230,18,0.247
230,19,0.202
230,20,0.224
230,21,0.245
230,22,0.177
230,23,0.465
230,24,0.49
230,25,0.964
230,26,0.996
230,27,0.376
230,28,0.285
230,29,0.367
230,30,0.733
230,31,0.507
230,32,0.467
230,33,0.429
230,34,0.393
230,35,0.563
230,36,1.048
230,37,1.46
230,38,0.914
230,39,0.787
230,40,0.842
230,41,0.678
230,42,0.851
230,43,0.947
230,44,0.841
230,45,0.43
230,46,1.037
230,47,2.444
230,48,0.654
231,1,0.619
231,2,0.588
231,3,0.46
231,4,0.296
231,5,0.394
231,6,0.249
231,7,0.323
231,8,0.23
231,9,0.221
231,10,0.158
231,11,0.132
231,12,0.183
231,13,0.149
231,14,0.136
231,15,0.475
231,16,0.123
231,17,0.159
231,18,0.17
231,19,0.107
231,20,0.175
231,21,0.143
231,22,0.133
231,23,0.361
231,24,0.326
231,25,0.473
231,26,0.429
231,27,2.895
231,28,2.824
231,29,1.414
231,30,0.272
231,31,0.179
231,32,0.152
231,33,0.341
231,34,0.699
231,35,1.365
231,36,0.425
231,37,0.663
231,38,0.384
231,39,1.424
231,40,1.406
231,41,0.576
231,42,0.847
231,43,0.826
231,44,0.5
231,45,0.391
231,46,0.42
231,47,3.033
231,48,0.487
232,1,0.464
232,2,0.501
232,3,0.381
232,4,0.215
232,5,0.122
232,6,0.179
232,7,0.144
232,8,0.133
232,9,0.174
232,10,0.119
232,11,0.155
232,12,0.166
232,13,0.107
232,14,0.173
232,15,0.137
232,16,0.151
232,17,0.17
232,18,0.104
232,19,0.171
232,20,0.138
232,21,0.133
232,22,0.203
232,23,0.317
232,24,0.338
232,25,0.336
232,26,0.294
232,27,0.341
232,28,3.322
232,29,1.936
232,30,1.487
232,31,1.373
232,32,0.391
232,33,0.357
232,34,0.29
232,35,0.345
232,36,0.321
232,37,0.291
232,38,0.343
232,39,0.357
232,40,1.668
232,41,1.521
232,42,1.093
232,43,1.126
232,44,0.926
232,45,0.508
232,46,0.355
232,47,2.464
232,48,1.242
233,1,0.279
233,2,0.337
233,3,0.319
233,4,0.164
233,5,0.157
233,6,0.122
233,7,0.121
233,8,0.159
233,9,0.091
233,10,0.151
233,11,0.135
233,12,0.107
233,13,0.165
233,14,0.1
233,15,0.173
233,16,0.13
233,17,0.109
233,18,0.15
233,19,0.113
233,20,0.126
233,21,0.156
233,22,0.083
233,23,0.155
233,24,0.169
233,25,0.433
233,26,0.494
233,27,0.52
233,28,0.565
233,29,1.63
233,30,1.883
233,31,0.536
233,32,0.314
233,33,0.124
233,34,0.159
233,35,0.112
233,36,0.303
233,37,0.359
233,38,1.108
233,39,1.158
233,40,0.399
233,41,0.612
233,42,0.449
233,43,0.5
233,44,0.396
233,45,0.406
233,46,1.333
233,47,1.852
233,48,0.422
234,1,0.356
234,2,0.401
234,3,0.41
234,4,0.344
234,5,0.282
234,6,0.222
234,7,0.192
234,8,0.257
234,9,0.273
234,10,0.285
234,11,0.239
234,12,0.215
234,13,0.112
234,14,0.132
234,15,0.155
234,16,0.1
234,17,0.142
234,18,0.148
234,19,0.09
234,20,0.488
234,21,0.354
234,22,1.42
234,23,1.737
234,24,0.692
234,25,0.131
234,26,0.251
234,27,0.438
234,28,0.471
234,29,0.515
234,30,0.52
234,31,0.324
234,32,0.358
234,33,0.32
234,34,0.293
234,35,0.461
234,36,0.408
234,37,0.345
234,38,0.457
234,39,0.39
234,40,1.488
234,41,1.053
234,42,1.147
234,43,0.752
234,44,0.681
234,45,0.468
234,46,0.386
234,47,1.133
234,48,2.152
235,1,0.391
235,2,0.676
235,3,0.369
235,4,0.393
235,5,0.307
235,6,0.378
235,7,0.381
235,8,0.357
235,9,0.213
235,10,0.225
235,11,0.233
235,12,0.186
235,13,0.198
235,14,0.223
235,15,0.22
235,16,0.283
235,17,0.333
235,18,0.33
235,19,0.276
235,20,0.315
235,21,0.25
235,22,0.225
235,23,0.237
235,24,0.457
235,25,0.446
235,26,0.36
235,27,0.441
235,28,0.529
235,29,0.46
235,30,0.458
235,31,0.437
235,32,0.679
235,33,0.525
235,34,0.495
235,35,0.483
235,36,0.445
235,37,0.32
235,38,5.132
235,39,1.514
235,40,0.663
235,41,2.277
235,42,2.491
235,43,2.094
235,44,2.24
235,45,2.922
235,46,3.447
235,47,2.146
235,48,1.854
236,1,0.883
236,2,1.45
236,3,1.571
236,4,1.312
236,5,1.429
236,6,0.242
236,7,0.195
236,8,0.16
236,9,0.225
236,10,0.238
236,11,0.327
236,12,0.213
236,13,0.201
236,14,0.144
236,15,0.164
236,16,1.244
236,17,1.062
236,18,1.583
236,19,0.362
236,20,0.303
236,21,0.314
236,22,0.306
236,23,0.318
236,24,0.378
236,25,0.453
236,26,0.433
236,27,0.951
236,28,1.473
236,29,3.022
236,30,1.062
236,31,1.019
236,32,1.604
236,33,1.291
236,34,3.858
236,35,0.527
236,36,0.38
236,37,1.101
236,38,0.407
236,39,0.586
236,40,1.329
236,41,0.498
236,42,0.639
236,43,0.91
236,44,0.846
236,45,0.786
236,46,0.681
236,47,0.587
236,48,0.753
237,1,0.397
237,2,0.449
237,3,0.178
237,4,0.19
237,5,0.133
237,6,0.171
237,7,0.155
237,8,0.151
237,9,0.174
237,10,0.134
237,11,0.186
237,12,0.121
237,13,0.202
237,14,0.104
237,15,0.2
237,16,0.146
237,17,0.186
237,18,0.101
237,19,0.178
237,20,0.11
237,21,0.164
237,22,0.12
237,23,0.15
237,24,0.145
237,25,0.128
237,26,0.172
237,27,0.104
237,28,0.427
237,29,0.295
237,30,0.37
237,31,0.291
237,32,0.372
237,33,0.298
237,34,0.35
237,35,1.125
237,36,1.112
237,37,0.959
237,38,0.669
237,39,0.538
237,40,0.856
237,41,0.955
237,42,2.393
237,43,3.414
237,44,1.143
237,45,0.658
237,46,0.612
237,47,3.208
237,48,1.455
238,1,0.999
238,2,0.261
238,3,0.27
238,4,0.095
238,5,0.17
238,6,0.106
238,7,0.155
238,8,0.12
238,9,0.141
238,10,0.148
238,11,0.112
238,12,0.173
238,13,0.09
238,14,0.173
238,15,0.09
238,16,1.334
238,17,1.158
238,18,1.166
238,19,0.088
238,20,0.153
238,21,0.118
238,22,0.124
238,23,0.143
238,24,0.101
238,25,0.157
238,26,0.088
238,27,0.161
238,28,0.082
238,29,0.16
238,30,0.083
238,31,0.16
238,32,0.112
238,33,0.213
238,34,0.356
238,35,0.277
238,36,0.347
238,37,0.289
238,38,1.144
238,39,0.716
238,40,0.655
238,41,0.596
238,42,0.614
238,43,0.535
238,44,0.494
238,45,0.829
238,46,0.707
238,47,1.47
238,48,0.793
239,1,0.489
239,2,0.497
239,3,0.483
239,4,0.133
239,5,0.142
239,6,0.154
239,7,0.116
239,8,0.177
239,9,0.1
239,10,0.173
239,11,0.13
239,12,0.145
239,13,0.15
239,14,0.122
239,15,0.187
239,16,0.12
239,17,0.183
239,18,0.102
239,19,0.16
239,20,0.122
239,21,0.136
239,22,0.149
239,23,0.109
239,24,0.165
239,25,0.096
239,26,0.163
239,27,0.128
239,28,0.128
239,29,0.162
239,30,2.255
239,31,0.292
239,32,0.648
239,33,0.498
239,34,0.483
239,35,0.528
239,36,0.988
239,37,0.441
239,38,0.317
239,39,0.404
239,40,0.86
239,41,0.306
239,42,0.198
239,43,0.344
239,44,0.228
239,45,0.198
239,46,0.26
239,47,0.173
239,48,0.347
240,1,0.33
240,2,0.27
240,3,0.233
240,4,0.193
240,5,0.257
240,6,0.168
240,7,0.255
240,8,0.331
240,9,0.171
240,10,0.123
240,11,0.125
240,12,0.143
240,13,0.102
240,14,0.165
240,15,0.201
240,16,0.244
240,17,0.491
240,18,0.223
240,19,0.158
240,20,0.157
240,21,0.104
240,22,0.182
240,23,0.233
240,24,0.438
240,25,0.455
240,26,0.463
240,27,0.481
240,28,1.404
240,29,0.447
240,30,0.509
240,31,0.453
240,32,0.468
240,33,0.393
240,34,0.397
240,35,0.42
240,36,1.23
240,37,0.306
240,38,0.397
240,39,0.223
240,40,0.196
240,41,0.493
240,42,0.581
240,43,1.763
240,44,0.78
240,45,0.78
240,46,0.48
240,47,0.319
240,48,0.386
388,1,0.384
388,2,1.104
388,3,1.24
388,4,1.124
388,5,0.286
388,6,0.185
388,7,0.282
388,8,0.201
388,9,0.23
388,10,0.267
388,11,0.188
388,12,0.256
388,13,0.209
388,14,0.295
388,15,0.342
388,16,0.373
388,17,0.31
388,18,0.409
388,19,0.325
388,20,0.311
388,21,0.356
388,22,1.03
388,23,0.314
388,24,0.554
388,25,1.032
388,26,0.806
388,27,0.581
388,28,0.53
388,29,2.368
388,30,1.385
388,31,1.77
388,32,1.734
388,33,0.722
388,34,0.749
388,35,0.658
388,36,0.718
388,37,1.824
388,38,3.132
388,39,2.411
388,40,2.576
388,41,1.041
388,42,1.077
388,43,1.232
388,44,0.703
388,45,0.734
388,46,0.731
388,47,0.673
388,48,0.746
389,1,0.698
389,2,0.704
389,3,0.736
389,4,0.677
389,5,0.728
389,6,0.305
389,7,0.281
389,8,0.302
389,9,0.214
389,10,0.201
389,11,0.26
389,12,0.198
389,13,0.228
389,14,0.252
389,15,0.192
389,16,0.25
389,17,0.243
389,18,0.25
389,19,0.336
389,20,0.353
389,21,0.976
389,22,0.302
389,23,0.356
389,24,0.286
389,25,0.362
389,26,0.343
389,27,0.738
389,28,1.032
389,29,3.212
389,30,2.661
389,31,2.872
389,32,2.26
389,33,3.674
389,34,3.669
389,35,2.039
389,36,2.096
389,37,2.766
389,38,3.124
389,39,2.078
389,40,2.055
389,41,2.129
389,42,3.47
389,43,3.009
389,44,1.016
389,45,1.832
389,46,2.814
389,47,2.503
389,48,2.376
390,1,0.807
390,2,0.357
390,3,0.369
390,4,0.336
390,5,0.305
390,6,0.345
390,7,0.367
390,8,0.219
390,9,0.224
390,10,0.215
390,11,0.259
390,12,0.329
390,13,0.324
390,14,0.227
390,15,0.223
390,16,0.223
390,17,0.277
390,18,0.324
390,19,0.337
390,20,0.521
390,21,0.412
390,22,0.561
390,23,0.613
390,24,2.059
390,25,0.62
390,26,0.591
390,27,1.299
390,28,2.773
390,29,2.557
390,30,1.876
390,31,1.197
390,32,2.9
390,33,2.94
390,34,2.866
390,35,1.679
390,36,1.764
390,37,2.021
390,38,1.872
390,39,2.064
390,40,2.181
390,41,2.56
390,42,3.518
390,43,3.08
390,44,6.46
390,45,2.119
390,46,0.784
390,47,0.434
390,48,0.379
391,1,0.383
391,2,0.402
391,3,0.402
391,4,0.428
391,5,0.377
391,6,0.288
391,7,0.168
391,8,0.254
391,9,0.177
391,10,0.242
391,11,0.229
391,12,0.206
391,13,0.341
391,14,0.392
391,15,0.356
391,16,0.1
391,17,0.19
391,18,0.113
391,19,0.168
391,20,0.291
391,21,0.311
391,22,0.565
391,23,0.323
391,24,0.358
391,25,0.41
391,26,0.582
391,27,0.76
391,28,0.784
391,29,0.499
391,30,0.525
391,31,0.481
391,32,0.464
391,33,0.475
391,34,0.574
391,35,0.464
391,36,0.563
391,37,0.699
391,38,0.971
391,39,0.976
391,40,0.718
391,41,0.786
391,42,0.815
391,43,1.077
391,44,0.946
391,45,0.529
391,46,0.534
391,47,0.545
391,48,0.41
392,1,0.471
392,2,0.339
392,3,0.304
392,4,0.278
392,5,0.366
392,6,0.345
392,7,0.305
392,8,0.292
392,9,0.208
392,10,0.241
392,11,0.231
392,12,0.223
392,13,0.274
392,14,0.217
392,15,0.316
392,16,0.145
392,17,0.158
392,18,0.161
392,19,0.14
392,20,0.189
392,21,0.137
392,22,0.461
392,23,0.366
392,24,1.179
392,25,1.614
392,26,1.86
392,27,0.314
392,28,0.103
392,29,0.187
392,30,0.132
392,31,0.149
392,32,0.149
392,33,0.141
392,34,0.176
392,35,0.11
392,36,0.176
392,37,0.122
392,38,0.583
392,39,1.09
392,40,0.773
392,41,0.803
392,42,0.614
392,43,0.715
392,44,0.576
392,45,0.39
392,46,0.296
392,47,0.329
392,48,0.192
393,1,0.245
393,2,0.21
393,3,0.253
393,4,0.213
393,5,0.227
393,6,0.218
393,7,0.222
393,8,0.248
393,9,0.195
393,10,0.248
393,11,0.2
393,12,0.269
393,13,0.26
393,14,0.509
393,15,0.157
393,16,0.225
393,17,0.205
393,18,0.279
393,19,0.289
393,20,0.237
393,21,0.23
393,22,0.112
393,23,0.191
393,24,0.147
393,25,0.146
393,26,0.168
393,27,0.133
393,28,0.178
393,29,0.105
393,30,0.178
393,31,0.177
393,32,0.272
393,33,0.191
393,34,0.262
393,35,0.176
393,36,0.245
393,37,0.301
393,38,1.012
393,39,0.679
393,40,0.663
393,41,0.731
393,42,0.713
393,43,0.74
393,44,0.622
393,45,0.442
393,46,0.429
393,47,0.264
393,48,0.195
394,1,0.237
394,2,0.195
394,3,0.881
394,4,0.725
394,5,0.276
394,6,0.267
394,7,0.167
394,8,0.244
394,9,0.226
394,10,0.225
394,11,0.246
394,12,0.183
394,13,0.312
394,14,0.312
394,15,0.296
394,16,0.163
394,17,0.111
394,18,0.174
394,19,0.134
394,20,0.145
394,21,0.157
394,22,0.115
394,23,0.175
394,24,0.125
394,25,0.152
394,26,0.16
394,27,0.233
394,28,0.452
394,29,4.95
394,30,0.395
394,31,0.318
394,32,0.405
394,33,0.308
394,34,0.311
394,35,0.236
394,36,0.685
394,37,0.866
394,38,1.132
394,39,1.113
394,40,0.975
394,41,1.017
394,42,0.842
394,43,0.782
394,44,0.773
394,45,0.4
394,46,0.381
394,47,0.434
394,48,0.361
395,1,0.304
395,2,0.24
395,3,0.196
395,4,0.255
395,5,0.198
395,6,0.221
395,7,0.254
395,8,0.179
395,9,0.254
395,10,0.208
395,11,0.221
395,12,0.248
395,13,0.189
395,14,0.246
395,15,0.187
395,16,0.215
395,17,0.228
395,18,0.165
395,19,0.231
395,20,0.401
395,21,1.043
395,22,0.996
395,23,0.555
395,24,0.568
395,25,0.595
395,26,0.514
395,27,0.596
395,28,0.527
395,29,0.591
395,30,0.583
395,31,0.602
395,32,0.597
395,33,0.555
395,34,0.637
395,35,1.136
395,36,1.947
395,37,1.201
395,38,0.959
395,39,2.866
395,40,3.213
395,41,3.273
395,42,2.465
395,43,2.078
395,44,2.739
395,45,2.349
395,46,1.653
395,47,1.575
395,48,0.719
396,1,2.199
396,2,2.962
396,3,1.972
396,4,1.425
396,5,0.345
396,6,0.229
396,7,0.264
396,8,0.18
396,9,0.263
396,10,0.302
396,11,0.247
396,12,0.272
396,13,0.215
396,14,0.245
396,15,0.233
396,16,0.598
396,17,1.628
396,18,1.662
396,19,1.848
396,20,1.119
396,21,0.559
396,22,3.043
396,23,3.635
396,24,3.516
396,25,1.657
396,26,2.663
396,27,2.979
396,28,3.799
396,29,1.468
396,30,0.816
396,31,0.708
396,32,0.527
396,33,0.521
396,34,1.181
396,35,1.861
396,36,3.585
396,37,2.37
396,38,1.902
396,39,2.113
396,40,2.15
396,41,2.091
396,42,2.003
396,43,1.995
396,44,1.136
396,45,4.084
396,46,2.144
396,47,0.818
396,48,0.568
397,1,0.287
397,2,0.375
397,3,0.306
397,4,0.296
397,5,0.285
397,6,0.206
397,7,0.212
397,8,0.251
397,9,0.196
397,10,0.241
397,11,0.239
397,12,0.212
397,13,0.834
397,14,0.844
397,15,1.56
397,16,1.618
397,17,0.618
397,18,0.157
397,19,0.111
397,20,0.174
397,21,0.094
397,22,0.165
397,23,0.139
397,24,0.124
397,25,0.161
397,26,0.1
397,27,0.166
397,28,1.166
397,29,0.296
397,30,0.366
397,31,0.325
397,32,0.393
397,33,0.48
397,34,0.393
397,35,0.186
397,36,0.144
397,37,1.387
397,38,2.039
397,39,0.999
397,40,0.987
397,41,1.003
397,42,1.11
397,43,1.097
397,44,1.099
397,45,1.076
397,46,2.282
397,47,1.675
397,48,1.269
398,1,0.607
398,2,0.54
398,3,0.701
398,4,0.531
398,5,0.135
398,6,0.176
398,7,0.099
398,8,0.169
398,9,0.12
398,10,0.157
398,11,0.128
398,12,0.141
398,13,0.255
398,14,0.234
398,15,2.321
398,16,1.051
398,17,0.354
398,18,0.127
398,19,0.145
398,20,0.159
398,21,0.109
398,22,0.173
398,23,0.097
398,24,0.168
398,25,0.108
398,26,0.155
398,27,0.145
398,28,0.125
398,29,0.154
398,30,0.108
398,31,0.171
398,32,0.097
398,33,0.166
398,34,0.097
398,35,0.161
398,36,0.116
398,37,0.63
398,38,1.865
398,39,0.628
398,40,0.493
398,41,0.359
398,42,0.324
398,43,0.304
398,44,0.301
398,45,0.335
398,46,0.277
398,47,0.35
398,48,0.293
399,1,0.331
399,2,0.307
399,3,0.308
399,4,0.334
399,5,0.278
399,6,0.352
399,7,0.278
399,8,0.336
399,9,0.332
399,10,0.297
399,11,0.359
399,12,0.183
399,13,0.254
399,14,0.339
399,15,0.361
399,16,0.175
399,17,0.1
399,18,0.18
399,19,0.112
399,20,0.166
399,21,0.128
399,22,0.154
399,23,0.142
399,24,0.129
399,25,0.179
399,26,0.096
399,27,0.18
399,28,0.096
399,29,0.172
399,30,0.124
399,31,0.151
399,32,0.138
399,33,0.136
399,34,0.15
399,35,0.115
399,36,0.174
399,37,0.095
399,38,1.479
399,39,1.238
399,40,0.805
399,41,0.573
399,42,0.479
399,43,0.306
399,44,0.311
399,45,0.321
399,46,0.285
399,47,0.347
399,48,0.268
400,1,0.36
400,2,0.277
400,3,0.351
400,4,0.297
400,5,0.322
400,6,0.324
400,7,0.309
400,8,0.346
400,9,0.29
400,10,0.363
400,11,0.293
400,12,0.338
400,13,0.337
400,14,0.408
400,15,0.198
400,16,0.119
400,17,0.189
400,18,0.207
400,19,0.277
400,20,0.268
400,21,0.232
400,22,0.216
400,23,0.122
400,24,0.169
400,25,0.149
400,26,0.132
400,27,0.173
400,28,0.102
400,29,0.171
400,30,0.131
400,31,0.144
400,32,0.15
400,33,0.115
400,34,0.176
400,35,0.096
400,36,0.546
400,37,1.097
400,38,1.489
400,39,1.224
400,40,1.127
400,41,1.118
400,42,1.472
400,43,0.895
400,44,0.819
400,45,0.849
400,46,0.881
400,47,0.71
400,48,0.896
401,1,0.831
401,2,0.917
401,3,0.726
401,4,0.665
401,5,0.401
401,6,0.175
401,7,0.259
401,8,0.182
401,9,0.231
401,10,0.197
401,11,0.206
401,12,0.249
401,13,0.177
401,14,0.25
401,15,0.163
401,16,0.245
401,17,0.207
401,18,0.213
401,19,0.42
401,20,0.459
401,21,0.504
401,22,0.791
401,23,0.906
401,24,0.564
401,25,0.618
401,26,0.622
401,27,1.434
401,28,1.865
401,29,2.284
401,30,0.831
401,31,1.093
401,32,0.725
401,33,0.72
401,34,0.647
401,35,0.69
401,36,0.675
401,37,0.632
401,38,0.775
401,39,0.937
401,40,0.833
401,41,0.835
401,42,2.105
401,43,1.471
401,44,1.003
401,45,1.092
401,46,2.15
401,47,2.093
401,48,2.542
402,1,1.332
402,2,1.681
402,3,1.672
402,4,1.45
402,5,1.254
402,6,0.309
402,7,0.343
402,8,0.363
402,9,0.31
402,10,0.297
402,11,0.198
402,12,0.267
402,13,0.208
402,14,0.244
402,15,0.256
402,16,0.235
402,17,0.482
402,18,0.49
402,19,0.572
402,20,0.509
402,21,1.882
402,22,1.77
402,23,1.671
402,24,1.376
402,25,0.547
402,26,0.535
402,27,0.337
402,28,0.463
402,29,1.389
402,30,2.412
402,31,1.682
402,32,1.421
402,33,1.232
402,34,0.294
402,35,0.435
402,36,0.43
402,37,0.41
402,38,1.682
402,39,0.724
402,40,0.604
402,41,0.365
402,42,0.365
402,43,0.37
402,44,0.327
402,45,0.389
402,46,0.306
402,47,0.376
402,48,0.344
403,1,0.342
403,2,0.383
403,3,0.314
403,4,0.379
403,5,0.352
403,6,0.345
403,7,0.518
403,8,0.496
403,9,0.497
403,10,0.439
403,11,0.393
403,12,0.509
403,13,0.474
403,14,0.506
403,15,0.553
403,16,0.438
403,17,0.3
403,18,0.201
403,19,0.243
403,20,0.15
403,21,0.385
403,22,0.482
403,23,0.367
403,24,0.391
403,25,0.307
403,26,0.412
403,27,0.394
403,28,0.37
403,29,0.341
403,30,1.122
403,31,1.522
403,32,0.477
403,33,0.439
403,34,0.382
403,35,0.448
403,36,0.463
403,37,0.534
403,38,0.48
403,39,0.857
403,40,0.97
403,41,0.699
403,42,0.49
403,43,0.412
403,44,0.828
403,45,0.52
403,46,0.73
403,47,0.524
403,48,0.38
404,1,0.373
404,2,0.347
404,3,0.532
404,4,0.468
404,5,0.447
404,6,0.411
404,7,0.411
404,8,0.434
404,9,0.396
404,10,0.45
404,11,0.389
404,12,0.322
404,13,0.204
404,14,0.26
404,15,0.211
404,16,0.245
404,17,0.214
404,18,0.221
404,19,0.359
404,20,0.467
404,21,0.645
404,22,0.574
404,23,0.613
404,24,1.321
404,25,1.716
404,26,1.052
404,27,0.536
404,28,0.484
404,29,0.527
404,30,0.502
404,31,0.482
404,32,0.494
404,33,0.61
404,34,0.665
404,35,0.969
404,36,0.603
404,37,1.828
404,38,2.111
404,39,1.08
404,40,1.326
404,41,3.341
404,42,3.541
404,43,3.467
404,44,2.284
404,45,1.706
404,46,3.106
404,47,2.27
404,48,1.87
405,1,0.829
405,2,0.417
405,3,0.233
405,4,0.195
405,5,0.245
405,6,0.21
405,7,0.187
405,8,0.242
405,9,0.186
405,10,0.229
405,11,0.235
405,12,0.194
405,13,0.675
405,14,0.497
405,15,0.346
405,16,0.102
405,17,0.171
405,18,0.142
405,19,0.132
405,20,0.305
405,21,0.561
405,22,2.567
405,23,0.688
405,24,1.082
405,25,0.593
405,26,0.523
405,27,0.538
405,28,0.313
405,29,0.399
405,30,0.155
405,31,0.154
405,32,0.13
405,33,0.167
405,34,0.111
405,35,0.179
405,36,0.094
405,37,1.157
405,38,0.932
405,39,0.487
405,40,0.768
405,41,0.917
405,42,0.811
405,43,0.596
405,44,0.475
405,45,0.648
405,46,0.66
405,47,0.749
405,48,0.288
406,1,0.333
406,2,0.347
406,3,0.352
406,4,0.285
406,5,0.275
406,6,0.173
406,7,0.234
406,8,0.196
406,9,0.221
406,10,0.242
406,11,0.18
406,12,0.358
406,13,0.376
406,14,0.681
406,15,0.206
406,16,0.168
406,17,0.118
406,18,0.155
406,19,0.126
406,20,0.136
406,21,0.17
406,22,0.505
406,23,0.213
406,24,0.103
406,25,0.166
406,26,0.097
406,27,0.175
406,28,0.098
406,29,0.169
406,30,0.121
406,31,0.15
406,32,0.128
406,33,0.135
406,34,0.159
406,35,0.11
406,36,0.156
406,37,0.097
406,38,0.332
406,39,1.137
406,40,1.941
406,41,1.944
406,42,1.986
406,43,1.423
406,44,2.202
406,45,1.771
406,46,1.73
406,47,0.737
406,48,0.345
407,1,0.325
407,2,0.384
407,3,0.328
407,4,0.368
407,5,0.35
407,6,0.347
407,7,0.37
407,8,0.311
407,9,0.378
407,10,0.339
407,11,0.348
407,12,0.381
407,13,0.365
407,14,1.297
407,15,1.337
407,16,1.756
407,17,0.13
407,18,0.179
407,19,0.143
407,20,0.158
407,21,0.162
407,22,0.13
407,23,0.189
407,24,0.111
407,25,0.184
407,26,0.13
407,27,0.166
407,28,0.153
407,29,0.148
407,30,0.17
407,31,0.123
407,32,0.192
407,33,0.111
407,34,0.181
407,35,0.136
407,36,0.157
407,37,0.146
407,38,0.135
407,39,0.186
407,40,0.109
407,41,0.177
407,42,0.894
407,43,0.713
407,44,1.234
407,45,2.168
407,46,2.053
407,47,1.629
407,48,2.853
408,1,0.375
408,2,0.406
408,3,0.322
408,4,0.403
408,5,0.289
408,6,0.298
408,7,0.199
408,8,0.262
408,9,0.208
408,10,0.221
408,11,0.255
408,12,0.183
408,13,0.353
408,14,0.675
408,15,0.261
408,16,0.176
408,17,0.112
408,18,0.18
408,19,0.121
408,20,0.18
408,21,0.74
408,22,0.137
408,23,0.175
408,24,0.136
408,25,0.375
408,26,0.482
408,27,1.487
408,28,1.429
408,29,1.287
408,30,0.932
408,31,0.249
408,32,0.221
408,33,0.487
408,34,0.193
408,35,0.234
408,36,0.532
408,37,0.263
408,38,0.943
408,39,0.424
408,40,0.352
408,41,0.354
408,42,0.299
408,43,0.357
408,44,0.324
408,45,0.332
408,46,0.368
408,47,0.296
408,48,0.366
409,1,0.332
409,2,0.321
409,3,0.365
409,4,0.291
409,5,0.357
409,6,0.344
409,7,0.205
409,8,0.256
409,9,0.223
409,10,0.219
409,11,0.26
409,12,0.19
409,13,0.249
409,14,0.205
409,15,0.235
409,16,0.248
409,17,0.437
409,18,0.374
409,19,0.279
409,20,0.295
409,21,0.258
409,22,0.23
409,23,0.186
409,24,0.147
409,25,0.119
409,26,0.175
409,27,0.126
409,28,0.137
409,29,0.174
409,30,0.1
409,31,0.164
409,32,0.119
409,33,0.147
409,34,0.144
409,35,0.118
409,36,0.157
409,37,0.105
409,38,0.16
409,39,0.121
409,40,0.138
409,41,0.173
409,42,0.791
409,43,0.501
409,44,0.477
409,45,0.293
409,46,0.354
409,47,0.315
409,48,0.357
410,1,0.344
410,2,0.293
410,3,0.363
410,4,0.302
410,5,0.329
410,6,0.35
410,7,0.282
410,8,0.365
410,9,0.312
410,10,0.33
410,11,0.347
410,12,0.292
410,13,0.337
410,14,0.347
410,15,0.312
410,16,0.384
410,17,0.298
410,18,0.345
410,19,0.43
410,20,0.327
410,21,0.345
410,22,0.288
410,23,0.365
410,24,0.299
410,25,0.28
410,26,0.256
410,27,0.183
410,28,0.233
410,29,0.191
410,30,0.122
410,31,0.182
410,32,0.122
410,33,0.149
410,34,0.173
410,35,0.174
410,36,0.23
410,37,0.228
410,38,0.283
410,39,0.619
410,40,0.563
410,41,0.611
410,42,1.144
410,43,1.659
410,44,1.778
410,45,1.743
410,46,0.604
410,47,0.409
410,48,0.275
411,1,0.339
411,2,0.322
411,3,0.297
411,4,0.356
411,5,0.288
411,6,0.329
411,7,0.335
411,8,0.289
411,9,0.36
411,10,0.315
411,11,0.322
411,12,0.366
411,13,0.491
411,14,0.696
411,15,0.293
411,16,0.211
411,17,0.23
411,18,0.319
411,19,0.212
411,20,0.222
411,21,0.142
411,22,0.186
411,23,0.136
411,24,0.146
411,25,0.175
411,26,0.109
411,27,0.159
411,28,0.165
411,29,0.111
411,30,0.177
411,31,0.124
411,32,0.143
411,33,0.177
411,34,0.099
411,35,0.334
411,36,0.67
411,37,1.285
411,38,1.473
411,39,1.522
411,40,0.894
411,41,1.011
411,42,0.719
411,43,0.458
411,44,0.432
411,45,0.35
411,46,0.43
411,47,0.394
411,48,0.364
412,1,0.233
412,2,0.184
412,3,0.248
412,4,0.164
412,5,0.247
412,6,0.182
412,7,0.221
412,8,0.23
412,9,0.199
412,10,0.256
412,11,0.173
412,12,0.244
412,13,0.211
412,14,0.217
412,15,0.239
412,16,0.186
412,17,0.433
412,18,0.294
412,19,0.618
412,20,0.556
412,21,0.592
412,22,0.78
412,23,2.784
412,24,0.597
412,25,0.565
412,26,0.608
412,27,0.802
412,28,0.587
412,29,0.476
412,30,0.514
412,31,0.493
412,32,0.469
412,33,0.566
412,34,0.596
412,35,0.621
412,36,0.832
412,37,0.828
412,38,0.814
412,39,0.901
412,40,0.679
412,41,0.826
412,42,0.818
412,43,0.651
412,44,1.101
412,45,0.563
412,46,0.494
412,47,0.48
412,48,0.48
413,1,0.391
413,2,0.191
413,3,0.251
413,4,0.171
413,5,0.256
413,6,0.166
413,7,0.259
413,8,0.171
413,9,0.244
413,10,0.178
413,11,0.24
413,12,0.207
413,13,0.376
413,14,0.615
413,15,0.398
413,16,0.393
413,17,0.413
413,18,0.406
413,19,0.414
413,20,0.407
413,21,0.405
413,22,0.421
413,23,0.578
413,24,1.667
413,25,1.892
413,26,1.159
413,27,0.386
413,28,0.718
413,29,0.379
413,30,0.452
413,31,0.375
413,32,0.455
413,33,0.365
413,34,0.452
413,35,0.383
413,36,0.592
413,37,0.572
413,38,0.617
413,39,0.576
413,40,0.617
413,41,2.194
413,42,1.777
413,43,0.875
413,44,0.823
413,45,0.663
413,46,0.554
413,47,0.537
413,48,0.409
414,1,0.391
414,2,0.313
414,3,0.355
414,4,0.275
414,5,0.219
414,6,0.239
414,7,0.193
414,8,0.259
414,9,0.206
414,10,0.238
414,11,0.215
414,12,0.221
414,13,0.425
414,14,0.371
414,15,0.232
414,16,0.122
414,17,0.206
414,18,0.399
414,19,0.399
414,20,0.448
414,21,0.358
414,22,0.434
414,23,0.697
414,24,0.475
414,25,0.451
414,26,0.488
414,27,0.556
414,28,1.12
414,29,0.895
414,30,0.446
414,31,0.46
414,32,0.479
414,33,0.306
414,34,0.415
414,35,0.38
414,36,1.684
414,37,2.508
414,38,0.641
414,39,0.704
414,40,1.778
414,41,1.167
414,42,0.783
414,43,0.75
414,44,0.886
414,45,0.719
414,46,0.537
414,47,0.529
414,48,0.452
415,1,0.477
415,2,0.358
415,3,0.335
415,4,0.35
415,5,0.201
415,6,0.247
415,7,0.164
415,8,0.252
415,9,0.188
415,10,0.244
415,11,0.209
415,12,0.232
415,13,0.406
415,14,0.497
415,15,1.512
415,16,1.308
415,17,1.247
415,18,0.205
415,19,0.478
415,20,0.496
415,21,0.482
415,22,0.56
415,23,0.841
415,24,1.205
415,25,1.604
415,26,0.678
415,27,0.534
415,28,0.644
415,29,0.557
415,30,0.478
415,31,0.533
415,32,0.535
415,33,0.494
415,34,0.492
415,35,0.418
415,36,0.465
415,37,2.102
415,38,1.801
415,39,1.116
415,40,0.693
415,41,0.599
415,42,0.517
415,43,0.453
415,44,0.526
415,45,0.547
415,46,0.645
415,47,0.581
415,48,0.546
