213,1,0.152
213,2,0.213
213,3,0.166
213,4,0.144
213,5,0.216
213,6,0.165
213,7,0.15
213,8,0.217
213,9,0.156
213,10,0.164
213,11,0.216
213,12,0.137
213,13,0.187
213,14,0.202
213,15,0.127
213,16,0.205
213,17,0.172
213,18,0.136
213,19,0.782
213,20,0.41
213,21,0.16
213,22,0.211
213,23,0.137
213,24,0.173
213,25,0.222
213,26,0.849
213,27,0.367
213,28,0.214
213,29,0.134
213,30,0.187
213,31,0.214
213,32,0.146
213,33,0.177
213,34,0.214
213,35,0.151
213,36,0.153
213,37,0.212
213,38,0.165
213,39,0.147
213,40,0.216
213,41,0.158
213,42,0.169
213,43,0.344
213,44,0.245
213,45,0.214
213,46,0.264
213,47,0.168
213,48,0.146
214,1,0.216
214,2,0.163
214,3,0.195
214,4,0.256
214,5,0.187
214,6,0.215
214,7,0.255
214,8,0.171
214,9,0.188
214,10,0.141
214,11,0.094
214,12,0.174
214,13,0.106
214,14,0.129
214,15,0.155
214,16,0.083
214,17,0.163
214,18,0.179
214,19,0.098
214,20,0.299
214,21,0.115
214,22,0.118
214,23,0.169
214,24,0.103
214,25,0.123
214,26,0.166
214,27,0.084
214,28,0.143
214,29,0.15
214,30,0.084
214,31,0.169
214,32,0.128
214,33,0.1
214,34,0.173
214,35,0.114
214,36,0.112
214,37,0.198
214,38,0.185
214,39,0.109
214,40,0.19
214,41,0.226
214,42,0.163
214,43,0.148
214,44,0.216
214,45,0.185
214,46,0.125
214,47,0.209
214,48,0.202
215,1,0.126
215,2,0.194
215,3,0.207
215,4,0.128
215,5,0.197
215,6,0.203
215,7,0.129
215,8,0.202
215,9,0.189
215,10,0.127
215,11,0.216
215,12,0.178
215,13,0.14
215,14,0.219
215,15,0.16
215,16,0.15
215,17,0.21
215,18,0.141
215,19,0.672
215,20,0.212
215,21,0.129
215,22,0.184
215,23,0.203
215,24,0.126
215,25,0.197
215,26,0.193
215,27,0.357
215,28,1.023
215,29,0.519
215,30,0.279
215,31,0.248
215,32,0.245
215,33,0.237
215,34,0.163
215,35,0.217
215,36,0.57
215,37,0.212
215,38,0.164
215,39,0.217
215,40,0.241
215,41,0.181
215,42,0.184
215,43,0.235
215,44,0.19
215,45,0.168
215,46,0.214
215,47,0.175
215,48,0.177
216,1,0.235
216,2,0.177
216,3,0.196
216,4,0.233
216,5,0.158
216,6,0.202
216,7,0.232
216,8,0.15
216,9,0.215
216,10,0.223
216,11,0.15
216,12,0.214
216,13,0.185
216,14,0.123
216,15,0.077
216,16,0.0
216,17,0.0
216,18,0.0
216,19,0.0
216,20,0.648
216,21,0.21
216,22,0.201
216,23,0.169
216,24,0.135
216,25,0.21
216,26,0.294
216,27,0.166
216,28,0.149
216,29,0.209
216,30,0.186
216,31,0.12
216,32,0.212
216,33,0.39
216,34,0.301
216,35,0.288
216,36,0.397
216,37,0.208
216,38,0.344
216,39,0.144
216,40,0.178
216,41,0.231
216,42,0.361
216,43,0.294
216,44,0.303
216,45,0.229
216,46,0.171
216,47,0.144
216,48,0.224
217,1,0.2
217,2,0.131
217,3,0.212
217,4,0.204
217,5,0.129
217,6,0.208
217,7,0.208
217,8,0.128
217,9,0.247
217,10,0.207
217,11,0.127
217,12,0.203
217,13,0.189
217,14,0.134
217,15,0.218
217,16,0.169
217,17,0.148
217,18,0.37
217,19,0.162
217,20,0.294
217,21,0.555
217,22,0.19
217,23,1.158
217,24,0.905
217,25,0.456
217,26,0.163
217,27,0.152
217,28,0.217
217,29,0.271
217,30,0.157
217,31,0.213
217,32,0.256
217,33,0.127
217,34,0.315
217,35,0.369
217,36,0.319
217,37,0.662
217,38,0.259
217,39,0.242
217,40,0.167
217,41,0.194
217,42,0.302
217,43,0.212
217,44,0.189
217,45,0.311
217,46,0.23
217,47,0.155
217,48,0.202
218,1,0.228
218,2,0.174
218,3,0.173
218,4,0.232
218,5,0.186
218,6,0.167
218,7,0.235
218,8,0.201
218,9,0.163
218,10,0.237
218,11,0.18
218,12,0.171
218,13,0.23
218,14,0.16
218,15,0.193
218,16,0.221
218,17,0.334
218,18,0.228
218,19,0.169
218,20,0.182
218,21,0.412
218,22,0.16
218,23,0.196
218,24,0.228
218,25,0.608
218,26,0.235
218,27,0.268
218,28,0.197
218,29,0.237
218,30,0.38
218,31,0.159
218,32,0.206
218,33,0.231
218,34,0.154
218,35,0.208
218,36,0.346
218,37,0.194
218,38,0.229
218,39,0.245
218,40,0.199
218,41,0.152
218,42,0.237
218,43,0.245
218,44,0.378
218,45,0.257
218,46,0.167
218,47,0.197
218,48,0.228
219,1,0.159
219,2,0.192
219,3,0.23
219,4,0.163
219,5,0.201
219,6,0.216
219,7,0.143
219,8,0.23
219,9,0.181
219,10,0.168
219,11,0.231
219,12,0.163
219,13,0.191
219,14,0.419
219,15,0.428
219,16,0.229
219,17,0.156
219,18,0.192
219,19,0.22
219,20,0.142
219,21,0.344
219,22,0.196
219,23,0.212
219,24,0.395
219,25,0.165
219,26,0.295
219,27,0.229
219,28,0.143
219,29,0.313
219,30,0.223
219,31,0.143
219,32,0.227
219,33,0.431
219,34,1.914
219,35,0.237
219,36,0.456
219,37,0.196
219,38,0.16
219,39,0.24
219,40,0.23
219,41,0.251
219,42,0.232
219,43,0.316
219,44,0.243
219,45,0.194
219,46,0.206
219,47,0.24
219,48,0.232
220,1,0.165
220,2,0.151
220,3,0.194
220,4,0.158
220,5,0.117
220,6,0.194
220,7,0.147
220,8,0.128
220,9,0.193
220,10,0.131
220,11,0.149
220,12,0.19
220,13,0.117
220,14,0.158
220,15,0.188
220,16,0.102
220,17,0.171
220,18,0.175
220,19,0.101
220,20,0.679
220,21,0.421
220,22,0.107
220,23,0.229
220,24,0.823
220,25,0.874
220,26,0.556
220,27,0.309
220,28,0.193
220,29,0.131
220,30,0.189
220,31,0.308
220,32,0.197
220,33,0.189
220,34,0.14
220,35,0.129
220,36,0.245
220,37,0.17
220,38,0.105
220,39,0.195
220,40,0.185
220,41,0.11
220,42,0.162
220,43,0.191
220,44,0.127
220,45,0.142
220,46,0.192
220,47,0.126
220,48,0.143
221,1,0.191
221,2,0.134
221,3,0.136
221,4,0.193
221,5,0.324
221,6,0.301
221,7,0.192
221,8,0.181
221,9,0.145
221,10,0.202
221,11,0.121
221,12,0.157
221,13,0.187
221,14,0.492
221,15,0.409
221,16,0.154
221,17,0.126
221,18,0.192
221,19,0.128
221,20,0.143
221,21,0.189
221,22,0.171
221,23,0.167
221,24,0.188
221,25,0.104
221,26,0.173
221,27,0.177
221,28,0.123
221,29,0.219
221,30,0.181
221,31,0.142
221,32,0.206
221,33,0.144
221,34,0.129
221,35,0.244
221,36,0.134
221,37,0.136
221,38,0.188
221,39,0.776
221,40,0.196
221,41,0.281
221,42,0.241
221,43,0.549
221,44,0.53
221,45,0.179
221,46,0.137
221,47,0.299
221,48,0.177
222,1,0.136
222,2,0.217
222,3,0.172
222,4,0.143
222,5,0.21
222,6,0.155
222,7,0.168
222,8,0.208
222,9,0.133
222,10,0.18
222,11,0.192
222,12,0.121
222,13,0.206
222,14,0.166
222,15,0.152
222,16,0.212
222,17,0.615
222,18,0.274
222,19,1.467
222,20,2.392
222,21,0.666
222,22,0.25
222,23,0.168
222,24,0.526
222,25,0.254
222,26,0.187
222,27,0.223
222,28,0.259
222,29,0.255
222,30,0.233
222,31,0.215
222,32,0.259
222,33,0.258
222,34,0.747
222,35,0.321
222,36,0.276
222,37,0.277
222,38,0.189
222,39,0.262
222,40,0.258
222,41,0.193
222,42,0.21
222,43,0.443
222,44,0.275
222,45,0.186
222,46,0.263
222,47,0.228
222,48,0.171
223,1,0.222
223,2,0.192
223,3,0.127
223,4,0.21
223,5,0.195
223,6,0.126
223,7,0.264
223,8,0.211
223,9,0.137
223,10,0.212
223,11,0.207
223,12,0.139
223,13,0.218
223,14,0.196
223,15,0.136
223,16,0.74
223,17,0.207
223,18,0.206
223,19,0.151
223,20,0.214
223,21,0.166
223,22,0.149
223,23,0.763
223,24,0.36
223,25,0.122
223,26,0.191
223,27,0.209
223,28,0.229
223,29,0.357
223,30,0.459
223,31,0.33
223,32,0.302
223,33,0.371
223,34,0.47
223,35,0.158
223,36,0.163
223,37,0.124
223,38,0.043
223,39,0.111
223,40,0.126
223,41,0.181
223,42,0.321
223,43,0.254
223,44,0.092
223,45,0.222
223,46,0.179
223,47,0.142
223,48,0.218
224,1,0.164
224,2,0.161
224,3,0.217
224,4,0.14
224,5,0.17
224,6,0.115
224,7,0.04
224,8,0.122
224,9,0.09
224,10,0.045
224,11,0.133
224,12,0.076
224,13,0.058
224,14,0.131
224,15,0.064
224,16,0.142
224,17,0.113
224,18,0.569
224,19,0.128
224,20,0.054
224,21,0.239
224,22,0.123
224,23,0.042
224,24,0.125
224,25,0.181
224,26,0.077
224,27,0.445
224,28,0.208
224,29,0.283
224,30,0.201
224,31,0.286
224,32,0.287
224,33,0.219
224,34,0.554
224,35,0.788
224,36,0.16
224,37,0.374
224,38,0.243
224,39,0.13
224,40,0.12
224,41,0.044
224,42,0.116
224,43,0.203
224,44,0.318
224,45,0.129
224,46,0.223
224,47,0.222
224,48,0.152
225,1,0.197
225,2,0.242
225,3,0.149
225,4,0.179
225,5,0.22
225,6,0.153
225,7,0.186
225,8,0.22
225,9,0.143
225,10,0.194
225,11,0.216
225,12,0.184
225,13,0.206
225,14,0.21
225,15,0.132
225,16,0.699
225,17,0.197
225,18,0.122
225,19,0.202
225,20,0.181
225,21,0.286
225,22,0.209
225,23,0.141
225,24,0.289
225,25,0.715
225,26,0.377
225,27,0.543
225,28,0.33
225,29,0.2
225,30,0.124
225,31,0.203
225,32,0.63
225,33,0.27
225,34,0.334
225,35,0.343
225,36,0.204
225,37,0.328
225,38,0.565
225,39,0.229
225,40,0.438
225,41,0.322
225,42,0.3
225,43,0.431
225,44,0.351
225,45,0.247
225,46,0.149
225,47,0.21
225,48,0.232
226,1,0.16
226,2,0.244
226,3,0.31
226,4,0.247
226,5,0.263
226,6,0.314
226,7,0.263
226,8,0.249
226,9,0.317
226,10,0.269
226,11,0.24
226,12,0.317
226,13,0.275
226,14,0.225
226,15,0.506
226,16,0.746
226,17,0.224
226,18,0.312
226,19,0.325
226,20,0.328
226,21,0.563
226,22,0.372
226,23,0.284
226,24,0.27
226,25,0.314
226,26,0.44
226,27,0.908
226,28,0.299
226,29,0.415
226,30,0.438
226,31,0.372
226,32,0.476
226,33,0.405
226,34,0.394
226,35,0.38
226,36,0.308
226,37,0.373
226,38,0.388
226,39,0.367
226,40,0.293
226,41,0.23
226,42,1.014
226,43,0.392
226,44,0.484
226,45,0.349
226,46,0.314
226,47,0.292
226,48,0.289
227,1,0.26
227,2,0.15
227,3,0.19
227,4,0.23
227,5,0.226
227,6,0.18
227,7,0.275
227,8,0.33
227,9,0.307
227,10,0.28
227,11,0.258
227,12,0.219
227,13,0.231
227,14,0.227
227,15,0.144
227,16,0.193
227,17,0.674
227,18,0.215
227,19,0.199
227,20,0.372
227,21,0.289
227,22,0.284
227,23,1.085
227,24,2.475
227,25,2.466
227,26,2.462
227,27,2.418
227,28,2.662
227,29,2.433
227,30,2.443
227,31,2.529
227,32,2.668
227,33,2.62
227,34,0.649
227,35,0.421
227,36,0.416
227,37,0.309
227,38,0.664
227,39,0.417
227,40,0.343
227,41,0.312
227,42,0.32
227,43,0.362
227,44,0.262
227,45,0.189
227,46,0.129
227,47,0.211
227,48,0.215
228,1,0.179
228,2,0.127
228,3,0.221
228,4,0.214
228,5,0.152
228,6,0.16
228,7,0.265
228,8,0.192
228,9,0.129
228,10,0.207
228,11,0.214
228,12,0.136
228,13,0.177
228,14,0.215
228,15,0.163
228,16,0.149
228,17,0.213
228,18,0.371
228,19,0.26
228,20,0.134
228,21,0.264
228,22,0.178
228,23,0.129
228,24,0.217
228,25,0.194
228,26,0.123
228,27,0.198
228,28,0.211
228,29,0.604
228,30,0.704
228,31,0.149
228,32,0.161
228,33,0.217
228,34,0.212
228,35,0.163
228,36,0.137
228,37,0.216
228,38,0.208
228,39,0.143
228,40,0.164
228,41,0.311
228,42,0.198
228,43,0.19
228,44,0.257
228,45,0.254
228,46,0.177
228,47,0.224
228,48,0.252
229,1,0.237
229,2,0.213
229,3,0.256
229,4,0.195
229,5,0.208
229,6,0.256
229,7,0.202
229,8,0.19
229,9,0.257
229,10,0.213
229,11,0.174
229,12,0.258
229,13,0.221
229,14,0.165
229,15,0.25
229,16,0.219
229,17,0.802
229,18,0.255
229,19,0.215
229,20,0.163
229,21,0.31
229,22,0.229
229,23,0.163
229,24,0.246
229,25,0.348
229,26,0.342
229,27,0.366
229,28,0.412
229,29,0.307
229,30,0.196
229,31,0.275
229,32,0.268
229,33,0.231
229,34,0.477
229,35,0.302
229,36,0.303
229,37,0.284
229,38,0.479
229,39,0.592
229,40,0.264
229,41,0.188
229,42,0.303
229,43,0.302
229,44,0.278
229,45,0.194
229,46,0.277
229,47,0.276
229,48,0.187
230,1,0.254
230,2,0.273
230,3,0.215
230,4,0.214
230,5,0.276
230,6,0.242
230,7,0.187
230,8,0.279
230,9,0.264
230,10,0.186
230,11,0.255
230,12,0.271
230,13,0.197
230,14,0.235
230,15,0.27
230,16,0.21
230,17,0.757
230,18,0.318
230,19,0.215
230,20,0.2
230,21,0.276
230,22,0.326
230,23,1.077
230,24,0.552
230,25,0.466
230,26,0.169
230,27,0.177
230,28,0.238
230,29,0.228
230,30,0.157
230,31,0.269
230,32,0.231
230,33,0.228
230,34,0.19
230,35,0.149
230,36,0.238
230,37,0.459
230,38,0.321
230,39,0.198
230,40,0.178
230,41,0.348
230,42,0.415
230,43,0.374
230,44,0.191
230,45,0.154
230,46,0.215
230,47,0.208
230,48,0.168
231,1,0.133
231,2,0.216
231,3,0.208
231,4,0.16
231,5,0.139
231,6,0.215
231,7,0.208
231,8,0.136
231,9,0.178
231,10,0.212
231,11,0.183
231,12,0.148
231,13,0.391
231,14,0.855
231,15,0.243
231,16,0.132
231,17,0.268
231,18,0.236
231,19,0.19
231,20,0.194
231,21,0.429
231,22,0.69
231,23,0.45
231,24,0.198
231,25,0.274
231,26,0.43
231,27,0.442
231,28,0.406
231,29,0.347
231,30,0.363
231,31,0.386
231,32,0.336
231,33,0.414
231,34,0.668
231,35,0.299
231,36,0.65
231,37,0.345
231,38,0.4
231,39,0.394
231,40,0.399
231,41,0.311
231,42,0.234
231,43,0.265
231,44,0.251
231,45,0.252
231,46,0.219
231,47,0.204
231,48,0.26
232,1,0.254
232,2,0.255
232,3,0.169
232,4,0.204
232,5,0.255
232,6,0.25
232,7,0.186
232,8,0.205
232,9,0.257
232,10,0.233
232,11,0.171
232,12,0.245
232,13,0.252
232,14,0.199
232,15,0.239
232,16,0.332
232,17,0.327
232,18,0.164
232,19,0.291
232,20,0.27
232,21,0.635
232,22,0.257
232,23,0.434
232,24,1.097
232,25,1.628
232,26,0.323
232,27,0.253
232,28,0.173
232,29,0.344
232,30,0.416
232,31,0.34
232,32,0.201
232,33,0.276
232,34,0.269
232,35,0.19
232,36,0.471
232,37,0.418
232,38,0.256
232,39,0.585
232,40,0.345
232,41,0.411
232,42,0.437
232,43,0.527
232,44,0.563
232,45,0.466
232,46,0.266
232,47,0.261
232,48,0.261
233,1,0.184
233,2,0.262
233,3,0.209
233,4,0.188
233,5,0.26
233,6,0.206
233,7,0.197
233,8,0.281
233,9,0.221
233,10,0.228
233,11,0.282
233,12,0.206
233,13,0.24
233,14,0.269
233,15,0.189
233,16,0.468
233,17,0.248
233,18,0.164
233,19,0.272
233,20,0.341
233,21,0.802
233,22,0.316
233,23,0.228
233,24,1.087
233,25,1.611
233,26,1.41
233,27,0.366
233,28,0.31
233,29,0.345
233,30,0.338
233,31,0.485
233,32,0.515
233,33,0.496
233,34,0.44
233,35,0.431
233,36,0.417
233,37,0.527
233,38,0.827
233,39,1.408
233,40,0.499
233,41,1.165
233,42,0.796
233,43,0.431
233,44,0.442
233,45,0.961
233,46,0.673
233,47,0.654
233,48,0.599
234,1,0.362
234,2,0.048
234,3,0.138
234,4,0.13
234,5,0.127
234,6,0.051
234,7,0.213
234,8,0.23
234,9,0.207
234,10,0.131
234,11,0.139
234,12,0.133
234,13,0.176
234,14,0.044
234,15,0.431
234,16,0.376
234,17,0.164
234,18,0.287
234,19,1.023
234,20,0.514
234,21,0.279
234,22,0.186
234,23,0.079
234,24,0.102
234,25,0.593
234,26,0.721
234,27,0.431
234,28,0.094
234,29,0.291
234,30,0.221
234,31,0.174
234,32,0.132
234,33,0.097
234,34,0.178
234,35,0.17
234,36,0.169
234,37,0.638
234,38,0.308
234,39,0.482
234,40,0.425
234,41,1.229
234,42,0.386
234,43,0.384
234,44,0.375
234,45,0.386
234,46,0.667
234,47,0.346
234,48,0.331
235,1,0.342
235,2,0.306
235,3,0.259
235,4,0.142
235,5,0.137
235,6,0.104
235,7,0.163
235,8,0.216
235,9,0.202
235,10,0.183
235,11,0.112
235,12,0.116
235,13,0.142
235,14,0.137
235,15,0.068
235,16,0.739
235,17,0.746
235,18,1.092
235,19,0.423
235,20,0.154
235,21,0.174
235,22,0.163
235,23,0.113
235,24,0.128
235,25,0.168
235,26,0.165
235,27,0.11
235,28,0.099
235,29,0.172
235,30,0.173
235,31,0.165
235,32,0.143
235,33,0.162
235,34,0.343
235,35,0.331
235,36,0.323
235,37,0.419
235,38,0.271
235,39,0.205
235,40,0.294
235,41,0.161
235,42,0.173
235,43,0.182
235,44,0.102
235,45,0.197
235,46,0.141
235,47,0.1
235,48,0.056
236,1,0.151
236,2,0.141
236,3,0.088
236,4,0.065
236,5,0.148
236,6,0.14
236,7,0.065
236,8,0.097
236,9,0.14
236,10,0.099
236,11,0.054
236,12,0.139
236,13,0.132
236,14,0.054
236,15,0.113
236,16,0.144
236,17,0.175
236,18,0.204
236,19,0.251
236,20,0.196
236,21,0.229
236,22,0.296
236,23,0.134
236,24,0.055
236,25,0.11
236,26,0.182
236,27,0.125
236,28,0.087
236,29,0.43
236,30,0.662
236,31,0.111
236,32,0.119
236,33,0.151
236,34,0.149
236,35,0.288
236,36,0.109
236,37,0.225
236,38,0.294
236,39,0.09
236,40,0.21
236,41,0.306
236,42,0.245
236,43,0.198
236,44,0.154
236,45,0.18
236,46,0.166
236,47,0.092
236,48,0.162
237,1,0.178
237,2,0.117
237,3,0.117
237,4,0.18
237,5,0.144
237,6,0.092
237,7,0.175
237,8,0.164
237,9,0.092
237,10,0.161
237,11,0.166
237,12,0.093
237,13,0.157
237,14,0.167
237,15,0.093
237,16,0.156
237,17,0.163
237,18,0.09
237,19,0.199
237,20,0.172
237,21,0.09
237,22,0.64
237,23,0.283
237,24,0.13
237,25,0.11
237,26,0.182
237,27,0.128
237,28,0.111
237,29,0.182
237,30,0.235
237,31,0.164
237,32,0.179
237,33,0.386
237,34,0.094
237,35,0.183
237,36,0.327
237,37,0.131
237,38,0.168
237,39,0.205
237,40,0.161
237,41,0.204
237,42,0.344
237,43,0.318
237,44,0.25
237,45,0.292
237,46,0.271
237,47,0.192
237,48,0.174
238,1,0.236
238,2,0.163
238,3,0.092
238,4,0.157
238,5,0.178
238,6,0.117
238,7,0.239
238,8,0.278
238,9,0.228
238,10,0.151
238,11,0.221
238,12,0.181
238,13,0.112
238,14,0.119
238,15,0.205
238,16,0.352
238,17,0.088
238,18,0.162
238,19,0.231
238,20,0.193
238,21,0.745
238,22,0.238
238,23,0.198
238,24,0.1
238,25,0.535
238,26,0.502
238,27,0.104
238,28,0.239
238,29,0.339
238,30,0.316
238,31,0.256
238,32,0.502
238,33,0.395
238,34,0.466
238,35,0.132
238,36,0.236
238,37,0.287
238,38,0.132
238,39,0.487
238,40,0.248
238,41,0.33
238,42,0.258
238,43,0.363
238,44,0.238
238,45,0.126
238,46,0.068
238,47,0.141
238,48,0.151
239,1,0.092
239,2,0.105
239,3,0.155
239,4,0.124
239,5,0.255
239,6,0.159
239,7,0.134
239,8,0.066
239,9,0.139
239,10,0.141
239,11,0.064
239,12,0.127
239,13,0.15
239,14,0.065
239,15,0.127
239,16,0.142
239,17,0.064
239,18,0.127
239,19,0.184
239,20,0.064
239,21,0.135
239,22,0.17
239,23,0.111
239,24,0.722
239,25,0.193
239,26,0.123
239,27,0.136
239,28,0.155
239,29,0.099
239,30,0.1
239,31,0.153
239,32,0.098
239,33,0.082
239,34,0.208
239,35,0.278
239,36,0.076
239,37,0.171
239,38,0.181
239,39,0.098
239,40,0.142
239,41,0.153
239,42,0.109
239,43,0.078
239,44,0.173
239,45,0.23
239,46,0.137
239,47,0.157
239,48,0.098
240,1,0.088
240,2,0.153
240,3,0.085
240,4,0.102
240,5,0.148
240,6,0.066
240,7,0.131
240,8,0.216
240,9,0.161
240,10,0.251
240,11,0.176
240,12,0.216
240,13,0.202
240,14,0.101
240,15,0.158
240,16,0.076
240,17,0.721
240,18,0.133
240,19,0.114
240,20,0.146
240,21,0.295
240,22,0.072
240,23,0.156
240,24,0.093
240,25,0.134
240,26,0.193
240,27,0.11
240,28,0.171
240,29,0.268
240,30,0.252
240,31,0.206
240,32,0.191
240,33,0.113
240,34,0.184
240,35,0.181
240,36,0.11
240,37,0.743
240,38,0.202
240,39,0.324
240,40,0.251
240,41,0.194
240,42,0.11
240,43,0.177
240,44,0.18
240,45,0.108
240,46,0.182
240,47,0.165
240,48,0.111
388,1,0.225
388,2,0.126
388,3,0.107
388,4,0.147
388,5,0.119
388,6,0.269
388,7,0.336
388,8,0.175
388,9,0.189
388,10,0.148
388,11,0.162
388,12,0.191
388,13,0.155
388,14,0.127
388,15,0.218
388,16,0.306
388,17,0.291
388,18,0.35
388,19,0.27
388,20,0.21
388,21,0.179
388,22,0.272
388,23,0.168
388,24,0.312
388,25,0.35
388,26,0.247
388,27,0.486
388,28,0.226
388,29,0.312
388,30,0.261
388,31,0.201
388,32,0.199
388,33,0.355
388,34,0.311
388,35,0.34
388,36,0.399
388,37,0.47
388,38,0.972
388,39,0.363
388,40,0.323
388,41,0.333
388,42,0.354
388,43,0.289
388,44,0.263
388,45,0.33
388,46,0.298
388,47,0.208
388,48,0.198
389,1,0.187
389,2,0.144
389,3,0.232
389,4,0.185
389,5,0.157
389,6,0.299
389,7,0.286
389,8,0.264
389,9,0.228
389,10,0.181
389,11,0.132
389,12,0.179
389,13,0.217
389,14,0.152
389,15,0.174
389,16,0.265
389,17,0.249
389,18,0.259
389,19,0.297
389,20,0.181
389,21,0.156
389,22,0.175
389,23,0.812
389,24,0.485
389,25,0.195
389,26,0.151
389,27,0.19
389,28,0.285
389,29,1.347
389,30,0.696
389,31,0.25
389,32,0.213
389,33,0.205
389,34,0.196
389,35,0.22
389,36,0.499
389,37,0.239
389,38,0.411
389,39,0.403
389,40,0.292
389,41,0.426
389,42,0.402
389,43,0.441
389,44,0.577
389,45,0.404
389,46,0.428
389,47,0.334
389,48,0.562
390,1,0.306
390,2,0.178
390,3,0.186
390,4,0.136
390,5,0.205
390,6,0.309
390,7,0.303
390,8,0.271
390,9,0.214
390,10,0.259
390,11,0.34
390,12,0.343
390,13,0.336
390,14,0.319
390,15,0.296
390,16,0.421
390,17,0.498
390,18,0.385
390,19,0.395
390,20,0.348
390,21,0.287
390,22,0.331
390,23,0.592
390,24,0.275
390,25,0.224
390,26,0.178
390,27,0.162
390,28,0.884
390,29,1.123
390,30,0.25
390,31,0.428
390,32,0.331
390,33,0.321
390,34,0.397
390,35,0.781
390,36,0.537
390,37,0.415
390,38,0.552
390,39,0.59
390,40,0.477
390,41,0.554
390,42,0.629
390,43,0.596
390,44,0.42
390,45,0.288
390,46,0.286
390,47,0.188
390,48,0.13
391,1,0.088
391,2,0.057
391,3,0.099
391,4,0.132
391,5,0.084
391,6,0.225
391,7,0.187
391,8,0.129
391,9,0.144
391,10,0.141
391,11,0.122
391,12,0.171
391,13,0.173
391,14,0.131
391,15,0.228
391,16,0.254
391,17,0.264
391,18,0.237
391,19,0.648
391,20,1.01
391,21,0.155
391,22,0.193
391,23,1.297
391,24,0.491
391,25,0.144
391,26,0.255
391,27,0.17
391,28,0.165
391,29,0.315
391,30,0.546
391,31,0.219
391,32,0.186
391,33,0.141
391,34,0.168
391,35,0.686
391,36,0.136
391,37,0.62
391,38,0.636
391,39,0.417
391,40,0.498
391,41,0.539
391,42,0.412
391,43,0.498
391,44,0.408
391,45,0.247
391,46,0.276
391,47,0.269
391,48,0.09
392,1,0.094
392,2,0.094
392,3,0.119
392,4,0.076
392,5,0.113
392,6,0.218
392,7,0.158
392,8,0.198
392,9,0.177
392,10,0.064
392,11,0.07
392,12,0.091
392,13,0.086
392,14,0.111
392,15,0.083
392,16,0.18
392,17,0.211
392,18,0.535
392,19,0.214
392,20,0.112
392,21,0.12
392,22,0.123
392,23,1.126
392,24,0.519
392,25,0.175
392,26,0.048
392,27,0.1
392,28,0.106
392,29,0.195
392,30,0.232
392,31,0.114
392,32,0.094
392,33,0.091
392,34,0.05
392,35,0.306
392,36,0.665
392,37,0.665
392,38,0.621
392,39,0.502
392,40,0.432
392,41,0.585
392,42,0.511
392,43,0.324
392,44,0.351
392,45,0.263
392,46,0.261
392,47,0.247
392,48,0.18
393,1,0.245
393,2,0.176
393,3,0.142
393,4,0.188
393,5,0.198
393,6,0.342
393,7,0.297
393,8,0.248
393,9,0.192
393,10,0.189
393,11,0.232
393,12,0.146
393,13,0.194
393,14,0.165
393,15,0.145
393,16,1.186
393,17,0.437
393,18,0.301
393,19,0.29
393,20,0.201
393,21,0.84
393,22,0.18
393,23,0.145
393,24,0.246
393,25,0.16
393,26,0.482
393,27,0.191
393,28,0.172
393,29,0.35
393,30,0.265
393,31,0.2
393,32,0.402
393,33,0.374
393,34,0.794
393,35,0.631
393,36,0.508
393,37,0.469
393,38,0.508
393,39,0.697
393,40,0.515
393,41,0.519
393,42,0.384
393,43,0.249
393,44,0.286
393,45,0.256
393,46,0.163
393,47,0.165
393,48,0.089
394,1,0.093
394,2,0.126
394,3,0.191
394,4,0.266
394,5,0.305
394,6,0.998
394,7,0.374
394,8,0.325
394,9,0.165
394,10,0.232
394,11,0.265
394,12,0.222
394,13,0.322
394,14,0.271
394,15,0.379
394,16,0.445
394,17,0.33
394,18,0.304
394,19,0.212
394,20,0.125
394,21,0.7
394,22,0.151
394,23,0.102
394,24,0.882
394,25,1.068
394,26,0.523
394,27,0.134
394,28,0.169
394,29,0.294
394,30,0.338
394,31,0.18
394,32,0.124
394,33,0.264
394,34,0.23
394,35,0.342
394,36,0.3
394,37,0.407
394,38,0.639
394,39,0.57
394,40,0.535
394,41,0.564
394,42,0.558
394,43,0.594
394,44,0.456
394,45,0.244
394,46,0.274
394,47,0.228
394,48,0.234
395,1,0.195
395,2,0.188
395,3,0.175
395,4,0.214
395,5,0.266
395,6,0.318
395,7,0.308
395,8,0.251
395,9,0.251
395,10,0.268
395,11,0.154
395,12,0.205
395,13,0.203
395,14,0.159
395,15,0.26
395,16,0.281
395,17,0.249
395,18,0.269
395,19,0.227
395,20,0.215
395,21,0.174
395,22,0.162
395,23,0.64
395,24,0.233
395,25,0.177
395,26,0.146
395,27,0.167
395,28,0.257
395,29,0.866
395,30,0.23
395,31,0.24
395,32,0.22
395,33,0.15
395,34,0.2
395,35,0.248
395,36,0.601
395,37,0.418
395,38,0.352
395,39,0.587
395,40,0.477
395,41,0.564
395,42,0.792
395,43,0.548
395,44,0.226
395,45,0.234
395,46,0.306
395,47,0.181
395,48,0.188
396,1,0.161
396,2,0.135
396,3,0.186
396,4,0.136
396,5,0.145
396,6,0.233
396,7,0.245
396,8,0.264
396,9,0.158
396,10,0.121
396,11,0.132
396,12,0.111
396,13,0.166
396,14,0.132
396,15,0.128
396,16,0.184
396,17,0.302
396,18,0.228
396,19,0.331
396,20,0.15
396,21,0.13
396,22,0.169
396,23,0.62
396,24,0.275
396,25,0.1
396,26,0.122
396,27,0.199
396,28,0.107
396,29,0.277
396,30,0.201
396,31,0.162
396,32,0.179
396,33,0.125
396,34,0.105
396,35,0.151
396,36,0.733
396,37,0.432
396,38,0.434
396,39,0.427
396,40,0.526
396,41,0.398
396,42,0.367
396,43,0.297
396,44,0.316
396,45,0.261
396,46,0.282
396,47,0.224
396,48,0.247
397,1,0.181
397,2,0.164
397,3,0.152
397,4,0.18
397,5,0.245
397,6,0.268
397,7,0.282
397,8,0.25
397,9,0.241
397,10,0.237
397,11,0.177
397,12,0.212
397,13,0.166
397,14,0.174
397,15,0.148
397,16,0.298
397,17,0.29
397,18,0.546
397,19,0.214
397,20,0.196
397,21,0.225
397,22,0.232
397,23,0.176
397,24,0.785
397,25,1.516
397,26,1.234
397,27,0.508
397,28,0.258
397,29,0.318
397,30,0.246
397,31,0.261
397,32,0.188
397,33,0.149
397,34,0.217
397,35,0.223
397,36,0.396
397,37,0.287
397,38,0.381
397,39,0.413
397,40,0.464
397,41,0.551
397,42,0.503
397,43,0.331
397,44,0.197
397,45,0.247
397,46,0.225
397,47,0.209
397,48,0.176
398,1,0.138
398,2,0.115
398,3,0.176
398,4,0.148
398,5,0.146
398,6,0.232
398,7,0.238
398,8,0.257
398,9,0.147
398,10,0.136
398,11,0.127
398,12,0.131
398,13,0.149
398,14,0.147
398,15,0.131
398,16,0.233
398,17,0.83
398,18,0.483
398,19,0.237
398,20,0.165
398,21,0.104
398,22,0.124
398,23,1.904
398,24,1.327
398,25,0.192
398,26,0.133
398,27,0.097
398,28,0.218
398,29,0.257
398,30,0.179
398,31,0.204
398,32,0.117
398,33,0.172
398,34,0.197
398,35,0.309
398,36,0.385
398,37,0.512
398,38,0.562
398,39,0.947
398,40,0.437
398,41,0.56
398,42,0.57
398,43,0.528
398,44,0.495
398,45,0.341
398,46,0.247
398,47,0.224
398,48,0.217
399,1,0.195
399,2,0.165
399,3,0.178
399,4,0.138
399,5,0.403
399,6,0.347
399,7,0.378
399,8,0.371
399,9,0.372
399,10,0.319
399,11,0.301
399,12,0.31
399,13,0.258
399,14,0.352
399,15,0.303
399,16,0.348
399,17,0.475
399,18,0.54
399,19,0.352
399,20,0.353
399,21,0.212
399,22,0.857
399,23,1.948
399,24,0.999
399,25,1.136
399,26,0.665
399,27,0.153
399,28,0.247
399,29,0.294
399,30,0.263
399,31,0.225
399,32,0.254
399,33,0.49
399,34,0.382
399,35,0.411
399,36,0.562
399,37,0.511
399,38,0.609
399,39,0.519
399,40,0.517
399,41,0.661
399,42,0.554
399,43,0.597
399,44,0.397
399,45,0.283
399,46,0.235
399,47,0.158
399,48,0.158
400,1,0.188
400,2,0.098
400,3,0.142
400,4,0.129
400,5,0.21
400,6,0.268
400,7,0.23
400,8,0.168
400,9,0.218
400,10,0.125
400,11,0.099
400,12,0.138
400,13,0.175
400,14,0.098
400,15,0.139
400,16,0.253
400,17,0.329
400,18,0.577
400,19,0.636
400,20,0.234
400,21,0.196
400,22,0.118
400,23,0.281
400,24,0.219
400,25,0.168
400,26,0.121
400,27,0.344
400,28,0.572
400,29,0.267
400,30,0.281
400,31,0.232
400,32,0.317
400,33,0.519
400,34,0.295
400,35,0.444
400,36,0.453
400,37,0.872
400,38,0.636
400,39,0.534
400,40,0.48
400,41,0.581
400,42,0.393
400,43,0.206
400,44,0.238
400,45,0.297
400,46,0.251
400,47,0.28
400,48,0.192
401,1,0.224
401,2,0.186
401,3,0.135
401,4,0.194
401,5,0.28
401,6,0.279
401,7,0.295
401,8,0.228
401,9,0.256
401,10,0.191
401,11,0.146
401,12,0.172
401,13,0.233
401,14,0.177
401,15,0.171
401,16,0.307
401,17,0.324
401,18,0.469
401,19,0.224
401,20,0.172
401,21,0.194
401,22,0.2
401,23,0.328
401,24,0.207
401,25,0.244
401,26,0.239
401,27,0.204
401,28,0.273
401,29,0.362
401,30,0.665
401,31,0.323
401,32,0.59
401,33,0.326
401,34,0.317
401,35,0.201
401,36,0.396
401,37,0.461
401,38,0.533
401,39,1.12
401,40,0.554
401,41,0.672
401,42,0.402
401,43,0.229
401,44,0.2
401,45,0.171
401,46,0.185
401,47,0.194
401,48,0.193
402,1,0.163
402,2,0.213
402,3,0.327
402,4,0.246
402,5,0.307
402,6,0.241
402,7,0.145
402,8,0.239
402,9,0.164
402,10,0.153
402,11,0.233
402,12,0.155
402,13,0.156
402,14,0.23
402,15,0.208
402,16,0.311
402,17,0.269
402,18,0.169
402,19,0.219
402,20,0.348
402,21,0.639
402,22,0.159
402,23,0.185
402,24,0.21
402,25,0.198
402,26,0.418
402,27,0.203
402,28,0.29
402,29,0.343
402,30,0.559
402,31,0.274
402,32,0.347
402,33,0.244
402,34,0.305
402,35,0.41
402,36,0.303
402,37,0.454
402,38,0.344
402,39,0.455
402,40,0.322
402,41,0.352
402,42,0.416
402,43,0.414
402,44,0.181
402,45,0.183
402,46,0.192
402,47,0.184
402,48,0.197
403,1,0.168
403,2,0.155
403,3,0.37
403,4,0.27
403,5,0.231
403,6,0.243
403,7,0.206
403,8,0.157
403,9,0.185
403,10,0.157
403,11,0.207
403,12,0.183
403,13,0.157
403,14,0.155
403,15,0.285
403,16,0.705
403,17,0.192
403,18,0.159
403,19,0.167
403,20,0.305
403,21,0.149
403,22,0.127
403,23,0.214
403,24,0.846
403,25,0.293
403,26,0.159
403,27,0.153
403,28,0.242
403,29,0.226
403,30,0.297
403,31,0.208
403,32,0.241
403,33,0.217
403,34,0.192
403,35,0.149
403,36,0.251
403,37,0.191
403,38,0.231
403,39,0.214
403,40,0.253
403,41,0.299
403,42,0.294
403,43,0.621
403,44,0.668
403,45,0.158
403,46,0.239
403,47,0.163
403,48,0.155
404,1,0.187
404,2,0.201
404,3,0.289
404,4,0.286
404,5,0.24
404,6,0.26
404,7,0.188
404,8,0.16
404,9,0.151
404,10,0.226
404,11,0.165
404,12,0.141
404,13,0.225
404,14,0.174
404,15,0.192
404,16,0.285
404,17,0.28
404,18,0.24
404,19,1.005
404,20,0.22
404,21,0.188
404,22,0.144
404,23,0.193
404,24,0.413
404,25,0.396
404,26,0.359
404,27,0.333
404,28,0.444
404,29,0.538
404,30,0.234
404,31,0.331
404,32,0.266
404,33,0.254
404,34,0.303
404,35,0.307
404,36,0.369
404,37,0.594
404,38,0.655
404,39,1.133
404,40,0.411
404,41,0.523
404,42,0.478
404,43,0.365
404,44,0.333
404,45,0.147
404,46,0.173
404,47,0.156
404,48,0.137
405,1,0.173
405,2,0.162
405,3,0.266
405,4,0.222
405,5,0.279
405,6,0.197
405,7,0.13
405,8,0.162
405,9,0.181
405,10,0.122
405,11,0.153
405,12,0.141
405,13,0.159
405,14,0.155
405,15,0.203
405,16,0.263
405,17,0.22
405,18,0.174
405,19,0.104
405,20,0.377
405,21,0.144
405,22,0.162
405,23,1.428
405,24,0.449
405,25,0.107
405,26,0.156
405,27,0.185
405,28,0.245
405,29,0.685
405,30,0.284
405,31,0.245
405,32,0.364
405,33,0.441
405,34,0.32
405,35,0.334
405,36,0.455
405,37,0.676
405,38,0.879
405,39,0.457
405,40,0.514
405,41,0.518
405,42,0.365
405,43,0.218
405,44,0.154
405,45,0.376
405,46,0.193
405,47,0.153
405,48,0.17
406,1,0.236
406,2,0.147
406,3,0.294
406,4,0.323
406,5,0.233
406,6,0.216
406,7,0.183
406,8,0.197
406,9,0.157
406,10,0.18
406,11,0.171
406,12,0.183
406,13,0.175
406,14,0.178
406,15,0.198
406,16,0.394
406,17,0.391
406,18,0.225
406,19,0.19
406,20,0.176
406,21,0.486
406,22,0.291
406,23,1.278
406,24,0.256
406,25,0.145
406,26,0.34
406,27,0.193
406,28,0.263
406,29,0.282
406,30,0.268
406,31,0.252
406,32,0.286
406,33,0.232
406,34,0.346
406,35,0.204
406,36,0.337
406,37,0.499
406,38,0.663
406,39,0.444
406,40,0.511
406,41,0.593
406,42,0.434
406,43,0.258
406,44,0.2
406,45,0.125
406,46,0.173
406,47,0.174
406,48,0.122
407,1,0.166
407,2,0.166
407,3,0.262
407,4,0.274
407,5,0.248
407,6,0.192
407,7,0.153
407,8,0.165
407,9,0.148
407,10,0.141
407,11,0.165
407,12,0.148
407,13,0.133
407,14,0.161
407,15,0.417
407,16,0.432
407,17,0.272
407,18,0.252
407,19,0.223
407,20,0.191
407,21,0.519
407,22,0.272
407,23,0.218
407,24,0.298
407,25,0.931
407,26,0.243
407,27,0.29
407,28,0.286
407,29,0.246
407,30,0.794
407,31,0.563
407,32,0.242
407,33,0.295
407,34,0.272
407,35,0.592
407,36,0.441
407,37,0.945
407,38,0.837
407,39,0.637
407,40,0.535
407,41,0.559
407,42,0.408
407,43,0.239
407,44,0.28
407,45,0.28
407,46,0.233
407,47,0.273
407,48,0.272
408,1,0.225
408,2,0.273
408,3,0.272
408,4,0.274
408,5,0.282
408,6,0.27
408,7,0.228
408,8,0.268
408,9,0.272
408,10,0.231
408,11,0.269
408,12,0.308
408,13,0.681
408,14,0.284
408,15,0.306
408,16,0.255
408,17,0.469
408,18,0.237
408,19,0.18
408,20,0.151
408,21,0.308
408,22,0.137
408,23,0.153
408,24,0.168
408,25,0.144
408,26,0.142
408,27,0.64
408,28,1.225
408,29,0.327
408,30,0.282
408,31,0.264
408,32,0.247
408,33,0.268
408,34,0.204
408,35,0.28
408,36,0.406
408,37,0.449
408,38,0.885
408,39,0.531
408,40,0.652
408,41,0.601
408,42,0.56
408,43,0.561
408,44,0.5
408,45,0.277
408,46,0.214
408,47,0.168
408,48,0.161
409,1,0.206
409,2,0.171
409,3,0.288
409,4,0.284
409,5,0.249
409,6,0.216
409,7,0.19
409,8,0.165
409,9,0.147
409,10,0.182
409,11,0.176
409,12,0.18
409,13,0.17
409,14,0.177
409,15,0.207
409,16,0.597
409,17,0.405
409,18,0.205
409,19,0.162
409,20,0.313
409,21,0.268
409,22,0.397
409,23,0.304
409,24,0.263
409,25,0.279
409,26,0.29
409,27,0.247
409,28,0.26
409,29,0.267
409,30,0.239
409,31,2.184
409,32,2.41
409,33,1.103
409,34,0.781
409,35,0.673
409,36,0.754
409,37,2.429
409,38,0.939
409,39,1.569
409,40,1.148
409,41,0.972
409,42,1.421
409,43,0.989
409,44,0.927
409,45,0.93
409,46,0.79
409,47,0.351
409,48,0.426
410,1,0.373
410,2,0.483
410,3,0.391
410,4,0.342
410,5,0.388
410,6,0.362
410,7,0.396
410,8,0.349
410,9,0.405
410,10,0.366
410,11,0.34
410,12,0.412
410,13,0.446
410,14,0.432
410,15,0.572
410,16,1.507
410,17,0.729
410,18,1.568
410,19,1.421
410,20,0.473
410,21,0.408
410,22,0.782
410,23,0.413
410,24,1.898
410,25,2.233
410,26,3.702
410,27,0.405
410,28,0.33
410,29,0.329
410,30,0.378
410,31,0.319
410,32,0.326
410,33,0.337
410,34,0.263
410,35,0.335
410,36,0.282
410,37,0.264
410,38,0.216
410,39,0.172
410,40,0.195
410,41,0.285
410,42,0.218
410,43,0.257
410,44,0.201
410,45,0.176
410,46,0.108
410,47,0.186
410,48,0.109
411,1,0.183
411,2,0.124
411,3,0.296
411,4,0.233
411,5,0.235
411,6,0.205
411,7,0.168
411,8,0.152
411,9,0.171
411,10,0.203
411,11,0.164
411,12,0.218
411,13,0.145
411,14,0.219
411,15,0.231
411,16,0.315
411,17,0.242
411,18,0.261
411,19,0.728
411,20,0.168
411,21,0.211
411,22,0.151
411,23,0.392
411,24,0.443
411,25,0.193
411,26,0.171
411,27,0.189
411,28,0.32
411,29,0.293
411,30,0.29
411,31,0.571
411,32,1.161
411,33,1.058
411,34,0.842
411,35,0.294
411,36,0.233
411,37,0.319
411,38,0.889
411,39,0.376
411,40,0.563
411,41,0.524
411,42,0.601
411,43,0.468
411,44,0.309
411,45,0.107
411,46,0.147
411,47,0.114
411,48,0.174
412,1,0.174
412,2,0.158
412,3,0.307
412,4,0.243
412,5,0.272
412,6,0.2
412,7,0.22
412,8,0.131
412,9,0.201
412,10,0.138
412,11,0.185
412,12,0.161
412,13,0.157
412,14,0.181
412,15,0.194
412,16,0.307
412,17,0.183
412,18,0.228
412,19,0.759
412,20,0.183
412,21,0.158
412,22,0.179
412,23,0.171
412,24,0.422
412,25,0.171
412,26,0.146
412,27,0.206
412,28,0.252
412,29,0.302
412,30,0.241
412,31,0.292
412,32,0.247
412,33,0.258
412,34,0.229
412,35,0.188
412,36,0.191
412,37,0.575
412,38,0.432
412,39,0.298
412,40,0.437
412,41,0.301
412,42,0.353
412,43,0.21
412,44,0.278
412,45,0.297
412,46,0.38
412,47,0.162
412,48,0.215
413,1,0.163
413,2,0.198
413,3,0.304
413,4,0.279
413,5,0.282
413,6,0.225
413,7,0.214
413,8,0.148
413,9,0.217
413,10,0.155
413,11,0.198
413,12,0.174
413,13,0.175
413,14,0.198
413,15,0.202
413,16,0.33
413,17,0.472
413,18,0.234
413,19,0.175
413,20,0.169
413,21,0.747
413,22,0.561
413,23,0.882
413,24,0.385
413,25,0.162
413,26,0.21
413,27,0.161
413,28,0.34
413,29,0.371
413,30,0.307
413,31,0.31
413,32,0.303
413,33,0.241
413,34,0.267
413,35,0.167
413,36,0.225
413,37,0.536
413,38,0.501
413,39,0.423
413,40,0.568
413,41,0.591
413,42,0.543
413,43,0.238
413,44,0.262
413,45,0.155
413,46,0.22
413,47,0.17
413,48,0.207
414,1,0.158
414,2,0.166
414,3,0.297
414,4,0.286
414,5,0.269
414,6,0.198
414,7,0.195
414,8,0.126
414,9,0.192
414,10,0.129
414,11,0.19
414,12,0.146
414,13,0.165
414,14,0.17
414,15,0.33
414,16,0.364
414,17,0.181
414,18,0.218
414,19,0.128
414,20,0.175
414,21,0.155
414,22,0.158
414,23,0.271
414,24,0.148
414,25,0.189
414,26,0.252
414,27,0.193
414,28,0.254
414,29,0.296
414,30,0.23
414,31,0.338
414,32,0.238
414,33,0.39
414,34,0.326
414,35,0.362
414,36,0.458
414,37,0.662
414,38,0.538
414,39,0.628
414,40,0.526
414,41,0.631
414,42,0.548
414,43,0.374
414,44,0.152
414,45,0.181
414,46,0.165
414,47,0.162
414,48,0.196
415,1,0.174
415,2,0.214
415,3,0.16
415,4,0.191
415,5,0.14
415,6,0.175
415,7,0.164
415,8,0.194
415,9,0.186
415,10,0.128
415,11,0.188
415,12,0.13
415,13,0.19
415,14,0.159
415,15,0.526
415,16,0.312
415,17,0.202
415,18,0.341
415,19,0.122
415,20,0.227
415,21,0.809
415,22,0.179
415,23,0.153
415,24,0.16
415,25,0.302
415,26,0.133
415,27,0.191
415,28,0.251
415,29,0.297
415,30,0.245
415,31,0.265
415,32,0.282
415,33,0.27
415,34,0.266
415,35,0.208
415,36,0.33
415,37,0.473
415,38,0.486
415,39,0.477
415,40,0.558
415,41,0.572
415,42,0.591
415,43,0.343
415,44,0.239
415,45,0.144
415,46,0.194
415,47,0.159
415,48,0.165
