213,1,0.127
213,2,0.138
213,3,0.133
213,4,0.132
213,5,0.122
213,6,0.04
213,7,0.039
213,8,0.04
213,9,0.093
213,10,0.143
213,11,0.136
213,12,0.135
213,13,0.133
213,14,0.132
213,15,0.041
213,16,2.587
213,17,0.591
213,18,2.032
213,19,1.009
213,20,0.195
213,21,0.146
213,22,0.262
213,23,0.102
213,24,0.319
213,25,2.308
213,26,0.787
213,27,0.21
213,28,0.138
213,29,0.11
213,30,0.145
213,31,0.201
213,32,0.237
213,33,0.234
213,34,0.786
213,35,0.307
213,36,1.848
213,37,2.885
213,38,0.507
213,39,0.201
213,40,0.201
213,41,0.378
213,42,2.488
213,43,0.701
213,44,0.615
213,45,0.648
213,46,0.605
213,47,0.508
213,48,0.296
214,1,0.05
214,2,0.144
214,3,0.134
214,4,0.131
214,5,0.13
214,6,0.048
214,7,0.038
214,8,0.038
214,9,0.038
214,10,0.135
214,11,0.139
214,12,0.134
214,13,0.131
214,14,2.208
214,15,0.325
214,16,0.486
214,17,0.205
214,18,0.107
214,19,0.668
214,20,0.295
214,21,1.257
214,22,0.295
214,23,0.493
214,24,3.309
214,25,1.054
214,26,1.552
214,27,0.311
214,28,0.21
214,29,0.182
214,30,0.448
214,31,0.11
214,32,2.373
214,33,0.211
214,34,0.772
214,35,0.182
214,36,1.155
214,37,1.674
214,38,0.249
214,39,0.772
214,40,0.243
214,41,0.495
214,42,1.964
214,43,1.143
214,44,1.29
214,45,0.681
214,46,0.608
214,47,0.567
214,48,0.225
215,1,0.178
215,2,0.176
215,3,0.169
215,4,0.169
215,5,0.124
215,6,0.077
215,7,0.077
215,8,0.095
215,9,0.428
215,10,0.205
215,11,0.162
215,12,0.038
215,13,0.028
215,14,0.028
215,15,0.124
215,16,0.128
215,17,0.711
215,18,0.372
215,19,0.185
215,20,0.156
215,21,0.107
215,22,0.888
215,23,3.562
215,24,0.804
215,25,0.194
215,26,0.116
215,27,1.72
215,28,0.198
215,29,0.149
215,30,0.103
215,31,0.585
215,32,0.212
215,33,0.205
215,34,0.203
215,35,1.017
215,36,0.827
215,37,0.518
215,38,0.236
215,39,0.231
215,40,0.211
215,41,0.203
215,42,0.215
215,43,0.126
215,44,0.857
215,45,0.61
215,46,0.651
215,47,0.383
215,48,0.178
216,1,0.171
216,2,0.17
216,3,0.172
216,4,0.233
216,5,0.148
216,6,0.04
216,7,0.038
216,8,0.071
216,9,0.143
216,10,0.135
216,11,0.132
216,12,0.132
216,13,0.13
216,14,0.107
216,15,0.037
216,16,0.036
216,17,0.036
216,18,0.131
216,19,0.819
216,20,0.275
216,21,0.786
216,22,0.29
216,23,0.763
216,24,2.065
216,25,0.317
216,26,0.815
216,27,0.958
216,28,0.147
216,29,0.106
216,30,0.178
216,31,0.197
216,32,0.196
216,33,0.209
216,34,1.128
216,35,1.447
216,36,2.612
216,37,0.59
216,38,0.266
216,39,0.198
216,40,0.409
216,41,0.181
216,42,0.202
216,43,0.304
216,44,0.522
216,45,0.505
216,46,0.456
216,47,0.536
216,48,0.545
217,1,0.271
217,2,0.13
217,3,0.127
217,4,0.038
217,5,0.037
217,6,0.037
217,7,0.134
217,8,0.137
217,9,0.133
217,10,0.132
217,11,0.131
217,12,0.048
217,13,0.038
217,14,0.037
217,15,0.509
217,16,0.211
217,17,0.201
217,18,0.416
217,19,0.307
217,20,0.207
217,21,1.003
217,22,0.163
217,23,0.195
217,24,0.19
217,25,0.372
217,26,0.16
217,27,0.375
217,28,0.162
217,29,0.68
217,30,3.035
217,31,0.365
217,32,0.112
217,33,0.101
217,34,0.158
217,35,1.019
217,36,2.413
217,37,0.885
217,38,0.245
217,39,0.107
217,40,0.544
217,41,0.206
217,42,0.211
217,43,0.291
217,44,0.751
217,45,0.876
217,46,0.85
217,47,0.832
217,48,0.612
218,1,0.584
218,2,0.271
218,3,0.05
218,4,0.037
218,5,0.037
218,6,0.088
218,7,0.141
218,8,0.135
218,9,0.133
218,10,0.131
218,11,0.103
218,12,0.038
218,13,0.038
218,14,0.037
218,15,0.067
218,16,0.142
218,17,0.822
218,18,0.325
218,19,0.265
218,20,0.116
218,21,0.134
218,22,0.204
218,23,0.196
218,24,0.59
218,25,0.699
218,26,0.123
218,27,0.654
218,28,0.327
218,29,0.196
218,30,0.198
218,31,0.528
218,32,0.154
218,33,0.103
218,34,0.1
218,35,0.222
218,36,1.894
218,37,2.068
218,38,0.795
218,39,0.145
218,40,0.204
218,41,0.195
218,42,1.192
218,43,3.093
218,44,0.569
218,45,0.585
218,46,0.314
218,47,0.131
218,48,0.13
219,1,0.118
219,2,0.037
219,3,0.037
219,4,0.037
219,5,0.095
219,6,0.141
219,7,0.135
219,8,0.132
219,9,0.132
219,10,0.074
219,11,0.038
219,12,0.038
219,13,0.038
219,14,1.039
219,15,0.308
219,16,0.816
219,17,2.252
219,18,0.284
219,19,1.277
219,20,0.194
219,21,0.144
219,22,0.418
219,23,0.175
219,24,0.699
219,25,0.443
219,26,0.186
219,27,0.144
219,28,0.141
219,29,0.404
219,30,0.101
219,31,0.169
219,32,0.311
219,33,0.193
219,34,0.193
219,35,2.372
219,36,1.6
219,37,0.817
219,38,0.343
219,39,0.21
219,40,0.266
219,41,0.145
219,42,0.201
219,43,2.029
219,44,1.836
219,45,0.378
219,46,0.076
219,47,0.043
219,48,0.071
220,1,0.138
220,2,0.131
220,3,0.13
220,4,0.13
220,5,0.126
220,6,0.037
220,7,0.038
220,8,0.038
220,9,0.126
220,10,0.139
220,11,0.133
220,12,0.132
220,13,0.088
220,14,0.641
220,15,0.52
220,16,1.205
220,17,0.347
220,18,0.162
220,19,0.1
220,20,0.161
220,21,0.195
220,22,0.194
220,23,0.724
220,24,0.317
220,25,0.202
220,26,1.975
220,27,0.867
220,28,1.281
220,29,0.504
220,30,1.15
220,31,2.589
220,32,0.79
220,33,0.083
220,34,0.292
220,35,0.429
220,36,1.648
220,37,1.179
220,38,0.195
220,39,3.423
220,40,1.046
220,41,0.924
220,42,0.228
220,43,0.334
220,44,0.586
220,45,0.501
220,46,0.5
220,47,0.578
220,48,0.597
221,1,0.173
221,2,0.159
221,3,0.159
221,4,0.092
221,5,0.068
221,6,0.111
221,7,0.14
221,8,0.134
221,9,0.133
221,10,0.094
221,11,0.042
221,12,0.039
221,13,0.039
221,14,0.136
221,15,0.138
221,16,0.133
221,17,0.097
221,18,0.034
221,19,0.464
221,20,0.21
221,21,0.665
221,22,0.941
221,23,0.178
221,24,0.748
221,25,0.636
221,26,0.281
221,27,0.992
221,28,1.444
221,29,0.802
221,30,0.676
221,31,0.137
221,32,0.221
221,33,2.454
221,34,1.009
221,35,0.183
221,36,1.08
221,37,0.207
221,38,0.197
221,39,0.262
221,40,0.676
221,41,0.22
221,42,1.641
221,43,2.299
221,44,0.889
221,45,0.919
221,46,1.945
221,47,1.67
221,48,1.14
222,1,0.15
222,2,0.188
222,3,0.175
222,4,0.173
222,5,0.081
222,6,0.078
222,7,0.12
222,8,0.174
222,9,0.139
222,10,0.135
222,11,0.134
222,12,0.061
222,13,0.039
222,14,0.598
222,15,0.372
222,16,0.204
222,17,0.202
222,18,0.157
222,19,0.109
222,20,0.19
222,21,0.943
222,22,0.256
222,23,0.24
222,24,0.105
222,25,0.118
222,26,0.206
222,27,0.204
222,28,1.161
222,29,0.628
222,30,0.218
222,31,0.218
222,32,0.159
222,33,1.726
222,34,0.237
222,35,1.532
222,36,0.918
222,37,1.869
222,38,0.778
222,39,0.198
222,40,0.199
222,41,0.193
222,42,0.192
222,43,0.316
222,44,1.392
222,45,0.669
222,46,0.299
222,47,0.132
222,48,0.131
223,1,0.13
223,2,0.129
223,3,0.118
223,4,0.037
223,5,0.037
223,6,0.115
223,7,0.139
223,8,0.134
223,9,0.132
223,10,0.132
223,11,0.131
223,12,0.046
223,13,0.038
223,14,0.798
223,15,0.259
223,16,0.559
223,17,0.172
223,18,0.104
223,19,0.114
223,20,0.494
223,21,0.293
223,22,0.292
223,23,0.239
223,24,0.229
223,25,1.848
223,26,2.043
223,27,0.281
223,28,0.152
223,29,0.07
223,30,0.059
223,31,0.059
223,32,0.14
223,33,0.744
223,34,0.26
223,35,2.632
223,36,1.321
223,37,0.695
223,38,0.338
223,39,0.211
223,40,0.204
223,41,0.658
223,42,1.311
223,43,0.71
223,44,0.601
223,45,0.72
223,46,0.599
223,47,0.34
223,48,0.107
224,1,0.036
224,2,0.036
224,3,0.085
224,4,0.141
224,5,0.134
224,6,0.132
224,7,0.131
224,8,0.131
224,9,0.109
224,10,0.037
224,11,0.038
224,12,0.038
224,13,0.096
224,14,0.86
224,15,0.225
224,16,1.025
224,17,0.423
224,18,3.873
224,19,0.724
224,20,0.206
224,21,0.076
224,22,0.371
224,23,0.829
224,24,0.726
224,25,0.189
224,26,0.197
224,27,2.204
224,28,1.472
224,29,0.914
224,30,0.698
224,31,0.196
224,32,0.729
224,33,0.238
224,34,0.098
224,35,2.011
224,36,3.412
224,37,2.332
224,38,1.046
224,39,0.282
224,40,0.101
224,41,0.18
224,42,0.387
224,43,1.973
224,44,1.946
224,45,0.684
224,46,0.548
224,47,0.136
224,48,0.037
225,1,0.101
225,2,0.137
225,3,0.132
225,4,0.131
225,5,0.13
225,6,0.13
225,7,0.13
225,8,0.077
225,9,0.038
225,10,0.038
225,11,0.037
225,12,0.141
225,13,0.137
225,14,0.892
225,15,0.403
225,16,0.357
225,17,0.3
225,18,0.39
225,19,0.228
225,20,0.168
225,21,0.298
225,22,0.224
225,23,0.123
225,24,0.488
225,25,0.127
225,26,0.217
225,27,0.906
225,28,0.261
225,29,0.304
225,30,0.386
225,31,0.11
225,32,0.106
225,33,0.203
225,34,0.193
225,35,0.197
225,36,1.641
225,37,0.534
225,38,0.404
225,39,0.198
225,40,0.192
225,41,0.101
225,42,0.202
225,43,0.597
225,44,0.666
225,45,3.168
225,46,0.678
225,47,0.15
225,48,0.047
226,1,0.036
226,2,0.06
226,3,0.143
226,4,0.136
226,5,0.133
226,6,0.132
226,7,0.132
226,8,0.13
226,9,0.041
226,10,0.038
226,11,0.038
226,12,0.084
226,13,0.132
226,14,0.66
226,15,0.537
226,16,0.288
226,17,1.225
226,18,0.569
226,19,3.056
226,20,0.205
226,21,0.195
226,22,0.163
226,23,0.123
226,24,0.908
226,25,1.074
226,26,0.235
226,27,0.189
226,28,0.101
226,29,0.121
226,30,3.193
226,31,0.487
226,32,0.423
226,33,0.364
226,34,1.251
226,35,1.36
226,36,4.628
226,37,0.903
226,38,1.776
226,39,2.078
226,40,1.488
226,41,0.675
226,42,0.138
226,43,0.053
226,44,0.053
226,45,0.135
226,46,0.151
226,47,0.147
226,48,0.15
227,1,0.393
227,2,0.394
227,3,0.189
227,4,0.075
227,5,0.077
227,6,0.076
227,7,0.173
227,8,0.14
227,9,0.134
227,10,0.133
227,11,0.132
227,12,0.13
227,13,0.11
227,14,0.018
227,15,0.017
227,16,0.017
227,17,0.456
227,18,0.299
227,19,0.282
227,20,0.191
227,21,0.955
227,22,0.337
227,23,0.309
227,24,0.958
227,25,0.778
227,26,0.217
227,27,0.192
227,28,0.793
227,29,0.342
227,30,0.103
227,31,2.329
227,32,0.208
227,33,0.208
227,34,0.185
227,35,2.051
227,36,1.215
227,37,0.513
227,38,2.735
227,39,0.178
227,40,0.099
227,41,0.186
227,42,0.207
227,43,0.609
227,44,0.993
227,45,0.775
227,46,0.734
227,47,0.554
227,48,0.139
228,1,0.133
228,2,0.131
228,3,0.13
228,4,0.129
228,5,0.042
228,6,0.038
228,7,0.038
228,8,0.038
228,9,0.134
228,10,0.138
228,11,0.134
228,12,0.132
228,13,0.132
228,14,0.13
228,15,0.05
228,16,0.038
228,17,0.038
228,18,0.038
228,19,0.33
228,20,0.636
228,21,0.201
228,22,0.499
228,23,0.552
228,24,0.76
228,25,3.048
228,26,0.103
228,27,3.323
228,28,0.408
228,29,4.275
228,30,0.596
228,31,0.43
228,32,0.233
228,33,1.7
228,34,0.327
228,35,0.29
228,36,0.198
228,37,0.902
228,38,0.374
228,39,0.1
228,40,0.348
228,41,1.178
228,42,0.624
228,43,2.499
228,44,0.885
228,45,0.608
228,46,0.545
228,47,0.58
228,48,0.535
229,1,0.198
229,2,0.174
229,3,0.167
229,4,0.111
229,5,0.076
229,6,0.081
229,7,0.162
229,8,0.177
229,9,0.172
229,10,0.17
229,11,0.159
229,12,0.129
229,13,0.081
229,14,0.653
229,15,0.305
229,16,0.206
229,17,0.377
229,18,0.297
229,19,0.107
229,20,0.055
229,21,0.315
229,22,0.412
229,23,0.318
229,24,0.314
229,25,0.187
229,26,0.078
229,27,0.141
229,28,0.147
229,29,0.142
229,30,0.141
229,31,0.092
229,32,0.047
229,33,0.047
229,34,0.049
229,35,0.61
229,36,1.419
229,37,0.486
229,38,0.198
229,39,0.604
229,40,0.199
229,41,0.2
229,42,0.192
229,43,0.533
229,44,2.751
229,45,0.548
229,46,0.286
229,47,0.135
229,48,0.132
230,1,0.13
230,2,0.129
230,3,0.13
230,4,0.13
230,5,0.129
230,6,0.13
230,7,0.063
230,8,0.037
230,9,0.05
230,10,0.144
230,11,0.135
230,12,0.132
230,13,0.13
230,14,0.722
230,15,0.346
230,16,0.136
230,17,0.834
230,18,1.24
230,19,0.231
230,20,0.505
230,21,0.146
230,22,0.139
230,23,0.067
230,24,0.048
230,25,0.048
230,26,0.067
230,27,0.154
230,28,0.143
230,29,0.14
230,30,0.435
230,31,0.268
230,32,0.16
230,33,3.19
230,34,0.311
230,35,0.729
230,36,3.47
230,37,1.396
230,38,1.138
230,39,0.383
230,40,0.101
230,41,0.291
230,42,0.977
230,43,0.613
230,44,0.54
230,45,0.509
230,46,1.569
230,47,0.316
230,48,0.131
231,1,0.131
231,2,0.13
231,3,0.063
231,4,0.039
231,5,0.039
231,6,0.102
231,7,0.14
231,8,0.135
231,9,0.133
231,10,0.133
231,11,0.132
231,12,0.131
231,13,0.069
231,14,0.039
231,15,0.039
231,16,0.038
231,17,0.703
231,18,0.438
231,19,3.547
231,20,0.334
231,21,0.198
231,22,0.194
231,23,0.193
231,24,1.726
231,25,1.06
231,26,0.357
231,27,0.201
231,28,0.192
231,29,0.19
231,30,0.447
231,31,0.223
231,32,0.147
231,33,0.526
231,34,0.289
231,35,1.473
231,36,1.905
231,37,0.695
231,38,0.24
231,39,0.272
231,40,0.327
231,41,0.233
231,42,0.495
231,43,0.633
231,44,0.622
231,45,0.601
231,46,0.556
231,47,0.494
231,48,0.448
232,1,0.474
232,2,0.378
232,3,0.135
232,4,0.132
232,5,0.131
232,6,0.108
232,7,0.038
232,8,0.038
232,9,0.038
232,10,0.134
232,11,0.139
232,12,0.133
232,13,0.131
232,14,0.13
232,15,0.063
232,16,0.036
232,17,0.641
232,18,0.245
232,19,0.242
232,20,0.358
232,21,0.194
232,22,0.163
232,23,0.106
232,24,0.612
232,25,0.746
232,26,0.246
232,27,0.266
232,28,0.622
232,29,1.73
232,30,1.248
232,31,0.951
232,32,1.221
232,33,0.195
232,34,0.789
232,35,1.736
232,36,1.093
232,37,0.678
232,38,0.932
232,39,0.794
232,40,2.077
232,41,2.109
232,42,2.037
232,43,4.364
232,44,0.861
232,45,0.644
232,46,0.556
232,47,0.539
232,48,0.487
233,1,0.128
233,2,0.058
233,3,0.037
233,4,0.038
233,5,0.103
233,6,0.139
233,7,0.133
233,8,0.131
233,9,0.13
233,10,0.13
233,11,0.087
233,12,0.038
233,13,0.038
233,14,0.032
233,15,0.309
233,16,1.492
233,17,0.593
233,18,1.333
233,19,0.205
233,20,0.185
233,21,0.1
233,22,0.101
233,23,0.546
233,24,0.198
233,25,0.194
233,26,0.192
233,27,0.191
233,28,0.844
233,29,0.177
233,30,0.102
233,31,0.407
233,32,0.218
233,33,1.13
233,34,0.317
233,35,0.836
233,36,2.276
233,37,1.52
233,38,0.311
233,39,1.878
233,40,1.856
233,41,1.717
233,42,1.115
233,43,3.82
233,44,0.626
233,45,0.714
233,46,0.611
233,47,0.295
233,48,0.128
234,1,0.038
234,2,0.037
234,3,0.037
234,4,0.101
234,5,0.14
234,6,0.134
234,7,0.132
234,8,0.13
234,9,0.129
234,10,0.129
234,11,0.057
234,12,0.038
234,13,0.037
234,14,0.017
234,15,0.016
234,16,0.465
234,17,0.667
234,18,0.343
234,19,0.223
234,20,0.16
234,21,0.102
234,22,0.331
234,23,0.714
234,24,0.246
234,25,1.147
234,26,0.192
234,27,0.191
234,28,0.758
234,29,0.476
234,30,0.371
234,31,0.113
234,32,2.539
234,33,0.349
234,34,2.269
234,35,2.814
234,36,0.316
234,37,2.493
234,38,3.492
234,39,1.324
234,40,0.244
234,41,0.498
234,42,0.612
234,43,1.147
234,44,0.624
234,45,0.506
234,46,0.522
234,47,0.46
234,48,0.374
235,1,0.134
235,2,0.132
235,3,0.131
235,4,0.13
235,5,0.13
235,6,0.13
235,7,0.098
235,8,0.04
235,9,0.04
235,10,0.04
235,11,0.04
235,12,0.116
235,13,0.141
235,14,0.134
235,15,1.972
235,16,0.196
235,17,0.58
235,18,1.192
235,19,0.286
235,20,1.547
235,21,0.343
235,22,0.263
235,23,0.488
235,24,1.196
235,25,0.499
235,26,0.227
235,27,0.203
235,28,2.422
235,29,2.042
235,30,2.163
235,31,1.793
235,32,0.981
235,33,0.789
235,34,1.075
235,35,2.026
235,36,1.77
235,37,1.082
235,38,0.53
235,39,0.108
235,40,0.111
235,41,0.235
235,42,0.474
235,43,0.946
235,44,0.674
235,45,0.675
235,46,0.657
235,47,0.727
235,48,0.18
236,1,0.179
236,2,0.176
236,3,0.126
236,4,0.083
236,5,0.077
236,6,0.078
236,7,0.253
236,8,0.233
236,9,0.176
236,10,0.173
236,11,0.123
236,12,0.078
236,13,0.078
236,14,0.085
236,15,0.185
236,16,0.174
236,17,0.169
236,18,0.358
236,19,0.862
236,20,0.349
236,21,0.148
236,22,0.101
236,23,0.314
236,24,0.178
236,25,0.145
236,26,0.141
236,27,0.356
236,28,0.566
236,29,0.258
236,30,0.21
236,31,0.84
236,32,0.337
236,33,0.928
236,34,1.996
236,35,3.42
236,36,1.435
236,37,0.751
236,38,0.561
236,39,0.381
236,40,0.198
236,41,0.201
236,42,0.442
236,43,0.665
236,44,0.665
236,45,0.603
236,46,0.407
236,47,0.129
236,48,0.13
237,1,0.13
237,2,0.13
237,3,0.131
237,4,0.109
237,5,0.039
237,6,0.039
237,7,0.044
237,8,0.149
237,9,0.136
237,10,0.133
237,11,0.13
237,12,0.13
237,13,0.13
237,14,0.129
237,15,0.086
237,16,0.462
237,17,0.104
237,18,0.633
237,19,0.282
237,20,0.219
237,21,0.195
237,22,0.183
237,23,0.104
237,24,0.104
237,25,0.144
237,26,0.718
237,27,0.315
237,28,0.238
237,29,0.21
237,30,0.151
237,31,0.211
237,32,0.253
237,33,0.243
237,34,0.235
237,35,1.741
237,36,4.708
237,37,2.197
237,38,0.45
237,39,0.235
237,40,0.294
237,41,0.263
237,42,0.538
237,43,0.651
237,44,0.582
237,45,0.454
237,46,0.46
237,47,0.274
237,48,0.182
238,1,0.172
238,2,0.172
238,3,0.171
238,4,0.171
238,5,0.171
238,6,0.17
238,7,0.1
238,8,0.079
238,9,0.079
238,10,0.08
238,11,0.136
238,12,0.185
238,13,0.176
238,14,1.102
238,15,0.446
238,16,0.3
238,17,0.11
238,18,0.109
238,19,0.421
238,20,0.214
238,21,0.214
238,22,0.677
238,23,0.211
238,24,0.055
238,25,0.173
238,26,0.779
238,27,0.647
238,28,0.342
238,29,0.309
238,30,1.148
238,31,1.949
238,32,1.145
238,33,1.145
238,34,0.335
238,35,0.631
238,36,2.614
238,37,0.688
238,38,1.565
238,39,0.367
238,40,1.144
238,41,3.157
238,42,0.863
238,43,0.705
238,44,0.545
238,45,0.521
238,46,0.575
238,47,0.482
238,48,0.134
239,1,0.133
239,2,0.133
239,3,0.074
239,4,0.041
239,5,0.041
239,6,0.086
239,7,0.145
239,8,0.138
239,9,0.135
239,10,0.134
239,11,0.104
239,12,0.041
239,13,0.041
239,14,0.822
239,15,0.341
239,16,0.208
239,17,0.24
239,18,1.08
239,19,0.332
239,20,0.262
239,21,0.975
239,22,1.42
239,23,1.45
239,24,0.94
239,25,0.431
239,26,0.896
239,27,0.203
239,28,0.448
239,29,0.16
239,30,0.11
239,31,0.39
239,32,2.03
239,33,1.915
239,34,2.165
239,35,0.537
239,36,2.204
239,37,0.471
239,38,0.967
239,39,2.107
239,40,1.102
239,41,1.635
239,42,3.638
239,43,2.761
239,44,1.428
239,45,1.115
239,46,0.51
239,47,0.132
239,48,0.132
240,1,0.091
240,2,0.041
240,3,0.041
240,4,0.114
240,5,0.142
240,6,0.136
240,7,0.135
240,8,0.133
240,9,0.132
240,10,0.131
240,11,0.06
240,12,0.042
240,13,0.042
240,14,0.649
240,15,0.259
240,16,0.359
240,17,0.528
240,18,1.383
240,19,0.203
240,20,0.084
240,21,0.052
240,22,0.349
240,23,0.205
240,24,0.601
240,25,0.326
240,26,0.237
240,27,0.733
240,28,0.396
240,29,0.276
240,30,0.216
240,31,0.213
240,32,0.213
240,33,0.208
240,34,1.789
240,35,0.587
240,36,2.518
240,37,0.772
240,38,0.491
240,39,0.202
240,40,0.192
240,41,0.105
240,42,0.403
240,43,0.557
240,44,0.892
240,45,0.798
240,46,0.617
240,47,0.629
240,48,0.206
388,1,0.321
388,2,0.158
388,3,0.107
388,4,0.037
388,5,0.038
388,6,0.125
388,7,0.078
388,8,0.038
388,9,0.037
388,10,0.147
388,11,0.103
388,12,0.037
388,13,0.037
388,14,0.071
388,15,0.14
388,16,0.074
388,17,0.925
388,18,0.572
388,19,0.266
388,20,0.405
388,21,0.088
388,22,0.214
388,23,1.403
388,24,0.958
388,25,0.496
388,26,0.254
388,27,0.248
388,28,0.341
388,29,0.157
388,30,0.34
388,31,0.338
388,32,4.057
388,33,0.427
388,34,0.603
388,35,2.267
388,36,1.051
388,37,0.971
388,38,1.044
388,39,1.121
388,40,0.912
388,41,0.799
388,42,0.896
388,43,0.888
388,44,0.852
388,45,0.789
388,46,0.669
388,47,0.61
388,48,0.555
389,1,0.442
389,2,0.349
389,3,0.078
389,4,0.048
389,5,0.119
389,6,0.057
389,7,0.036
389,8,0.113
389,9,0.074
389,10,0.036
389,11,0.073
389,12,0.141
389,13,0.072
389,14,0.035
389,15,0.035
389,16,0.798
389,17,0.827
389,18,0.33
389,19,0.085
389,20,0.083
389,21,0.15
389,22,0.88
389,23,0.282
389,24,0.256
389,25,1.327
389,26,1.52
389,27,1.467
389,28,0.341
389,29,0.12
389,30,0.155
389,31,0.115
389,32,0.221
389,33,0.139
389,34,1.646
389,35,0.476
389,36,1.046
389,37,1.117
389,38,0.909
389,39,1.746
389,40,1.172
389,41,1.005
389,42,0.769
389,43,0.994
389,44,0.69
389,45,0.778
389,46,0.671
389,47,0.579
389,48,0.687
390,1,0.421
390,2,0.151
390,3,0.185
390,4,0.121
390,5,0.204
390,6,0.185
390,7,0.087
390,8,0.124
390,9,0.192
390,10,0.102
390,11,0.076
390,12,0.087
390,13,0.124
390,14,0.036
390,15,0.036
390,16,0.253
390,17,1.127
390,18,2.427
390,19,0.232
390,20,0.126
390,21,0.535
390,22,0.198
390,23,0.105
390,24,0.297
390,25,0.243
390,26,0.188
390,27,0.417
390,28,1.869
390,29,0.24
390,30,0.427
390,31,0.199
390,32,1.55
390,33,3.149
390,34,2.06
390,35,3.785
390,36,1.214
390,37,0.832
390,38,1.22
390,39,2.625
390,40,2.458
390,41,1.998
390,42,1.342
390,43,0.695
390,44,0.698
390,45,0.82
390,46,0.697
390,47,0.54
390,48,0.219
391,1,0.15
391,2,0.038
391,3,0.049
391,4,0.122
391,5,0.079
391,6,0.037
391,7,0.051
391,8,0.145
391,9,0.066
391,10,0.036
391,11,0.036
391,12,0.131
391,13,0.095
391,14,0.036
391,15,0.035
391,16,0.72
391,17,0.825
391,18,0.438
391,19,2.548
391,20,0.143
391,21,0.362
391,22,0.195
391,23,0.095
391,24,0.096
391,25,0.508
391,26,0.382
391,27,0.118
391,28,0.045
391,29,0.045
391,30,0.228
391,31,0.457
391,32,0.157
391,33,0.437
391,34,1.895
391,35,1.526
391,36,1.011
391,37,0.925
391,38,0.731
391,39,0.76
391,40,0.869
391,41,1.037
391,42,1.44
391,43,0.822
391,44,0.814
391,45,0.828
391,46,0.905
391,47,0.393
391,48,0.112
392,1,0.141
392,2,0.048
392,3,0.035
392,4,0.141
392,5,0.097
392,6,0.046
392,7,0.036
392,8,0.14
392,9,0.098
392,10,0.036
392,11,0.035
392,12,0.101
392,13,0.137
392,14,0.044
392,15,0.035
392,16,0.268
392,17,1.296
392,18,1.791
392,19,0.451
392,20,0.581
392,21,0.725
392,22,0.373
392,23,0.129
392,24,0.434
392,25,0.356
392,26,0.726
392,27,0.139
392,28,0.091
392,29,0.147
392,30,0.304
392,31,0.093
392,32,0.177
392,33,1.277
392,34,1.318
392,35,1.479
392,36,2.634
392,37,1.403
392,38,0.954
392,39,0.856
392,40,0.779
392,41,0.836
392,42,0.835
392,43,0.797
392,44,1.135
392,45,0.836
392,46,0.587
392,47,0.591
392,48,0.437
393,1,0.076
393,2,0.135
393,3,0.042
393,4,0.075
393,5,0.159
393,6,0.089
393,7,0.041
393,8,0.055
393,9,0.129
393,10,0.036
393,11,0.036
393,12,0.133
393,13,0.063
393,14,0.035
393,15,0.065
393,16,0.138
393,17,1.284
393,18,1.316
393,19,0.198
393,20,0.11
393,21,0.043
393,22,0.078
393,23,0.113
393,24,0.423
393,25,0.309
393,26,0.169
393,27,0.057
393,28,0.053
393,29,0.144
393,30,0.139
393,31,0.151
393,32,0.162
393,33,0.894
393,34,0.923
393,35,1.19
393,36,0.652
393,37,1.248
393,38,1.129
393,39,0.986
393,40,1.097
393,41,3.881
393,42,1.9
393,43,1.372
393,44,1.389
393,45,2.446
393,46,2.524
393,47,1.194
393,48,0.348
394,1,0.083
394,2,0.075
394,3,0.165
394,4,0.068
394,5,0.038
394,6,0.158
394,7,0.075
394,8,0.037
394,9,0.124
394,10,0.07
394,11,0.037
394,12,0.119
394,13,0.107
394,14,0.13
394,15,0.894
394,16,2.546
394,17,3.956
394,18,1.615
394,19,1.338
394,20,2.552
394,21,2.327
394,22,1.997
394,23,1.425
394,24,1.74
394,25,0.702
394,26,0.213
394,27,0.157
394,28,0.161
394,29,0.242
394,30,0.193
394,31,1.137
394,32,1.085
394,33,1.322
394,34,1.664
394,35,3.462
394,36,1.981
394,37,1.128
394,38,1.209
394,39,1.01
394,40,0.869
394,41,0.948
394,42,0.682
394,43,2.141
394,44,2.831
394,45,0.818
394,46,0.588
394,47,0.586
394,48,0.236
395,1,0.087
395,2,0.155
395,3,0.051
395,4,0.035
395,5,0.139
395,6,0.061
395,7,0.035
395,8,0.081
395,9,0.142
395,10,0.049
395,11,0.035
395,12,0.035
395,13,0.143
395,14,0.135
395,15,0.054
395,16,0.904
395,17,0.661
395,18,0.508
395,19,0.818
395,20,0.117
395,21,0.089
395,22,0.097
395,23,0.26
395,24,1.451
395,25,2.514
395,26,1.152
395,27,0.744
395,28,3.988
395,29,2.296
395,30,1.329
395,31,2.116
395,32,2.818
395,33,3.031
395,34,1.864
395,35,1.077
395,36,1.029
395,37,3.232
395,38,1.597
395,39,1.001
395,40,0.945
395,41,1.024
395,42,0.941
395,43,0.829
395,44,0.836
395,45,0.836
395,46,0.563
395,47,0.513
395,48,0.548
396,1,0.141
396,2,0.05
396,3,0.098
396,4,0.121
396,5,0.035
396,6,0.09
396,7,0.091
396,8,0.035
396,9,0.085
396,10,0.106
396,11,0.036
396,12,0.036
396,13,0.143
396,14,0.08
396,15,0.035
396,16,0.076
396,17,1.148
396,18,0.349
396,19,1.278
396,20,1.466
396,21,1.178
396,22,1.966
396,23,3.257
396,24,1.714
396,25,1.118
396,26,2.04
396,27,0.536
396,28,0.285
396,29,0.271
396,30,0.257
396,31,0.147
396,32,1.16
396,33,0.164
396,34,0.105
396,35,0.088
396,36,3.203
396,37,2.323
396,38,1.165
396,39,0.981
396,40,0.918
396,41,0.781
396,42,0.905
396,43,0.724
396,44,0.663
396,45,0.572
396,46,0.526
396,47,0.612
396,48,0.509
397,1,0.167
397,2,0.19
397,3,0.047
397,4,0.048
397,5,0.142
397,6,0.074
397,7,0.047
397,8,0.097
397,9,0.15
397,10,0.045
397,11,0.035
397,12,0.078
397,13,0.139
397,14,0.057
397,15,0.035
397,16,0.033
397,17,0.599
397,18,0.702
397,19,0.135
397,20,0.276
397,21,0.087
397,22,0.201
397,23,0.302
397,24,2.886
397,25,1.562
397,26,0.299
397,27,0.184
397,28,0.04
397,29,0.044
397,30,0.045
397,31,0.146
397,32,0.094
397,33,0.043
397,34,0.085
397,35,1.555
397,36,1.569
397,37,0.993
397,38,0.868
397,39,0.641
397,40,0.609
397,41,0.846
397,42,0.662
397,43,0.737
397,44,0.684
397,45,0.56
397,46,0.609
397,47,0.109
397,48,0.065
398,1,0.142
398,2,0.053
398,3,0.035
398,4,0.116
398,5,0.097
398,6,0.035
398,7,0.035
398,8,0.133
398,9,0.134
398,10,0.045
398,11,0.035
398,12,0.035
398,13,0.12
398,14,0.116
398,15,0.318
398,16,1.183
398,17,0.684
398,18,0.242
398,19,0.13
398,20,0.362
398,21,0.217
398,22,0.512
398,23,0.236
398,24,2.109
398,25,2.318
398,26,1.806
398,27,1.5
398,28,0.368
398,29,0.193
398,30,2.58
398,31,2.112
398,32,1.396
398,33,0.245
398,34,0.694
398,35,2.379
398,36,1.018
398,37,1.157
398,38,0.746
398,39,0.739
398,40,0.998
398,41,2.496
398,42,2.53
398,43,1.886
398,44,1.741
398,45,0.818
398,46,0.564
398,47,0.439
398,48,0.156
399,1,0.148
399,2,0.079
399,3,0.053
399,4,0.051
399,5,0.05
399,6,0.152
399,7,0.136
399,8,0.137
399,9,0.036
399,10,0.036
399,11,0.036
399,12,0.036
399,13,0.089
399,14,0.138
399,15,0.13
399,16,0.364
399,17,1.078
399,18,1.537
399,19,2.619
399,20,2.123
399,21,2.627
399,22,0.631
399,23,0.194
399,24,0.095
399,25,0.063
399,26,0.125
399,27,0.098
399,28,0.052
399,29,0.045
399,30,0.115
399,31,0.099
399,32,0.031
399,33,0.042
399,34,0.489
399,35,2.152
399,36,1.669
399,37,1.036
399,38,0.873
399,39,0.74
399,40,0.802
399,41,3.579
399,42,0.886
399,43,0.68
399,44,0.714
399,45,0.493
399,46,0.49
399,47,0.513
399,48,0.236
400,1,0.103
400,2,0.154
400,3,0.11
400,4,0.049
400,5,0.037
400,6,0.098
400,7,0.141
400,8,0.068
400,9,0.036
400,10,0.036
400,11,0.09
400,12,0.138
400,13,0.059
400,14,0.035
400,15,0.035
400,16,0.248
400,17,1.129
400,18,0.546
400,19,0.146
400,20,0.095
400,21,0.103
400,22,1.255
400,23,0.826
400,24,0.237
400,25,0.097
400,26,0.096
400,27,0.172
400,28,0.12
400,29,0.097
400,30,0.178
400,31,0.583
400,32,0.17
400,33,0.18
400,34,1.573
400,35,3.025
400,36,0.832
400,37,0.583
400,38,0.781
400,39,0.771
400,40,0.686
400,41,2.011
400,42,0.72
400,43,0.877
400,44,1.253
400,45,1.081
400,46,1.069
400,47,0.504
400,48,0.035
401,1,0.07
401,2,0.092
401,3,0.035
401,4,0.096
401,5,0.104
401,6,0.036
401,7,0.055
401,8,0.143
401,9,0.045
401,10,0.036
401,11,0.095
401,12,0.138
401,13,0.039
401,14,0.035
401,15,0.061
401,16,0.139
401,17,0.957
401,18,0.484
401,19,0.226
401,20,0.393
401,21,0.267
401,22,3.303
401,23,0.189
401,24,0.093
401,25,0.089
401,26,0.707
401,27,0.332
401,28,0.865
401,29,0.273
401,30,0.837
401,31,0.615
401,32,0.211
401,33,1.258
401,34,1.569
401,35,3.537
401,36,4.675
401,37,2.024
401,38,0.983
401,39,1.127
401,40,2.626
401,41,2.675
401,42,2.672
401,43,2.307
401,44,2.03
401,45,1.656
401,46,1.403
401,47,1.333
401,48,0.452
402,1,0.453
402,2,0.058
402,3,0.051
402,4,0.158
402,5,0.037
402,6,0.036
402,7,0.149
402,8,0.065
402,9,0.036
402,10,0.086
402,11,0.119
402,12,0.035
402,13,0.035
402,14,0.115
402,15,0.108
402,16,0.178
402,17,1.08
402,18,0.687
402,19,0.292
402,20,0.347
402,21,0.615
402,22,0.412
402,23,0.657
402,24,1.689
402,25,2.474
402,26,2.025
402,27,1.966
402,28,0.431
402,29,0.438
402,30,1.84
402,31,0.843
402,32,0.107
402,33,0.116
402,34,1.946
402,35,1.102
402,36,2.765
402,37,0.743
402,38,3.882
402,39,1.232
402,40,1.278
402,41,0.849
402,42,0.869
402,43,0.828
402,44,0.961
402,45,0.731
402,46,0.68
402,47,0.595
402,48,0.534
403,1,0.553
403,2,0.391
403,3,0.094
403,4,0.124
403,5,0.051
403,6,0.089
403,7,0.106
403,8,0.036
403,9,0.094
403,10,0.1
403,11,0.036
403,12,0.085
403,13,0.11
403,14,0.036
403,15,0.044
403,16,0.156
403,17,1.949
403,18,0.481
403,19,0.085
403,20,0.094
403,21,0.486
403,22,0.862
403,23,2.303
403,24,4.158
403,25,2.748
403,26,2.61
403,27,0.479
403,28,0.162
403,29,0.207
403,30,1.425
403,31,0.284
403,32,0.139
403,33,1.37
403,34,0.132
403,35,0.161
403,36,2.957
403,37,2.035
403,38,1.172
403,39,0.971
403,40,0.982
403,41,0.933
403,42,0.882
403,43,0.859
403,44,0.806
403,45,0.777
403,46,0.57
403,47,0.542
403,48,0.432
404,1,0.106
404,2,0.129
404,3,0.165
404,4,0.097
404,5,0.127
404,6,0.166
404,7,0.144
404,8,0.176
404,9,0.124
404,10,0.046
404,11,0.045
404,12,0.127
404,13,0.075
404,14,0.045
404,15,0.072
404,16,0.146
404,17,0.864
404,18,0.402
404,19,0.103
404,20,0.191
404,21,0.104
404,22,0.337
404,23,0.192
404,24,0.165
404,25,0.11
404,26,1.211
404,27,1.448
404,28,0.285
404,29,0.108
404,30,0.164
404,31,0.139
404,32,0.104
404,33,0.279
404,34,0.185
404,35,1.375
404,36,0.596
404,37,0.97
404,38,1.349
404,39,0.972
404,40,0.841
404,41,0.841
404,42,0.904
404,43,1.395
404,44,0.975
404,45,0.729
404,46,0.573
404,47,0.474
404,48,0.17
405,1,0.091
405,2,0.546
405,3,0.193
405,4,0.094
405,5,0.092
405,6,0.16
405,7,0.14
405,8,0.078
405,9,0.091
405,10,0.189
405,11,0.105
405,12,0.075
405,13,0.069
405,14,0.154
405,15,0.082
405,16,0.039
405,17,0.978
405,18,2.184
405,19,0.899
405,20,0.173
405,21,0.343
405,22,0.188
405,23,0.143
405,24,0.787
405,25,2.788
405,26,1.924
405,27,1.366
405,28,4.304
405,29,1.438
405,30,0.248
405,31,0.258
405,32,1.2
405,33,1.67
405,34,0.195
405,35,0.517
405,36,1.817
405,37,1.184
405,38,0.739
405,39,0.75
405,40,0.731
405,41,1.403
405,42,1.664
405,43,0.82
405,44,0.904
405,45,0.787
405,46,0.73
405,47,0.392
405,48,0.075
406,1,0.048
406,2,0.117
406,3,0.059
406,4,0.035
406,5,0.121
406,6,0.094
406,7,0.036
406,8,0.035
406,9,0.145
406,10,0.103
406,11,0.036
406,12,0.035
406,13,0.077
406,14,0.137
406,15,0.798
406,16,0.614
406,17,0.606
406,18,0.534
406,19,0.292
406,20,0.111
406,21,0.078
406,22,0.164
406,23,0.067
406,24,0.036
406,25,0.046
406,26,0.136
406,27,0.145
406,28,0.266
406,29,0.532
406,30,0.147
406,31,0.133
406,32,0.096
406,33,0.185
406,34,0.231
406,35,2.272
406,36,0.784
406,37,0.774
406,38,0.736
406,39,0.932
406,40,0.925
406,41,0.85
406,42,0.993
406,43,0.884
406,44,0.692
406,45,0.601
406,46,0.509
406,47,0.533
406,48,0.488
407,1,0.05
407,2,0.125
407,3,0.122
407,4,0.035
407,5,0.048
407,6,0.138
407,7,0.067
407,8,0.035
407,9,0.072
407,10,0.141
407,11,0.053
407,12,0.036
407,13,0.035
407,14,0.128
407,15,0.092
407,16,0.106
407,17,0.807
407,18,1.234
407,19,3.237
407,20,1.056
407,21,0.031
407,22,0.073
407,23,0.133
407,24,0.065
407,25,0.031
407,26,0.079
407,27,0.777
407,28,0.147
407,29,0.134
407,30,0.132
407,31,0.13
407,32,0.046
407,33,0.052
407,34,0.563
407,35,0.198
407,36,1.332
407,37,1.208
407,38,0.897
407,39,0.908
407,40,2.296
407,41,2.555
407,42,2.645
407,43,2.74
407,44,1.22
407,45,0.666
407,46,0.497
407,47,0.439
407,48,0.155
408,1,0.078
408,2,0.035
408,3,0.106
408,4,0.107
408,5,0.044
408,6,0.036
408,7,0.143
408,8,0.135
408,9,0.049
408,10,0.036
408,11,0.036
408,12,0.117
408,13,0.115
408,14,0.035
408,15,0.035
408,16,0.299
408,17,1.837
408,18,1.499
408,19,3.357
408,20,0.369
408,21,0.076
408,22,0.169
408,23,0.739
408,24,0.645
408,25,2.57
408,26,2.219
408,27,2.008
408,28,1.51
408,29,0.264
408,30,0.195
408,31,0.125
408,32,0.138
408,33,0.093
408,34,0.214
408,35,4.072
408,36,2.807
408,37,3.831
408,38,2.376
408,39,1.621
408,40,0.927
408,41,0.985
408,42,1.171
408,43,1.062
408,44,1.054
408,45,0.716
408,46,0.468
408,47,0.148
408,48,0.072
409,1,0.127
409,2,0.17
409,3,0.045
409,4,0.049
409,5,0.156
409,6,0.131
409,7,0.048
409,8,0.036
409,9,0.06
409,10,0.143
409,11,0.068
409,12,0.036
409,13,0.036
409,14,0.104
409,15,0.122
409,16,0.035
409,17,0.528
409,18,0.291
409,19,0.646
409,20,0.378
409,21,0.127
409,22,0.629
409,23,0.885
409,24,0.184
409,25,0.84
409,26,0.54
409,27,0.228
409,28,0.721
409,29,0.133
409,30,0.116
409,31,0.171
409,32,0.127
409,33,0.108
409,34,0.179
409,35,0.874
409,36,1.542
409,37,3.104
409,38,1.092
409,39,0.972
409,40,1.964
409,41,0.882
409,42,0.828
409,43,0.805
409,44,0.758
409,45,0.673
409,46,0.62
409,47,0.446
409,48,0.21
410,1,0.147
410,2,0.13
410,3,0.116
410,4,0.035
410,5,0.049
410,6,0.093
410,7,0.035
410,8,0.089
410,9,0.081
410,10,0.036
410,11,0.078
410,12,0.14
410,13,0.052
410,14,0.035
410,15,0.052
410,16,0.139
410,17,0.68
410,18,0.243
410,19,0.173
410,20,1.178
410,21,0.837
410,22,1.019
410,23,0.425
410,24,0.609
410,25,2.889
410,26,1.642
410,27,0.223
410,28,0.11
410,29,0.144
410,30,0.168
410,31,1.659
410,32,3.97
410,33,3.007
410,34,1.213
410,35,1.803
410,36,1.07
410,37,1.674
410,38,3.363
410,39,0.998
410,40,0.989
410,41,1.658
410,42,2.177
410,43,1.535
410,44,0.934
410,45,1.119
410,46,1.316
410,47,0.803
410,48,0.741
411,1,0.621
411,2,0.154
411,3,0.082
411,4,0.185
411,5,0.2
411,6,0.134
411,7,0.142
411,8,0.078
411,9,0.037
411,10,0.05
411,11,0.141
411,12,0.095
411,13,0.037
411,14,0.039
411,15,0.105
411,16,0.099
411,17,0.62
411,18,0.233
411,19,0.286
411,20,0.103
411,21,0.097
411,22,0.173
411,23,1.592
411,24,1.85
411,25,1.779
411,26,1.785
411,27,0.706
411,28,0.143
411,29,0.08
411,30,0.049
411,31,0.083
411,32,0.147
411,33,0.832
411,34,0.479
411,35,0.275
411,36,0.714
411,37,0.672
411,38,1.907
411,39,2.28
411,40,1.565
411,41,0.864
411,42,0.825
411,43,0.834
411,44,0.737
411,45,0.613
411,46,0.626
411,47,0.568
411,48,0.268
412,1,0.208
412,2,0.124
412,3,0.067
412,4,0.124
412,5,0.17
412,6,0.065
412,7,0.064
412,8,0.127
412,9,0.088
412,10,0.061
412,11,0.077
412,12,0.166
412,13,0.146
412,14,0.066
412,15,0.048
412,16,0.32
412,17,0.664
412,18,0.214
412,19,0.117
412,20,0.11
412,21,0.155
412,22,0.566
412,23,0.185
412,24,0.249
412,25,0.737
412,26,0.117
412,27,0.045
412,28,0.051
412,29,0.134
412,30,0.038
412,31,0.042
412,32,0.12
412,33,2.87
412,34,0.49
412,35,0.321
412,36,1.269
412,37,1.242
412,38,1.485
412,39,1.097
412,40,0.953
412,41,0.896
412,42,0.982
412,43,0.902
412,44,0.89
412,45,0.705
412,46,0.633
412,47,0.655
412,48,0.448
413,1,0.509
413,2,0.535
413,3,0.455
413,4,0.477
413,5,0.545
413,6,0.268
413,7,0.048
413,8,0.124
413,9,0.098
413,10,0.037
413,11,0.041
413,12,0.145
413,13,0.072
413,14,0.035
413,15,0.034
413,16,0.133
413,17,0.095
413,18,2.435
413,19,1.24
413,20,0.248
413,21,0.101
413,22,0.031
413,23,0.032
413,24,0.041
413,25,0.135
413,26,0.812
413,27,0.274
413,28,0.089
413,29,1.497
413,30,2.121
413,31,7.07
413,32,1.463
413,33,0.688
413,34,0.178
413,35,0.125
413,36,1.767
413,37,1.02
413,38,0.97
413,39,1.008
413,40,1.694
413,41,0.985
413,42,2.018
413,43,1.879
413,44,0.929
413,45,0.927
413,46,0.626
413,47,0.169
413,48,0.156
414,1,0.098
414,2,0.052
414,3,0.05
414,4,0.142
414,5,0.038
414,6,0.049
414,7,0.109
414,8,0.146
414,9,0.064
414,10,0.046
414,11,0.036
414,12,0.114
414,13,0.121
414,14,0.036
414,15,0.035
414,16,0.482
414,17,1.582
414,18,0.286
414,19,0.709
414,20,0.762
414,21,0.12
414,22,0.083
414,23,0.175
414,24,0.182
414,25,0.799
414,26,0.97
414,27,0.253
414,28,0.555
414,29,0.855
414,30,1.651
414,31,3.331
414,32,2.403
414,33,1.329
414,34,0.989
414,35,3.552
414,36,0.749
414,37,0.976
414,38,2.031
414,39,2.575
414,40,2.465
414,41,2.182
414,42,1.029
414,43,1.297
414,44,3.219
414,45,2.785
414,46,2.293
414,47,1.452
414,48,0.277
415,1,0.142
415,2,0.081
415,3,0.035
415,4,0.091
415,5,0.126
415,6,0.035
415,7,0.035
415,8,0.102
415,9,0.137
415,10,0.131
415,11,0.128
415,12,0.046
415,13,0.036
415,14,0.035
415,15,0.034
415,16,0.66
415,17,0.76
415,18,0.257
415,19,0.133
415,20,0.084
415,21,0.054
415,22,0.041
415,23,0.138
415,24,0.151
415,25,0.68
415,26,0.123
415,27,0.169
415,28,0.2
415,29,0.174
415,30,0.635
415,31,0.1
415,32,0.115
415,33,3.19
415,34,0.789
415,35,2.411
415,36,0.728
415,37,0.733
415,38,0.956
415,39,0.908
415,40,0.879
415,41,0.852
415,42,0.761
415,43,0.719
415,44,0.75
415,45,0.611
415,46,0.512
415,47,0.545
415,48,0.148
