213,1,0.07
213,2,0.069
213,3,0.068
213,4,0.069
213,5,0.069
213,6,0.07
213,7,0.07
213,8,0.071
213,9,0.071
213,10,0.071
213,11,0.071
213,12,0.072
213,13,0.07
213,14,0.069
213,15,0.069
213,16,0.068
213,17,0.067
213,18,0.068
213,19,0.068
213,20,0.068
213,21,0.068
213,22,0.068
213,23,0.068
213,24,0.068
213,25,0.069
213,26,0.069
213,27,0.069
213,28,0.07
213,29,0.069
213,30,0.07
213,31,0.07
213,32,0.07
213,33,0.069
213,34,0.068
213,35,0.069
213,36,0.067
213,37,0.066
213,38,0.066
213,39,0.068
213,40,0.069
213,41,0.069
213,42,0.069
213,43,0.07
213,44,0.069
213,45,0.069
213,46,0.069
213,47,0.07
213,48,0.07
214,1,0.07
214,2,0.07
214,3,0.07
214,4,0.069
214,5,0.07
214,6,0.071
214,7,0.071
214,8,0.07
214,9,0.069
214,10,0.07
214,11,0.069
214,12,0.07
214,13,0.071
214,14,0.069
214,15,0.069
214,16,0.068
214,17,0.068
214,18,0.068
214,19,0.067
214,20,0.069
214,21,0.069
214,22,0.069
214,23,0.069
214,24,0.069
214,25,0.068
214,26,0.069
214,27,0.069
214,28,0.069
214,29,0.07
214,30,0.07
214,31,0.069
214,32,0.068
214,33,0.068
214,34,0.068
214,35,0.069
214,36,0.068
214,37,0.066
214,38,0.068
214,39,0.068
214,40,0.069
214,41,0.068
214,42,0.069
214,43,0.069
214,44,0.069
214,45,0.068
214,46,0.068
214,47,0.068
214,48,0.069
215,1,0.068
215,2,0.069
215,3,0.069
215,4,0.069
215,5,0.07
215,6,0.071
215,7,0.071
215,8,0.071
215,9,0.07
215,10,0.07
215,11,0.07
215,12,0.07
215,13,0.071
215,14,0.07
215,15,0.069
215,16,0.069
215,17,0.069
215,18,0.068
215,19,0.068
215,20,0.068
215,21,0.068
215,22,0.069
215,23,0.142
215,24,0.106
215,25,0.068
215,26,0.068
215,27,0.068
215,28,0.068
215,29,0.068
215,30,0.069
215,31,0.069
215,32,0.069
215,33,0.068
215,34,0.068
215,35,0.067
215,36,0.067
215,37,0.067
215,38,0.068
215,39,0.068
215,40,0.068
215,41,0.069
215,42,0.069
215,43,0.068
215,44,0.067
215,45,0.067
215,46,0.068
215,47,0.068
215,48,0.068
216,1,0.068
216,2,0.068
216,3,0.069
216,4,0.07
216,5,0.071
216,6,0.07
216,7,0.071
216,8,0.071
216,9,0.07
216,10,0.069
216,11,0.069
216,12,0.069
216,13,0.069
216,14,0.069
216,15,0.068
216,16,0.068
216,17,0.067
216,18,0.068
216,19,0.067
216,20,0.068
216,21,0.069
216,22,0.069
216,23,0.069
216,24,0.069
216,25,0.068
216,26,0.069
216,27,0.069
216,28,0.07
216,29,0.07
216,30,0.069
216,31,0.069
216,32,0.069
216,33,0.069
216,34,0.069
216,35,0.068
216,36,0.068
216,37,0.067
216,38,0.067
216,39,0.068
216,40,0.068
216,41,0.069
216,42,0.068
216,43,0.068
216,44,0.068
216,45,0.068
216,46,0.069
216,47,0.069
216,48,0.07
217,1,0.07
217,2,0.069
217,3,0.069
217,4,0.07
217,5,0.07
217,6,0.071
217,7,0.071
217,8,0.071
217,9,0.07
217,10,0.071
217,11,0.07
217,12,0.07
217,13,0.07
217,14,0.069
217,15,0.069
217,16,0.067
217,17,0.068
217,18,2.275
217,19,0.069
217,20,0.068
217,21,0.068
217,22,0.07
217,23,0.07
217,24,0.07
217,25,0.07
217,26,0.069
217,27,0.069
217,28,0.068
217,29,0.068
217,30,0.067
217,31,0.068
217,32,0.07
217,33,0.07
217,34,0.069
217,35,0.067
217,36,0.067
217,37,0.068
217,38,0.068
217,39,0.067
217,40,0.068
217,41,0.069
217,42,0.068
217,43,0.068
217,44,0.068
217,45,0.068
217,46,0.069
217,47,0.069
217,48,0.069
218,1,0.069
218,2,0.069
218,3,0.07
218,4,0.071
218,5,0.071
218,6,0.07
218,7,0.07
218,8,0.07
218,9,0.07
218,10,0.07
218,11,0.07
218,12,0.07
218,13,0.069
218,14,0.069
218,15,0.069
218,16,0.068
218,17,0.068
218,18,0.276
218,19,1.528
218,20,0.068
218,21,0.069
218,22,0.068
218,23,0.067
218,24,0.067
218,25,0.067
218,26,0.068
218,27,0.068
218,28,0.067
218,29,0.068
218,30,0.068
218,31,0.068
218,32,0.068
218,33,0.069
218,34,0.068
218,35,0.068
218,36,0.067
218,37,0.068
218,38,0.067
218,39,0.068
218,40,0.068
218,41,0.069
218,42,1.934
218,43,0.068
218,44,0.069
218,45,0.069
218,46,0.069
218,47,0.068
218,48,0.069
219,1,0.07
219,2,0.069
219,3,0.07
219,4,0.07
219,5,0.07
219,6,0.07
219,7,0.07
219,8,0.07
219,9,0.07
219,10,0.07
219,11,0.07
219,12,0.07
219,13,0.069
219,14,0.068
219,15,0.068
219,16,0.068
219,17,0.068
219,18,0.068
219,19,0.069
219,20,0.068
219,21,0.068
219,22,0.068
219,23,0.068
219,24,0.068
219,25,0.068
219,26,0.068
219,27,0.069
219,28,0.069
219,29,0.07
219,30,0.07
219,31,0.069
219,32,0.069
219,33,0.069
219,34,0.07
219,35,0.088
219,36,0.068
219,37,0.068
219,38,0.068
219,39,0.068
219,40,0.067
219,41,0.067
219,42,0.068
219,43,0.067
219,44,0.068
219,45,0.068
219,46,0.069
219,47,0.069
219,48,0.069
220,1,0.069
220,2,0.07
220,3,0.07
220,4,0.069
220,5,0.069
220,6,0.07
220,7,0.07
220,8,0.07
220,9,0.07
220,10,0.07
220,11,0.07
220,12,0.07
220,13,0.07
220,14,0.07
220,15,0.069
220,16,0.068
220,17,0.069
220,18,0.069
220,19,0.069
220,20,0.067
220,21,0.067
220,22,0.067
220,23,0.067
220,24,0.067
220,25,0.067
220,26,0.067
220,27,0.067
220,28,0.068
220,29,0.068
220,30,0.069
220,31,0.069
220,32,0.068
220,33,0.069
220,34,0.068
220,35,0.068
220,36,0.068
220,37,0.068
220,38,0.068
220,39,0.069
220,40,0.068
220,41,0.068
220,42,0.069
220,43,0.067
220,44,0.067
220,45,0.068
220,46,0.068
220,47,0.069
220,48,0.069
221,1,0.069
221,2,0.069
221,3,0.07
221,4,0.07
221,5,0.071
221,6,0.071
221,7,0.07
221,8,0.07
221,9,0.07
221,10,0.071
221,11,0.071
221,12,0.071
221,13,0.071
221,14,0.07
221,15,0.07
221,16,0.07
221,17,0.068
221,18,0.068
221,19,0.068
221,20,0.068
221,21,0.067
221,22,0.068
221,23,0.068
221,24,0.068
221,25,0.067
221,26,0.067
221,27,0.067
221,28,0.068
221,29,0.069
221,30,0.069
221,31,0.069
221,32,0.069
221,33,0.069
221,34,0.068
221,35,0.068
221,36,0.068
221,37,0.067
221,38,0.068
221,39,0.068
221,40,0.068
221,41,0.068
221,42,0.069
221,43,0.068
221,44,0.068
221,45,0.068
221,46,0.069
221,47,0.07
221,48,0.07
222,1,0.069
222,2,0.07
222,3,0.07
222,4,0.069
222,5,0.07
222,6,0.07
222,7,0.071
222,8,0.071
222,9,0.071
222,10,0.071
222,11,0.071
222,12,0.071
222,13,0.07
222,14,0.07
222,15,0.069
222,16,0.069
222,17,0.068
222,18,0.068
222,19,0.068
222,20,0.068
222,21,0.069
222,22,0.069
222,23,0.069
222,24,0.069
222,25,0.069
222,26,0.068
222,27,0.069
222,28,0.069
222,29,0.069
222,30,0.07
222,31,0.115
222,32,0.07
222,33,0.069
222,34,0.069
222,35,0.068
222,36,0.068
222,37,0.067
222,38,0.066
222,39,0.067
222,40,0.068
222,41,0.069
222,42,0.069
222,43,0.068
222,44,0.068
222,45,0.069
222,46,0.069
222,47,0.068
222,48,0.069
223,1,0.07
223,2,0.07
223,3,0.07
223,4,0.069
223,5,0.069
223,6,0.069
223,7,0.069
223,8,0.07
223,9,0.07
223,10,0.07
223,11,0.07
223,12,0.07
223,13,0.07
223,14,0.069
223,15,0.069
223,16,0.068
223,17,0.068
223,18,0.068
223,19,0.068
223,20,0.069
223,21,0.068
223,22,0.068
223,23,0.067
223,24,0.067
223,25,0.067
223,26,0.068
223,27,0.068
223,28,0.068
223,29,0.068
223,30,0.069
223,31,0.069
223,32,0.069
223,33,0.07
223,34,0.069
223,35,0.068
223,36,0.067
223,37,0.066
223,38,0.067
223,39,0.067
223,40,0.069
223,41,0.069
223,42,0.068
223,43,0.068
223,44,0.068
223,45,0.068
223,46,0.069
223,47,0.069
223,48,0.069
224,1,0.069
224,2,0.07
224,3,0.071
224,4,0.07
224,5,0.069
224,6,0.069
224,7,0.069
224,8,0.069
224,9,0.07
224,10,0.07
224,11,0.07
224,12,0.069
224,13,0.069
224,14,0.069
224,15,0.07
224,16,0.069
224,17,0.067
224,18,0.067
224,19,0.069
224,20,0.068
224,21,0.069
224,22,0.068
224,23,0.068
224,24,0.068
224,25,0.068
224,26,0.069
224,27,0.07
224,28,0.07
224,29,0.07
224,30,0.069
224,31,0.07
224,32,0.07
224,33,0.069
224,34,0.069
224,35,0.068
224,36,0.067
224,37,0.067
224,38,0.066
224,39,0.067
224,40,0.067
224,41,0.067
224,42,0.068
224,43,0.068
224,44,0.068
224,45,0.068
224,46,0.069
224,47,0.07
224,48,0.07
225,1,0.07
225,2,0.07
225,3,0.07
225,4,0.07
225,5,0.071
225,6,0.071
225,7,0.071
225,8,0.069
225,9,0.07
225,10,0.07
225,11,0.07
225,12,0.07
225,13,0.069
225,14,0.069
225,15,0.068
225,16,0.068
225,17,0.068
225,18,0.068
225,19,0.068
225,20,0.068
225,21,0.069
225,22,0.069
225,23,0.068
225,24,0.068
225,25,0.069
225,26,0.069
225,27,0.07
225,28,0.07
225,29,0.068
225,30,0.068
225,31,0.068
225,32,0.069
225,33,0.07
225,34,0.069
225,35,0.067
225,36,0.067
225,37,0.067
225,38,0.066
225,39,0.067
225,40,0.067
225,41,0.067
225,42,0.068
225,43,0.067
225,44,0.067
225,45,0.067
225,46,0.068
225,47,0.069
225,48,0.069
226,1,0.069
226,2,0.069
226,3,0.07
226,4,0.07
226,5,0.069
226,6,0.07
226,7,0.07
226,8,0.07
226,9,0.07
226,10,0.071
226,11,0.071
226,12,0.071
226,13,0.07
226,14,0.07
226,15,0.069
226,16,0.068
226,17,0.068
226,18,0.068
226,19,0.068
226,20,0.068
226,21,0.069
226,22,0.07
226,23,0.07
226,24,0.067
226,25,0.068
226,26,0.068
226,27,0.069
226,28,0.069
226,29,0.069
226,30,0.07
226,31,0.07
226,32,0.069
226,33,0.069
226,34,0.069
226,35,0.068
226,36,0.067
226,37,0.067
226,38,0.067
226,39,0.067
226,40,0.068
226,41,0.069
226,42,0.069
226,43,0.068
226,44,0.068
226,45,0.069
226,46,0.069
226,47,0.069
226,48,0.069
227,1,0.069
227,2,0.07
227,3,0.07
227,4,0.07
227,5,0.071
227,6,0.071
227,7,0.07
227,8,0.07
227,9,0.07
227,10,0.069
227,11,0.069
227,12,0.069
227,13,0.069
227,14,0.069
227,15,0.069
227,16,0.131
227,17,0.068
227,18,0.068
227,19,0.074
227,20,0.306
227,21,0.104
227,22,0.067
227,23,0.067
227,24,0.067
227,25,0.067
227,26,0.068
227,27,0.068
227,28,0.068
227,29,0.069
227,30,0.069
227,31,0.069
227,32,0.069
227,33,0.069
227,34,0.069
227,35,0.068
227,36,0.067
227,37,0.066
227,38,0.067
227,39,0.068
227,40,0.068
227,41,0.069
227,42,0.069
227,43,0.068
227,44,0.068
227,45,0.068
227,46,0.069
227,47,0.069
227,48,0.07
228,1,0.069
228,2,0.07
228,3,0.07
228,4,0.069
228,5,0.069
228,6,0.07
228,7,0.07
228,8,0.07
228,9,0.07
228,10,0.07
228,11,0.071
228,12,0.07
228,13,0.071
228,14,0.071
228,15,0.069
228,16,0.068
228,17,0.069
228,18,0.068
228,19,0.068
228,20,0.068
228,21,0.068
228,22,0.067
228,23,0.068
228,24,0.068
228,25,0.068
228,26,0.067
228,27,0.067
228,28,0.068
228,29,0.068
228,30,0.069
228,31,0.069
228,32,0.07
228,33,0.069
228,34,0.069
228,35,0.068
228,36,0.068
228,37,0.069
228,38,0.069
228,39,0.069
228,40,0.07
228,41,0.069
228,42,0.068
228,43,0.069
228,44,0.069
228,45,0.069
228,46,0.07
228,47,0.07
228,48,0.069
229,1,0.069
229,2,0.07
229,3,0.07
229,4,0.071
229,5,0.071
229,6,0.071
229,7,0.07
229,8,0.07
229,9,0.07
229,10,0.07
229,11,0.07
229,12,0.069
229,13,0.07
229,14,0.07
229,15,0.069
229,16,0.068
229,17,0.068
229,18,0.069
229,19,0.068
229,20,0.067
229,21,0.069
229,22,0.069
229,23,0.069
229,24,0.068
229,25,0.068
229,26,0.068
229,27,0.069
229,28,0.07
229,29,0.07
229,30,0.07
229,31,0.07
229,32,0.07
229,33,0.07
229,34,0.07
229,35,0.069
229,36,0.068
229,37,0.068
229,38,1.335
229,39,9.771
229,40,7.79
229,41,6.006
229,42,5.106
229,43,6.848
229,44,2.568
229,45,0.069
229,46,0.069
229,47,0.07
229,48,0.069
230,1,0.07
230,2,0.07
230,3,0.069
230,4,0.07
230,5,0.07
230,6,0.071
230,7,0.07
230,8,0.07
230,9,0.07
230,10,0.071
230,11,0.07
230,12,0.07
230,13,0.07
230,14,0.069
230,15,0.07
230,16,0.069
230,17,0.068
230,18,0.068
230,19,0.068
230,20,0.069
230,21,0.07
230,22,0.07
230,23,0.07
230,24,0.069
230,25,0.095
230,26,0.069
230,27,0.07
230,28,0.07
230,29,0.07
230,30,0.07
230,31,0.069
230,32,0.069
230,33,0.068
230,34,0.068
230,35,0.068
230,36,0.068
230,37,0.068
230,38,0.069
230,39,0.137
230,40,0.069
230,41,0.068
230,42,0.068
230,43,0.067
230,44,0.069
230,45,0.069
230,46,0.069
230,47,0.069
230,48,0.071
231,1,0.07
231,2,0.071
231,3,0.069
231,4,0.07
231,5,0.07
231,6,0.07
231,7,0.07
231,8,0.07
231,9,0.071
231,10,0.071
231,11,0.071
231,12,0.071
231,13,0.071
231,14,0.071
231,15,0.069
231,16,0.068
231,17,0.068
231,18,0.068
231,19,0.067
231,20,0.069
231,21,0.068
231,22,0.068
231,23,0.068
231,24,0.068
231,25,0.068
231,26,0.068
231,27,0.07
231,28,0.07
231,29,0.07
231,30,0.069
231,31,0.069
231,32,0.069
231,33,0.069
231,34,0.068
231,35,0.068
231,36,0.067
231,37,0.067
231,38,0.068
231,39,0.068
231,40,0.068
231,41,0.068
231,42,0.068
231,43,0.068
231,44,0.836
231,45,0.068
231,46,0.07
231,47,0.069
231,48,0.07
232,1,0.07
232,2,0.07
232,3,0.07
232,4,0.071
232,5,0.071
232,6,0.069
232,7,0.069
232,8,0.07
232,9,0.07
232,10,0.07
232,11,0.07
232,12,0.07
232,13,0.069
232,14,0.069
232,15,0.069
232,16,0.068
232,17,0.068
232,18,0.068
232,19,0.067
232,20,0.067
232,21,0.068
232,22,1.764
232,23,0.107
232,24,0.088
232,25,0.079
232,26,0.073
232,27,0.075
232,28,0.075
232,29,0.075
232,30,0.075
232,31,0.075
232,32,0.075
232,33,0.075
232,34,0.074
232,35,0.073
232,36,0.073
232,37,0.072
232,38,0.072
232,39,0.073
232,40,0.074
232,41,0.073
232,42,0.073
232,43,0.072
232,44,0.072
232,45,0.072
232,46,0.073
232,47,0.074
232,48,0.074
233,1,0.074
233,2,0.075
233,3,0.074
233,4,0.074
233,5,0.075
233,6,0.075
233,7,0.075
233,8,0.076
233,9,0.076
233,10,0.076
233,11,0.076
233,12,0.076
233,13,0.075
233,14,0.074
233,15,0.072
233,16,0.072
233,17,0.072
233,18,0.072
233,19,0.072
233,20,0.071
233,21,0.071
233,22,0.074
233,23,0.074
233,24,0.075
233,25,0.075
233,26,0.073
233,27,0.073
233,28,0.074
233,29,0.074
233,30,0.074
233,31,0.075
233,32,0.075
233,33,0.075
233,34,0.074
233,35,0.074
233,36,0.072
233,37,0.072
233,38,0.072
233,39,0.072
233,40,0.078
233,41,0.073
233,42,0.074
233,43,0.072
233,44,0.072
233,45,0.072
233,46,0.073
233,47,0.073
233,48,0.073
234,1,0.074
234,2,0.075
234,3,0.075
234,4,0.074
234,5,0.074
234,6,0.075
234,7,0.075
234,8,0.076
234,9,0.076
234,10,0.075
234,11,0.075
234,12,0.075
234,13,0.075
234,14,0.075
234,15,0.075
234,16,0.073
234,17,0.072
234,18,0.072
234,19,0.072
234,20,0.073
234,21,0.073
234,22,0.073
234,23,0.073
234,24,0.074
234,25,0.074
234,26,0.074
234,27,0.074
234,28,0.074
234,29,0.075
234,30,0.075
234,31,0.075
234,32,0.075
234,33,0.075
234,34,0.074
234,35,0.073
234,36,0.072
234,37,0.138
234,38,0.071
234,39,0.072
234,40,0.073
234,41,0.073
234,42,0.073
234,43,0.072
234,44,0.073
234,45,0.073
234,46,0.074
234,47,0.074
234,48,0.075
235,1,0.075
235,2,0.076
235,3,0.076
235,4,0.075
235,5,0.076
235,6,0.076
235,7,0.076
235,8,0.077
235,9,0.077
235,10,0.077
235,11,0.076
235,12,0.077
235,13,0.076
235,14,0.077
235,15,0.076
235,16,0.075
235,17,0.073
235,18,0.073
235,19,0.074
235,20,0.075
235,21,0.553
235,22,3.926
235,23,3.962
235,24,4.964
235,25,4.986
235,26,4.935
235,27,4.08
235,28,4.85
235,29,0.064
235,30,0.064
235,31,0.065
235,32,0.064
235,33,0.065
235,34,0.063
235,35,0.063
235,36,0.062
235,37,0.063
235,38,0.063
235,39,0.064
235,40,0.065
235,41,0.065
235,42,0.063
235,43,0.063
235,44,0.063
235,45,0.063
235,46,0.064
235,47,0.065
235,48,0.064
236,1,0.063
236,2,0.063
236,3,0.064
236,4,0.065
236,5,0.065
236,6,0.066
236,7,0.064
236,8,0.064
236,9,0.064
236,10,0.064
236,11,0.064
236,12,0.064
236,13,0.064
236,14,0.066
236,15,0.064
236,16,0.063
236,17,0.063
236,18,0.063
236,19,0.064
236,20,0.064
236,21,0.064
236,22,0.065
236,23,0.064
236,24,0.063
236,25,0.063
236,26,0.064
236,27,0.064
236,28,0.063
236,29,0.065
236,30,0.065
236,31,0.065
236,32,0.065
236,33,0.065
236,34,0.065
236,35,0.063
236,36,0.063
236,37,0.063
236,38,0.063
236,39,0.063
236,40,0.063
236,41,0.064
236,42,0.063
236,43,0.063
236,44,0.063
236,45,0.064
236,46,0.063
236,47,0.065
236,48,0.064
237,1,0.063
237,2,0.063
237,3,0.064
237,4,0.065
237,5,0.065
237,6,0.066
237,7,0.065
237,8,0.065
237,9,0.066
237,10,0.066
237,11,0.065
237,12,0.066
237,13,0.064
237,14,0.064
237,15,0.064
237,16,0.063
237,17,0.062
237,18,0.062
237,19,0.063
237,20,0.063
237,21,0.064
237,22,0.065
237,23,0.065
237,24,0.064
237,25,0.063
237,26,0.063
237,27,0.063
237,28,0.064
237,29,0.063
237,30,0.303
237,31,0.063
237,32,0.064
237,33,0.064
237,34,0.063
237,35,0.063
237,36,0.061
237,37,0.916
237,38,1.074
237,39,0.063
237,40,0.064
237,41,0.064
237,42,0.064
237,43,0.063
237,44,0.063
237,45,0.063
237,46,0.063
237,47,0.064
237,48,0.065
238,1,0.064
238,2,0.065
238,3,0.066
238,4,0.066
238,5,0.064
238,6,0.065
238,7,0.066
238,8,0.066
238,9,0.066
238,10,0.066
238,11,0.065
238,12,0.064
238,13,0.066
238,14,0.065
238,15,0.064
238,16,0.063
238,17,0.063
238,18,0.062
238,19,0.063
238,20,0.063
238,21,0.197
238,22,0.294
238,23,0.295
238,24,0.297
238,25,0.296
238,26,0.282
238,27,0.06
238,28,0.061
238,29,0.059
238,30,0.059
238,31,0.06
238,32,0.06
238,33,0.06
238,34,0.059
238,35,0.058
238,36,0.057
238,37,0.057
238,38,1.156
238,39,2.423
238,40,0.06
238,41,0.059
238,42,0.059
238,43,0.058
238,44,0.057
238,45,0.059
238,46,0.059
238,47,0.06
238,48,0.059
239,1,0.059
239,2,0.059
239,3,0.06
239,4,0.061
239,5,0.061
239,6,0.059
239,7,0.059
239,8,0.06
239,9,0.059
239,10,0.059
239,11,0.059
239,12,0.06
239,13,0.06
239,14,0.06
239,15,0.06
239,16,0.059
239,17,0.058
239,18,0.058
239,19,0.059
239,20,0.059
239,21,0.059
239,22,0.059
239,23,0.059
239,24,0.059
239,25,0.06
239,26,0.06
239,27,0.06
239,28,0.059
239,29,0.058
239,30,0.059
239,31,0.06
239,32,0.059
239,33,0.059
239,34,0.059
239,35,0.059
239,36,0.059
239,37,0.058
239,38,0.058
239,39,0.059
239,40,0.059
239,41,0.059
239,42,0.059
239,43,0.059
239,44,0.059
239,45,0.059
239,46,0.06
239,47,0.058
239,48,0.059
240,1,0.059
240,2,0.06
240,3,0.06
240,4,0.06
240,5,0.059
240,6,0.059
240,7,0.061
240,8,0.06
240,9,0.06
240,10,0.06
240,11,0.06
240,12,0.061
240,13,0.06
240,14,0.059
240,15,0.059
240,16,0.059
240,17,0.058
240,18,0.057
240,19,0.058
240,20,0.059
240,21,0.059
240,22,0.059
240,23,0.06
240,24,0.071
240,25,0.223
240,26,0.059
240,27,0.059
240,28,0.059
240,29,0.06
240,30,0.061
240,31,0.06
240,32,0.059
240,33,0.059
240,34,0.058
240,35,0.058
240,36,0.058
240,37,0.057
240,38,0.057
240,39,0.058
240,40,0.059
240,41,0.058
240,42,0.058
240,43,0.059
240,44,0.059
240,45,0.058
240,46,0.058
240,47,0.058
240,48,0.06
388,1,0.4
388,2,0.328
388,3,0.31
388,4,0.391
388,5,0.238
388,6,0.398
388,7,0.241
388,8,0.4
388,9,0.248
388,10,0.395
388,11,0.326
388,12,0.32
388,13,0.394
388,14,0.249
388,15,0.396
388,16,0.235
388,17,0.385
388,18,0.235
388,19,0.388
388,20,0.233
388,21,0.38
388,22,0.334
388,23,0.305
388,24,0.653
388,25,0.259
388,26,0.43
388,27,0.413
388,28,0.289
388,29,0.428
388,30,0.238
388,31,0.417
388,32,0.238
388,33,0.412
388,34,0.236
388,35,0.401
388,36,0.234
388,37,0.902
388,38,2.952
388,39,2.958
388,40,3.157
388,41,0.705
388,42,0.831
388,43,5.64
388,44,0.571
388,45,0.278
388,46,0.381
388,47,0.284
388,48,0.348
389,1,0.288
389,2,0.349
389,3,0.282
389,4,0.358
389,5,0.273
389,6,0.366
389,7,0.265
389,8,0.374
389,9,0.246
389,10,0.395
389,11,0.23
389,12,0.406
389,13,0.227
389,14,0.407
389,15,0.226
389,16,0.403
389,17,0.224
389,18,0.399
389,19,0.223
389,20,0.4
389,21,0.222
389,22,0.399
389,23,0.222
389,24,0.395
389,25,0.22
389,26,0.389
389,27,0.223
389,28,0.401
389,29,0.226
389,30,0.397
389,31,0.224
389,32,0.4
389,33,0.226
389,34,0.403
389,35,0.222
389,36,0.398
389,37,0.223
389,38,0.396
389,39,0.222
389,40,0.395
389,41,0.231
389,42,0.403
389,43,0.221
389,44,0.4
389,45,0.223
389,46,0.389
389,47,0.229
389,48,0.39
390,1,0.241
390,2,0.38
390,3,0.248
390,4,0.379
390,5,0.258
390,6,0.369
390,7,0.263
390,8,0.367
390,9,0.267
390,10,0.354
390,11,0.274
390,12,0.344
390,13,0.278
390,14,0.335
390,15,0.282
390,16,0.325
390,17,0.294
390,18,0.313
390,19,0.302
390,20,0.306
390,21,0.317
390,22,1.494
390,23,2.44
390,24,1.854
390,25,4.849
390,26,5.046
390,27,4.888
390,28,6.449
390,29,5.897
390,30,0.406
390,31,0.241
390,32,0.393
390,33,0.249
390,34,0.383
390,35,0.25
390,36,0.374
390,37,0.239
390,38,0.377
390,39,0.246
390,40,0.38
390,41,0.225
390,42,0.39
390,43,0.227
390,44,0.39
390,45,0.226
390,46,0.39
390,47,0.227
390,48,0.389
391,1,0.23
391,2,0.39
391,3,0.225
391,4,0.386
391,5,0.227
391,6,0.382
391,7,0.223
391,8,0.381
391,9,0.223
391,10,0.385
391,11,0.231
391,12,0.381
391,13,0.216
391,14,0.328
391,15,0.174
391,16,0.275
391,17,0.227
391,18,0.181
391,19,0.32
391,20,0.173
391,21,0.245
391,22,0.277
391,23,0.273
391,24,0.279
391,25,0.413
391,26,0.178
391,27,0.404
391,28,0.212
391,29,0.33
391,30,0.178
391,31,0.34
391,32,0.174
391,33,0.332
391,34,0.172
391,35,0.172
391,36,0.335
391,37,0.168
391,38,0.318
391,39,0.172
391,40,0.177
391,41,0.328
391,42,0.172
391,43,0.335
391,44,0.172
391,45,0.25
391,46,0.249
391,47,0.174
391,48,0.324
392,1,0.178
392,2,0.33
392,3,0.178
392,4,0.216
392,5,0.297
392,6,0.18
392,7,0.338
392,8,0.181
392,9,0.325
392,10,0.189
392,11,0.186
392,12,0.33
392,13,0.178
392,14,0.328
392,15,0.174
392,16,0.271
392,17,0.232
392,18,0.177
392,19,0.327
392,20,0.176
392,21,0.326
392,22,0.165
392,23,0.135
392,24,0.135
392,25,0.135
392,26,0.135
392,27,0.134
392,28,0.134
392,29,0.138
392,30,0.137
392,31,0.135
392,32,0.131
392,33,0.132
392,34,0.13
392,35,0.13
392,36,0.182
392,37,0.131
392,38,0.129
392,39,0.129
392,40,0.13
392,41,0.136
392,42,0.138
392,43,0.132
392,44,0.131
392,45,0.131
392,46,0.134
392,47,0.139
392,48,0.137
393,1,0.136
393,2,0.135
393,3,0.137
393,4,0.139
393,5,0.137
393,6,0.137
393,7,0.138
393,8,0.138
393,9,0.138
393,10,0.138
393,11,0.138
393,12,0.138
393,13,0.136
393,14,0.135
393,15,0.161
393,16,0.137
393,17,0.138
393,18,0.138
393,19,0.138
393,20,0.137
393,21,0.135
393,22,0.133
393,23,0.133
393,24,0.135
393,25,0.137
393,26,0.137
393,27,0.135
393,28,0.137
393,29,0.137
393,30,0.137
393,31,0.137
393,32,0.136
393,33,0.135
393,34,0.136
393,35,0.135
393,36,0.132
393,37,0.138
393,38,0.133
393,39,0.133
393,40,0.133
393,41,0.132
393,42,0.133
393,43,0.144
393,44,0.133
393,45,0.134
393,46,0.132
393,47,0.132
393,48,0.132
394,1,0.133
394,2,0.136
394,3,0.142
394,4,0.144
394,5,0.134
394,6,0.134
394,7,0.135
394,8,0.135
394,9,0.136
394,10,0.143
394,11,0.141
394,12,0.136
394,13,0.134
394,14,0.133
394,15,0.131
394,16,0.137
394,17,0.136
394,18,0.13
394,19,0.131
394,20,0.131
394,21,0.141
394,22,0.133
394,23,0.131
394,24,0.132
394,25,0.132
394,26,0.136
394,27,0.141
394,28,0.135
394,29,0.135
394,30,0.135
394,31,0.135
394,32,0.134
394,33,0.135
394,34,0.133
394,35,0.132
394,36,3.372
394,37,8.267
394,38,7.852
394,39,8.206
394,40,7.164
394,41,6.921
394,42,6.117
394,43,0.534
394,44,0.144
394,45,0.144
394,46,0.154
394,47,0.15
394,48,0.147
395,1,0.149
395,2,0.158
395,3,0.16
395,4,0.149
395,5,0.15
395,6,0.146
395,7,0.149
395,8,0.15
395,9,0.149
395,10,0.15
395,11,0.153
395,12,0.153
395,13,0.151
395,14,0.151
395,15,0.149
395,16,0.149
395,17,0.146
395,18,0.145
395,19,0.144
395,20,0.143
395,21,0.337
395,22,1.097
395,23,0.143
395,24,0.153
395,25,0.156
395,26,0.294
395,27,0.161
395,28,0.147
395,29,0.148
395,30,0.149
395,31,0.15
395,32,0.149
395,33,0.149
395,34,0.147
395,35,0.145
395,36,0.155
395,37,0.142
395,38,0.144
395,39,0.497
395,40,0.475
395,41,0.143
395,42,0.143
395,43,0.144
395,44,0.144
395,45,0.145
395,46,0.144
395,47,0.141
395,48,0.143
396,1,0.145
396,2,0.145
396,3,0.148
396,4,0.146
396,5,0.148
396,6,0.15
396,7,0.148
396,8,0.148
396,9,0.148
396,10,0.146
396,11,0.146
396,12,0.146
396,13,0.145
396,14,0.144
396,15,0.149
396,16,0.149
396,17,0.142
396,18,0.142
396,19,0.143
396,20,0.142
396,21,0.148
396,22,0.148
396,23,1.71
396,24,0.144
396,25,0.144
396,26,0.144
396,27,0.145
396,28,0.151
396,29,0.152
396,30,0.145
396,31,0.145
396,32,0.145
396,33,0.144
396,34,0.145
396,35,0.146
396,36,0.147
396,37,0.145
396,38,0.14
396,39,0.141
396,40,0.142
396,41,0.142
396,42,0.141
396,43,0.143
396,44,0.148
396,45,0.146
396,46,0.142
396,47,0.141
396,48,0.141
397,1,0.143
397,2,0.146
397,3,0.148
397,4,0.15
397,5,0.148
397,6,0.145
397,7,0.144
397,8,0.145
397,9,0.145
397,10,0.152
397,11,0.15
397,12,0.145
397,13,0.145
397,14,0.142
397,15,0.158
397,16,0.35
397,17,0.188
397,18,0.144
397,19,0.141
397,20,0.14
397,21,0.139
397,22,0.148
397,23,0.146
397,24,0.143
397,25,0.143
397,26,0.144
397,27,0.149
397,28,0.146
397,29,0.142
397,30,0.142
397,31,0.143
397,32,0.146
397,33,1.683
397,34,3.334
397,35,2.835
397,36,0.15
397,37,0.137
397,38,0.149
397,39,0.169
397,40,0.143
397,41,0.143
397,42,0.144
397,43,0.144
397,44,0.145
397,45,0.144
397,46,0.145
397,47,0.143
397,48,0.143
398,1,0.145
398,2,0.146
398,3,0.148
398,4,0.147
398,5,0.147
398,6,0.148
398,7,0.148
398,8,0.148
398,9,0.149
398,10,0.149
398,11,0.147
398,12,0.148
398,13,0.147
398,14,0.145
398,15,0.144
398,16,0.265
398,17,0.151
398,18,0.151
398,19,0.149
398,20,0.156
398,21,0.145
398,22,0.145
398,23,0.147
398,24,0.143
398,25,0.147
398,26,0.143
398,27,0.148
398,28,2.417
398,29,3.615
398,30,5.005
398,31,3.992
398,32,0.505
398,33,0.321
398,34,0.513
398,35,0.604
398,36,0.474
398,37,0.339
398,38,1.871
398,39,2.143
398,40,2.134
398,41,2.195
398,42,2.156
398,43,2.226
398,44,1.244
398,45,0.517
398,46,0.757
398,47,0.164
398,48,0.325
399,1,0.827
399,2,0.419
399,3,0.307
399,4,0.312
399,5,0.503
399,6,0.761
399,7,0.195
399,8,0.665
399,9,0.152
399,10,0.549
399,11,2.178
399,12,2.266
399,13,2.164
399,14,2.219
399,15,2.168
399,16,2.251
399,17,2.166
399,18,2.154
399,19,2.241
399,20,2.161
399,21,2.248
399,22,2.148
399,23,2.148
399,24,2.714
399,25,2.153
399,26,2.148
399,27,2.279
399,28,2.189
399,29,2.24
399,30,1.795
399,31,0.993
399,32,0.361
399,33,0.583
399,34,0.152
399,35,0.151
399,36,0.258
399,37,0.279
399,38,0.233
399,39,0.157
399,40,0.16
399,41,0.186
399,42,0.179
399,43,0.157
399,44,0.169
399,45,0.168
399,46,0.14
399,47,0.13
399,48,0.141
400,1,0.144
400,2,0.14
400,3,0.13
400,4,0.145
400,5,0.145
400,6,0.143
400,7,0.132
400,8,0.145
400,9,0.145
400,10,0.142
400,11,0.132
400,12,0.145
400,13,0.143
400,14,0.141
400,15,0.125
400,16,0.142
400,17,0.141
400,18,0.141
400,19,0.132
400,20,0.133
400,21,0.141
400,22,0.14
400,23,0.139
400,24,0.128
400,25,0.135
400,26,0.137
400,27,0.137
400,28,0.139
400,29,0.161
400,30,0.138
400,31,0.131
400,32,0.13
400,33,0.138
400,34,0.138
400,35,0.136
400,36,0.123
400,37,0.133
400,38,0.137
400,39,0.138
400,40,0.123
400,41,0.139
400,42,0.141
400,43,0.139
400,44,0.124
400,45,0.141
400,46,0.142
400,47,0.136
400,48,0.131
401,1,0.141
401,2,0.142
401,3,0.139
401,4,0.128
401,5,0.142
401,6,0.143
401,7,0.143
401,8,0.133
401,9,0.137
401,10,0.143
401,11,0.142
401,12,0.142
401,13,0.14
401,14,0.132
401,15,0.133
401,16,0.134
401,17,0.137
401,18,0.136
401,19,0.135
401,20,0.135
401,21,0.135
401,22,0.135
401,23,0.136
401,24,0.136
401,25,0.135
401,26,0.134
401,27,0.134
401,28,0.137
401,29,0.136
401,30,0.132
401,31,0.133
401,32,0.131
401,33,0.131
401,34,0.133
401,35,0.132
401,36,0.132
401,37,0.13
401,38,0.13
401,39,0.131
401,40,0.132
401,41,0.202
401,42,0.402
401,43,0.407
401,44,0.41
401,45,0.413
401,46,0.406
401,47,0.41
401,48,1.299
402,1,0.142
402,2,0.136
402,3,0.142
402,4,0.137
402,5,0.136
402,6,0.136
402,7,0.137
402,8,0.138
402,9,0.137
402,10,0.137
402,11,0.137
402,12,0.137
402,13,0.135
402,14,0.134
402,15,0.136
402,16,0.142
402,17,0.134
402,18,0.133
402,19,0.132
402,20,0.13
402,21,0.317
402,22,1.212
402,23,0.366
402,24,0.198
402,25,0.459
402,26,0.283
402,27,2.438
402,28,2.394
402,29,2.224
402,30,1.648
402,31,3.96
402,32,0.829
402,33,0.301
402,34,0.173
402,35,0.331
402,36,0.17
402,37,0.237
402,38,0.268
402,39,0.172
402,40,0.338
402,41,0.385
402,42,0.245
402,43,0.332
402,44,0.176
402,45,0.197
402,46,0.312
402,47,0.175
402,48,0.302
403,1,0.22
403,2,0.174
403,3,0.342
403,4,0.179
403,5,0.178
403,6,0.354
403,7,0.18
403,8,0.225
403,9,0.307
403,10,0.18
403,11,0.325
403,12,0.213
403,13,0.182
403,14,0.351
403,15,0.181
403,16,0.179
403,17,0.345
403,18,0.264
403,19,0.931
403,20,3.748
403,21,0.352
403,22,0.156
403,23,0.159
403,24,2.171
403,25,2.838
403,26,2.076
403,27,0.15
403,28,0.152
403,29,0.16
403,30,0.158
403,31,0.152
403,32,0.153
403,33,0.153
403,34,0.153
403,35,0.162
403,36,0.153
403,37,0.148
403,38,0.149
403,39,0.148
403,40,0.152
403,41,0.159
403,42,0.163
403,43,0.151
403,44,0.151
403,45,0.156
403,46,0.161
403,47,0.151
403,48,0.152
404,1,0.153
404,2,0.154
404,3,0.163
404,4,0.158
404,5,0.155
404,6,0.156
404,7,0.157
404,8,0.16
404,9,0.161
404,10,0.154
404,11,0.154
404,12,0.153
404,13,0.153
404,14,0.28
404,15,0.163
404,16,0.157
404,17,0.15
404,18,0.15
404,19,0.151
404,20,0.151
404,21,0.158
404,22,0.157
404,23,0.152
404,24,0.152
404,25,0.151
404,26,0.152
404,27,0.161
404,28,0.155
404,29,0.151
404,30,0.152
404,31,0.151
404,32,0.157
404,33,0.156
404,34,0.149
404,35,0.149
404,36,0.147
404,37,0.147
404,38,0.154
404,39,0.156
404,40,0.148
404,41,0.147
404,42,0.148
404,43,0.154
404,44,0.154
404,45,0.151
404,46,0.152
404,47,0.151
404,48,0.159
405,1,0.156
405,2,0.153
405,3,0.154
405,4,0.155
405,5,0.163
405,6,0.157
405,7,0.153
405,8,0.152
405,9,0.153
405,10,0.16
405,11,0.158
405,12,0.153
405,13,0.152
405,14,0.151
405,15,2.061
405,16,4.054
405,17,3.1
405,18,3.001
405,19,0.402
405,20,0.155
405,21,0.158
405,22,1.224
405,23,7.106
405,24,0.145
405,25,0.134
405,26,0.133
405,27,0.146
405,28,0.134
405,29,0.134
405,30,0.14
405,31,0.141
405,32,0.134
405,33,0.134
405,34,0.134
405,35,0.142
405,36,0.174
405,37,0.141
405,38,0.127
405,39,0.134
405,40,0.134
405,41,0.129
405,42,0.135
405,43,0.133
405,44,0.142
405,45,0.132
405,46,0.132
405,47,0.131
405,48,0.141
406,1,0.136
406,2,0.133
406,3,0.132
406,4,0.133
406,5,0.145
406,6,0.132
406,7,0.133
406,8,0.134
406,9,0.133
406,10,0.143
406,11,0.137
406,12,0.133
406,13,0.132
406,14,0.131
406,15,0.133
406,16,0.141
406,17,1.672
406,18,2.019
406,19,2.562
406,20,1.591
406,21,2.728
406,22,0.132
406,23,0.132
406,24,0.133
406,25,0.139
406,26,0.14
406,27,0.134
406,28,0.134
406,29,0.141
406,30,0.139
406,31,0.131
406,32,0.131
406,33,0.133
406,34,0.141
406,35,0.129
406,36,0.129
406,37,0.127
406,38,0.132
406,39,0.136
406,40,0.128
406,41,0.129
406,42,0.129
406,43,0.134
406,44,0.139
406,45,0.133
406,46,0.13
406,47,0.131
406,48,0.132
407,1,0.143
407,2,0.132
407,3,0.132
407,4,0.132
407,5,0.135
407,6,0.144
407,7,0.134
407,8,0.134
407,9,0.135
407,10,0.134
407,11,0.145
407,12,0.137
407,13,0.133
407,14,0.131
407,15,0.13
407,16,0.134
407,17,0.14
407,18,0.129
407,19,0.129
407,20,0.129
407,21,0.131
407,22,0.143
407,23,0.135
407,24,2.746
407,25,5.219
407,26,5.21
407,27,4.425
407,28,3.884
407,29,2.264
407,30,1.366
407,31,0.136
407,32,0.132
407,33,0.131
407,34,0.138
407,35,0.243
407,36,0.197
407,37,0.127
407,38,0.129
407,39,0.169
407,40,0.127
407,41,0.128
407,42,0.141
407,43,0.137
407,44,0.133
407,45,0.13
407,46,0.131
407,47,0.135
407,48,0.137
408,1,0.13
408,2,0.13
408,3,0.132
408,4,0.144
408,5,0.132
408,6,0.133
408,7,0.133
408,8,0.138
408,9,0.138
408,10,0.132
408,11,0.132
408,12,0.133
408,13,0.139
408,14,0.131
408,15,0.13
408,16,0.129
408,17,0.134
408,18,0.136
408,19,0.129
408,20,0.13
408,21,0.178
408,22,0.139
408,23,0.135
408,24,0.131
408,25,0.132
408,26,0.173
408,27,0.306
408,28,0.252
408,29,0.131
408,30,0.132
408,31,0.182
408,32,0.139
408,33,0.132
408,34,0.132
408,35,0.154
408,36,0.365
408,37,0.588
408,38,4.087
408,39,4.402
408,40,0.14
408,41,0.129
408,42,0.13
408,43,0.128
408,44,0.139
408,45,0.13
408,46,0.13
408,47,0.128
408,48,0.136
409,1,0.134
409,2,0.13
409,3,0.132
409,4,0.138
409,5,0.139
409,6,0.134
409,7,0.135
409,8,0.138
409,9,0.138
409,10,0.131
409,11,0.132
409,12,0.133
409,13,0.141
409,14,0.13
409,15,0.13
409,16,0.13
409,17,0.142
409,18,0.13
409,19,0.13
409,20,0.13
409,21,0.13
409,22,0.139
409,23,0.131
409,24,0.129
409,25,0.129
409,26,0.128
409,27,0.138
409,28,0.131
409,29,0.13
409,30,0.13
409,31,0.13
409,32,0.14
409,33,0.132
409,34,0.128
409,35,0.127
409,36,0.129
409,37,0.132
409,38,0.124
409,39,0.128
409,40,0.137
409,41,0.137
409,42,0.129
409,43,0.128
409,44,0.129
409,45,0.137
409,46,0.137
409,47,0.128
409,48,0.131
410,1,0.13
410,2,0.136
410,3,0.138
410,4,0.131
410,5,0.132
410,6,0.133
410,7,0.133
410,8,0.141
410,9,0.135
410,10,0.133
410,11,0.133
410,12,0.134
410,13,0.135
410,14,0.143
410,15,0.133
410,16,0.133
410,17,0.133
410,18,0.131
410,19,0.134
410,20,0.137
410,21,0.132
410,22,0.131
410,23,0.133
410,24,0.141
410,25,0.131
410,26,0.13
410,27,0.136
410,28,0.139
410,29,0.133
410,30,0.133
410,31,0.132
410,32,0.144
410,33,0.132
410,34,0.131
410,35,0.132
410,36,0.131
410,37,0.139
410,38,0.129
410,39,0.131
410,40,0.131
410,41,0.13
410,42,0.136
410,43,0.137
410,44,0.13
410,45,0.132
410,46,0.133
410,47,0.14
410,48,0.135
411,1,0.133
411,2,0.131
411,3,0.131
411,4,0.136
411,5,0.143
411,6,0.135
411,7,0.135
411,8,0.135
411,9,0.135
411,10,0.138
411,11,0.144
411,12,0.132
411,13,0.133
411,14,0.132
411,15,0.131
411,16,0.132
411,17,0.135
411,18,0.139
411,19,0.13
411,20,0.13
411,21,0.13
411,22,0.131
411,23,0.132
411,24,0.139
411,25,0.133
411,26,0.179
411,27,0.13
411,28,0.131
411,29,0.132
411,30,0.131
411,31,0.135
411,32,0.138
411,33,0.133
411,34,0.131
411,35,0.129
411,36,0.129
411,37,0.128
411,38,0.129
411,39,0.137
411,40,0.134
411,41,0.131
411,42,0.13
411,43,0.13
411,44,0.13
411,45,0.132
411,46,0.135
411,47,0.142
411,48,0.133
412,1,0.134
412,2,0.134
412,3,0.134
412,4,0.133
412,5,0.134
412,6,0.142
412,7,0.14
412,8,0.135
412,9,0.136
412,10,0.136
412,11,0.136
412,12,0.135
412,13,0.134
412,14,0.136
412,15,0.14
412,16,0.134
412,17,0.131
412,18,0.132
412,19,0.133
412,20,0.132
412,21,0.133
412,22,0.135
412,23,0.14
412,24,0.139
412,25,0.136
412,26,0.135
412,27,0.136
412,28,0.137
412,29,0.136
412,30,0.136
412,31,0.136
412,32,0.136
412,33,0.137
412,34,0.136
412,35,0.135
412,36,0.133
412,37,0.131
412,38,0.133
412,39,0.133
412,40,0.133
412,41,0.134
412,42,0.133
412,43,0.133
412,44,0.134
412,45,0.134
412,46,0.134
412,47,0.133
412,48,0.134
413,1,0.132
413,2,0.134
413,3,0.127
413,4,0.122
413,5,0.123
413,6,0.124
413,7,0.123
413,8,0.129
413,9,0.128
413,10,0.123
413,11,0.123
413,12,0.122
413,13,0.12
413,14,0.121
413,15,0.122
413,16,0.121
413,17,0.12
413,18,0.12
413,19,0.12
413,20,0.118
413,21,0.123
413,22,0.126
413,23,0.119
413,24,0.17
413,25,0.12
413,26,0.12
413,27,0.12
413,28,0.121
413,29,0.127
413,30,0.129
413,31,0.121
413,32,0.12
413,33,0.125
413,34,0.392
413,35,0.394
413,36,0.287
413,37,0.123
413,38,0.125
413,39,0.118
413,40,0.119
413,41,0.227
413,42,0.12
413,43,0.121
413,44,0.12
413,45,0.121
413,46,0.126
413,47,0.127
413,48,0.121
414,1,0.122
414,2,0.121
414,3,0.123
414,4,0.122
414,5,0.121
414,6,0.121
414,7,0.128
414,8,0.127
414,9,0.122
414,10,0.122
414,11,0.121
414,12,0.122
414,13,0.122
414,14,0.125
414,15,0.127
414,16,0.119
414,17,0.12
414,18,0.12
414,19,0.119
414,20,0.119
414,21,0.123
414,22,0.128
414,23,0.119
414,24,0.12
414,25,0.151
414,26,0.229
414,27,0.26
414,28,0.229
414,29,0.233
414,30,0.17
414,31,0.12
414,32,0.122
414,33,0.122
414,34,0.121
414,35,0.119
414,36,0.118
414,37,0.121
414,38,0.126
414,39,0.121
414,40,0.118
414,41,0.119
414,42,0.12
414,43,0.12
414,44,0.121
414,45,0.121
414,46,0.126
414,47,0.125
414,48,0.122
415,1,0.121
415,2,0.122
415,3,0.123
415,4,0.123
415,5,0.122
415,6,0.126
415,7,0.129
415,8,0.122
415,9,0.122
415,10,0.122
415,11,0.122
415,12,0.122
415,13,0.122
415,14,0.122
415,15,0.126
415,16,0.125
415,17,0.124
415,18,0.122
415,19,0.122
415,20,0.122
415,21,0.121
415,22,0.12
415,23,0.12
415,24,0.121
415,25,0.128
415,26,0.124
415,27,0.121
415,28,0.122
415,29,0.134
415,30,0.151
415,31,0.148
415,32,0.133
415,33,0.128
415,34,0.125
415,35,0.12
415,36,0.119
415,37,0.126
415,38,0.127
415,39,0.119
415,40,0.173
415,41,0.397
415,42,0.203
415,43,0.123
415,44,0.132
415,45,0.123
415,46,0.121
415,47,0.12
415,48,0.121
