213,1,0.058
213,2,0.121
213,3,0.17
213,4,0.163
213,5,0.159
213,6,0.158
213,7,0.157
213,8,0.154
213,9,0.155
213,10,0.154
213,11,0.153
213,12,0.155
213,13,0.155
213,14,0.154
213,15,0.154
213,16,0.153
213,17,0.152
213,18,0.152
213,19,0.153
213,20,0.153
213,21,0.153
213,22,0.151
213,23,0.152
213,24,0.532
213,25,2.59
213,26,2.207
213,27,0.591
213,28,0.446
213,29,0.53
213,30,0.315
213,31,1.801
213,32,1.69
213,33,0.35
213,34,0.366
213,35,0.462
213,36,0.354
213,37,0.523
213,38,1.29
213,39,0.757
213,40,1.644
213,41,0.838
213,42,0.765
213,43,0.998
213,44,1.5
213,45,1.179
213,46,1.388
213,47,1.383
213,48,0.961
214,1,0.922
214,2,0.795
214,3,0.718
214,4,0.679
214,5,0.689
214,6,0.277
214,7,0.289
214,8,0.264
214,9,0.254
214,10,0.252
214,11,0.253
214,12,0.268
214,13,0.297
214,14,0.299
214,15,0.36
214,16,0.326
214,17,0.287
214,18,0.253
214,19,0.507
214,20,0.392
214,21,0.787
214,22,1.577
214,23,1.64
214,24,0.543
214,25,0.328
214,26,0.26
214,27,0.258
214,28,0.26
214,29,0.298
214,30,0.601
214,31,1.321
214,32,0.758
214,33,1.349
214,34,1.011
214,35,1.65
214,36,1.225
214,37,0.708
214,38,0.709
214,39,0.642
214,40,0.37
214,41,0.314
214,42,0.315
214,43,0.314
214,44,0.311
214,45,0.311
214,46,0.311
214,47,0.311
214,48,0.311
215,1,0.48
215,2,0.981
215,3,1.073
215,4,0.62
215,5,0.444
215,6,0.444
215,7,0.614
215,8,0.82
215,9,0.653
215,10,0.273
215,11,0.25
215,12,0.249
215,13,0.25
215,14,0.289
215,15,0.317
215,16,0.305
215,17,0.249
215,18,0.247
215,19,0.249
215,20,0.254
215,21,0.469
215,22,0.357
215,23,1.147
215,24,0.498
215,25,0.401
215,26,0.302
215,27,0.306
215,28,0.306
215,29,0.304
215,30,0.301
215,31,0.314
215,32,0.339
215,33,1.69
215,34,2.615
215,35,1.528
215,36,1.573
215,37,2.534
215,38,2.802
215,39,0.675
215,40,0.869
215,41,0.945
215,42,1.844
215,43,0.9
215,44,0.962
215,45,1.08
215,46,0.885
215,47,0.97
215,48,0.982
216,1,0.995
216,2,0.938
216,3,1.104
216,4,0.47
216,5,0.452
216,6,0.453
216,7,0.387
216,8,0.43
216,9,0.411
216,10,0.245
216,11,0.278
216,12,0.336
216,13,0.335
216,14,0.708
216,15,0.709
216,16,0.392
216,17,0.521
216,18,0.253
216,19,0.29
216,20,0.302
216,21,0.302
216,22,0.3
216,23,0.621
216,24,0.617
216,25,0.633
216,26,0.639
216,27,0.671
216,28,0.705
216,29,0.917
216,30,0.639
216,31,1.066
216,32,0.749
216,33,0.919
216,34,0.907
216,35,1.727
216,36,2.571
216,37,1.615
216,38,1.111
216,39,1.425
216,40,0.774
216,41,0.793
216,42,0.731
216,43,1.344
216,44,0.81
216,45,0.713
216,46,0.388
216,47,0.395
216,48,0.421
217,1,0.428
217,2,0.406
217,3,0.401
217,4,0.413
217,5,0.375
217,6,0.344
217,7,0.386
217,8,0.35
217,9,0.345
217,10,0.347
217,11,0.346
217,12,0.347
217,13,0.347
217,14,0.551
217,15,0.392
217,16,0.392
217,17,0.485
217,18,0.329
217,19,0.242
217,20,0.243
217,21,0.243
217,22,0.243
217,23,0.243
217,24,0.243
217,25,0.243
217,26,0.243
217,27,0.243
217,28,0.284
217,29,0.346
217,30,0.322
217,31,0.279
217,32,0.279
217,33,0.278
217,34,0.691
217,35,1.395
217,36,1.971
217,37,2.716
217,38,1.339
217,39,0.62
217,40,0.909
217,41,0.835
217,42,0.713
217,43,0.611
217,44,0.544
217,45,0.87
217,46,0.816
217,47,1.076
217,48,0.491
218,1,0.375
218,2,0.359
218,3,0.353
218,4,0.293
218,5,0.297
218,6,0.334
218,7,0.271
218,8,0.274
218,9,0.265
218,10,0.246
218,11,0.28
218,12,0.189
218,13,0.165
218,14,0.398
218,15,0.269
218,16,0.28
218,17,0.339
218,18,0.325
218,19,0.26
218,20,0.421
218,21,0.282
218,22,0.286
218,23,0.284
218,24,0.283
218,25,0.284
218,26,0.283
218,27,0.282
218,28,0.34
218,29,0.331
218,30,0.332
218,31,0.326
218,32,0.28
218,33,0.454
218,34,1.093
218,35,0.813
218,36,0.888
218,37,0.885
218,38,0.91
218,39,0.787
218,40,0.729
218,41,1.565
218,42,0.764
218,43,0.795
218,44,1.482
218,45,2.33
218,46,0.871
218,47,0.473
218,48,0.398
219,1,0.426
219,2,0.357
219,3,0.356
219,4,0.376
219,5,0.381
219,6,0.354
219,7,0.392
219,8,0.359
219,9,0.349
219,10,0.349
219,11,0.318
219,12,0.25
219,13,0.251
219,14,0.561
219,15,0.516
219,16,0.51
219,17,0.527
219,18,0.286
219,19,0.244
219,20,0.244
219,21,0.243
219,22,0.243
219,23,0.244
219,24,0.281
219,25,0.282
219,26,0.279
219,27,0.281
219,28,0.281
219,29,0.28
219,30,0.282
219,31,0.281
219,32,0.281
219,33,0.281
219,34,0.326
219,35,2.349
219,36,2.236
219,37,1.448
219,38,1.734
219,39,1.266
219,40,0.667
219,41,0.623
219,42,0.79
219,43,1.375
219,44,0.974
219,45,0.967
219,46,0.555
219,47,0.599
219,48,0.622
220,1,0.608
220,2,0.552
220,3,0.545
220,4,0.703
220,5,0.48
220,6,0.348
220,7,0.356
220,8,0.308
220,9,0.283
220,10,0.248
220,11,0.247
220,12,0.248
220,13,0.249
220,14,0.28
220,15,0.307
220,16,0.294
220,17,0.245
220,18,0.246
220,19,0.246
220,20,0.245
220,21,0.466
220,22,1.517
220,23,0.383
220,24,0.343
220,25,0.427
220,26,0.296
220,27,0.508
220,28,3.914
220,29,0.724
220,30,0.703
220,31,0.73
220,32,0.704
220,33,0.514
220,34,1.057
220,35,0.674
220,36,0.861
220,37,0.497
220,38,1.299
220,39,1.738
220,40,0.424
220,41,1.141
220,42,1.396
220,43,1.134
220,44,0.384
220,45,0.344
220,46,0.497
220,47,0.551
220,48,0.555
221,1,0.689
221,2,0.523
221,3,0.46
221,4,0.514
221,5,1.474
221,6,1.54
221,7,0.449
221,8,0.354
221,9,0.311
221,10,0.311
221,11,0.31
221,12,0.329
221,13,0.356
221,14,0.358
221,15,0.37
221,16,0.408
221,17,0.353
221,18,0.33
221,19,0.333
221,20,1.244
221,21,0.367
221,22,0.323
221,23,0.315
221,24,0.313
221,25,0.31
221,26,0.309
221,27,0.296
221,28,0.322
221,29,1.054
221,30,0.918
221,31,0.826
221,32,1.707
221,33,2.354
221,34,1.356
221,35,0.915
221,36,1.098
221,37,1.125
221,38,2.022
221,39,3.488
221,40,1.432
221,41,0.76
221,42,0.844
221,43,0.906
221,44,0.911
221,45,0.785
221,46,1.071
221,47,0.957
221,48,0.937
222,1,0.48
222,2,0.355
222,3,0.364
222,4,0.338
222,5,0.342
222,6,0.332
222,7,0.275
222,8,0.281
222,9,0.281
222,10,0.284
222,11,0.289
222,12,0.263
222,13,0.248
222,14,0.466
222,15,0.367
222,16,0.386
222,17,0.556
222,18,0.308
222,19,0.213
222,20,0.149
222,21,0.148
222,22,0.153
222,23,0.189
222,24,0.188
222,25,0.153
222,26,0.284
222,27,0.301
222,28,0.281
222,29,0.315
222,30,1.141
222,31,0.464
222,32,0.684
222,33,0.523
222,34,0.629
222,35,0.636
222,36,0.71
222,37,0.951
222,38,0.912
222,39,0.835
222,40,0.805
222,41,1.17
222,42,0.785
222,43,1.094
222,44,0.891
222,45,0.943
222,46,0.837
222,47,0.919
222,48,1.222
223,1,0.8
223,2,0.361
223,3,0.356
223,4,0.363
223,5,0.322
223,6,0.312
223,7,0.309
223,8,0.309
223,9,0.31
223,10,0.313
223,11,0.312
223,12,0.312
223,13,0.312
223,14,0.588
223,15,0.405
223,16,0.381
223,17,0.637
223,18,0.341
223,19,0.246
223,20,0.246
223,21,0.247
223,22,0.247
223,23,0.245
223,24,0.246
223,25,0.246
223,26,0.245
223,27,0.246
223,28,0.245
223,29,0.69
223,30,1.259
223,31,0.458
223,32,0.31
223,33,1.306
223,34,2.41
223,35,3.94
223,36,1.317
223,37,1.344
223,38,0.731
223,39,1.234
223,40,0.681
223,41,0.729
223,42,1.276
223,43,0.946
223,44,0.691
223,45,0.784
223,46,1.396
223,47,2.128
223,48,0.845
224,1,0.373
224,2,0.336
224,3,0.304
224,4,0.291
224,5,0.292
224,6,0.29
224,7,0.291
224,8,0.291
224,9,0.291
224,10,0.291
224,11,0.289
224,12,0.29
224,13,0.29
224,14,0.559
224,15,0.365
224,16,0.4
224,17,0.517
224,18,0.344
224,19,0.303
224,20,0.3
224,21,0.305
224,22,0.305
224,23,0.303
224,24,0.304
224,25,0.305
224,26,0.305
224,27,0.307
224,28,0.306
224,29,0.305
224,30,0.284
224,31,0.245
224,32,0.246
224,33,0.265
224,34,1.403
224,35,2.241
224,36,1.636
224,37,1.31
224,38,0.703
224,39,0.65
224,40,1.048
224,41,0.769
224,42,0.404
224,43,1.356
224,44,0.729
224,45,0.765
224,46,0.561
224,47,0.293
224,48,0.314
225,1,0.371
225,2,0.289
225,3,0.25
225,4,0.249
225,5,0.246
225,6,0.247
225,7,0.286
225,8,0.266
225,9,0.253
225,10,0.252
225,11,0.252
225,12,0.252
225,13,0.251
225,14,0.543
225,15,0.364
225,16,0.381
225,17,0.508
225,18,0.333
225,19,0.247
225,20,0.248
225,21,0.247
225,22,0.246
225,23,0.247
225,24,0.246
225,25,0.247
225,26,0.247
225,27,0.246
225,28,0.247
225,29,0.247
225,30,0.246
225,31,0.247
225,32,0.247
225,33,0.246
225,34,0.257
225,35,0.488
225,36,0.325
225,37,2.509
225,38,1.654
225,39,0.827
225,40,0.601
225,41,0.938
225,42,0.586
225,43,0.861
225,44,0.665
225,45,0.711
225,46,1.382
225,47,0.643
225,48,0.57
226,1,0.518
226,2,0.523
226,3,0.4
226,4,0.333
226,5,0.335
226,6,0.345
226,7,0.345
226,8,0.347
226,9,0.324
226,10,0.307
226,11,0.308
226,12,0.308
226,13,0.312
226,14,1.172
226,15,0.568
226,16,0.839
226,17,0.536
226,18,0.369
226,19,0.282
226,20,0.287
226,21,0.263
226,22,0.283
226,23,0.248
226,24,0.244
226,25,0.244
226,26,0.249
226,27,0.305
226,28,0.316
226,29,0.333
226,30,0.372
226,31,0.279
226,32,0.27
226,33,0.338
226,34,0.472
226,35,1.223
226,36,1.391
226,37,1.084
226,38,0.837
226,39,1.535
226,40,1.159
226,41,0.804
226,42,0.379
226,43,0.277
226,44,0.278
226,45,0.278
226,46,0.277
226,47,0.28
226,48,0.319
227,1,0.277
227,2,0.278
227,3,0.277
227,4,0.278
227,5,0.49
227,6,0.362
227,7,0.301
227,8,1.374
227,9,0.429
227,10,0.385
227,11,0.256
227,12,0.234
227,13,0.236
227,14,0.267
227,15,0.297
227,16,0.286
227,17,0.237
227,18,0.239
227,19,0.374
227,20,0.353
227,21,0.37
227,22,0.303
227,23,0.301
227,24,0.298
227,25,0.645
227,26,0.338
227,27,0.446
227,28,0.337
227,29,0.375
227,30,0.471
227,31,0.301
227,32,0.302
227,33,0.328
227,34,0.35
227,35,0.355
227,36,0.381
227,37,0.393
227,38,0.371
227,39,0.35
227,40,0.388
227,41,0.572
227,42,0.359
227,43,0.276
227,44,0.275
227,45,0.275
227,46,0.276
227,47,0.276
227,48,0.273
228,1,0.276
228,2,0.276
228,3,0.275
228,4,0.277
228,5,0.447
228,6,0.51
228,7,0.425
228,8,0.333
228,9,0.289
228,10,0.289
228,11,0.288
228,12,0.287
228,13,0.293
228,14,0.321
228,15,0.351
228,16,0.338
228,17,0.29
228,18,0.289
228,19,0.29
228,20,0.29
228,21,0.288
228,22,0.289
228,23,0.351
228,24,0.34
228,25,0.296
228,26,0.291
228,27,1.72
228,28,2.429
228,29,0.298
228,30,0.349
228,31,0.348
228,32,0.48
228,33,0.361
228,34,0.369
228,35,0.33
228,36,2.54
228,37,2.544
228,38,1.696
228,39,1.679
228,40,1.171
228,41,0.761
228,42,0.941
228,43,0.829
228,44,0.703
228,45,0.671
228,46,0.596
228,47,0.285
228,48,0.276
229,1,0.263
229,2,0.276
229,3,0.259
229,4,0.289
229,5,0.281
229,6,0.283
229,7,0.249
229,8,0.244
229,9,0.252
229,10,0.279
229,11,0.252
229,12,0.279
229,13,0.242
229,14,0.566
229,15,0.361
229,16,0.473
229,17,0.706
229,18,0.284
229,19,0.26
229,20,0.237
229,21,0.236
229,22,0.236
229,23,0.237
229,24,0.235
229,25,0.237
229,26,0.238
229,27,0.237
229,28,0.238
229,29,0.239
229,30,1.0
229,31,0.534
229,32,1.068
229,33,3.293
229,34,1.718
229,35,2.518
229,36,1.856
229,37,0.805
229,38,0.67
229,39,0.624
229,40,0.602
229,41,0.599
229,42,0.886
229,43,0.857
229,44,0.824
229,45,0.996
229,46,0.863
229,47,0.953
229,48,1.086
230,1,0.684
230,2,0.345
230,3,0.346
230,4,0.374
230,5,0.371
230,6,0.306
230,7,0.304
230,8,0.302
230,9,0.303
230,10,0.305
230,11,0.269
230,12,0.245
230,13,0.245
230,14,0.277
230,15,1.287
230,16,0.53
230,17,0.573
230,18,0.375
230,19,0.339
230,20,0.308
230,21,0.293
230,22,0.292
230,23,0.291
230,24,0.294
230,25,0.293
230,26,0.289
230,27,0.291
230,28,0.319
230,29,0.921
230,30,1.052
230,31,0.609
230,32,0.372
230,33,2.201
230,34,3.186
230,35,2.587
230,36,3.92
230,37,1.913
230,38,1.309
230,39,1.28
230,40,0.829
230,41,0.897
230,42,0.994
230,43,0.772
230,44,0.791
230,45,1.015
230,46,0.857
230,47,1.092
230,48,0.498
231,1,0.539
231,2,0.392
231,3,0.378
231,4,0.376
231,5,0.339
231,6,0.338
231,7,0.343
231,8,0.316
231,9,0.303
231,10,0.302
231,11,0.303
231,12,0.301
231,13,0.301
231,14,0.572
231,15,0.453
231,16,0.497
231,17,0.628
231,18,0.377
231,19,0.261
231,20,0.28
231,21,0.282
231,22,0.282
231,23,0.242
231,24,0.241
231,25,0.241
231,26,0.299
231,27,0.305
231,28,0.357
231,29,0.335
231,30,0.259
231,31,0.28
231,32,0.249
231,33,0.255
231,34,0.292
231,35,2.781
231,36,1.427
231,37,3.007
231,38,2.3
231,39,0.7
231,40,0.815
231,41,0.579
231,42,0.581
231,43,0.688
231,44,0.67
231,45,0.458
231,46,0.61
231,47,0.405
231,48,0.384
232,1,0.392
232,2,0.353
232,3,0.348
232,4,0.349
232,5,0.347
232,6,0.299
232,7,0.286
232,8,0.285
232,9,0.286
232,10,0.285
232,11,0.284
232,12,0.285
232,13,0.284
232,14,0.474
232,15,0.382
232,16,0.416
232,17,0.532
232,18,0.334
232,19,0.238
232,20,0.24
232,21,0.24
232,22,0.239
232,23,0.239
232,24,0.279
232,25,0.301
232,26,0.302
232,27,0.358
232,28,0.424
232,29,0.401
232,30,0.299
232,31,0.376
232,32,0.277
232,33,0.319
232,34,0.541
232,35,0.676
232,36,0.661
232,37,1.216
232,38,2.235
232,39,2.033
232,40,0.691
232,41,0.756
232,42,0.71
232,43,0.777
232,44,0.961
232,45,1.066
232,46,1.967
232,47,1.907
232,48,0.706
233,1,0.526
233,2,0.438
233,3,0.465
233,4,0.405
233,5,0.273
233,6,0.252
233,7,0.251
233,8,0.251
233,9,0.251
233,10,0.249
233,11,0.25
233,12,0.25
233,13,0.248
233,14,0.492
233,15,0.406
233,16,0.38
233,17,1.041
233,18,0.28
233,19,0.252
233,20,0.272
233,21,0.242
233,22,0.283
233,23,0.253
233,24,0.253
233,25,0.452
233,26,0.482
233,27,0.435
233,28,0.436
233,29,0.428
233,30,0.316
233,31,0.296
233,32,0.274
233,33,0.275
233,34,0.269
233,35,1.231
233,36,1.934
233,37,1.166
233,38,1.325
233,39,1.327
233,40,0.635
233,41,0.575
233,42,0.417
233,43,0.434
233,44,0.266
233,45,0.268
233,46,0.446
233,47,0.742
233,48,0.728
234,1,0.483
234,2,0.483
234,3,0.477
234,4,0.488
234,5,0.577
234,6,0.567
234,7,0.565
234,8,0.566
234,9,0.516
234,10,0.514
234,11,0.515
234,12,0.513
234,13,0.515
234,14,0.547
234,15,0.571
234,16,0.585
234,17,0.54
234,18,0.357
234,19,0.246
234,20,0.245
234,21,0.242
234,22,0.241
234,23,0.24
234,24,0.241
234,25,0.24
234,26,0.24
234,27,0.462
234,28,0.937
234,29,0.954
234,30,0.662
234,31,0.683
234,32,0.879
234,33,0.668
234,34,0.59
234,35,0.341
234,36,0.358
234,37,1.381
234,38,2.572
234,39,1.678
234,40,2.343
234,41,2.787
234,42,1.131
234,43,0.785
234,44,0.765
234,45,0.846
234,46,1.035
234,47,0.599
234,48,0.429
235,1,0.438
235,2,0.378
235,3,0.375
235,4,0.352
235,5,0.351
235,6,0.348
235,7,0.347
235,8,0.348
235,9,0.349
235,10,0.359
235,11,0.384
235,12,0.347
235,13,0.36
235,14,0.421
235,15,0.452
235,16,0.443
235,17,0.374
235,18,1.199
235,19,0.554
235,20,0.492
235,21,1.061
235,22,2.116
235,23,1.092
235,24,1.246
235,25,0.896
235,26,0.984
235,27,0.86
235,28,2.807
235,29,1.824
235,30,2.408
235,31,1.542
235,32,1.348
235,33,0.509
235,34,0.283
235,35,0.271
235,36,0.293
235,37,0.318
235,38,0.29
235,39,0.284
235,40,0.281
235,41,0.281
235,42,0.278
235,43,0.248
235,44,0.239
235,45,0.239
235,46,0.259
235,47,0.61
235,48,1.022
236,1,0.568
236,2,0.791
236,3,0.502
236,4,0.406
236,5,0.37
236,6,0.356
236,7,0.356
236,8,0.324
236,9,0.306
236,10,0.305
236,11,0.308
236,12,0.306
236,13,0.306
236,14,0.338
236,15,0.595
236,16,0.428
236,17,0.476
236,18,0.295
236,19,0.238
236,20,0.239
236,21,0.238
236,22,0.24
236,23,0.277
236,24,0.337
236,25,0.34
236,26,0.341
236,27,0.527
236,28,0.247
236,29,0.255
236,30,0.317
236,31,0.975
236,32,0.367
236,33,0.37
236,34,0.553
236,35,0.528
236,36,1.657
236,37,1.156
236,38,0.705
236,39,2.638
236,40,1.088
236,41,0.69
236,42,1.026
236,43,1.057
236,44,0.748
236,45,1.301
236,46,1.432
236,47,0.402
236,48,0.452
237,1,0.465
237,2,0.411
237,3,0.373
237,4,0.347
237,5,0.348
237,6,0.335
237,7,0.3
237,8,0.27
237,9,0.241
237,10,0.239
237,11,0.241
237,12,0.24
237,13,0.239
237,14,0.454
237,15,0.436
237,16,0.441
237,17,0.451
237,18,0.22
237,19,0.14
237,20,0.207
237,21,0.318
237,22,0.351
237,23,0.265
237,24,0.24
237,25,0.24
237,26,0.238
237,27,0.237
237,28,0.238
237,29,0.739
237,30,1.073
237,31,0.38
237,32,0.239
237,33,1.341
237,34,1.964
237,35,1.921
237,36,2.69
237,37,2.739
237,38,1.611
237,39,0.901
237,40,1.121
237,41,2.447
237,42,2.147
237,43,1.037
237,44,0.782
237,45,0.774
237,46,0.706
237,47,0.34
237,48,0.512
238,1,0.45
238,2,0.457
238,3,0.427
238,4,0.417
238,5,0.395
238,6,0.357
238,7,0.314
238,8,0.265
238,9,0.259
238,10,0.276
238,11,0.251
238,12,0.275
238,13,0.249
238,14,0.347
238,15,0.473
238,16,0.397
238,17,0.564
238,18,0.386
238,19,0.431
238,20,0.235
238,21,0.235
238,22,0.235
238,23,0.238
238,24,0.273
238,25,0.272
238,26,0.271
238,27,0.272
238,28,0.272
238,29,0.271
238,30,0.272
238,31,0.271
238,32,0.272
238,33,0.272
238,34,0.268
238,35,1.14
238,36,0.692
238,37,2.374
238,38,0.663
238,39,0.798
238,40,0.663
238,41,1.695
238,42,1.007
238,43,0.844
238,44,0.554
238,45,0.697
238,46,0.337
238,47,0.47
238,48,0.353
239,1,0.382
239,2,0.376
239,3,0.313
239,4,0.31
239,5,0.305
239,6,0.273
239,7,0.242
239,8,0.242
239,9,0.241
239,10,0.265
239,11,0.26
239,12,0.24
239,13,0.241
239,14,0.469
239,15,0.368
239,16,0.978
239,17,0.703
239,18,0.793
239,19,0.489
239,20,0.24
239,21,0.239
239,22,0.239
239,23,0.239
239,24,0.239
239,25,0.238
239,26,0.239
239,27,0.296
239,28,0.272
239,29,0.24
239,30,1.043
239,31,0.328
239,32,0.28
239,33,0.238
239,34,0.274
239,35,1.788
239,36,2.145
239,37,1.544
239,38,0.723
239,39,1.345
239,40,1.282
239,41,1.129
239,42,0.621
239,43,1.66
239,44,1.804
239,45,0.734
239,46,0.691
239,47,0.957
239,48,0.403
240,1,0.369
240,2,0.364
240,3,0.352
240,4,0.315
240,5,0.291
240,6,0.286
240,7,0.289
240,8,0.288
240,9,0.276
240,10,0.287
240,11,0.274
240,12,0.291
240,13,0.244
240,14,0.503
240,15,0.38
240,16,0.441
240,17,0.335
240,18,0.282
240,19,0.249
240,20,0.238
240,21,0.238
240,22,0.255
240,23,0.263
240,24,0.236
240,25,0.241
240,26,0.277
240,27,0.244
240,28,0.28
240,29,0.245
240,30,0.236
240,31,0.237
240,32,0.237
240,33,0.266
240,34,1.147
240,35,2.251
240,36,1.701
240,37,1.398
240,38,1.077
240,39,1.533
240,40,0.612
240,41,0.545
240,42,0.496
240,43,0.556
240,44,0.536
240,45,0.432
240,46,0.425
240,47,0.442
240,48,0.451
388,1,0.528
388,2,0.481
388,3,0.364
388,4,0.662
388,5,0.329
388,6,0.321
388,7,0.271
388,8,0.216
388,9,0.166
388,10,0.168
388,11,0.286
388,12,0.272
388,13,0.211
388,14,0.184
388,15,0.581
388,16,0.368
388,17,0.331
388,18,0.71
388,19,1.426
388,20,0.282
388,21,0.187
388,22,0.302
388,23,0.404
388,24,0.41
388,25,2.19
388,26,0.35
388,27,0.949
388,28,1.552
388,29,0.461
388,30,1.174
388,31,1.066
388,32,0.382
388,33,0.32
388,34,0.364
388,35,0.474
388,36,0.494
388,37,0.803
388,38,0.978
388,39,0.998
388,40,1.348
388,41,0.949
388,42,0.852
388,43,1.438
388,44,1.337
388,45,1.349
388,46,1.444
388,47,1.156
388,48,1.289
389,1,0.83
389,2,1.142
389,3,1.043
389,4,0.922
389,5,0.456
389,6,0.393
389,7,0.2
389,8,0.176
389,9,0.214
389,10,0.231
389,11,0.202
389,12,0.132
389,13,0.1
389,14,0.133
389,15,0.286
389,16,0.276
389,17,0.247
389,18,0.418
389,19,1.378
389,20,0.527
389,21,0.63
389,22,0.954
389,23,0.709
389,24,0.774
389,25,0.598
389,26,0.254
389,27,0.242
389,28,0.195
389,29,0.142
389,30,0.14
389,31,0.252
389,32,0.808
389,33,2.189
389,34,1.437
389,35,1.195
389,36,1.699
389,37,2.436
389,38,3.083
389,39,1.266
389,40,1.1
389,41,2.262
389,42,2.121
389,43,1.66
389,44,1.065
389,45,0.955
389,46,1.103
389,47,1.008
389,48,0.852
390,1,0.454
390,2,0.259
390,3,0.185
390,4,0.185
390,5,0.304
390,6,0.279
390,7,0.201
390,8,0.143
390,9,0.143
390,10,0.246
390,11,0.252
390,12,0.194
390,13,0.352
390,14,0.448
390,15,0.367
390,16,0.533
390,17,0.794
390,18,0.214
390,19,0.11
390,20,0.1
390,21,0.216
390,22,0.205
390,23,0.18
390,24,0.099
390,25,0.099
390,26,0.148
390,27,0.211
390,28,0.203
390,29,0.185
390,30,1.336
390,31,1.683
390,32,0.525
390,33,1.419
390,34,2.382
390,35,1.504
390,36,2.6
390,37,2.144
390,38,1.306
390,39,0.851
390,40,0.846
390,41,0.864
390,42,0.742
390,43,0.799
390,44,1.093
390,45,1.016
390,46,1.005
390,47,0.959
390,48,0.876
391,1,0.869
391,2,0.826
391,3,0.591
391,4,0.245
391,5,0.235
391,6,0.139
391,7,0.104
391,8,0.137
391,9,0.214
391,10,0.205
391,11,0.189
391,12,0.393
391,13,0.245
391,14,0.382
391,15,0.388
391,16,0.482
391,17,0.654
391,18,0.172
391,19,0.11
391,20,0.144
391,21,0.212
391,22,0.203
391,23,0.195
391,24,0.099
391,25,0.099
391,26,0.125
391,27,0.214
391,28,0.204
391,29,0.403
391,30,1.104
391,31,0.215
391,32,0.178
391,33,0.547
391,34,0.831
391,35,1.209
391,36,1.13
391,37,2.314
391,38,2.282
391,39,1.761
391,40,1.453
391,41,1.02
391,42,0.818
391,43,1.671
391,44,2.023
391,45,0.932
391,46,0.472
391,47,0.469
391,48,0.461
392,1,0.425
392,2,0.395
392,3,0.254
392,4,0.25
392,5,0.249
392,6,0.249
392,7,0.211
392,8,0.21
392,9,0.21
392,10,0.21
392,11,0.21
392,12,0.424
392,13,0.372
392,14,0.489
392,15,0.371
392,16,0.52
392,17,0.699
392,18,0.29
392,19,0.223
392,20,0.215
392,21,0.215
392,22,0.214
392,23,0.214
392,24,0.213
392,25,0.213
392,26,0.213
392,27,0.212
392,28,0.212
392,29,0.212
392,30,0.227
392,31,0.296
392,32,0.211
392,33,0.222
392,34,0.503
392,35,3.09
392,36,2.873
392,37,2.343
392,38,3.526
392,39,2.21
392,40,0.933
392,41,0.943
392,42,0.829
392,43,1.025
392,44,0.991
392,45,1.103
392,46,0.985
392,47,0.695
392,48,0.328
393,1,0.305
393,2,0.268
393,3,0.259
393,4,0.255
393,5,0.254
393,6,0.237
393,7,0.31
393,8,0.255
393,9,0.212
393,10,0.212
393,11,0.211
393,12,0.608
393,13,0.257
393,14,0.396
393,15,0.33
393,16,0.473
393,17,0.678
393,18,0.332
393,19,0.267
393,20,0.257
393,21,0.257
393,22,0.256
393,23,0.255
393,24,0.255
393,25,0.255
393,26,0.255
393,27,0.255
393,28,0.254
393,29,0.342
393,30,1.47
393,31,0.428
393,32,0.277
393,33,0.226
393,34,0.57
393,35,0.822
393,36,1.005
393,37,2.924
393,38,4.158
393,39,1.365
393,40,1.559
393,41,2.193
393,42,1.353
393,43,1.096
393,44,1.19
393,45,1.433
393,46,1.666
393,47,3.041
393,48,1.674
394,1,0.426
394,2,0.298
394,3,0.286
394,4,0.266
394,5,0.238
394,6,0.224
394,7,0.198
394,8,0.198
394,9,0.198
394,10,0.197
394,11,0.183
394,12,0.356
394,13,0.22
394,14,0.328
394,15,0.233
394,16,0.762
394,17,0.704
394,18,0.277
394,19,0.211
394,20,0.197
394,21,0.196
394,22,0.195
394,23,0.131
394,24,0.096
394,25,0.096
394,26,0.149
394,27,0.209
394,28,0.201
394,29,0.176
394,30,0.097
394,31,0.11
394,32,0.229
394,33,0.831
394,34,0.896
394,35,0.882
394,36,0.98
394,37,2.191
394,38,0.99
394,39,0.795
394,40,0.998
394,41,0.749
394,42,0.527
394,43,0.4
394,44,0.394
394,45,0.39
394,46,0.381
394,47,0.292
394,48,0.293
395,1,0.563
395,2,0.434
395,3,0.498
395,4,0.557
395,5,0.331
395,6,0.302
395,7,0.4
395,8,0.403
395,9,0.307
395,10,0.241
395,11,0.241
395,12,0.319
395,13,0.347
395,14,0.315
395,15,0.312
395,16,0.676
395,17,0.467
395,18,0.584
395,19,0.458
395,20,0.375
395,21,0.286
395,22,0.285
395,23,0.309
395,24,0.401
395,25,0.394
395,26,0.449
395,27,0.591
395,28,0.392
395,29,0.352
395,30,0.269
395,31,0.31
395,32,0.341
395,33,0.228
395,34,0.583
395,35,0.517
395,36,1.804
395,37,2.411
395,38,2.593
395,39,1.744
395,40,1.73
395,41,1.755
395,42,1.493
395,43,0.888
395,44,0.867
395,45,1.121
395,46,0.877
395,47,0.664
395,48,0.31
396,1,0.287
396,2,0.359
396,3,0.386
396,4,0.366
396,5,0.344
396,6,0.299
396,7,0.241
396,8,0.206
396,9,0.269
396,10,0.314
396,11,0.302
396,12,0.204
396,13,0.204
396,14,0.225
396,15,0.394
396,16,0.658
396,17,0.434
396,18,0.411
396,19,0.258
396,20,1.253
396,21,0.752
396,22,0.422
396,23,0.864
396,24,2.583
396,25,0.832
396,26,0.388
396,27,1.409
396,28,0.631
396,29,0.388
396,30,0.263
396,31,0.729
396,32,0.835
396,33,2.414
396,34,3.363
396,35,1.664
396,36,2.74
396,37,3.075
396,38,1.153
396,39,1.149
396,40,0.777
396,41,0.721
396,42,0.896
396,43,0.864
396,44,0.771
396,45,0.802
396,46,0.658
396,47,0.691
396,48,0.887
397,1,0.566
397,2,0.236
397,3,0.183
397,4,0.181
397,5,0.247
397,6,0.242
397,7,0.249
397,8,0.235
397,9,0.204
397,10,0.244
397,11,0.315
397,12,0.633
397,13,0.259
397,14,0.396
397,15,0.357
397,16,0.793
397,17,0.914
397,18,0.372
397,19,0.286
397,20,0.202
397,21,0.201
397,22,0.262
397,23,0.308
397,24,0.301
397,25,0.209
397,26,0.2
397,27,0.202
397,28,0.319
397,29,0.304
397,30,0.503
397,31,0.303
397,32,1.052
397,33,1.134
397,34,0.829
397,35,2.956
397,36,2.135
397,37,3.433
397,38,2.322
397,39,1.392
397,40,1.147
397,41,1.064
397,42,0.934
397,43,0.353
397,44,0.669
397,45,0.533
397,46,0.42
397,47,0.276
397,48,0.17
398,1,0.137
398,2,0.217
398,3,0.242
398,4,0.199
398,5,0.119
398,6,0.098
398,7,0.125
398,8,0.209
398,9,0.2
398,10,0.167
398,11,0.098
398,12,0.38
398,13,0.278
398,14,0.466
398,15,0.335
398,16,0.708
398,17,0.765
398,18,0.235
398,19,0.105
398,20,0.096
398,21,0.175
398,22,0.202
398,23,0.197
398,24,0.192
398,25,0.096
398,26,0.098
398,27,0.139
398,28,0.21
398,29,0.201
398,30,0.198
398,31,0.141
398,32,0.098
398,33,1.572
398,34,2.306
398,35,1.0
398,36,1.419
398,37,2.759
398,38,1.921
398,39,1.773
398,40,2.028
398,41,1.642
398,42,0.902
398,43,0.785
398,44,1.005
398,45,0.838
398,46,0.9
398,47,0.31
398,48,0.154
399,1,0.104
399,2,0.157
399,3,0.209
399,4,0.202
399,5,0.156
399,6,0.102
399,7,0.102
399,8,0.174
399,9,0.209
399,10,0.203
399,11,0.126
399,12,0.387
399,13,0.153
399,14,0.379
399,15,0.384
399,16,0.685
399,17,0.841
399,18,0.269
399,19,0.107
399,20,0.1
399,21,0.146
399,22,0.21
399,23,0.203
399,24,0.174
399,25,0.1
399,26,0.1
399,27,0.318
399,28,1.908
399,29,0.862
399,30,2.03
399,31,2.39
399,32,0.665
399,33,1.378
399,34,0.913
399,35,0.786
399,36,0.741
399,37,1.949
399,38,2.05
399,39,1.206
399,40,0.829
399,41,0.874
399,42,0.832
399,43,0.801
399,44,0.74
399,45,0.756
399,46,0.296
399,47,0.253
399,48,0.178
400,1,0.179
400,2,0.2
400,3,0.23
400,4,0.199
400,5,0.162
400,6,0.097
400,7,0.108
400,8,0.176
400,9,0.204
400,10,0.198
400,11,0.118
400,12,0.403
400,13,0.111
400,14,0.412
400,15,0.366
400,16,0.536
400,17,0.928
400,18,0.225
400,19,0.105
400,20,0.095
400,21,0.2
400,22,0.201
400,23,0.196
400,24,0.175
400,25,0.096
400,26,1.501
400,27,1.173
400,28,0.571
400,29,1.209
400,30,1.746
400,31,1.37
400,32,0.305
400,33,1.079
400,34,0.778
400,35,0.748
400,36,0.74
400,37,3.166
400,38,1.789
400,39,2.846
400,40,1.028
400,41,1.094
400,42,1.103
400,43,1.28
400,44,1.036
400,45,0.801
400,46,0.609
400,47,0.478
400,48,0.449
401,1,0.399
401,2,0.343
401,3,0.236
401,4,0.156
401,5,0.134
401,6,0.135
401,7,0.147
401,8,0.211
401,9,0.2
401,10,0.197
401,11,0.194
401,12,0.486
401,13,0.175
401,14,0.116
401,15,0.464
401,16,0.522
401,17,0.633
401,18,0.381
401,19,1.086
401,20,0.339
401,21,0.243
401,22,0.308
401,23,0.139
401,24,0.142
401,25,0.209
401,26,0.344
401,27,0.398
401,28,0.651
401,29,0.611
401,30,1.172
401,31,0.636
401,32,1.065
401,33,0.607
401,34,0.421
401,35,0.311
401,36,0.31
401,37,2.193
401,38,1.81
401,39,1.198
401,40,2.613
401,41,1.118
401,42,1.003
401,43,1.418
401,44,1.113
401,45,0.865
401,46,0.826
401,47,0.829
401,48,0.952
402,1,1.144
402,2,0.649
402,3,0.387
402,4,0.448
402,5,0.554
402,6,0.392
402,7,0.37
402,8,0.291
402,9,0.265
402,10,0.314
402,11,0.354
402,12,0.347
402,13,0.264
402,14,0.261
402,15,0.296
402,16,1.611
402,17,0.577
402,18,0.505
402,19,1.854
402,20,0.415
402,21,0.293
402,22,0.365
402,23,0.646
402,24,0.414
402,25,0.49
402,26,2.071
402,27,1.516
402,28,0.741
402,29,1.104
402,30,0.789
402,31,0.459
402,32,0.196
402,33,0.315
402,34,0.829
402,35,0.949
402,36,2.084
402,37,1.266
402,38,1.003
402,39,1.024
402,40,0.97
402,41,0.805
402,42,0.608
402,43,0.536
402,44,0.953
402,45,0.865
402,46,0.855
402,47,0.748
402,48,0.524
403,1,0.387
403,2,0.371
403,3,0.367
403,4,0.324
403,5,0.244
403,6,0.242
403,7,0.334
403,8,0.346
403,9,0.329
403,10,0.24
403,11,0.24
403,12,0.285
403,13,0.351
403,14,0.359
403,15,0.312
403,16,0.523
403,17,0.372
403,18,0.446
403,19,0.404
403,20,0.346
403,21,0.308
403,22,0.243
403,23,0.243
403,24,0.301
403,25,2.052
403,26,1.363
403,27,0.492
403,28,0.509
403,29,0.897
403,30,1.679
403,31,0.583
403,32,1.194
403,33,2.881
403,34,3.902
403,35,3.607
403,36,2.968
403,37,3.018
403,38,1.608
403,39,1.059
403,40,0.957
403,41,1.088
403,42,1.172
403,43,0.568
403,44,0.492
403,45,0.588
403,46,0.282
403,47,0.278
403,48,0.376
404,1,0.332
404,2,0.323
404,3,0.223
404,4,0.219
404,5,0.283
404,6,0.355
404,7,0.345
404,8,0.262
404,9,0.226
404,10,0.204
404,11,0.317
404,12,0.549
404,13,0.415
404,14,0.489
404,15,0.441
404,16,0.96
404,17,0.381
404,18,0.371
404,19,0.311
404,20,0.246
404,21,0.199
404,22,0.199
404,23,0.284
404,24,0.304
404,25,0.299
404,26,0.27
404,27,0.198
404,28,0.198
404,29,0.244
404,30,0.34
404,31,1.673
404,32,1.078
404,33,0.391
404,34,3.226
404,35,3.076
404,36,2.541
404,37,1.924
404,38,1.13
404,39,1.346
404,40,1.039
404,41,0.941
404,42,0.841
404,43,0.983
404,44,1.059
404,45,0.887
404,46,0.779
404,47,0.641
404,48,0.626
405,1,0.248
405,2,0.284
405,3,0.238
405,4,0.168
405,5,0.117
405,6,0.107
405,7,0.227
405,8,0.2
405,9,0.136
405,10,0.097
405,11,0.097
405,12,0.203
405,13,0.447
405,14,0.356
405,15,0.328
405,16,0.514
405,17,0.763
405,18,0.274
405,19,0.204
405,20,0.096
405,21,0.096
405,22,0.152
405,23,0.205
405,24,0.198
405,25,0.132
405,26,0.096
405,27,0.096
405,28,0.207
405,29,0.202
405,30,0.198
405,31,0.111
405,32,0.096
405,33,0.226
405,34,0.518
405,35,0.586
405,36,0.685
405,37,1.592
405,38,0.401
405,39,0.303
405,40,0.265
405,41,0.889
405,42,2.101
405,43,1.906
405,44,0.912
405,45,1.469
405,46,0.655
405,47,0.228
405,48,0.21
406,1,0.357
406,2,0.362
406,3,0.352
406,4,0.251
406,5,0.246
406,6,0.295
406,7,0.416
406,8,0.351
406,9,0.223
406,10,0.203
406,11,0.216
406,12,0.64
406,13,0.404
406,14,0.895
406,15,0.964
406,16,0.572
406,17,0.98
406,18,0.296
406,19,0.212
406,20,0.158
406,21,0.101
406,22,0.101
406,23,0.217
406,24,0.206
406,25,0.193
406,26,0.1
406,27,0.147
406,28,0.318
406,29,0.272
406,30,0.249
406,31,0.209
406,32,0.106
406,33,0.115
406,34,0.45
406,35,0.629
406,36,0.637
406,37,2.233
406,38,1.465
406,39,2.508
406,40,3.657
406,41,1.71
406,42,0.839
406,43,1.423
406,44,1.091
406,45,0.942
406,46,0.887
406,47,0.578
406,48,0.307
407,1,0.299
407,2,0.28
407,3,0.217
407,4,0.121
407,5,0.125
407,6,0.214
407,7,0.175
407,8,0.101
407,9,0.101
407,10,0.205
407,11,0.208
407,12,0.519
407,13,0.366
407,14,0.256
407,15,0.319
407,16,0.465
407,17,0.832
407,18,0.212
407,19,0.22
407,20,0.201
407,21,0.11
407,22,0.097
407,23,0.17
407,24,0.205
407,25,0.16
407,26,0.096
407,27,0.103
407,28,0.215
407,29,0.203
407,30,0.13
407,31,0.772
407,32,0.519
407,33,0.341
407,34,0.362
407,35,0.378
407,36,0.271
407,37,0.322
407,38,0.606
407,39,1.273
407,40,1.675
407,41,2.014
407,42,0.878
407,43,1.016
407,44,2.31
407,45,1.163
407,46,0.607
407,47,0.265
407,48,0.262
408,1,0.355
408,2,0.353
408,3,0.329
408,4,0.242
408,5,0.23
408,6,0.294
408,7,0.308
408,8,0.253
408,9,0.201
408,10,0.202
408,11,0.32
408,12,0.53
408,13,0.517
408,14,0.296
408,15,0.67
408,16,1.017
408,17,0.372
408,18,0.366
408,19,0.208
408,20,0.2
408,21,0.272
408,22,0.307
408,23,0.301
408,24,0.22
408,25,0.199
408,26,0.224
408,27,0.313
408,28,0.303
408,29,0.256
408,30,0.266
408,31,0.172
408,32,0.253
408,33,0.252
408,34,1.135
408,35,3.196
408,36,1.495
408,37,2.638
408,38,1.75
408,39,1.818
408,40,1.938
408,41,1.609
408,42,0.914
408,43,0.394
408,44,0.366
408,45,0.294
408,46,0.316
408,47,0.4
408,48,0.382
409,1,0.358
409,2,0.262
409,3,0.254
409,4,0.308
409,5,0.364
409,6,0.481
409,7,0.198
409,8,0.145
409,9,0.144
409,10,0.243
409,11,0.247
409,12,0.254
409,13,1.542
409,14,0.295
409,15,0.569
409,16,0.688
409,17,0.766
409,18,0.74
409,19,0.538
409,20,0.417
409,21,0.25
409,22,0.247
409,23,0.408
409,24,0.238
409,25,0.263
409,26,1.026
409,27,1.77
409,28,1.231
409,29,0.52
409,30,0.392
409,31,0.265
409,32,0.135
409,33,0.171
409,34,0.646
409,35,1.928
409,36,1.248
409,37,1.197
409,38,1.141
409,39,0.85
409,40,0.942
409,41,0.934
409,42,0.909
409,43,0.955
409,44,0.826
409,45,0.801
409,46,0.707
409,47,0.504
409,48,0.444
410,1,1.568
410,2,1.848
410,3,0.211
410,4,0.232
410,5,0.161
410,6,0.135
410,7,0.053
410,8,0.063
410,9,0.131
410,10,0.159
410,11,0.146
410,12,0.052
410,13,0.052
410,14,0.512
410,15,0.51
410,16,0.828
410,17,0.243
410,18,0.086
410,19,0.086
410,20,0.166
410,21,0.191
410,22,0.166
410,23,0.084
410,24,0.083
410,25,0.141
410,26,0.193
410,27,0.186
410,28,0.126
410,29,0.085
410,30,0.085
410,31,0.188
410,32,0.191
410,33,0.186
410,34,0.097
410,35,0.085
410,36,0.1
410,37,0.269
410,38,0.256
410,39,0.253
410,40,0.239
410,41,0.091
410,42,0.084
410,43,0.133
410,44,0.195
410,45,0.196
410,46,0.196
410,47,0.104
410,48,0.086
411,1,0.086
411,2,0.205
411,3,0.192
411,4,0.186
411,5,0.087
411,6,0.086
411,7,0.099
411,8,0.203
411,9,0.191
411,10,0.17
411,11,0.087
411,12,0.086
411,13,0.113
411,14,0.215
411,15,0.259
411,16,0.254
411,17,0.102
411,18,0.085
411,19,0.089
411,20,0.203
411,21,0.189
411,22,0.185
411,23,0.142
411,24,0.084
411,25,0.084
411,26,0.135
411,27,0.194
411,28,0.187
411,29,0.184
411,30,0.099
411,31,0.084
411,32,0.084
411,33,0.184
411,34,0.188
411,35,0.184
411,36,0.31
411,37,0.154
411,38,0.115
411,39,0.208
411,40,0.224
411,41,0.158
411,42,0.148
411,43,0.129
411,44,0.048
411,45,0.07
411,46,0.088
411,47,0.159
411,48,0.151
412,1,0.143
412,2,0.048
412,3,0.048
412,4,0.072
412,5,0.161
412,6,0.151
412,7,0.11
412,8,0.048
412,9,0.048
412,10,0.114
412,11,0.157
412,12,0.149
412,13,0.079
412,14,0.062
412,15,0.119
412,16,0.2
412,17,0.162
412,18,0.149
412,19,0.113
412,20,0.047
412,21,0.047
412,22,0.083
412,23,0.159
412,24,0.149
412,25,0.146
412,26,0.06
412,27,0.047
412,28,0.047
412,29,0.156
412,30,0.151
412,31,0.147
412,32,0.075
412,33,0.056
412,34,0.084
412,35,0.175
412,36,0.204
412,37,0.255
412,38,0.267
412,39,0.357
412,40,0.519
412,41,1.836
412,42,0.896
412,43,0.651
412,44,0.698
412,45,0.91
412,46,0.689
412,47,0.327
412,48,0.048
413,1,0.156
413,2,0.152
413,3,0.142
413,4,0.048
413,5,0.049
413,6,0.102
413,7,0.158
413,8,0.15
413,9,0.056
413,10,0.048
413,11,0.069
413,12,0.161
413,13,0.149
413,14,0.098
413,15,0.117
413,16,0.115
413,17,0.155
413,18,0.153
413,19,0.148
413,20,0.081
413,21,0.048
413,22,0.048
413,23,0.138
413,24,0.154
413,25,0.148
413,26,0.085
413,27,0.047
413,28,0.048
413,29,0.14
413,30,0.155
413,31,0.15
413,32,0.148
413,33,0.115
413,34,0.047
413,35,0.047
413,36,0.104
413,37,0.228
413,38,0.218
413,39,0.216
413,40,0.199
413,41,0.278
413,42,0.574
413,43,0.533
413,44,0.672
413,45,0.692
413,46,0.388
413,47,0.047
413,48,0.085
414,1,0.16
414,2,0.151
414,3,0.127
414,4,0.048
414,5,0.048
414,6,0.106
414,7,0.157
414,8,0.15
414,9,0.07
414,10,0.048
414,11,0.048
414,12,0.164
414,13,0.151
414,14,0.121
414,15,0.118
414,16,0.116
414,17,0.134
414,18,0.155
414,19,0.148
414,20,0.102
414,21,0.047
414,22,0.047
414,23,0.119
414,24,0.155
414,25,0.149
414,26,0.075
414,27,0.048
414,28,0.048
414,29,0.158
414,30,0.153
414,31,0.149
414,32,0.07
414,33,0.048
414,34,0.048
414,35,0.163
414,36,0.168
414,37,0.216
414,38,0.132
414,39,0.621
414,40,0.742
414,41,0.742
414,42,0.67
414,43,0.638
414,44,2.182
414,45,1.158
414,46,0.366
414,47,0.047
414,48,0.048
415,1,0.102
415,2,0.156
415,3,0.149
415,4,0.098
415,5,0.047
415,6,0.046
415,7,0.126
415,8,0.154
415,9,0.147
415,10,0.061
415,11,0.047
415,12,0.046
415,13,0.156
415,14,0.167
415,15,0.182
415,16,0.114
415,17,0.056
415,18,0.094
415,19,0.158
415,20,0.149
415,21,0.136
415,22,0.046
415,23,0.047
415,24,0.059
415,25,0.163
415,26,0.151
415,27,0.143
415,28,0.047
415,29,0.047
415,30,0.064
415,31,0.163
415,32,0.152
415,33,0.148
415,34,0.062
415,35,0.047
415,36,0.06
415,37,0.216
415,38,0.218
415,39,0.214
415,40,0.728
415,41,0.527
415,42,0.585
415,43,0.418
415,44,1.558
415,45,2.645
415,46,1.19
415,47,0.151
415,48,0.049
