213,1,0.339
213,2,0.276
213,3,0.337
213,4,0.197
213,5,0.275
213,6,0.242
213,7,0.292
213,8,0.215
213,9,0.179
213,10,0.143
213,11,0.293
213,12,0.24
213,13,0.255
213,14,0.126
213,15,0.166
213,16,0.281
213,17,0.215
213,18,0.281
213,19,0.194
213,20,0.603
213,21,0.342
213,22,0.338
213,23,0.229
213,24,0.229
213,25,0.478
213,26,0.258
213,27,0.857
213,28,1.216
213,29,0.211
213,30,0.33
213,31,0.277
213,32,0.169
213,33,0.217
213,34,0.214
213,35,0.27
213,36,0.3
213,37,0.16
213,38,0.498
213,39,0.409
213,40,0.457
213,41,0.392
213,42,0.454
213,43,0.636
213,44,0.508
213,45,0.925
213,46,1.07
213,47,3.279
213,48,3.522
214,1,4.415
214,2,0.593
214,3,0.225
214,4,0.344
214,5,0.349
214,6,0.266
214,7,0.188
214,8,0.156
214,9,0.207
214,10,0.278
214,11,0.264
214,12,0.173
214,13,0.163
214,14,0.224
214,15,0.268
214,16,0.226
214,17,0.179
214,18,0.235
214,19,0.4
214,20,0.381
214,21,0.531
214,22,0.441
214,23,0.479
214,24,0.33
214,25,0.831
214,26,0.67
214,27,2.792
214,28,4.298
214,29,1.779
214,30,1.239
214,31,0.55
214,32,0.955
214,33,0.808
214,34,0.343
214,35,0.351
214,36,0.339
214,37,0.511
214,38,0.676
214,39,0.38
214,40,1.166
214,41,0.511
214,42,1.612
214,43,1.482
214,44,1.436
214,45,3.358
214,46,3.539
214,47,3.576
214,48,1.264
215,1,0.615
215,2,0.319
215,3,0.229
215,4,0.348
215,5,0.285
215,6,0.236
215,7,0.172
215,8,0.191
215,9,0.197
215,10,0.299
215,11,0.21
215,12,0.218
215,13,0.157
215,14,0.24
215,15,0.248
215,16,0.27
215,17,0.161
215,18,0.184
215,19,0.315
215,20,0.406
215,21,0.637
215,22,0.244
215,23,0.422
215,24,2.01
215,25,0.286
215,26,0.315
215,27,0.207
215,28,0.369
215,29,0.354
215,30,0.306
215,31,0.164
215,32,0.202
215,33,0.398
215,34,0.27
215,35,0.311
215,36,0.382
215,37,0.499
215,38,3.115
215,39,2.318
215,40,1.202
215,41,0.954
215,42,0.9
215,43,0.767
215,44,1.029
215,45,0.939
215,46,0.728
215,47,0.659
215,48,0.506
216,1,0.287
216,2,0.251
216,3,0.215
216,4,0.313
216,5,0.237
216,6,0.2
216,7,0.178
216,8,0.318
216,9,0.236
216,10,0.187
216,11,0.227
216,12,0.272
216,13,0.291
216,14,0.165
216,15,0.214
216,16,0.248
216,17,0.317
216,18,0.541
216,19,0.589
216,20,1.99
216,21,0.831
216,22,0.216
216,23,0.143
216,24,0.224
216,25,0.269
216,26,0.251
216,27,0.232
216,28,0.167
216,29,0.336
216,30,0.249
216,31,0.594
216,32,1.181
216,33,0.475
216,34,0.503
216,35,0.341
216,36,0.812
216,37,0.245
216,38,0.379
216,39,1.754
216,40,0.428
216,41,0.409
216,42,0.313
216,43,0.428
216,44,0.542
216,45,2.95
216,46,3.464
216,47,1.517
216,48,0.791
217,1,0.715
217,2,0.377
217,3,0.163
217,4,0.266
217,5,0.304
217,6,0.161
217,7,0.18
217,8,0.292
217,9,0.242
217,10,0.17
217,11,0.233
217,12,0.238
217,13,0.261
217,14,0.177
217,15,0.238
217,16,0.329
217,17,0.181
217,18,0.252
217,19,0.684
217,20,0.33
217,21,0.253
217,22,1.436
217,23,0.697
217,24,0.333
217,25,0.341
217,26,0.908
217,27,0.53
217,28,0.228
217,29,3.148
217,30,1.117
217,31,0.39
217,32,0.289
217,33,0.249
217,34,0.294
217,35,0.375
217,36,0.252
217,37,0.275
217,38,0.397
217,39,0.316
217,40,0.352
217,41,0.78
217,42,1.316
217,43,0.339
217,44,0.457
217,45,2.725
217,46,3.431
217,47,0.966
217,48,1.026
218,1,0.804
218,2,0.272
218,3,0.22
218,4,0.274
218,5,0.219
218,6,0.23
218,7,0.171
218,8,0.25
218,9,0.268
218,10,0.111
218,11,0.27
218,12,0.236
218,13,0.234
218,14,0.123
218,15,0.294
218,16,0.223
218,17,0.202
218,18,0.256
218,19,1.298
218,20,0.325
218,21,1.201
218,22,1.133
218,23,0.532
218,24,0.23
218,25,0.25
218,26,0.272
218,27,0.732
218,28,0.711
218,29,0.391
218,30,0.416
218,31,0.668
218,32,1.628
218,33,0.723
218,34,0.342
218,35,0.317
218,36,0.249
218,37,0.41
218,38,0.291
218,39,0.333
218,40,1.674
218,41,0.416
218,42,0.466
218,43,0.526
218,44,0.702
218,45,1.788
218,46,3.398
218,47,1.68
218,48,0.92
219,1,0.957
219,2,0.538
219,3,0.297
219,4,0.233
219,5,0.255
219,6,0.2
219,7,0.192
219,8,0.223
219,9,0.264
219,10,0.183
219,11,0.166
219,12,0.279
219,13,0.23
219,14,0.111
219,15,0.286
219,16,0.261
219,17,0.118
219,18,0.234
219,19,0.697
219,20,0.28
219,21,0.551
219,22,0.597
219,23,0.475
219,24,0.168
219,25,0.291
219,26,0.316
219,27,0.236
219,28,0.401
219,29,0.284
219,30,0.565
219,31,0.576
219,32,1.085
219,33,0.431
219,34,0.351
219,35,0.211
219,36,0.4
219,37,0.441
219,38,0.232
219,39,0.306
219,40,0.401
219,41,1.396
219,42,0.647
219,43,0.337
219,44,1.051
219,45,2.078
219,46,3.52
219,47,2.217
219,48,0.68
220,1,0.271
220,2,0.212
220,3,0.185
220,4,0.291
220,5,0.22
220,6,0.143
220,7,0.298
220,8,0.231
220,9,0.213
220,10,0.127
220,11,0.31
220,12,0.201
220,13,0.22
220,14,0.15
220,15,0.331
220,16,0.195
220,17,0.204
220,18,0.289
220,19,0.346
220,20,0.714
220,21,0.436
220,22,2.28
220,23,1.079
220,24,0.678
220,25,0.917
220,26,0.41
220,27,0.362
220,28,0.541
220,29,0.331
220,30,0.251
220,31,0.155
220,32,0.242
220,33,0.269
220,34,1.489
220,35,2.05
220,36,0.28
220,37,0.194
220,38,0.197
220,39,0.187
220,40,0.355
220,41,0.218
220,42,0.241
220,43,0.184
220,44,0.337
220,45,0.166
220,46,0.273
220,47,0.249
220,48,0.248
221,1,0.06
221,2,0.264
221,3,0.143
221,4,0.174
221,5,0.118
221,6,0.259
221,7,0.088
221,8,0.169
221,9,0.19
221,10,0.219
221,11,0.061
221,12,0.239
221,13,0.18
221,14,0.161
221,15,0.112
221,16,0.254
221,17,0.102
221,18,0.139
221,19,0.221
221,20,0.159
221,21,0.11
221,22,0.252
221,23,0.29
221,24,0.1
221,25,0.221
221,26,0.184
221,27,0.238
221,28,0.078
221,29,0.248
221,30,0.184
221,31,0.143
221,32,0.212
221,33,0.264
221,34,0.27
221,35,0.08
221,36,0.267
221,37,0.213
221,38,0.118
221,39,0.212
221,40,0.182
221,41,0.274
221,42,0.079
221,43,0.229
221,44,0.348
221,45,0.236
221,46,0.27
221,47,0.191
221,48,0.258
222,1,0.21
222,2,0.061
222,3,0.249
222,4,0.161
222,5,0.161
222,6,0.111
222,7,0.159
222,8,0.273
222,9,0.061
222,10,0.216
222,11,0.181
222,12,0.124
222,13,0.121
222,14,0.22
222,15,0.224
222,16,0.097
222,17,0.191
222,18,0.233
222,19,0.131
222,20,0.158
222,21,0.15
222,22,0.228
222,23,0.079
222,24,0.198
222,25,0.237
222,26,0.132
222,27,0.208
222,28,0.166
222,29,0.205
222,30,0.08
222,31,0.224
222,32,0.282
222,33,0.134
222,34,0.32
222,35,0.179
222,36,0.206
222,37,0.128
222,38,0.239
222,39,0.218
222,40,0.092
222,41,0.266
222,42,0.199
222,43,0.183
222,44,0.186
222,45,0.36
222,46,0.207
222,47,0.256
222,48,0.213
223,1,0.248
223,2,0.1
223,3,0.174
223,4,0.177
223,5,0.22
223,6,0.062
223,7,0.219
223,8,0.18
223,9,0.178
223,10,0.077
223,11,0.264
223,12,0.112
223,13,0.164
223,14,0.151
223,15,0.27
223,16,0.069
223,17,0.165
223,18,0.205
223,19,0.125
223,20,0.137
223,21,0.168
223,22,0.255
223,23,0.078
223,24,0.26
223,25,0.152
223,26,0.139
223,27,0.166
223,28,0.239
223,29,0.193
223,30,0.111
223,31,0.323
223,32,0.143
223,33,0.188
223,34,0.224
223,35,0.202
223,36,0.167
223,37,0.123
223,38,0.323
223,39,0.13
223,40,0.135
223,41,0.25
223,42,0.163
223,43,0.263
223,44,0.221
223,45,0.292
223,46,0.215
223,47,0.205
223,48,0.327
224,1,0.092
224,2,0.111
224,3,0.245
224,4,0.122
224,5,0.189
224,6,0.138
224,7,0.235
224,8,0.112
224,9,0.096
224,10,0.251
224,11,0.116
224,12,0.183
224,13,0.146
224,14,0.262
224,15,0.113
224,16,0.129
224,17,0.254
224,18,0.106
224,19,0.18
224,20,0.17
224,21,0.177
224,22,0.119
224,23,0.181
224,24,0.212
224,25,0.06
224,26,0.285
224,27,0.14
224,28,0.14
224,29,0.196
224,30,0.201
224,31,0.155
224,32,0.1
224,33,0.314
224,34,0.148
224,35,0.2
224,36,0.196
224,37,0.256
224,38,0.148
224,39,0.101
224,40,0.322
224,41,0.156
224,42,0.165
224,43,0.177
224,44,0.26
224,45,0.325
224,46,0.158
224,47,0.315
224,48,0.236
225,1,0.091
225,2,0.198
225,3,0.164
225,4,0.185
225,5,0.099
225,6,0.251
225,7,0.142
225,8,0.069
225,9,0.292
225,10,0.1
225,11,0.131
225,12,0.214
225,13,0.145
225,14,0.169
225,15,0.105
225,16,0.277
225,17,0.09
225,18,0.139
225,19,0.236
225,20,0.129
225,21,0.172
225,22,0.169
225,23,0.223
225,24,0.098
225,25,0.216
225,26,0.256
225,27,0.102
225,28,0.211
225,29,0.184
225,30,0.243
225,31,0.117
225,32,0.39
225,33,0.177
225,34,0.261
225,35,0.21
225,36,0.316
225,37,0.109
225,38,0.203
225,39,0.237
225,40,0.211
225,41,0.137
225,42,0.151
225,43,0.319
225,44,0.194
225,45,0.274
225,46,0.265
225,47,0.308
225,48,0.14
226,1,0.165
226,2,0.245
226,3,0.06
226,4,0.237
226,5,0.187
226,6,0.117
226,7,0.152
226,8,0.17
226,9,0.237
226,10,0.07
226,11,0.163
226,12,0.246
226,13,0.059
226,14,0.204
226,15,0.2
226,16,0.111
226,17,0.17
226,18,0.162
226,19,0.227
226,20,0.097
226,21,0.117
226,22,0.285
226,23,0.08
226,24,0.138
226,25,0.227
226,26,0.122
226,27,0.18
226,28,0.153
226,29,0.228
226,30,0.128
226,31,0.092
226,32,0.379
226,33,0.156
226,34,0.118
226,35,0.22
226,36,0.181
226,37,0.227
226,38,0.097
226,39,0.251
226,40,0.251
226,41,0.096
226,42,0.207
226,43,0.245
226,44,0.276
226,45,0.217
226,46,0.204
226,47,0.366
226,48,0.127
227,1,0.126
227,2,0.261
227,3,0.126
227,4,0.18
227,5,0.131
227,6,0.212
227,7,0.141
227,8,0.082
227,9,0.278
227,10,0.157
227,11,0.153
227,12,0.119
227,13,0.19
227,14,0.202
227,15,0.06
227,16,0.226
227,17,0.179
227,18,0.196
227,19,0.061
227,20,0.247
227,21,0.166
227,22,0.159
227,23,0.099
227,24,0.239
227,25,0.193
227,26,0.22
227,27,0.289
227,28,0.307
227,29,0.184
227,30,0.204
227,31,0.249
227,32,0.223
227,33,0.164
227,34,0.517
227,35,0.36
227,36,0.723
227,37,1.147
227,38,2.491
227,39,5.88
227,40,5.288
227,41,3.301
227,42,2.654
227,43,5.939
227,44,1.533
227,45,0.904
227,46,1.01
227,47,3.184
227,48,1.244
228,1,0.809
228,2,0.402
228,3,0.186
228,4,0.241
228,5,0.233
228,6,0.152
228,7,0.203
228,8,0.251
228,9,0.155
228,10,0.133
228,11,0.257
228,12,0.208
228,13,0.115
228,14,0.244
228,15,0.22
228,16,0.166
228,17,0.186
228,18,0.241
228,19,0.149
228,20,0.266
228,21,0.622
228,22,0.454
228,23,2.877
228,24,1.236
228,25,0.568
228,26,0.657
228,27,3.324
228,28,4.398
228,29,2.218
228,30,1.887
228,31,0.264
228,32,0.195
228,33,0.634
228,34,2.492
228,35,3.222
228,36,0.706
228,37,0.673
228,38,1.39
228,39,0.827
228,40,1.849
228,41,0.556
228,42,0.54
228,43,1.96
228,44,1.188
228,45,1.396
228,46,1.283
228,47,0.666
228,48,1.217
229,1,0.91
229,2,0.484
229,3,1.22
229,4,0.432
229,5,0.28
229,6,1.124
229,7,0.2
229,8,0.247
229,9,1.171
229,10,0.165
229,11,0.188
229,12,1.324
229,13,0.16
229,14,0.13
229,15,1.152
229,16,0.278
229,17,0.184
229,18,1.383
229,19,0.33
229,20,0.235
229,21,0.201
229,22,0.722
229,23,0.513
229,24,0.266
229,25,0.351
229,26,0.604
229,27,0.489
229,28,0.284
229,29,0.539
229,30,0.241
229,31,0.287
229,32,0.233
229,33,0.228
229,34,0.386
229,35,0.255
229,36,0.351
229,37,0.249
229,38,0.915
229,39,1.621
229,40,0.593
229,41,0.394
229,42,0.454
229,43,1.3
229,44,0.755
229,45,0.772
229,46,2.892
229,47,0.423
229,48,0.403
230,1,0.306
230,2,0.17
230,3,0.19
230,4,0.209
230,5,0.294
230,6,0.137
230,7,0.209
230,8,0.269
230,9,0.202
230,10,0.18
230,11,0.184
230,12,0.294
230,13,0.184
230,14,0.192
230,15,0.179
230,16,0.287
230,17,0.144
230,18,0.218
230,19,0.599
230,20,0.36
230,21,0.304
230,22,0.573
230,23,0.995
230,24,1.798
230,25,0.838
230,26,0.414
230,27,0.294
230,28,0.49
230,29,0.343
230,30,0.248
230,31,0.185
230,32,0.254
230,33,0.3
230,34,0.29
230,35,0.244
230,36,0.575
230,37,0.915
230,38,1.602
230,39,0.521
230,40,0.338
230,41,0.211
230,42,1.361
230,43,1.31
230,44,2.271
230,45,1.534
230,46,3.572
230,47,2.779
230,48,0.791
231,1,0.54
231,2,0.439
231,3,0.343
231,4,0.111
231,5,0.256
231,6,0.233
231,7,0.304
231,8,0.161
231,9,0.193
231,10,0.289
231,11,0.231
231,12,0.265
231,13,0.109
231,14,0.255
231,15,0.212
231,16,0.322
231,17,0.518
231,18,0.545
231,19,0.478
231,20,0.309
231,21,0.256
231,22,0.209
231,23,0.295
231,24,0.528
231,25,0.301
231,26,0.232
231,27,0.188
231,28,0.474
231,29,0.275
231,30,0.207
231,31,0.147
231,32,0.276
231,33,0.215
231,34,0.24
231,35,0.102
231,36,0.291
231,37,0.352
231,38,0.251
231,39,0.134
231,40,0.353
231,41,0.403
231,42,0.858
231,43,0.896
231,44,1.036
231,45,1.015
231,46,1.981
231,47,2.51
231,48,0.838
232,1,0.799
232,2,0.543
232,3,0.137
232,4,0.175
232,5,0.284
232,6,0.228
232,7,0.204
232,8,0.11
232,9,0.296
232,10,0.226
232,11,0.168
232,12,0.191
232,13,0.215
232,14,0.248
232,15,0.126
232,16,0.208
232,17,0.275
232,18,0.204
232,19,0.613
232,20,0.371
232,21,0.259
232,22,0.859
232,23,0.758
232,24,2.697
232,25,2.412
232,26,0.509
232,27,0.193
232,28,0.224
232,29,0.315
232,30,0.228
232,31,0.24
232,32,0.155
232,33,0.475
232,34,0.279
232,35,0.165
232,36,0.267
232,37,0.246
232,38,0.598
232,39,0.348
232,40,0.651
232,41,0.553
232,42,0.418
232,43,0.635
232,44,0.822
232,45,2.83
232,46,2.785
232,47,0.82
232,48,0.748
233,1,0.264
233,2,0.195
233,3,0.254
233,4,0.233
233,5,0.184
233,6,0.215
233,7,0.261
233,8,0.112
233,9,0.281
233,10,0.24
233,11,0.165
233,12,0.228
233,13,0.252
233,14,0.187
233,15,0.171
233,16,0.26
233,17,0.191
233,18,0.201
233,19,0.909
233,20,0.349
233,21,0.621
233,22,0.527
233,23,0.44
233,24,0.137
233,25,0.23
233,26,0.24
233,27,0.289
233,28,0.113
233,29,0.625
233,30,0.216
233,31,0.219
233,32,0.173
233,33,0.323
233,34,0.156
233,35,0.318
233,36,0.818
233,37,1.085
233,38,2.137
233,39,0.502
233,40,0.418
233,41,1.356
233,42,0.514
233,43,0.676
233,44,0.734
233,45,0.743
233,46,0.852
233,47,0.898
233,48,3.408
234,1,1.018
234,2,0.302
234,3,0.243
234,4,0.195
234,5,0.26
234,6,0.227
234,7,0.133
234,8,0.296
234,9,0.183
234,10,0.158
234,11,0.295
234,12,0.143
234,13,0.202
234,14,0.284
234,15,0.166
234,16,0.186
234,17,0.257
234,18,0.262
234,19,0.243
234,20,0.305
234,21,0.325
234,22,0.473
234,23,0.285
234,24,0.332
234,25,1.319
234,26,1.023
234,27,0.267
234,28,0.236
234,29,0.128
234,30,0.279
234,31,0.288
234,32,0.172
234,33,0.207
234,34,0.283
234,35,0.231
234,36,0.238
234,37,2.035
234,38,2.68
234,39,0.84
234,40,0.276
234,41,2.274
234,42,2.185
234,43,2.115
234,44,1.54
234,45,0.977
234,46,0.872
234,47,2.462
234,48,3.35
235,1,0.834
235,2,0.65
235,3,0.697
235,4,0.505
235,5,0.254
235,6,0.246
235,7,0.237
235,8,0.159
235,9,0.224
235,10,0.283
235,11,0.185
235,12,0.166
235,13,0.275
235,14,0.222
235,15,0.175
235,16,0.193
235,17,0.289
235,18,0.235
235,19,0.217
235,20,0.348
235,21,0.538
235,22,0.377
235,23,0.287
235,24,0.379
235,25,0.403
235,26,2.026
235,27,2.198
235,28,1.514
235,29,0.517
235,30,0.659
235,31,0.808
235,32,0.45
235,33,0.342
235,34,0.158
235,35,1.273
235,36,1.145
235,37,2.136
235,38,0.62
235,39,0.313
235,40,0.448
235,41,0.47
235,42,0.528
235,43,0.713
235,44,0.641
235,45,0.461
235,46,2.398
235,47,3.042
235,48,2.986
236,1,2.036
236,2,0.27
236,3,1.085
236,4,0.473
236,5,0.277
236,6,1.292
236,7,0.221
236,8,0.133
236,9,1.315
236,10,0.193
236,11,0.517
236,12,0.979
236,13,0.207
236,14,1.039
236,15,0.353
236,16,0.306
236,17,1.086
236,18,0.27
236,19,0.714
236,20,0.213
236,21,0.291
236,22,0.632
236,23,0.397
236,24,0.296
236,25,0.277
236,26,0.215
236,27,0.207
236,28,0.175
236,29,0.481
236,30,0.567
236,31,1.924
236,32,0.76
236,33,0.606
236,34,0.456
236,35,0.222
236,36,0.221
236,37,1.196
236,38,1.27
236,39,0.28
236,40,0.387
236,41,0.619
236,42,0.587
236,43,0.692
236,44,0.922
236,45,0.661
236,46,0.696
236,47,3.31
236,48,1.82
237,1,0.381
237,2,0.199
237,3,0.291
237,4,0.174
237,5,0.17
237,6,0.305
237,7,0.17
237,8,0.208
237,9,0.211
237,10,0.272
237,11,0.114
237,12,0.281
237,13,0.196
237,14,0.203
237,15,0.21
237,16,0.247
237,17,0.172
237,18,0.346
237,19,0.56
237,20,0.208
237,21,0.299
237,22,0.644
237,23,0.461
237,24,0.147
237,25,0.366
237,26,0.224
237,27,0.679
237,28,0.345
237,29,0.474
237,30,0.256
237,31,1.734
237,32,1.64
237,33,1.56
237,34,1.036
237,35,0.353
237,36,0.384
237,37,0.283
237,38,0.21
237,39,0.644
237,40,1.63
237,41,0.419
237,42,0.586
237,43,0.811
237,44,0.854
237,45,0.876
237,46,0.857
237,47,2.628
237,48,0.749
238,1,2.116
238,2,0.55
238,3,0.254
238,4,0.115
238,5,0.297
238,6,0.282
238,7,0.12
238,8,0.231
238,9,0.256
238,10,0.196
238,11,0.194
238,12,0.195
238,13,0.294
238,14,0.146
238,15,0.179
238,16,0.272
238,17,0.236
238,18,0.229
238,19,1.013
238,20,0.889
238,21,0.797
238,22,0.293
238,23,0.562
238,24,0.248
238,25,0.136
238,26,0.287
238,27,0.239
238,28,0.843
238,29,0.595
238,30,0.512
238,31,1.837
238,32,0.557
238,33,0.726
238,34,0.384
238,35,0.218
238,36,0.316
238,37,0.36
238,38,0.326
238,39,1.942
238,40,0.795
238,41,0.547
238,42,0.479
238,43,0.583
238,44,0.779
238,45,0.83
238,46,3.358
238,47,1.91
238,48,0.716
239,1,0.532
239,2,0.705
239,3,0.352
239,4,0.115
239,5,0.305
239,6,0.231
239,7,0.2
239,8,0.178
239,9,0.22
239,10,0.261
239,11,0.112
239,12,0.295
239,13,0.211
239,14,0.13
239,15,0.328
239,16,0.177
239,17,0.12
239,18,0.374
239,19,0.256
239,20,0.579
239,21,0.234
239,22,0.386
239,23,0.392
239,24,0.413
239,25,0.284
239,26,0.284
239,27,0.117
239,28,0.788
239,29,0.386
239,30,0.611
239,31,1.165
239,32,1.11
239,33,0.905
239,34,1.268
239,35,0.365
239,36,0.291
239,37,0.28
239,38,0.253
239,39,1.293
239,40,0.686
239,41,0.427
239,42,0.645
239,43,0.572
239,44,0.825
239,45,2.238
239,46,2.623
239,47,0.637
239,48,0.67
240,1,0.642
240,2,0.348
240,3,0.235
240,4,0.205
240,5,0.231
240,6,0.179
240,7,0.201
240,8,0.258
240,9,0.175
240,10,0.211
240,11,0.22
240,12,0.194
240,13,0.215
240,14,0.201
240,15,0.204
240,16,0.236
240,17,0.247
240,18,0.22
240,19,0.601
240,20,0.296
240,21,0.857
240,22,0.694
240,23,0.296
240,24,0.395
240,25,0.302
240,26,0.218
240,27,0.141
240,28,0.427
240,29,0.243
240,30,0.185
240,31,0.241
240,32,0.275
240,33,0.115
240,34,0.285
240,35,0.218
240,36,0.176
240,37,0.199
240,38,0.315
240,39,0.128
240,40,1.869
240,41,0.402
240,42,0.209
240,43,0.392
240,44,0.851
240,45,0.798
240,46,0.934
240,47,0.971
240,48,0.847
388,1,0.433
388,2,0.248
388,3,0.235
388,4,0.428
388,5,0.383
388,6,0.264
388,7,0.171
388,8,0.244
388,9,0.189
388,10,0.239
388,11,0.315
388,12,0.384
388,13,0.192
388,14,0.134
388,15,0.154
388,16,0.228
388,17,0.311
388,18,0.34
388,19,0.246
388,20,0.304
388,21,0.235
388,22,0.519
388,23,0.284
388,24,1.585
388,25,1.266
388,26,0.375
388,27,0.207
388,28,1.888
388,29,0.183
388,30,0.227
388,31,0.325
388,32,0.318
388,33,0.161
388,34,0.253
388,35,0.905
388,36,2.443
388,37,4.328
388,38,2.272
388,39,2.571
388,40,2.801
388,41,2.729
388,42,2.779
388,43,2.47
388,44,1.556
388,45,2.461
388,46,2.793
388,47,1.307
388,48,0.861
389,1,0.959
389,2,0.292
389,3,0.244
389,4,0.42
389,5,0.421
389,6,0.213
389,7,0.131
389,8,0.219
389,9,0.215
389,10,0.304
389,11,0.277
389,12,0.276
389,13,0.205
389,14,0.132
389,15,0.152
389,16,0.269
389,17,0.367
389,18,0.293
389,19,0.181
389,20,0.247
389,21,0.364
389,22,0.556
389,23,0.287
389,24,0.147
389,25,1.575
389,26,1.534
389,27,1.763
389,28,2.417
389,29,0.622
389,30,0.432
389,31,0.605
389,32,0.87
389,33,1.483
389,34,1.298
389,35,1.348
389,36,1.273
389,37,1.89
389,38,1.592
389,39,1.76
389,40,4.114
389,41,3.71
389,42,0.981
389,43,0.781
389,44,0.783
389,45,0.877
389,46,0.801
389,47,0.453
389,48,0.437
390,1,0.393
390,2,0.266
390,3,0.25
390,4,0.358
390,5,0.375
390,6,0.207
390,7,0.142
390,8,0.187
390,9,0.214
390,10,0.134
390,11,0.172
390,12,0.355
390,13,0.361
390,14,0.197
390,15,0.149
390,16,0.15
390,17,0.233
390,18,0.174
390,19,0.651
390,20,0.297
390,21,0.659
390,22,0.211
390,23,0.154
390,24,0.336
390,25,0.185
390,26,0.406
390,27,0.293
390,28,0.213
390,29,1.657
390,30,0.564
390,31,0.818
390,32,0.449
390,33,0.366
390,34,0.418
390,35,0.73
390,36,0.963
390,37,1.003
390,38,1.006
390,39,1.149
390,40,1.188
390,41,1.132
390,42,2.771
390,43,1.07
390,44,1.053
390,45,1.131
390,46,1.203
390,47,0.862
390,48,0.881
391,1,0.765
391,2,0.799
391,3,0.826
391,4,0.42
391,5,0.174
391,6,0.132
391,7,0.151
391,8,0.255
391,9,0.312
391,10,0.293
391,11,0.178
391,12,0.238
391,13,0.169
391,14,0.15
391,15,0.13
391,16,0.3
391,17,0.319
391,18,0.36
391,19,0.593
391,20,2.194
391,21,1.418
391,22,0.499
391,23,0.425
391,24,0.59
391,25,1.083
391,26,0.506
391,27,0.436
391,28,0.183
391,29,0.266
391,30,0.35
391,31,0.291
391,32,0.75
391,33,0.752
391,34,0.338
391,35,0.534
391,36,0.958
391,37,1.187
391,38,1.314
391,39,1.086
391,40,1.095
391,41,1.286
391,42,2.683
391,43,1.206
391,44,1.037
391,45,1.043
391,46,0.869
391,47,0.889
391,48,0.732
392,1,1.055
392,2,0.932
392,3,0.83
392,4,0.391
392,5,0.15
392,6,0.231
392,7,0.292
392,8,0.295
392,9,0.26
392,10,0.258
392,11,0.143
392,12,0.149
392,13,0.158
392,14,0.357
392,15,0.319
392,16,0.282
392,17,0.154
392,18,0.353
392,19,0.488
392,20,0.705
392,21,0.274
392,22,0.281
392,23,0.188
392,24,0.175
392,25,0.262
392,26,0.382
392,27,1.316
392,28,2.235
392,29,0.396
392,30,0.475
392,31,0.465
392,32,0.37
392,33,0.801
392,34,0.373
392,35,0.958
392,36,1.131
392,37,0.923
392,38,1.85
392,39,1.887
392,40,1.27
392,41,1.172
392,42,1.31
392,43,1.35
392,44,1.038
392,45,0.995
392,46,0.902
392,47,1.118
392,48,0.89
393,1,0.479
393,2,0.439
393,3,0.382
393,4,0.278
393,5,0.345
393,6,0.503
393,7,0.32
393,8,0.256
393,9,0.318
393,10,0.308
393,11,0.297
393,12,0.4
393,13,0.496
393,14,0.358
393,15,0.253
393,16,0.266
393,17,0.338
393,18,0.203
393,19,0.747
393,20,0.398
393,21,0.273
393,22,0.154
393,23,0.382
393,24,0.516
393,25,1.573
393,26,0.851
393,27,0.428
393,28,0.195
393,29,0.133
393,30,0.153
393,31,0.571
393,32,0.619
393,33,0.724
393,34,0.946
393,35,1.209
393,36,1.404
393,37,1.843
393,38,1.337
393,39,1.448
393,40,1.345
393,41,1.302
393,42,2.571
393,43,1.153
393,44,1.019
393,45,1.108
393,46,0.918
393,47,1.008
393,48,0.961
394,1,0.775
394,2,0.4
394,3,0.243
394,4,0.267
394,5,0.297
394,6,0.344
394,7,0.206
394,8,0.151
394,9,0.16
394,10,0.318
394,11,0.32
394,12,0.291
394,13,0.224
394,14,0.222
394,15,0.152
394,16,0.151
394,17,0.26
394,18,0.375
394,19,0.811
394,20,0.573
394,21,0.282
394,22,0.165
394,23,0.151
394,24,0.181
394,25,0.297
394,26,0.302
394,27,0.295
394,28,0.328
394,29,0.183
394,30,0.151
394,31,0.526
394,32,0.972
394,33,0.717
394,34,0.494
394,35,0.483
394,36,1.122
394,37,0.868
394,38,0.903
394,39,0.936
394,40,0.886
394,41,0.99
394,42,1.536
394,43,1.537
394,44,1.129
394,45,0.938
394,46,0.88
394,47,1.251
394,48,0.885
395,1,0.566
395,2,0.487
395,3,0.492
395,4,0.502
395,5,0.469
395,6,0.325
395,7,0.211
395,8,0.26
395,9,0.201
395,10,0.232
395,11,0.28
395,12,0.354
395,13,0.263
395,14,0.168
395,15,0.153
395,16,0.132
395,17,0.373
395,18,0.389
395,19,0.349
395,20,0.244
395,21,0.32
395,22,0.859
395,23,0.48
395,24,1.819
395,25,1.665
395,26,0.428
395,27,0.267
395,28,1.386
395,29,0.854
395,30,0.295
395,31,0.202
395,32,0.179
395,33,0.229
395,34,0.246
395,35,0.687
395,36,1.108
395,37,2.152
395,38,1.252
395,39,1.798
395,40,2.917
395,41,2.654
395,42,2.636
395,43,1.526
395,44,1.232
395,45,1.189
395,46,1.268
395,47,2.306
395,48,0.978
396,1,0.425
396,2,0.486
396,3,0.45
396,4,0.342
396,5,0.292
396,6,0.16
396,7,0.253
396,8,0.309
396,9,0.353
396,10,0.191
396,11,0.165
396,12,0.167
396,13,0.301
396,14,0.39
396,15,0.215
396,16,0.155
396,17,0.17
396,18,0.291
396,19,0.262
396,20,0.511
396,21,0.527
396,22,0.626
396,23,0.235
396,24,0.215
396,25,1.054
396,26,1.966
396,27,1.183
396,28,1.608
396,29,0.594
396,30,0.518
396,31,0.395
396,32,1.574
396,33,1.54
396,34,0.849
396,35,0.896
396,36,2.646
396,37,3.957
396,38,3.802
396,39,1.983
396,40,1.289
396,41,1.522
396,42,1.478
396,43,1.406
396,44,1.25
396,45,1.914
396,46,0.914
396,47,0.478
396,48,0.392
397,1,0.541
397,2,0.444
397,3,0.261
397,4,0.166
397,5,0.268
397,6,0.326
397,7,0.308
397,8,0.214
397,9,0.247
397,10,0.166
397,11,0.28
397,12,0.368
397,13,0.276
397,14,0.392
397,15,0.152
397,16,0.256
397,17,0.348
397,18,0.629
397,19,0.549
397,20,0.481
397,21,0.4
397,22,0.599
397,23,0.268
397,24,0.773
397,25,0.256
397,26,0.187
397,27,0.302
397,28,0.315
397,29,1.155
397,30,0.619
397,31,0.21
397,32,0.348
397,33,0.571
397,34,0.367
397,35,0.43
397,36,1.076
397,37,1.11
397,38,1.061
397,39,1.116
397,40,1.226
397,41,2.412
397,42,1.156
397,43,0.969
397,44,0.98
397,45,1.087
397,46,1.013
397,47,1.106
397,48,1.011
398,1,0.921
398,2,0.715
398,3,0.177
398,4,0.158
398,5,0.244
398,6,0.345
398,7,0.321
398,8,0.266
398,9,0.234
398,10,0.154
398,11,0.152
398,12,0.369
398,13,0.312
398,14,0.27
398,15,0.249
398,16,0.215
398,17,0.156
398,18,0.226
398,19,0.682
398,20,0.608
398,21,0.379
398,22,0.229
398,23,0.31
398,24,1.292
398,25,1.135
398,26,0.701
398,27,0.209
398,28,0.178
398,29,0.615
398,30,0.32
398,31,0.515
398,32,0.548
398,33,0.327
398,34,0.583
398,35,0.586
398,36,1.183
398,37,1.021
398,38,1.356
398,39,2.424
398,40,1.551
398,41,1.178
398,42,1.139
398,43,1.256
398,44,1.157
398,45,1.01
398,46,0.97
398,47,1.035
398,48,1.096
399,1,0.999
399,2,0.835
399,3,0.299
399,4,0.246
399,5,0.382
399,6,0.464
399,7,0.332
399,8,0.206
399,9,0.312
399,10,0.251
399,11,0.283
399,12,0.386
399,13,0.435
399,14,0.218
399,15,0.229
399,16,0.269
399,17,0.236
399,18,0.315
399,19,0.821
399,20,1.84
399,21,1.92
399,22,0.838
399,23,0.436
399,24,0.76
399,25,1.261
399,26,0.663
399,27,0.464
399,28,0.645
399,29,0.597
399,30,0.463
399,31,0.241
399,32,0.348
399,33,0.751
399,34,0.39
399,35,0.553
399,36,0.785
399,37,0.811
399,38,1.146
399,39,0.93
399,40,1.003
399,41,2.376
399,42,1.424
399,43,1.303
399,44,1.222
399,45,1.05
399,46,1.012
399,47,1.049
399,48,0.965
400,1,0.659
400,2,0.566
400,3,0.336
400,4,0.266
400,5,0.247
400,6,0.495
400,7,0.361
400,8,0.299
400,9,0.285
400,10,0.227
400,11,0.315
400,12,0.39
400,13,0.402
400,14,0.289
400,15,0.255
400,16,0.294
400,17,0.213
400,18,0.269
400,19,0.68
400,20,1.095
400,21,0.957
400,22,0.59
400,23,2.109
400,24,1.819
400,25,1.099
400,26,0.94
400,27,1.013
400,28,1.053
400,29,0.35
400,30,0.474
400,31,0.504
400,32,0.768
400,33,0.406
400,34,0.443
400,35,1.052
400,36,1.412
400,37,1.346
400,38,1.435
400,39,1.402
400,40,1.399
400,41,1.311
400,42,1.92
400,43,1.673
400,44,1.283
400,45,1.232
400,46,1.186
400,47,0.978
400,48,1.067
401,1,1.093
401,2,1.019
401,3,0.389
401,4,0.337
401,5,0.44
401,6,0.373
401,7,0.38
401,8,0.327
401,9,0.26
401,10,0.231
401,11,0.305
401,12,0.438
401,13,0.337
401,14,0.312
401,15,0.358
401,16,0.311
401,17,0.211
401,18,0.715
401,19,0.769
401,20,0.481
401,21,0.368
401,22,0.284
401,23,0.313
401,24,0.238
401,25,0.266
401,26,0.413
401,27,0.488
401,28,0.289
401,29,0.411
401,30,0.833
401,31,0.358
401,32,0.662
401,33,0.606
401,34,0.789
401,35,0.565
401,36,0.713
401,37,1.31
401,38,1.338
401,39,2.798
401,40,3.52
401,41,1.682
401,42,1.468
401,43,1.415
401,44,1.228
401,45,1.38
401,46,1.487
401,47,1.041
401,48,0.906
402,1,0.464
402,2,0.452
402,3,0.438
402,4,0.463
402,5,0.409
402,6,0.317
402,7,0.218
402,8,0.373
402,9,0.445
402,10,0.288
402,11,0.305
402,12,0.396
402,13,0.551
402,14,0.274
402,15,0.26
402,16,0.285
402,17,0.501
402,18,0.464
402,19,0.762
402,20,0.867
402,21,0.868
402,22,0.336
402,23,0.944
402,24,1.028
402,25,0.408
402,26,0.228
402,27,0.201
402,28,0.239
402,29,0.467
402,30,0.452
402,31,0.238
402,32,0.231
402,33,0.468
402,34,0.671
402,35,0.668
402,36,1.008
402,37,2.661
402,38,3.593
402,39,3.184
402,40,2.902
402,41,2.693
402,42,2.678
402,43,1.427
402,44,1.368
402,45,1.208
402,46,1.296
402,47,1.213
402,48,1.123
403,1,1.0
403,2,0.297
403,3,0.286
403,4,0.416
403,5,0.396
403,6,0.351
403,7,0.326
403,8,0.273
403,9,0.187
403,10,0.324
403,11,0.337
403,12,0.304
403,13,0.144
403,14,0.17
403,15,0.231
403,16,0.497
403,17,0.489
403,18,0.331
403,19,0.341
403,20,0.615
403,21,0.465
403,22,0.534
403,23,0.405
403,24,0.973
403,25,1.358
403,26,0.651
403,27,2.5
403,28,1.685
403,29,0.541
403,30,0.567
403,31,1.456
403,32,0.595
403,33,0.484
403,34,0.692
403,35,1.024
403,36,1.338
403,37,2.091
403,38,1.616
403,39,1.897
403,40,3.772
403,41,4.052
403,42,2.523
403,43,1.157
403,44,0.918
403,45,0.94
403,46,0.721
403,47,0.54
403,48,0.478
404,1,0.613
404,2,0.552
404,3,0.188
404,4,0.147
404,5,0.3
404,6,0.403
404,7,0.374
404,8,0.181
404,9,0.264
404,10,0.204
404,11,0.427
404,12,0.305
404,13,0.36
404,14,0.386
404,15,0.148
404,16,0.266
404,17,0.415
404,18,0.471
404,19,0.575
404,20,1.437
404,21,0.94
404,22,0.258
404,23,0.187
404,24,0.978
404,25,3.032
404,26,0.855
404,27,0.44
404,28,0.376
404,29,0.229
404,30,0.205
404,31,0.687
404,32,1.147
404,33,0.422
404,34,0.488
404,35,0.45
404,36,0.92
404,37,1.017
404,38,1.046
404,39,1.049
404,40,1.118
404,41,1.269
404,42,2.476
404,43,1.525
404,44,1.143
404,45,1.12
404,46,1.086
404,47,0.899
404,48,0.9
405,1,0.908
405,2,1.023
405,3,0.766
405,4,0.427
405,5,0.363
405,6,0.293
405,7,0.303
405,8,0.198
405,9,0.194
405,10,0.181
405,11,0.269
405,12,0.152
405,13,0.23
405,14,0.45
405,15,0.349
405,16,0.158
405,17,0.244
405,18,0.301
405,19,0.662
405,20,0.456
405,21,0.481
405,22,0.231
405,23,0.6
405,24,0.573
405,25,0.337
405,26,0.683
405,27,0.89
405,28,0.55
405,29,2.696
405,30,0.474
405,31,0.457
405,32,1.255
405,33,0.232
405,34,0.485
405,35,0.496
405,36,0.718
405,37,0.65
405,38,1.706
405,39,0.82
405,40,1.026
405,41,2.381
405,42,1.404
405,43,1.136
405,44,1.05
405,45,1.029
405,46,0.837
405,47,0.982
405,48,0.908
406,1,0.877
406,2,0.846
406,3,0.217
406,4,0.173
406,5,0.414
406,6,0.361
406,7,0.236
406,8,0.266
406,9,0.2
406,10,0.191
406,11,0.221
406,12,0.366
406,13,0.314
406,14,0.333
406,15,0.275
406,16,0.166
406,17,0.165
406,18,0.271
406,19,0.767
406,20,0.343
406,21,0.527
406,22,0.333
406,23,0.709
406,24,0.333
406,25,0.223
406,26,0.39
406,27,0.3
406,28,0.302
406,29,0.278
406,30,0.175
406,31,0.174
406,32,0.259
406,33,0.568
406,34,0.684
406,35,0.676
406,36,0.63
406,37,1.022
406,38,1.046
406,39,0.973
406,40,1.098
406,41,1.041
406,42,2.4
406,43,1.217
406,44,1.218
406,45,1.066
406,46,1.015
406,47,0.974
406,48,1.016
407,1,1.062
407,2,0.482
407,3,0.531
407,4,0.236
407,5,0.16
407,6,0.291
407,7,0.36
407,8,0.301
407,9,0.222
407,10,0.258
407,11,0.162
407,12,0.21
407,13,0.336
407,14,0.446
407,15,0.266
407,16,0.27
407,17,0.298
407,18,0.254
407,19,0.578
407,20,1.424
407,21,0.663
407,22,0.317
407,23,0.543
407,24,0.279
407,25,0.284
407,26,0.89
407,27,1.072
407,28,0.429
407,29,1.006
407,30,0.473
407,31,0.401
407,32,0.365
407,33,0.395
407,34,0.331
407,35,0.464
407,36,0.261
407,37,0.583
407,38,1.04
407,39,1.119
407,40,0.924
407,41,3.37
407,42,1.412
407,43,1.392
407,44,0.949
407,45,0.938
407,46,0.863
407,47,0.99
407,48,0.893
408,1,0.903
408,2,0.786
408,3,0.382
408,4,0.269
408,5,0.398
408,6,0.334
408,7,0.169
408,8,0.244
408,9,0.226
408,10,0.198
408,11,0.412
408,12,0.358
408,13,0.192
408,14,0.207
408,15,0.244
408,16,0.211
408,17,0.221
408,18,0.313
408,19,0.707
408,20,0.505
408,21,0.22
408,22,0.224
408,23,0.259
408,24,0.159
408,25,0.426
408,26,1.743
408,27,2.151
408,28,0.421
408,29,0.666
408,30,0.984
408,31,1.778
408,32,2.506
408,33,0.9
408,34,0.338
408,35,0.291
408,36,0.549
408,37,0.995
408,38,1.636
408,39,1.041
408,40,1.455
408,41,0.831
408,42,2.38
408,43,1.247
408,44,1.106
408,45,1.094
408,46,1.111
408,47,0.821
408,48,0.884
409,1,0.594
409,2,0.515
409,3,0.466
409,4,0.372
409,5,0.173
409,6,0.169
409,7,0.249
409,8,0.4
409,9,0.303
409,10,0.384
409,11,0.155
409,12,0.155
409,13,0.239
409,14,0.268
409,15,0.152
409,16,0.339
409,17,0.332
409,18,0.379
409,19,0.288
409,20,0.282
409,21,0.326
409,22,0.543
409,23,0.435
409,24,0.356
409,25,1.623
409,26,0.967
409,27,0.281
409,28,0.464
409,29,0.162
409,30,0.271
409,31,0.373
409,32,0.383
409,33,0.546
409,34,0.61
409,35,1.117
409,36,3.114
409,37,2.714
409,38,3.069
409,39,1.501
409,40,1.335
409,41,1.433
409,42,1.378
409,43,1.339
409,44,1.484
409,45,1.475
409,46,2.637
409,47,1.168
409,48,0.523
410,1,0.417
410,2,0.425
410,3,0.408
410,4,0.416
410,5,0.419
410,6,0.43
410,7,0.165
410,8,0.264
410,9,0.262
410,10,0.148
410,11,0.316
410,12,0.392
410,13,0.325
410,14,0.211
410,15,0.279
410,16,0.232
410,17,0.111
410,18,0.925
410,19,0.585
410,20,1.892
410,21,1.936
410,22,1.913
410,23,1.631
410,24,2.261
410,25,1.492
410,26,1.447
410,27,1.089
410,28,0.572
410,29,0.397
410,30,0.27
410,31,1.241
410,32,1.126
410,33,0.484
410,34,0.467
410,35,0.602
410,36,2.065
410,37,1.251
410,38,1.894
410,39,3.686
410,40,3.846
410,41,4.278
410,42,3.441
410,43,1.427
410,44,0.977
410,45,0.971
410,46,0.908
410,47,1.264
410,48,0.67
411,1,0.459
411,2,0.443
411,3,0.523
411,4,0.353
411,5,0.279
411,6,0.161
411,7,0.24
411,8,0.35
411,9,0.317
411,10,0.316
411,11,0.32
411,12,0.207
411,13,0.162
411,14,0.249
411,15,0.195
411,16,0.438
411,17,0.483
411,18,1.142
411,19,0.787
411,20,0.281
411,21,0.285
411,22,0.123
411,23,0.198
411,24,0.451
411,25,0.317
411,26,0.182
411,27,0.2
411,28,0.271
411,29,0.211
411,30,0.544
411,31,0.512
411,32,0.426
411,33,0.618
411,34,1.011
411,35,4.548
411,36,2.105
411,37,1.701
411,38,1.222
411,39,1.364
411,40,1.399
411,41,1.174
411,42,1.294
411,43,1.334
411,44,1.203
411,45,1.212
411,46,1.927
411,47,1.335
411,48,1.294
412,1,1.528
412,2,1.281
412,3,0.621
412,4,0.52
412,5,0.171
412,6,0.344
412,7,0.407
412,8,0.32
412,9,0.236
412,10,0.247
412,11,0.192
412,12,0.301
412,13,0.379
412,14,0.332
412,15,0.288
412,16,0.211
412,17,0.228
412,18,0.352
412,19,1.04
412,20,1.27
412,21,0.465
412,22,0.441
412,23,0.36
412,24,0.337
412,25,0.438
412,26,0.182
412,27,0.249
412,28,0.333
412,29,0.318
412,30,0.357
412,31,0.382
412,32,0.438
412,33,0.914
412,34,1.401
412,35,0.467
412,36,0.872
412,37,1.359
412,38,1.29
412,39,2.686
412,40,1.893
412,41,1.519
412,42,1.376
412,43,1.469
412,44,1.672
412,45,1.541
412,46,1.422
412,47,1.253
412,48,1.077
413,1,1.198
413,2,0.955
413,3,0.289
413,4,0.185
413,5,0.281
413,6,0.18
413,7,0.332
413,8,0.42
413,9,0.197
413,10,0.178
413,11,0.273
413,12,0.183
413,13,0.305
413,14,0.412
413,15,0.257
413,16,0.175
413,17,0.26
413,18,0.48
413,19,0.525
413,20,0.983
413,21,0.753
413,22,0.243
413,23,0.243
413,24,0.23
413,25,0.388
413,26,0.415
413,27,0.429
413,28,0.279
413,29,3.707
413,30,0.765
413,31,0.566
413,32,0.671
413,33,0.943
413,34,0.905
413,35,0.928
413,36,0.874
413,37,1.511
413,38,1.29
413,39,2.656
413,40,1.714
413,41,1.431
413,42,1.36
413,43,1.38
413,44,1.599
413,45,1.31
413,46,1.39
413,47,1.266
413,48,1.29
414,1,1.272
414,2,0.563
414,3,0.468
414,4,0.206
414,5,0.327
414,6,0.455
414,7,0.323
414,8,0.207
414,9,0.208
414,10,0.34
414,11,0.417
414,12,0.317
414,13,0.199
414,14,0.307
414,15,0.299
414,16,0.269
414,17,0.756
414,18,0.465
414,19,0.71
414,20,0.317
414,21,0.345
414,22,0.362
414,23,0.298
414,24,2.102
414,25,0.516
414,26,0.544
414,27,0.412
414,28,0.49
414,29,0.401
414,30,0.38
414,31,1.61
414,32,1.633
414,33,0.654
414,34,0.408
414,35,0.28
414,36,0.4
414,37,1.406
414,38,1.591
414,39,1.482
414,40,1.615
414,41,1.418
414,42,2.295
414,43,2.438
414,44,1.719
414,45,1.539
414,46,1.331
414,47,1.389
414,48,1.197
415,1,1.098
415,2,1.268
415,3,1.143
415,4,0.899
415,5,0.546
415,6,0.382
415,7,0.579
415,8,0.609
415,9,0.536
415,10,0.385
415,11,0.512
415,12,0.465
415,13,0.546
415,14,0.62
415,15,0.559
415,16,0.597
415,17,0.617
415,18,0.512
415,19,0.374
415,20,1.385
415,21,0.89
415,22,0.421
415,23,0.541
415,24,0.836
415,25,0.572
415,26,0.351
415,27,0.403
415,28,0.259
415,29,0.19
415,30,0.331
415,31,0.431
415,32,0.332
415,33,0.175
415,34,0.227
415,35,0.206
415,36,0.111
415,37,0.782
415,38,0.933
415,39,2.432
415,40,1.911
415,41,1.33
415,42,1.267
415,43,1.246
415,44,1.301
415,45,1.145
415,46,1.154
415,47,1.192
415,48,1.064
