213,1,0.303
213,2,0.302
213,3,0.306
213,4,0.302
213,5,0.302
213,6,0.303
213,7,0.302
213,8,0.302
213,9,0.306
213,10,0.265
213,11,0.256
213,12,0.258
213,13,0.17
213,14,0.096
213,15,1.369
213,16,0.661
213,17,0.208
213,18,0.196
213,19,1.129
213,20,0.751
213,21,5.338
213,22,3.614
213,23,1.253
213,24,3.349
213,25,3.147
213,26,4.564
213,27,5.375
213,28,3.247
213,29,1.776
213,30,0.826
213,31,0.393
213,32,0.586
213,33,1.278
213,34,1.881
213,35,1.823
213,36,1.5
213,37,0.502
213,38,2.047
213,39,3.516
213,40,1.594
213,41,2.176
213,42,3.06
213,43,0.762
213,44,0.654
213,45,0.773
213,46,0.677
213,47,0.588
213,48,0.505
214,1,0.392
214,2,0.376
214,3,0.291
214,4,0.294
214,5,0.263
214,6,0.248
214,7,0.229
214,8,0.231
214,9,0.166
214,10,0.194
214,11,0.084
214,12,0.163
214,13,0.203
214,14,0.195
214,15,1.429
214,16,1.113
214,17,0.59
214,18,0.48
214,19,1.757
214,20,0.594
214,21,2.05
214,22,1.416
214,23,0.878
214,24,2.895
214,25,3.291
214,26,4.306
214,27,5.424
214,28,2.656
214,29,4.658
214,30,2.616
214,31,2.34
214,32,3.595
214,33,3.288
214,34,1.29
214,35,0.351
214,36,1.374
214,37,0.78
214,38,0.77
214,39,0.286
214,40,2.658
214,41,1.949
214,42,0.914
214,43,0.408
214,44,0.499
214,45,0.671
214,46,0.679
214,47,0.736
214,48,0.565
215,1,0.435
215,2,0.397
215,3,0.345
215,4,0.16
215,5,0.124
215,6,0.298
215,7,0.595
215,8,0.2
215,9,0.172
215,10,0.17
215,11,0.169
215,12,0.169
215,13,0.169
215,14,0.169
215,15,1.423
215,16,0.416
215,17,0.539
215,18,0.875
215,19,0.693
215,20,1.564
215,21,0.451
215,22,0.272
215,23,0.917
215,24,4.223
215,25,3.87
215,26,3.24
215,27,4.242
215,28,2.913
215,29,1.222
215,30,0.396
215,31,0.733
215,32,2.197
215,33,1.567
215,34,0.753
215,35,0.425
215,36,0.442
215,37,0.459
215,38,0.626
215,39,1.064
215,40,1.099
215,41,0.682
215,42,1.871
215,43,1.399
215,44,0.745
215,45,0.796
215,46,0.773
215,47,0.873
215,48,0.631
216,1,0.378
216,2,0.176
216,3,0.176
216,4,0.173
216,5,0.175
216,6,0.174
216,7,0.174
216,8,0.176
216,9,0.174
216,10,0.093
216,11,0.069
216,12,0.069
216,13,0.112
216,14,0.19
216,15,1.47
216,16,1.369
216,17,0.582
216,18,0.168
216,19,0.167
216,20,3.54
216,21,2.639
216,22,0.967
216,23,0.526
216,24,3.708
216,25,4.881
216,26,1.677
216,27,0.769
216,28,0.463
216,29,0.768
216,30,0.46
216,31,1.191
216,32,0.424
216,33,0.766
216,34,0.854
216,35,0.351
216,36,1.383
216,37,1.094
216,38,0.447
216,39,0.494
216,40,0.879
216,41,0.48
216,42,0.348
216,43,0.352
216,44,0.585
216,45,0.675
216,46,0.739
216,47,0.455
216,48,0.297
217,1,0.242
217,2,0.266
217,3,0.222
217,4,0.204
217,5,0.201
217,6,0.201
217,7,0.2
217,8,0.2
217,9,0.199
217,10,0.199
217,11,0.199
217,12,0.198
217,13,0.198
217,14,0.198
217,15,1.449
217,16,0.207
217,17,0.092
217,18,0.181
217,19,0.928
217,20,0.196
217,21,0.186
217,22,0.185
217,23,0.226
217,24,0.558
217,25,0.304
217,26,0.298
217,27,0.298
217,28,0.617
217,29,0.3
217,30,0.3
217,31,0.327
217,32,2.035
217,33,2.055
217,34,0.935
217,35,0.395
217,36,1.998
217,37,2.218
217,38,3.379
217,39,3.318
217,40,2.052
217,41,3.146
217,42,0.305
217,43,0.38
217,44,0.55
217,45,0.656
217,46,0.599
217,47,0.613
217,48,0.511
218,1,0.228
218,2,0.182
218,3,0.183
218,4,0.183
218,5,0.184
218,6,0.16
218,7,0.076
218,8,0.076
218,9,0.109
218,10,0.199
218,11,0.188
218,12,0.225
218,13,1.828
218,14,0.37
218,15,1.783
218,16,1.886
218,17,0.172
218,18,0.17
218,19,0.171
218,20,0.564
218,21,0.238
218,22,0.307
218,23,0.17
218,24,1.767
218,25,0.259
218,26,0.245
218,27,0.59
218,28,0.339
218,29,0.209
218,30,0.236
218,31,0.271
218,32,0.212
218,33,0.588
218,34,0.274
218,35,0.36
218,36,0.261
218,37,0.305
218,38,0.877
218,39,1.02
218,40,0.917
218,41,3.141
218,42,0.302
218,43,0.228
218,44,0.337
218,45,0.474
218,46,0.329
218,47,0.79
218,48,1.775
219,1,1.631
219,2,0.301
219,3,0.194
219,4,0.192
219,5,0.188
219,6,0.213
219,7,0.187
219,8,0.187
219,9,0.186
219,10,0.186
219,11,0.111
219,12,0.08
219,13,0.165
219,14,0.193
219,15,1.41
219,16,1.237
219,17,0.184
219,18,0.184
219,19,0.602
219,20,0.439
219,21,0.276
219,22,0.381
219,23,0.527
219,24,0.671
219,25,0.445
219,26,0.312
219,27,0.378
219,28,0.803
219,29,0.857
219,30,0.681
219,31,0.333
219,32,0.303
219,33,0.285
219,34,0.327
219,35,0.38
219,36,0.38
219,37,0.42
219,38,0.332
219,39,0.578
219,40,0.838
219,41,3.038
219,42,0.609
219,43,0.287
219,44,0.538
219,45,0.522
219,46,0.515
219,47,0.968
219,48,0.785
220,1,0.537
220,2,0.454
220,3,0.371
220,4,0.411
220,5,0.335
220,6,0.335
220,7,0.332
220,8,0.337
220,9,0.337
220,10,0.337
220,11,0.34
220,12,0.188
220,13,0.188
220,14,0.187
220,15,1.414
220,16,0.987
220,17,0.186
220,18,0.185
220,19,0.571
220,20,0.226
220,21,0.204
220,22,0.184
220,23,0.919
220,24,1.26
220,25,0.544
220,26,0.4
220,27,0.337
220,28,0.335
220,29,0.75
220,30,2.013
220,31,1.461
220,32,0.974
220,33,0.314
220,34,0.318
220,35,0.43
220,36,0.545
220,37,0.463
220,38,1.501
220,39,1.649
220,40,1.379
220,41,3.083
220,42,0.487
220,43,0.44
220,44,0.437
220,45,0.539
220,46,0.539
220,47,0.532
220,48,0.538
221,1,0.532
221,2,0.25
221,3,0.122
221,4,0.1
221,5,0.099
221,6,0.228
221,7,0.214
221,8,0.209
221,9,0.207
221,10,0.205
221,11,0.201
221,12,0.201
221,13,0.201
221,14,0.201
221,15,1.462
221,16,1.598
221,17,0.188
221,18,0.187
221,19,0.196
221,20,0.636
221,21,0.191
221,22,0.184
221,23,0.494
221,24,1.117
221,25,0.292
221,26,0.357
221,27,0.265
221,28,0.507
221,29,0.341
221,30,0.183
221,31,0.246
221,32,0.449
221,33,0.311
221,34,0.277
221,35,0.276
221,36,1.706
221,37,2.226
221,38,2.889
221,39,0.62
221,40,0.98
221,41,2.91
221,42,0.58
221,43,0.183
221,44,0.252
221,45,0.331
221,46,0.327
221,47,0.69
221,48,0.414
222,1,0.415
222,2,0.329
222,3,0.121
222,4,0.115
222,5,0.227
222,6,0.435
222,7,0.448
222,8,0.448
222,9,0.445
222,10,0.444
222,11,0.304
222,12,0.199
222,13,0.198
222,14,0.198
222,15,1.424
222,16,1.629
222,17,0.198
222,18,0.196
222,19,0.621
222,20,0.288
222,21,0.215
222,22,0.203
222,23,0.205
222,24,0.183
222,25,0.483
222,26,0.467
222,27,0.813
222,28,1.358
222,29,0.454
222,30,0.379
222,31,0.581
222,32,0.613
222,33,0.354
222,34,0.351
222,35,1.084
222,36,2.445
222,37,1.098
222,38,0.529
222,39,0.303
222,40,0.831
222,41,3.072
222,42,0.427
222,43,0.337
222,44,0.426
222,45,0.704
222,46,2.531
222,47,2.01
222,48,0.905
223,1,0.627
223,2,0.456
223,3,0.483
223,4,0.537
223,5,0.494
223,6,0.495
223,7,0.463
223,8,0.225
223,9,0.202
223,10,0.203
223,11,0.2
223,12,0.201
223,13,0.197
223,14,0.195
223,15,1.435
223,16,1.154
223,17,0.129
223,18,0.532
223,19,0.362
223,20,0.294
223,21,0.308
223,22,0.303
223,23,0.302
223,24,0.303
223,25,0.304
223,26,0.546
223,27,0.264
223,28,0.202
223,29,0.254
223,30,0.314
223,31,0.308
223,32,0.308
223,33,0.304
223,34,0.304
223,35,0.304
223,36,0.303
223,37,0.308
223,38,0.308
223,39,0.511
223,40,1.051
223,41,2.901
223,42,0.311
223,43,0.307
223,44,0.466
223,45,0.509
223,46,0.676
223,47,0.617
223,48,0.896
224,1,0.893
224,2,0.446
224,3,0.544
224,4,0.581
224,5,0.473
224,6,0.264
224,7,0.167
224,8,0.123
224,9,0.198
224,10,0.238
224,11,0.233
224,12,0.231
224,13,0.23
224,14,0.228
224,15,1.457
224,16,1.062
224,17,0.227
224,18,0.225
224,19,0.245
224,20,0.467
224,21,0.167
224,22,0.217
224,23,0.756
224,24,0.377
224,25,0.336
224,26,0.243
224,27,0.569
224,28,0.62
224,29,1.172
224,30,2.413
224,31,1.713
224,32,3.46
224,33,3.729
224,34,1.321
224,35,0.265
224,36,0.285
224,37,0.264
224,38,0.215
224,39,0.154
224,40,0.717
224,41,2.761
224,42,0.276
224,43,0.227
224,44,0.198
224,45,0.193
224,46,0.682
224,47,1.927
224,48,0.645
225,1,0.657
225,2,0.645
225,3,0.644
225,4,0.372
225,5,0.108
225,6,0.214
225,7,0.204
225,8,0.201
225,9,0.2
225,10,0.199
225,11,0.198
225,12,0.145
225,13,0.115
225,14,0.188
225,15,1.449
225,16,1.162
225,17,0.199
225,18,0.197
225,19,0.39
225,20,0.214
225,21,1.41
225,22,0.521
225,23,0.22
225,24,0.218
225,25,0.204
225,26,0.113
225,27,0.156
225,28,0.23
225,29,0.222
225,30,0.22
225,31,0.22
225,32,0.158
225,33,0.113
225,34,0.213
225,35,0.224
225,36,0.22
225,37,0.22
225,38,0.214
225,39,0.113
225,40,0.148
225,41,0.232
225,42,0.223
225,43,0.227
225,44,0.229
225,45,0.155
225,46,0.12
225,47,0.231
225,48,0.231
226,1,0.223
226,2,0.223
226,3,0.121
226,4,0.149
226,5,0.237
226,6,0.229
226,7,0.228
226,8,0.213
226,9,0.118
226,10,0.162
226,11,0.232
226,12,0.224
226,13,0.222
226,14,0.174
226,15,0.116
226,16,0.204
226,17,0.229
226,18,0.222
226,19,0.218
226,20,0.183
226,21,0.111
226,22,0.178
226,23,0.225
226,24,0.219
226,25,0.217
226,26,0.217
226,27,0.191
226,28,0.115
226,29,0.175
226,30,0.229
226,31,0.224
226,32,0.221
226,33,0.22
226,34,0.219
226,35,0.218
226,36,0.205
226,37,0.113
226,38,0.144
226,39,0.231
226,40,0.224
226,41,0.223
226,42,0.221
226,43,0.232
226,44,0.233
226,45,0.234
226,46,0.132
226,47,0.134
226,48,0.239
227,1,0.231
227,2,0.232
227,3,0.234
227,4,0.234
227,5,0.226
227,6,0.225
227,7,0.128
227,8,0.132
227,9,0.243
227,10,0.23
227,11,0.225
227,12,0.223
227,13,0.222
227,14,0.221
227,15,0.203
227,16,0.117
227,17,0.155
227,18,0.232
227,19,0.223
227,20,0.218
227,21,0.216
227,22,0.238
227,23,0.298
227,24,0.373
227,25,0.279
227,26,0.127
227,27,0.261
227,28,0.222
227,29,0.272
227,30,0.385
227,31,0.305
227,32,0.31
227,33,0.319
227,34,2.616
227,35,3.701
227,36,3.884
227,37,0.426
227,38,0.456
227,39,0.409
227,40,0.338
227,41,0.362
227,42,0.339
227,43,0.332
227,44,0.215
227,45,0.229
227,46,0.205
227,47,0.105
227,48,0.105
228,1,0.184
228,2,0.217
228,3,0.214
228,4,0.209
228,5,0.308
228,6,2.975
228,7,0.966
228,8,0.156
228,9,0.216
228,10,0.21
228,11,0.201
228,12,0.151
228,13,0.093
228,14,0.165
228,15,0.196
228,16,0.191
228,17,0.189
228,18,0.086
228,19,0.106
228,20,0.2
228,21,0.189
228,22,0.194
228,23,0.179
228,24,0.218
228,25,0.203
228,26,1.946
228,27,0.833
228,28,1.067
228,29,2.805
228,30,0.315
228,31,0.313
228,32,0.32
228,33,0.238
228,34,0.259
228,35,0.37
228,36,0.324
228,37,0.336
228,38,0.314
228,39,1.281
228,40,2.63
228,41,1.494
228,42,0.343
228,43,0.389
228,44,0.497
228,45,0.618
228,46,0.619
228,47,0.564
228,48,0.557
229,1,0.488
229,2,0.328
229,3,0.227
229,4,0.222
229,5,0.288
229,6,2.091
229,7,0.156
229,8,0.111
229,9,0.202
229,10,0.224
229,11,0.245
229,12,0.216
229,13,0.127
229,14,0.11
229,15,0.225
229,16,0.219
229,17,0.214
229,18,0.235
229,19,0.163
229,20,0.13
229,21,0.248
229,22,0.274
229,23,0.213
229,24,1.005
229,25,2.956
229,26,1.384
229,27,1.716
229,28,1.136
229,29,2.948
229,30,2.955
229,31,0.857
229,32,0.678
229,33,0.64
229,34,0.193
229,35,0.297
229,36,0.332
229,37,0.484
229,38,0.279
229,39,0.281
229,40,1.298
229,41,1.071
229,42,0.742
229,43,1.489
229,44,1.006
229,45,0.731
229,46,0.88
229,47,0.727
229,48,0.509
230,1,3.223
230,2,3.258
230,3,3.226
230,4,2.024
230,5,0.912
230,6,1.043
230,7,0.409
230,8,0.535
230,9,0.624
230,10,0.368
230,11,0.584
230,12,0.365
230,13,0.532
230,14,0.206
230,15,0.448
230,16,1.532
230,17,2.077
230,18,2.881
230,19,1.155
230,20,1.1
230,21,1.022
230,22,1.366
230,23,0.88
230,24,1.503
230,25,0.782
230,26,2.261
230,27,2.054
230,28,1.526
230,29,1.913
230,30,1.682
230,31,1.892
230,32,0.447
230,33,0.9
230,34,1.983
230,35,1.9
230,36,3.519
230,37,2.611
230,38,1.733
230,39,2.377
230,40,2.22
230,41,1.062
230,42,0.773
230,43,0.948
230,44,0.949
230,45,0.734
230,46,0.853
230,47,0.957
230,48,0.923
231,1,0.534
231,2,0.463
231,3,0.273
231,4,0.263
231,5,0.265
231,6,0.261
231,7,0.179
231,8,0.154
231,9,0.235
231,10,0.269
231,11,0.265
231,12,0.262
231,13,0.229
231,14,0.199
231,15,0.198
231,16,0.199
231,17,0.199
231,18,0.204
231,19,0.395
231,20,0.204
231,21,0.539
231,22,0.202
231,23,0.182
231,24,0.532
231,25,0.192
231,26,0.296
231,27,1.217
231,28,1.68
231,29,0.999
231,30,2.056
231,31,1.653
231,32,0.401
231,33,0.301
231,34,1.849
231,35,1.392
231,36,1.789
231,37,0.685
231,38,0.864
231,39,0.47
231,40,0.461
231,41,0.474
231,42,2.515
231,43,3.287
231,44,3.366
231,45,1.874
231,46,1.767
231,47,0.886
231,48,0.615
232,1,0.617
232,2,0.335
232,3,0.26
232,4,0.261
232,5,0.404
232,6,0.995
232,7,0.56
232,8,0.562
232,9,0.377
232,10,0.262
232,11,0.265
232,12,0.68
232,13,0.286
232,14,0.095
232,15,0.091
232,16,0.127
232,17,0.213
232,18,0.203
232,19,0.368
232,20,0.185
232,21,0.185
232,22,0.184
232,23,0.228
232,24,0.517
232,25,0.333
232,26,0.275
232,27,0.299
232,28,0.303
232,29,0.303
232,30,0.584
232,31,0.371
232,32,0.305
232,33,0.283
232,34,0.275
232,35,0.272
232,36,0.204
232,37,0.188
232,38,0.732
232,39,0.342
232,40,1.063
232,41,1.362
232,42,0.434
232,43,0.589
232,44,0.629
232,45,0.647
232,46,0.677
232,47,0.535
232,48,0.497
233,1,0.3
233,2,0.251
233,3,0.189
233,4,0.228
233,5,0.308
233,6,0.3
233,7,0.297
233,8,0.293
233,9,0.247
233,10,0.167
233,11,0.093
233,12,0.143
233,13,0.208
233,14,0.2
233,15,1.677
233,16,0.25
233,17,0.09
233,18,0.276
233,19,0.554
233,20,0.326
233,21,0.332
233,22,0.31
233,23,0.297
233,24,0.298
233,25,0.306
233,26,1.708
233,27,1.129
233,28,0.357
233,29,0.343
233,30,0.263
233,31,0.232
233,32,0.314
233,33,0.346
233,34,1.292
233,35,2.167
233,36,1.832
233,37,0.574
233,38,2.544
233,39,1.102
233,40,1.797
233,41,2.315
233,42,0.977
233,43,0.998
233,44,0.653
233,45,0.688
233,46,1.092
233,47,0.76
233,48,0.726
234,1,0.544
234,2,0.385
234,3,0.244
234,4,0.221
234,5,0.334
234,6,0.335
234,7,0.329
234,8,0.327
234,9,0.328
234,10,0.326
234,11,0.326
234,12,0.324
234,13,0.248
234,14,0.748
234,15,1.772
234,16,2.469
234,17,0.29
234,18,1.697
234,19,0.839
234,20,0.585
234,21,2.728
234,22,2.667
234,23,2.055
234,24,0.671
234,25,0.309
234,26,1.801
234,27,1.382
234,28,2.966
234,29,3.686
234,30,1.564
234,31,2.915
234,32,2.002
234,33,3.223
234,34,1.771
234,35,1.074
234,36,2.465
234,37,1.81
234,38,0.776
234,39,0.291
234,40,0.291
234,41,0.835
234,42,2.744
234,43,1.683
234,44,0.99
234,45,0.815
234,46,1.07
234,47,2.347
234,48,2.003
235,1,0.76
235,2,0.445
235,3,0.349
235,4,0.293
235,5,0.294
235,6,0.387
235,7,0.315
235,8,0.31
235,9,0.27
235,10,0.268
235,11,0.268
235,12,0.268
235,13,0.293
235,14,0.283
235,15,1.823
235,16,1.239
235,17,0.936
235,18,0.602
235,19,0.678
235,20,0.732
235,21,0.202
235,22,0.668
235,23,0.522
235,24,1.596
235,25,4.127
235,26,5.876
235,27,6.059
235,28,2.527
235,29,0.633
235,30,1.002
235,31,0.539
235,32,0.416
235,33,0.62
235,34,0.414
235,35,0.609
235,36,0.301
235,37,0.225
235,38,0.591
235,39,0.341
235,40,1.151
235,41,3.052
235,42,1.618
235,43,0.835
235,44,0.619
235,45,0.814
235,46,0.646
235,47,0.647
235,48,2.015
236,1,1.622
236,2,1.371
236,3,0.522
236,4,0.471
236,5,0.418
236,6,0.197
236,7,0.196
236,8,0.196
236,9,0.195
236,10,0.195
236,11,0.195
236,12,0.194
236,13,0.092
236,14,0.088
236,15,1.576
236,16,2.264
236,17,0.198
236,18,0.201
236,19,0.771
236,20,0.267
236,21,0.685
236,22,0.438
236,23,0.314
236,24,0.588
236,25,0.319
236,26,0.987
236,27,2.512
236,28,0.45
236,29,0.334
236,30,0.386
236,31,0.387
236,32,0.403
236,33,0.293
236,34,0.285
236,35,0.296
236,36,0.51
236,37,1.414
236,38,0.488
236,39,1.553
236,40,1.13
236,41,3.097
236,42,0.654
236,43,0.691
236,44,1.521
236,45,2.684
236,46,0.741
236,47,0.739
236,48,0.939
237,1,0.322
237,2,0.297
237,3,0.256
237,4,0.238
237,5,0.196
237,6,0.197
237,7,0.124
237,8,0.092
237,9,0.115
237,10,0.214
237,11,0.202
237,12,0.199
237,13,0.197
237,14,0.183
237,15,1.568
237,16,1.306
237,17,0.208
237,18,0.199
237,19,0.596
237,20,0.343
237,21,0.186
237,22,0.184
237,23,0.182
237,24,1.074
237,25,0.605
237,26,0.338
237,27,0.369
237,28,1.794
237,29,0.908
237,30,0.311
237,31,1.734
237,32,1.88
237,33,1.87
237,34,0.488
237,35,0.388
237,36,0.391
237,37,0.398
237,38,0.44
237,39,3.913
237,40,2.272
237,41,3.675
237,42,0.801
237,43,0.624
237,44,0.62
237,45,0.548
237,46,0.511
237,47,0.742
237,48,0.546
238,1,0.232
238,2,0.198
238,3,0.197
238,4,0.197
238,5,0.197
238,6,0.152
238,7,0.091
238,8,0.154
238,9,0.21
238,10,0.2
238,11,0.198
238,12,0.197
238,13,0.195
238,14,0.14
238,15,1.583
238,16,1.161
238,17,0.204
238,18,0.206
238,19,0.298
238,20,0.736
238,21,1.876
238,22,0.638
238,23,0.323
238,24,0.217
238,25,0.163
238,26,0.242
238,27,0.345
238,28,0.566
238,29,0.443
238,30,0.512
238,31,0.661
238,32,1.909
238,33,1.57
238,34,0.372
238,35,0.235
238,36,0.176
238,37,0.34
238,38,1.947
238,39,0.358
238,40,1.797
238,41,4.857
238,42,1.907
238,43,0.5
238,44,0.633
238,45,0.507
238,46,0.509
238,47,0.503
238,48,0.508
239,1,0.412
239,2,0.41
239,3,0.534
239,4,0.531
239,5,0.349
239,6,0.284
239,7,0.221
239,8,0.186
239,9,0.271
239,10,0.289
239,11,0.283
239,12,0.232
239,13,0.176
239,14,0.255
239,15,1.826
239,16,1.431
239,17,0.244
239,18,0.198
239,19,0.239
239,20,0.312
239,21,0.283
239,22,0.595
239,23,0.273
239,24,0.294
239,25,0.364
239,26,0.393
239,27,0.871
239,28,1.786
239,29,0.353
239,30,0.347
239,31,0.349
239,32,0.351
239,33,0.341
239,34,0.351
239,35,0.35
239,36,0.281
239,37,0.254
239,38,0.412
239,39,2.409
239,40,2.648
239,41,2.567
239,42,0.37
239,43,0.675
239,44,0.797
239,45,0.384
239,46,0.231
239,47,0.344
239,48,0.34
240,1,0.337
240,2,0.262
240,3,0.314
240,4,0.94
240,5,0.792
240,6,0.763
240,7,0.661
240,8,0.702
240,9,0.63
240,10,0.289
240,11,0.173
240,12,0.16
240,13,0.278
240,14,0.266
240,15,1.678
240,16,0.948
240,17,0.239
240,18,0.267
240,19,0.257
240,20,0.355
240,21,0.524
240,22,0.465
240,23,0.351
240,24,0.271
240,25,0.177
240,26,0.213
240,27,0.29
240,28,0.358
240,29,0.398
240,30,0.309
240,31,0.76
240,32,0.416
240,33,0.373
240,34,0.32
240,35,0.699
240,36,0.262
240,37,0.345
240,38,0.436
240,39,0.441
240,40,1.138
240,41,2.01
240,42,0.156
240,43,0.287
240,44,0.293
240,45,0.258
240,46,0.159
240,47,0.209
240,48,0.273
388,1,0.319
388,2,0.289
388,3,0.394
388,4,0.403
388,5,0.311
388,6,0.289
388,7,0.395
388,8,0.398
388,9,0.304
388,10,0.288
388,11,0.395
388,12,0.407
388,13,0.293
388,14,0.285
388,15,0.389
388,16,0.401
388,17,0.49
388,18,0.431
388,19,0.488
388,20,0.389
388,21,0.332
388,22,0.281
388,23,0.348
388,24,0.391
388,25,0.345
388,26,0.277
388,27,0.441
388,28,0.394
388,29,0.372
388,30,0.352
388,31,0.327
388,32,0.361
388,33,0.334
388,34,0.247
388,35,0.222
388,36,0.302
388,37,0.338
388,38,0.276
388,39,0.417
388,40,0.512
388,41,0.283
388,42,0.232
388,43,0.151
388,44,0.176
388,45,0.277
388,46,0.263
388,47,0.152
388,48,0.143
389,1,0.257
389,2,0.253
389,3,0.155
389,4,0.147
389,5,0.247
389,6,0.259
389,7,0.157
389,8,0.148
389,9,0.246
389,10,0.26
389,11,0.155
389,12,0.158
389,13,0.246
389,14,0.259
389,15,0.153
389,16,0.283
389,17,0.651
389,18,0.618
389,19,0.555
389,20,0.502
389,21,0.468
389,22,0.256
389,23,0.143
389,24,0.061
389,25,0.075
389,26,0.179
389,27,0.156
389,28,0.062
389,29,0.063
389,30,0.175
389,31,0.161
389,32,0.063
389,33,0.062
389,34,0.741
389,35,0.77
389,36,0.524
389,37,0.626
389,38,0.697
389,39,0.572
389,40,0.249
389,41,0.472
389,42,0.91
389,43,0.828
389,44,0.606
389,45,0.632
389,46,0.646
389,47,0.688
389,48,0.741
390,1,0.312
390,2,0.295
390,3,0.204
390,4,0.223
390,5,0.264
390,6,0.256
390,7,0.166
390,8,0.149
390,9,0.269
390,10,0.259
390,11,0.169
390,12,0.156
390,13,0.26
390,14,0.254
390,15,0.16
390,16,0.154
390,17,0.434
390,18,0.402
390,19,0.276
390,20,0.303
390,21,0.212
390,22,0.218
390,23,0.152
390,24,0.109
390,25,0.186
390,26,0.22
390,27,0.231
390,28,2.663
390,29,0.319
390,30,0.292
390,31,0.213
390,32,0.18
390,33,0.283
390,34,0.622
390,35,0.6
390,36,0.585
390,37,0.696
390,38,0.875
390,39,1.573
390,40,2.783
390,41,1.284
390,42,0.624
390,43,1.108
390,44,0.622
390,45,0.635
390,46,1.006
390,47,0.696
390,48,0.636
391,1,0.501
391,2,0.438
391,3,0.492
391,4,0.341
391,5,0.428
391,6,0.386
391,7,0.191
391,8,0.127
391,9,0.222
391,10,0.222
391,11,0.147
391,12,0.117
391,13,0.219
391,14,0.216
391,15,0.128
391,16,0.118
391,17,0.417
391,18,0.369
391,19,0.322
391,20,0.284
391,21,0.216
391,22,0.205
391,23,0.129
391,24,0.114
391,25,0.232
391,26,0.535
391,27,2.059
391,28,0.173
391,29,0.171
391,30,0.166
391,31,0.063
391,32,0.063
391,33,0.16
391,34,0.303
391,35,0.84
391,36,0.743
391,37,0.81
391,38,0.756
391,39,0.76
391,40,0.748
391,41,0.77
391,42,0.66
391,43,0.662
391,44,0.534
391,45,0.536
391,46,0.541
391,47,0.609
391,48,0.502
392,1,0.176
392,2,0.226
392,3,0.19
392,4,0.142
392,5,0.078
392,6,0.155
392,7,0.194
392,8,0.176
392,9,0.078
392,10,0.119
392,11,0.2
392,12,0.194
392,13,0.078
392,14,0.096
392,15,0.195
392,16,0.193
392,17,0.276
392,18,0.27
392,19,0.494
392,20,0.173
392,21,0.156
392,22,0.063
392,23,0.105
392,24,0.231
392,25,0.291
392,26,0.185
392,27,0.219
392,28,0.566
392,29,0.383
392,30,0.215
392,31,0.187
392,32,0.293
392,33,0.299
392,34,0.207
392,35,0.193
392,36,0.68
392,37,2.377
392,38,0.764
392,39,0.671
392,40,0.716
392,41,1.066
392,42,0.811
392,43,1.049
392,44,1.874
392,45,1.614
392,46,0.85
392,47,2.09
392,48,0.843
393,1,0.275
393,2,0.244
393,3,0.242
393,4,0.114
393,5,0.13
393,6,0.193
393,7,0.187
393,8,0.089
393,9,0.125
393,10,0.194
393,11,0.19
393,12,0.085
393,13,0.127
393,14,0.191
393,15,0.157
393,16,0.085
393,17,0.346
393,18,0.365
393,19,0.648
393,20,0.171
393,21,0.084
393,22,0.085
393,23,0.18
393,24,0.17
393,25,0.087
393,26,1.107
393,27,1.201
393,28,0.26
393,29,0.444
393,30,0.362
393,31,0.447
393,32,0.521
393,33,0.501
393,34,1.24
393,35,0.73
393,36,1.14
393,37,2.557
393,38,1.928
393,39,1.205
393,40,0.972
393,41,0.769
393,42,0.694
393,43,0.692
393,44,0.565
393,45,0.553
393,46,0.461
393,47,0.52
393,48,0.579
394,1,0.575
394,2,0.537
394,3,0.312
394,4,0.286
394,5,0.256
394,6,0.242
394,7,0.145
394,8,0.205
394,9,0.259
394,10,0.235
394,11,0.145
394,12,0.209
394,13,0.237
394,14,0.174
394,15,0.103
394,16,0.187
394,17,0.413
394,18,0.322
394,19,0.24
394,20,0.303
394,21,0.2
394,22,0.177
394,23,0.09
394,24,0.195
394,25,0.327
394,26,0.841
394,27,0.342
394,28,0.318
394,29,0.347
394,30,0.339
394,31,0.238
394,32,0.285
394,33,0.765
394,34,0.742
394,35,1.348
394,36,1.962
394,37,2.081
394,38,2.661
394,39,1.646
394,40,1.018
394,41,0.895
394,42,1.003
394,43,1.0
394,44,0.861
394,45,0.848
394,46,0.747
394,47,0.808
394,48,1.106
395,1,0.865
395,2,0.407
395,3,0.186
395,4,0.261
395,5,0.285
395,6,0.232
395,7,0.173
395,8,0.28
395,9,0.288
395,10,0.202
395,11,0.178
395,12,0.292
395,13,0.271
395,14,0.172
395,15,0.209
395,16,0.296
395,17,0.433
395,18,0.32
395,19,0.386
395,20,0.556
395,21,0.217
395,22,0.438
395,23,2.523
395,24,0.631
395,25,0.56
395,26,0.388
395,27,0.581
395,28,0.727
395,29,0.394
395,30,0.239
395,31,0.302
395,32,0.723
395,33,0.594
395,34,0.247
395,35,0.288
395,36,0.635
395,37,0.813
395,38,0.702
395,39,0.751
395,40,1.143
395,41,1.016
395,42,0.837
395,43,0.804
395,44,0.571
395,45,0.602
395,46,0.703
395,47,0.805
395,48,0.773
396,1,0.686
396,2,0.72
396,3,0.807
396,4,0.797
396,5,0.792
396,6,0.467
396,7,0.217
396,8,0.166
396,9,0.103
396,10,0.186
396,11,0.216
396,12,0.21
396,13,0.104
396,14,0.137
396,15,0.217
396,16,0.216
396,17,0.298
396,18,0.286
396,19,0.31
396,20,0.418
396,21,0.391
396,22,0.109
396,23,0.058
396,24,0.156
396,25,0.168
396,26,0.114
396,27,0.262
396,28,1.103
396,29,1.325
396,30,0.382
396,31,0.116
396,32,1.862
396,33,0.171
396,34,0.087
396,35,0.058
396,36,0.182
396,37,0.821
396,38,0.672
396,39,1.064
396,40,0.706
396,41,0.733
396,42,0.85
396,43,0.844
396,44,0.692
396,45,0.652
396,46,0.746
396,47,0.892
396,48,0.565
397,1,0.473
397,2,0.562
397,3,0.268
397,4,0.236
397,5,0.134
397,6,0.159
397,7,0.246
397,8,0.227
397,9,0.13
397,10,0.169
397,11,0.245
397,12,0.208
397,13,0.131
397,14,0.213
397,15,0.277
397,16,0.191
397,17,0.332
397,18,0.364
397,19,0.525
397,20,0.307
397,21,0.118
397,22,0.128
397,23,0.234
397,24,0.222
397,25,0.126
397,26,0.115
397,27,0.231
397,28,0.364
397,29,0.462
397,30,0.132
397,31,0.199
397,32,0.384
397,33,0.846
397,34,0.932
397,35,0.801
397,36,0.783
397,37,0.99
397,38,2.308
397,39,2.788
397,40,0.972
397,41,0.591
397,42,0.593
397,43,0.589
397,44,0.593
397,45,0.848
397,46,0.737
397,47,0.741
397,48,0.654
398,1,0.597
398,2,0.557
398,3,0.396
398,4,0.323
398,5,0.284
398,6,0.385
398,7,0.395
398,8,0.302
398,9,0.289
398,10,0.405
398,11,0.386
398,12,0.284
398,13,0.314
398,14,0.398
398,15,0.374
398,16,0.288
398,17,0.528
398,18,0.634
398,19,0.251
398,20,0.34
398,21,0.303
398,22,0.331
398,23,0.308
398,24,0.208
398,25,0.204
398,26,0.322
398,27,0.308
398,28,0.203
398,29,0.218
398,30,0.322
398,31,0.293
398,32,0.203
398,33,0.227
398,34,0.317
398,35,0.268
398,36,0.216
398,37,1.097
398,38,0.594
398,39,0.775
398,40,0.616
398,41,0.616
398,42,0.738
398,43,0.702
398,44,0.562
398,45,0.531
398,46,0.468
398,47,0.525
398,48,0.57
399,1,0.508
399,2,0.421
399,3,0.347
399,4,0.38
399,5,0.407
399,6,0.4
399,7,0.31
399,8,0.302
399,9,0.414
399,10,0.404
399,11,0.33
399,12,0.296
399,13,0.39
399,14,0.4
399,15,0.342
399,16,0.301
399,17,0.572
399,18,0.601
399,19,0.895
399,20,0.623
399,21,0.177
399,22,0.182
399,23,0.289
399,24,0.278
399,25,0.221
399,26,0.171
399,27,0.239
399,28,0.281
399,29,0.253
399,30,0.171
399,31,0.197
399,32,0.287
399,33,0.446
399,34,0.17
399,35,0.169
399,36,0.277
399,37,0.728
399,38,0.656
399,39,0.696
399,40,0.938
399,41,0.744
399,42,0.775
399,43,0.741
399,44,0.568
399,45,0.674
399,46,0.671
399,47,0.667
399,48,0.805
400,1,1.432
400,2,1.425
400,3,0.388
400,4,1.054
400,5,1.024
400,6,0.291
400,7,0.328
400,8,0.31
400,9,0.216
400,10,0.25
400,11,0.332
400,12,0.326
400,13,0.218
400,14,0.221
400,15,0.332
400,16,0.345
400,17,0.489
400,18,0.46
400,19,0.586
400,20,0.382
400,21,0.256
400,22,0.207
400,23,0.28
400,24,0.317
400,25,0.288
400,26,0.208
400,27,0.241
400,28,0.323
400,29,0.313
400,30,0.213
400,31,0.208
400,32,0.32
400,33,0.314
400,34,0.488
400,35,0.427
400,36,1.401
400,37,1.7
400,38,0.816
400,39,0.955
400,40,0.838
400,41,0.817
400,42,0.924
400,43,0.912
400,44,0.773
400,45,0.763
400,46,0.849
400,47,0.646
400,48,0.854
401,1,0.421
401,2,0.411
401,3,0.256
401,4,0.118
401,5,0.168
401,6,0.215
401,7,0.208
401,8,0.14
401,9,0.102
401,10,0.196
401,11,0.212
401,12,0.179
401,13,0.096
401,14,0.137
401,15,0.21
401,16,0.208
401,17,0.29
401,18,0.268
401,19,0.591
401,20,0.223
401,21,0.185
401,22,0.108
401,23,0.081
401,24,0.189
401,25,0.189
401,26,0.167
401,27,0.554
401,28,0.151
401,29,0.194
401,30,1.052
401,31,0.767
401,32,0.924
401,33,2.495
401,34,1.149
401,35,0.622
401,36,0.266
401,37,0.202
401,38,0.264
401,39,0.51
401,40,0.438
401,41,0.355
401,42,0.407
401,43,0.448
401,44,0.308
401,45,0.276
401,46,0.204
401,47,0.349
401,48,0.405
402,1,0.291
402,2,0.149
402,3,0.165
402,4,0.241
402,5,0.234
402,6,0.129
402,7,0.164
402,8,0.245
402,9,0.235
402,10,0.129
402,11,0.164
402,12,0.245
402,13,0.213
402,14,0.128
402,15,0.182
402,16,0.287
402,17,0.474
402,18,0.635
402,19,0.215
402,20,0.198
402,21,0.125
402,22,0.09
402,23,0.207
402,24,0.197
402,25,0.11
402,26,0.095
402,27,0.208
402,28,0.197
402,29,0.159
402,30,0.33
402,31,0.536
402,32,0.248
402,33,0.173
402,34,0.243
402,35,0.485
402,36,0.414
402,37,0.429
402,38,0.797
402,39,0.534
402,40,0.528
402,41,0.501
402,42,0.425
402,43,0.495
402,44,0.394
402,45,0.392
402,46,0.465
402,47,0.409
402,48,0.58
403,1,0.329
403,2,0.321
403,3,0.198
403,4,0.156
403,5,0.278
403,6,0.267
403,7,0.194
403,8,0.158
403,9,0.268
403,10,0.266
403,11,0.191
403,12,0.157
403,13,0.262
403,14,0.267
403,15,0.186
403,16,0.163
403,17,0.457
403,18,0.418
403,19,0.319
403,20,0.116
403,21,1.461
403,22,1.411
403,23,0.29
403,24,0.178
403,25,0.506
403,26,1.33
403,27,0.911
403,28,0.86
403,29,0.801
403,30,3.248
403,31,3.009
403,32,1.035
403,33,0.799
403,34,1.893
403,35,1.298
403,36,0.496
403,37,1.467
403,38,1.24
403,39,0.508
403,40,0.62
403,41,0.619
403,42,0.629
403,43,0.623
403,44,0.492
403,45,0.44
403,46,0.392
403,47,0.45
403,48,0.709
404,1,0.432
404,2,0.338
404,3,0.278
404,4,0.196
404,5,0.273
404,6,0.28
404,7,0.253
404,8,0.17
404,9,0.25
404,10,0.284
404,11,0.259
404,12,0.17
404,13,0.227
404,14,0.286
404,15,0.254
404,16,0.179
404,17,0.429
404,18,0.532
404,19,0.705
404,20,0.269
404,21,0.09
404,22,0.135
404,23,0.204
404,24,0.184
404,25,0.09
404,26,0.129
404,27,0.208
404,28,0.586
404,29,0.095
404,30,0.11
404,31,0.204
404,32,0.58
404,33,0.455
404,34,0.652
404,35,0.917
404,36,3.287
404,37,2.081
404,38,1.081
404,39,0.872
404,40,0.823
404,41,0.537
404,42,0.351
404,43,0.572
404,44,0.527
404,45,0.523
404,46,0.733
404,47,0.441
404,48,0.446
405,1,0.604
405,2,0.593
405,3,0.489
405,4,0.438
405,5,0.331
405,6,0.239
405,7,0.142
405,8,0.144
405,9,0.249
405,10,0.224
405,11,0.13
405,12,0.168
405,13,0.246
405,14,0.191
405,15,0.128
405,16,0.198
405,17,0.44
405,18,0.44
405,19,0.553
405,20,0.219
405,21,0.222
405,22,0.149
405,23,0.112
405,24,0.239
405,25,0.461
405,26,0.434
405,27,0.436
405,28,0.287
405,29,0.224
405,30,0.118
405,31,0.134
405,32,0.233
405,33,0.222
405,34,0.114
405,35,0.117
405,36,0.231
405,37,0.208
405,38,0.117
405,39,0.308
405,40,0.69
405,41,0.431
405,42,0.384
405,43,0.314
405,44,0.257
405,45,0.504
405,46,0.431
405,47,0.334
405,48,0.201
406,1,0.225
406,2,0.207
406,3,0.121
406,4,0.097
406,5,0.211
406,6,0.207
406,7,0.119
406,8,0.097
406,9,0.206
406,10,0.207
406,11,0.103
406,12,0.097
406,13,0.217
406,14,0.192
406,15,0.096
406,16,0.114
406,17,0.434
406,18,0.396
406,19,0.561
406,20,0.132
406,21,0.197
406,22,0.17
406,23,0.083
406,24,0.127
406,25,0.416
406,26,0.344
406,27,0.083
406,28,0.132
406,29,0.23
406,30,0.289
406,31,0.363
406,32,1.206
406,33,1.561
406,34,0.179
406,35,0.532
406,36,1.514
406,37,0.202
406,38,1.397
406,39,2.242
406,40,0.438
406,41,0.267
406,42,0.179
406,43,0.314
406,44,0.654
406,45,0.679
406,46,0.572
406,47,0.568
406,48,0.709
407,1,0.447
407,2,0.226
407,3,0.147
407,4,0.247
407,5,0.257
407,6,0.173
407,7,0.147
407,8,0.259
407,9,0.257
407,10,0.152
407,11,0.155
407,12,0.266
407,13,0.236
407,14,0.142
407,15,0.163
407,16,0.272
407,17,0.42
407,18,0.287
407,19,0.546
407,20,0.196
407,21,0.157
407,22,0.082
407,23,0.134
407,24,0.233
407,25,0.145
407,26,0.097
407,27,0.483
407,28,0.337
407,29,0.15
407,30,0.082
407,31,0.124
407,32,0.197
407,33,0.129
407,34,0.082
407,35,0.143
407,36,0.224
407,37,0.398
407,38,0.385
407,39,0.908
407,40,0.637
407,41,0.297
407,42,0.214
407,43,0.253
407,44,0.331
407,45,0.353
407,46,0.342
407,47,0.381
407,48,0.572
408,1,0.208
408,2,0.1
408,3,0.146
408,4,0.216
408,5,0.15
408,6,0.101
408,7,0.164
408,8,0.215
408,9,0.129
408,10,0.101
408,11,0.182
408,12,0.213
408,13,0.113
408,14,0.099
408,15,0.179
408,16,0.218
408,17,0.575
408,18,2.515
408,19,1.36
408,20,0.873
408,21,0.126
408,22,0.202
408,23,1.183
408,24,0.588
408,25,0.145
408,26,0.084
408,27,0.122
408,28,0.199
408,29,0.15
408,30,0.084
408,31,0.115
408,32,0.2
408,33,0.15
408,34,0.084
408,35,0.102
408,36,0.2
408,37,0.156
408,38,0.368
408,39,1.714
408,40,0.992
408,41,0.411
408,42,0.308
408,43,0.208
408,44,0.243
408,45,0.325
408,46,0.296
408,47,0.215
408,48,0.212
409,1,0.329
409,2,0.324
409,3,0.219
409,4,0.214
409,5,0.293
409,6,0.328
409,7,0.248
409,8,0.217
409,9,0.258
409,10,0.334
409,11,0.272
409,12,0.217
409,13,0.224
409,14,0.469
409,15,0.493
409,16,0.306
409,17,0.246
409,18,0.205
409,19,0.179
409,20,0.084
409,21,0.086
409,22,0.204
409,23,0.175
409,24,0.083
409,25,0.083
409,26,0.198
409,27,0.182
409,28,0.084
409,29,0.084
409,30,0.19
409,31,0.438
409,32,0.301
409,33,1.18
409,34,2.358
409,35,1.139
409,36,0.422
409,37,0.415
409,38,0.447
409,39,0.709
409,40,0.535
409,41,0.297
409,42,0.206
409,43,0.236
409,44,0.326
409,45,0.318
409,46,0.22
409,47,0.213
409,48,0.33
410,1,0.323
410,2,0.212
410,3,0.213
410,4,0.331
410,5,0.305
410,6,0.217
410,7,0.232
410,8,0.337
410,9,0.287
410,10,0.218
410,11,0.249
410,12,0.335
410,13,0.334
410,14,0.313
410,15,0.511
410,16,0.549
410,17,0.607
410,18,0.474
410,19,0.45
410,20,0.542
410,21,0.469
410,22,0.321
410,23,0.265
410,24,0.337
410,25,0.374
410,26,0.331
410,27,0.267
410,28,0.312
410,29,0.382
410,30,0.339
410,31,0.269
410,32,0.303
410,33,0.387
410,34,0.841
410,35,0.453
410,36,0.51
410,37,0.93
410,38,0.688
410,39,1.05
410,40,0.555
410,41,0.373
410,42,0.398
410,43,0.394
410,44,0.29
410,45,0.314
410,46,0.409
410,47,0.399
410,48,0.295
411,1,0.196
411,2,0.304
411,3,0.251
411,4,0.179
411,5,0.138
411,6,0.224
411,7,0.25
411,8,0.191
411,9,0.139
411,10,0.209
411,11,0.251
411,12,0.202
411,13,0.138
411,14,0.187
411,15,0.255
411,16,0.216
411,17,0.353
411,18,0.695
411,19,0.235
411,20,0.22
411,21,0.122
411,22,0.133
411,23,0.241
411,24,0.229
411,25,0.138
411,26,0.123
411,27,0.225
411,28,0.232
411,29,0.156
411,30,0.394
411,31,0.237
411,32,0.199
411,33,0.129
411,34,1.878
411,35,2.708
411,36,1.456
411,37,0.502
411,38,0.781
411,39,0.752
411,40,0.609
411,41,0.59
411,42,0.665
411,43,0.65
411,44,1.987
411,45,1.138
411,46,0.596
411,47,0.516
411,48,0.598
412,1,0.617
412,2,0.595
412,3,0.567
412,4,0.407
412,5,0.17
412,6,0.188
412,7,0.246
412,8,0.237
412,9,0.149
412,10,0.13
412,11,0.243
412,12,0.238
412,13,0.159
412,14,0.127
412,15,0.218
412,16,0.247
412,17,0.355
412,18,0.278
412,19,0.781
412,20,0.995
412,21,1.09
412,22,1.028
412,23,0.177
412,24,1.59
412,25,0.676
412,26,0.336
412,27,0.458
412,28,0.41
412,29,0.537
412,30,0.31
412,31,0.234
412,32,0.204
412,33,0.305
412,34,0.31
412,35,0.241
412,36,0.242
412,37,0.309
412,38,0.323
412,39,0.408
412,40,0.378
412,41,0.476
412,42,0.46
412,43,0.366
412,44,0.239
412,45,0.333
412,46,0.324
412,47,0.261
412,48,0.26
413,1,0.372
413,2,0.385
413,3,0.325
413,4,0.274
413,5,0.366
413,6,0.385
413,7,0.306
413,8,0.22
413,9,0.315
413,10,0.329
413,11,0.244
413,12,0.219
413,13,0.321
413,14,0.326
413,15,0.227
413,16,0.226
413,17,0.528
413,18,0.467
413,19,0.49
413,20,0.482
413,21,0.321
413,22,0.311
413,23,0.206
413,24,0.217
413,25,0.325
413,26,0.311
413,27,0.209
413,28,0.209
413,29,0.552
413,30,0.311
413,31,1.124
413,32,1.113
413,33,0.391
413,34,0.479
413,35,0.343
413,36,0.376
413,37,1.048
413,38,1.884
413,39,0.768
413,40,0.754
413,41,0.7
413,42,0.692
413,43,0.822
413,44,0.563
413,45,0.508
413,46,0.439
413,47,0.41
413,48,0.375
414,1,0.316
414,2,0.233
414,3,0.177
414,4,0.271
414,5,0.258
414,6,0.154
414,7,0.179
414,8,0.267
414,9,0.238
414,10,0.15
414,11,0.203
414,12,0.264
414,13,0.206
414,14,0.149
414,15,0.226
414,16,0.267
414,17,0.371
414,18,0.448
414,19,0.72
414,20,0.195
414,21,0.156
414,22,0.086
414,23,0.153
414,24,0.197
414,25,0.145
414,26,0.805
414,27,0.879
414,28,0.845
414,29,0.829
414,30,0.248
414,31,0.298
414,32,0.126
414,33,0.198
414,34,0.19
414,35,0.702
414,36,0.573
414,37,0.624
414,38,2.141
414,39,1.496
414,40,0.706
414,41,0.517
414,42,0.631
414,43,0.71
414,44,1.015
414,45,0.703
414,46,0.907
414,47,0.866
414,48,0.642
415,1,0.428
415,2,0.372
415,3,0.292
415,4,0.333
415,5,0.41
415,6,0.393
415,7,0.361
415,8,0.288
415,9,0.343
415,10,0.386
415,11,0.293
415,12,0.201
415,13,0.165
415,14,0.257
415,15,0.297
415,16,0.748
415,17,1.041
415,18,1.074
415,19,1.531
415,20,1.758
415,21,1.671
415,22,1.438
415,23,1.208
415,24,2.228
415,25,0.599
415,26,0.905
415,27,1.635
415,28,1.485
415,29,1.676
415,30,0.743
415,31,0.51
415,32,0.563
415,33,1.727
415,34,0.95
415,35,2.592
415,36,2.095
415,37,1.999
415,38,1.184
415,39,0.964
415,40,0.653
415,41,0.436
415,42,0.527
415,43,1.808
415,44,1.624
415,45,2.427
415,46,2.051
415,47,2.708
415,48,2.868
