213,1,0.648
213,2,0.644
213,3,0.639
213,4,0.637
213,5,0.644
213,6,0.611
213,7,0.61
213,8,0.609
213,9,0.609
213,10,0.608
213,11,0.616
213,12,0.609
213,13,0.604
213,14,0.608
213,15,0.609
213,16,0.607
213,17,0.603
213,18,0.603
213,19,0.616
213,20,0.654
213,21,0.605
213,22,0.656
213,23,0.658
213,24,0.601
213,25,0.621
213,26,0.643
213,27,0.639
213,28,0.638
213,29,0.636
213,30,0.615
213,31,0.605
213,32,0.604
213,33,0.605
213,34,0.606
213,35,0.636
213,36,0.608
213,37,0.603
213,38,0.603
213,39,0.626
213,40,0.792
213,41,0.913
213,42,0.826
213,43,0.603
213,44,0.576
213,45,0.577
213,46,0.707
213,47,0.774
213,48,0.586
214,1,0.574
214,2,0.578
214,3,0.58
214,4,0.58
214,5,0.569
214,6,0.568
214,7,0.567
214,8,0.568
214,9,0.581
214,10,0.569
214,11,0.568
214,12,0.57
214,13,0.572
214,14,0.569
214,15,0.583
214,16,0.586
214,17,0.573
214,18,0.571
214,19,0.576
214,20,0.577
214,21,0.574
214,22,0.57
214,23,0.571
214,24,0.572
214,25,0.573
214,26,0.573
214,27,0.571
214,28,0.571
214,29,0.571
214,30,0.571
214,31,0.573
214,32,0.581
214,33,0.578
214,34,0.574
214,35,0.576
214,36,0.578
214,37,0.578
214,38,0.58
214,39,0.578
214,40,0.572
214,41,0.572
214,42,0.57
214,43,0.573
214,44,0.582
214,45,0.571
214,46,0.571
214,47,0.577
214,48,0.577
215,1,0.578
215,2,0.577
215,3,0.575
215,4,0.574
215,5,0.571
215,6,0.573
215,7,0.57
215,8,0.569
215,9,0.569
215,10,0.571
215,11,0.573
215,12,0.573
215,13,0.571
215,14,0.571
215,15,0.57
215,16,0.568
215,17,0.567
215,18,0.577
215,19,0.592
215,20,0.57
215,21,0.569
215,22,0.571
215,23,0.576
215,24,0.626
215,25,0.596
215,26,0.572
215,27,0.567
215,28,0.631
215,29,0.568
215,30,0.629
215,31,0.652
215,32,0.598
215,33,0.575
215,34,0.579
215,35,0.579
215,36,0.577
215,37,0.6
215,38,0.619
215,39,0.634
215,40,0.814
215,41,1.199
215,42,1.393
215,43,1.32
215,44,0.733
215,45,0.675
215,46,0.774
215,47,0.686
215,48,0.674
216,1,0.672
216,2,0.672
216,3,0.667
216,4,0.668
216,5,0.671
216,6,0.671
216,7,0.67
216,8,0.669
216,9,0.67
216,10,0.669
216,11,0.67
216,12,0.669
216,13,0.666
216,14,0.665
216,15,0.665
216,16,0.837
216,17,0.967
216,18,1.377
216,19,1.677
216,20,1.642
216,21,1.81
216,22,1.618
216,23,1.743
216,24,1.684
216,25,1.767
216,26,1.772
216,27,2.082
216,28,1.743
216,29,1.75
216,30,1.619
216,31,0.917
216,32,1.06
216,33,0.924
216,34,0.933
216,35,0.956
216,36,1.167
216,37,1.28
216,38,1.171
216,39,0.99
216,40,0.938
216,41,0.85
216,42,0.856
216,43,0.845
216,44,0.858
216,45,1.086
216,46,1.151
216,47,1.069
216,48,0.764
217,1,0.771
217,2,0.773
217,3,0.763
217,4,0.766
217,5,0.765
217,6,0.766
217,7,0.763
217,8,0.762
217,9,0.765
217,10,0.765
217,11,0.757
217,12,0.762
217,13,0.756
217,14,0.762
217,15,0.758
217,16,0.849
217,17,0.891
217,18,0.79
217,19,1.095
217,20,1.441
217,21,1.498
217,22,1.324
217,23,1.272
217,24,1.276
217,25,1.256
217,26,1.254
217,27,1.745
217,28,1.142
217,29,1.127
217,30,1.137
217,31,0.854
217,32,0.74
217,33,0.801
217,34,1.155
217,35,0.8
217,36,0.786
217,37,0.768
217,38,0.772
217,39,0.794
217,40,0.79
217,41,0.957
217,42,1.066
217,43,1.088
217,44,1.36
217,45,1.114
217,46,1.441
217,47,1.958
217,48,0.99
218,1,0.71
218,2,0.635
218,3,0.717
218,4,0.654
218,5,0.664
218,6,0.656
218,7,0.655
218,8,0.629
218,9,0.632
218,10,0.626
218,11,0.631
218,12,0.627
218,13,0.629
218,14,0.626
218,15,0.628
218,16,0.632
218,17,0.954
218,18,0.969
218,19,1.324
218,20,1.445
218,21,1.229
218,22,1.028
218,23,1.474
218,24,1.052
218,25,0.938
218,26,0.989
218,27,0.99
218,28,1.244
218,29,0.912
218,30,0.995
218,31,0.61
218,32,0.606
218,33,0.599
218,34,0.645
218,35,0.923
218,36,0.855
218,37,0.823
218,38,0.828
218,39,0.831
218,40,0.793
218,41,0.844
218,42,0.785
218,43,0.794
218,44,0.788
218,45,0.736
218,46,0.735
218,47,1.3
218,48,0.76
219,1,0.734
219,2,0.728
219,3,0.728
219,4,0.729
219,5,0.722
219,6,0.726
219,7,0.752
219,8,0.772
219,9,0.724
219,10,0.727
219,11,0.725
219,12,0.722
219,13,0.728
219,14,0.722
219,15,0.726
219,16,0.776
219,17,0.819
219,18,0.761
219,19,1.029
219,20,1.182
219,21,1.468
219,22,1.111
219,23,1.256
219,24,1.209
219,25,1.143
219,26,1.587
219,27,1.27
219,28,1.093
219,29,1.285
219,30,1.158
219,31,1.158
219,32,1.021
219,33,0.752
219,34,0.729
219,35,0.736
219,36,0.867
219,37,1.085
219,38,0.905
219,39,0.821
219,40,0.773
219,41,0.901
219,42,0.697
219,43,0.862
219,44,0.704
219,45,0.7
219,46,0.704
219,47,0.697
219,48,0.706
220,1,0.712
220,2,0.705
220,3,0.701
220,4,0.702
220,5,0.694
220,6,0.694
220,7,0.704
220,8,0.696
220,9,0.706
220,10,0.701
220,11,0.7
220,12,0.693
220,13,0.698
220,14,0.695
220,15,0.694
220,16,0.695
220,17,0.696
220,18,0.693
220,19,0.696
220,20,0.689
220,21,0.695
220,22,0.69
220,23,0.703
220,24,0.737
220,25,0.755
220,26,0.73
220,27,0.742
220,28,0.761
220,29,0.792
220,30,0.751
220,31,0.739
220,32,0.745
220,33,0.746
220,34,0.739
220,35,0.709
220,36,0.709
220,37,0.734
220,38,0.791
220,39,0.771
220,40,0.76
220,41,0.788
220,42,0.713
220,43,0.822
220,44,0.796
220,45,0.721
220,46,0.91
220,47,1.21
220,48,0.958
221,1,0.706
221,2,0.698
221,3,0.702
221,4,0.719
221,5,0.725
221,6,0.727
221,7,0.724
221,8,0.725
221,9,0.719
221,10,0.72
221,11,0.746
221,12,0.718
221,13,0.723
221,14,0.72
221,15,0.717
221,16,0.72
221,17,0.722
221,18,0.719
221,19,0.717
221,20,0.728
221,21,0.724
221,22,0.726
221,23,0.715
221,24,0.724
221,25,0.719
221,26,0.76
221,27,0.738
221,28,0.724
221,29,0.722
221,30,0.718
221,31,0.806
221,32,0.767
221,33,0.772
221,34,0.721
221,35,0.719
221,36,0.721
221,37,0.742
221,38,0.743
221,39,0.729
221,40,0.729
221,41,0.72
221,42,0.724
221,43,0.71
221,44,0.739
221,45,0.724
221,46,0.722
221,47,0.734
221,48,0.72
222,1,0.73
222,2,0.726
222,3,0.719
222,4,0.726
222,5,0.721
222,6,0.721
222,7,0.736
222,8,0.726
222,9,0.724
222,10,0.722
222,11,0.729
222,12,0.725
222,13,0.72
222,14,0.723
222,15,0.746
222,16,0.72
222,17,1.055
222,18,0.841
222,19,0.713
222,20,1.006
222,21,1.071
222,22,1.022
222,23,0.992
222,24,1.048
222,25,1.042
222,26,1.054
222,27,1.34
222,28,1.246
222,29,1.19
222,30,1.177
222,31,1.13
222,32,1.294
222,33,1.11
222,34,1.05
222,35,1.047
222,36,1.215
222,37,1.116
222,38,0.751
222,39,0.917
222,40,0.844
222,41,0.911
222,42,0.942
222,43,1.157
222,44,1.197
222,45,1.026
222,46,0.849
222,47,0.836
222,48,0.835
223,1,0.831
223,2,0.839
223,3,0.842
223,4,0.83
223,5,0.828
223,6,0.828
223,7,0.833
223,8,0.831
223,9,0.832
223,10,0.835
223,11,0.833
223,12,0.827
223,13,0.798
223,14,0.827
223,15,0.825
223,16,0.817
223,17,0.883
223,18,0.861
223,19,1.063
223,20,1.119
223,21,1.307
223,22,1.237
223,23,1.122
223,24,1.288
223,25,1.226
223,26,1.258
223,27,1.202
223,28,1.273
223,29,1.152
223,30,1.2
223,31,1.212
223,32,1.163
223,33,1.333
223,34,1.24
223,35,1.138
223,36,1.15
223,37,1.174
223,38,1.222
223,39,1.176
223,40,1.306
223,41,1.594
223,42,1.078
223,43,1.077
223,44,1.266
223,45,1.166
223,46,1.162
223,47,1.144
223,48,1.135
224,1,1.167
224,2,1.105
224,3,0.797
224,4,0.774
224,5,0.774
224,6,0.775
224,7,0.778
224,8,0.772
224,9,0.774
224,10,0.773
224,11,0.775
224,12,0.75
224,13,0.769
224,14,0.769
224,15,0.769
224,16,0.767
224,17,0.777
224,18,1.039
224,19,1.6
224,20,1.474
224,21,1.307
224,22,1.309
224,23,1.183
224,24,1.196
224,25,1.275
224,26,1.143
224,27,1.485
224,28,1.295
224,29,1.287
224,30,1.448
224,31,1.3
224,32,1.208
224,33,1.123
224,34,1.131
224,35,0.91
224,36,0.907
224,37,0.978
224,38,0.996
224,39,1.181
224,40,0.69
224,41,0.685
224,42,0.69
224,43,0.679
224,44,0.714
224,45,0.871
224,46,1.06
224,47,1.069
224,48,0.985
225,1,0.848
225,2,0.889
225,3,0.898
225,4,0.908
225,5,0.91
225,6,0.904
225,7,0.728
225,8,0.715
225,9,0.706
225,10,0.704
225,11,0.705
225,12,0.708
225,13,0.704
225,14,0.705
225,15,0.702
225,16,0.697
225,17,0.735
225,18,0.814
225,19,0.974
225,20,1.201
225,21,1.211
225,22,1.174
225,23,1.272
225,24,1.665
225,25,1.499
225,26,1.447
225,27,1.472
225,28,1.748
225,29,1.523
225,30,1.527
225,31,1.56
225,32,1.409
225,33,1.368
225,34,1.349
225,35,1.415
225,36,1.281
225,37,1.104
225,38,0.865
225,39,0.782
225,40,0.792
225,41,0.767
225,42,0.799
225,43,0.802
225,44,0.843
225,45,0.747
225,46,0.744
225,47,0.747
225,48,0.783
226,1,0.735
226,2,0.738
226,3,0.744
226,4,0.733
226,5,0.735
226,6,0.735
226,7,0.787
226,8,0.755
226,9,0.734
226,10,0.731
226,11,0.73
226,12,0.73
226,13,0.731
226,14,0.729
226,15,0.726
226,16,0.724
226,17,0.73
226,18,1.147
226,19,1.454
226,20,1.435
226,21,1.574
226,22,2.005
226,23,1.694
226,24,1.668
226,25,1.781
226,26,1.628
226,27,1.73
226,28,1.794
226,29,1.414
226,30,1.247
226,31,1.267
226,32,1.088
226,33,1.063
226,34,1.072
226,35,0.937
226,36,0.946
226,37,0.656
226,38,0.652
226,39,0.666
226,40,0.666
226,41,0.671
226,42,0.667
226,43,0.662
226,44,0.669
226,45,0.661
226,46,0.667
226,47,0.67
226,48,0.672
227,1,0.673
227,2,0.666
227,3,0.666
227,4,0.67
227,5,0.67
227,6,0.664
227,7,0.672
227,8,0.665
227,9,0.671
227,10,0.665
227,11,0.666
227,12,0.634
227,13,0.668
227,14,0.669
227,15,0.672
227,16,0.662
227,17,0.665
227,18,0.661
227,19,0.672
227,20,0.825
227,21,0.942
227,22,0.635
227,23,0.638
227,24,0.632
227,25,0.899
227,26,0.919
227,27,0.661
227,28,0.836
227,29,0.927
227,30,0.931
227,31,0.932
227,32,0.937
227,33,1.021
227,34,0.675
227,35,0.73
227,36,0.847
227,37,0.613
227,38,0.606
227,39,0.6
227,40,0.604
227,41,0.613
227,42,0.606
227,43,0.611
227,44,0.601
227,45,0.613
227,46,0.785
227,47,0.62
227,48,0.622
228,1,0.578
228,2,0.61
228,3,0.606
228,4,0.602
228,5,0.606
228,6,0.599
228,7,0.608
228,8,0.603
228,9,0.608
228,10,0.609
228,11,0.613
228,12,0.61
228,13,0.607
228,14,0.606
228,15,0.605
228,16,0.61
228,17,0.604
228,18,0.607
228,19,0.602
228,20,0.609
228,21,0.6
228,22,0.614
228,23,0.623
228,24,0.807
228,25,0.657
228,26,0.601
228,27,0.606
228,28,0.606
228,29,0.605
228,30,0.611
228,31,0.576
228,32,0.605
228,33,0.603
228,34,0.604
228,35,0.6
228,36,0.607
228,37,0.602
228,38,0.608
228,39,0.624
228,40,0.611
228,41,0.605
228,42,0.608
228,43,0.605
228,44,0.619
228,45,0.611
228,46,0.761
228,47,0.978
228,48,0.991
229,1,0.714
229,2,0.61
229,3,0.613
229,4,0.604
229,5,0.607
229,6,0.605
229,7,0.617
229,8,0.608
229,9,0.603
229,10,0.61
229,11,0.606
229,12,0.609
229,13,0.603
229,14,0.601
229,15,0.606
229,16,0.606
229,17,0.608
229,18,0.616
229,19,0.573
229,20,0.603
229,21,0.708
229,22,0.799
229,23,0.63
229,24,0.616
229,25,0.622
229,26,0.63
229,27,0.608
229,28,0.77
229,29,0.667
229,30,0.853
229,31,0.924
229,32,1.108
229,33,0.876
229,34,1.027
229,35,1.114
229,36,1.041
229,37,1.045
229,38,0.707
229,39,0.622
229,40,0.626
229,41,0.593
229,42,0.71
229,43,0.616
229,44,0.649
229,45,0.737
229,46,0.993
229,47,0.804
229,48,0.646
230,1,0.644
230,2,0.636
230,3,0.645
230,4,0.637
230,5,0.634
230,6,0.64
230,7,0.633
230,8,0.642
230,9,0.634
230,10,0.638
230,11,0.635
230,12,0.636
230,13,0.64
230,14,0.645
230,15,0.637
230,16,0.636
230,17,0.633
230,18,0.63
230,19,1.131
230,20,1.527
230,21,1.465
230,22,1.386
230,23,1.421
230,24,1.434
230,25,1.524
230,26,1.38
230,27,1.372
230,28,1.077
230,29,1.242
230,30,1.084
230,31,0.744
230,32,0.804
230,33,0.758
230,34,0.784
230,35,0.723
230,36,0.727
230,37,0.748
230,38,0.735
230,39,0.707
230,40,0.705
230,41,0.703
230,42,0.715
230,43,0.892
230,44,0.767
230,45,0.704
230,46,0.746
230,47,0.924
230,48,0.716
231,1,0.711
231,2,0.71
231,3,0.702
231,4,0.707
231,5,0.702
231,6,0.706
231,7,0.706
231,8,0.705
231,9,0.705
231,10,0.712
231,11,0.703
231,12,0.709
231,13,0.702
231,14,0.699
231,15,0.707
231,16,0.701
231,17,0.85
231,18,0.812
231,19,1.04
231,20,1.037
231,21,1.369
231,22,1.487
231,23,1.503
231,24,1.464
231,25,1.156
231,26,1.446
231,27,0.99
231,28,0.812
231,29,0.749
231,30,1.149
231,31,1.004
231,32,1.079
231,33,1.002
231,34,0.987
231,35,1.011
231,36,1.035
231,37,1.042
231,38,0.978
231,39,0.993
231,40,1.135
231,41,0.976
231,42,1.02
231,43,1.125
231,44,0.867
231,45,1.162
231,46,0.87
231,47,0.811
231,48,0.8
232,1,0.808
232,2,0.802
232,3,0.798
232,4,0.791
232,5,0.798
232,6,0.796
232,7,0.799
232,8,0.796
232,9,0.793
232,10,0.797
232,11,0.793
232,12,0.795
232,13,0.791
232,14,0.797
232,15,0.797
232,16,0.793
232,17,0.826
232,18,1.069
232,19,1.285
232,20,1.426
232,21,1.674
232,22,1.533
232,23,1.371
232,24,1.169
232,25,1.275
232,26,1.152
232,27,1.37
232,28,1.284
232,29,1.28
232,30,1.358
232,31,1.455
232,32,1.479
232,33,1.646
232,34,1.354
232,35,1.407
232,36,1.402
232,37,1.244
232,38,1.084
232,39,1.063
232,40,0.686
232,41,0.622
232,42,0.706
232,43,0.675
232,44,0.624
232,45,0.656
232,46,0.843
232,47,0.988
232,48,0.828
233,1,0.631
233,2,0.628
233,3,0.623
233,4,0.624
233,5,0.626
233,6,0.627
233,7,0.623
233,8,0.63
233,9,0.621
233,10,0.622
233,11,0.621
233,12,0.622
233,13,0.623
233,14,0.621
233,15,0.622
233,16,0.623
233,17,0.622
233,18,0.62
233,19,0.766
233,20,0.776
233,21,1.287
233,22,1.181
233,23,1.108
233,24,1.535
233,25,1.369
233,26,1.181
233,27,1.26
233,28,1.296
233,29,1.372
233,30,1.408
233,31,1.305
233,32,1.259
233,33,1.191
233,34,1.438
233,35,1.323
233,36,1.34
233,37,1.152
233,38,0.908
233,39,0.847
233,40,0.796
233,41,0.901
233,42,0.75
233,43,0.627
233,44,0.629
233,45,0.616
233,46,0.735
233,47,0.672
233,48,0.612
234,1,0.607
234,2,0.618
234,3,0.601
234,4,0.601
234,5,0.602
234,6,0.603
234,7,0.601
234,8,0.602
234,9,0.601
234,10,0.602
234,11,0.602
234,12,0.601
234,13,0.601
234,14,0.599
234,15,0.601
234,16,0.599
234,17,0.597
234,18,0.659
234,19,0.672
234,20,0.747
234,21,0.716
234,22,0.75
234,23,0.822
234,24,0.83
234,25,0.83
234,26,0.833
234,27,0.796
234,28,0.72
234,29,0.902
234,30,0.841
234,31,0.84
234,32,0.837
234,33,0.844
234,34,0.838
234,35,0.846
234,36,0.655
234,37,0.623
234,38,0.594
234,39,0.624
234,40,0.6
234,41,0.597
234,42,0.6
234,43,0.601
234,44,0.61
234,45,0.6
234,46,0.602
234,47,0.606
234,48,0.607
235,1,0.757
235,2,1.128
235,3,0.601
235,4,0.632
235,5,0.599
235,6,0.602
235,7,0.604
235,8,0.604
235,9,0.603
235,10,0.602
235,11,0.603
235,12,0.602
235,13,0.602
235,14,0.602
235,15,0.602
235,16,0.6
235,17,0.599
235,18,0.599
235,19,0.599
235,20,0.598
235,21,0.599
235,22,0.599
235,23,0.602
235,24,0.604
235,25,0.606
235,26,0.601
235,27,0.6
235,28,0.605
235,29,0.638
235,30,0.668
235,31,0.612
235,32,0.596
235,33,0.595
235,34,0.595
235,35,0.606
235,36,0.636
235,37,0.599
235,38,0.599
235,39,0.601
235,40,0.599
235,41,0.6
235,42,0.6
235,43,0.598
235,44,0.6
235,45,0.6
235,46,1.102
235,47,0.778
235,48,0.61
236,1,0.603
236,2,0.603
236,3,0.6
236,4,0.598
236,5,0.607
236,6,0.607
236,7,0.6
236,8,0.599
236,9,0.598
236,10,0.6
236,11,0.599
236,12,0.599
236,13,0.599
236,14,0.598
236,15,0.598
236,16,0.596
236,17,0.597
236,18,0.642
236,19,0.851
236,20,0.926
236,21,1.059
236,22,0.828
236,23,1.002
236,24,1.078
236,25,1.543
236,26,1.75
236,27,1.672
236,28,1.684
236,29,1.328
236,30,0.973
236,31,0.641
236,32,0.695
236,33,0.67
236,34,0.601
236,35,1.149
236,36,0.886
236,37,0.858
236,38,0.779
236,39,0.902
236,40,0.663
236,41,0.664
236,42,0.681
236,43,0.684
236,44,1.458
236,45,1.801
236,46,1.287
236,47,0.687
236,48,0.681
237,1,0.691
237,2,0.686
237,3,0.682
237,4,0.689
237,5,0.678
237,6,0.681
237,7,0.684
237,8,0.681
237,9,0.683
237,10,0.68
237,11,0.679
237,12,0.679
237,13,0.678
237,14,0.678
237,15,0.676
237,16,0.677
237,17,0.675
237,18,0.807
237,19,0.683
237,20,0.963
237,21,0.985
237,22,1.025
237,23,0.982
237,24,1.124
237,25,1.424
237,26,1.225
237,27,1.153
237,28,1.212
237,29,1.199
237,30,1.035
237,31,0.989
237,32,0.784
237,33,0.687
237,34,0.696
237,35,0.712
237,36,0.858
237,37,0.733
237,38,0.884
237,39,0.745
237,40,0.659
237,41,0.66
237,42,0.661
237,43,0.662
237,44,0.691
237,45,0.673
237,46,0.661
237,47,0.673
237,48,0.67
238,1,0.667
238,2,0.669
238,3,0.665
238,4,0.664
238,5,0.664
238,6,0.664
238,7,0.664
238,8,0.663
238,9,0.662
238,10,0.661
238,11,0.663
238,12,0.664
238,13,0.66
238,14,0.663
238,15,0.664
238,16,0.662
238,17,0.748
238,18,0.961
238,19,1.105
238,20,1.313
238,21,1.388
238,22,1.324
238,23,1.31
238,24,1.351
238,25,1.057
238,26,1.123
238,27,1.12
238,28,1.375
238,29,1.352
238,30,1.413
238,31,1.08
238,32,1.137
238,33,1.12
238,34,0.753
238,35,0.69
238,36,0.689
238,37,0.803
238,38,0.782
238,39,0.829
238,40,0.8
238,41,0.741
238,42,0.683
238,43,0.728
238,44,0.694
238,45,0.884
238,46,0.698
238,47,0.712
238,48,0.713
239,1,0.705
239,2,0.698
239,3,0.696
239,4,0.694
239,5,0.694
239,6,0.693
239,7,0.728
239,8,0.7
239,9,0.692
239,10,0.695
239,11,0.695
239,12,0.694
239,13,0.693
239,14,0.693
239,15,0.691
239,16,0.689
239,17,0.851
239,18,0.869
239,19,1.151
239,20,1.069
239,21,1.126
239,22,1.088
239,23,1.679
239,24,1.524
239,25,1.548
239,26,1.348
239,27,1.445
239,28,1.269
239,29,1.004
239,30,1.015
239,31,0.909
239,32,0.718
239,33,0.748
239,34,0.768
239,35,0.757
239,36,0.698
239,37,0.745
239,38,0.709
239,39,0.68
239,40,0.711
239,41,0.876
239,42,0.878
239,43,0.656
239,44,0.991
239,45,1.884
239,46,1.882
239,47,1.638
239,48,0.897
240,1,0.871
240,2,0.883
240,3,0.883
240,4,0.882
240,5,0.885
240,6,0.88
240,7,0.882
240,8,0.882
240,9,0.882
240,10,0.882
240,11,0.882
240,12,0.886
240,13,0.875
240,14,0.877
240,15,0.88
240,16,0.877
240,17,0.869
240,18,0.872
240,19,1.286
240,20,1.344
240,21,1.095
240,22,1.296
240,23,1.225
240,24,1.152
240,25,1.215
240,26,1.022
240,27,1.2
240,28,1.407
240,29,1.171
240,30,1.058
240,31,0.991
240,32,1.07
240,33,0.999
240,34,0.7
240,35,0.662
240,36,0.674
240,37,0.682
240,38,0.646
240,39,0.649
240,40,0.652
240,41,0.648
240,42,0.752
240,43,0.938
240,44,0.648
240,45,0.649
240,46,0.651
240,47,0.653
240,48,0.661
388,1,0.425
388,2,0.393
388,3,0.418
388,4,0.417
388,5,0.389
388,6,0.42
388,7,0.391
388,8,0.421
388,9,0.393
388,10,0.413
388,11,0.406
388,12,0.402
388,13,0.413
388,14,0.393
388,15,0.418
388,16,0.388
388,17,0.428
388,18,0.389
388,19,0.419
388,20,0.388
388,21,0.418
388,22,0.388
388,23,0.415
388,24,0.444
388,25,0.422
388,26,0.392
388,27,0.413
388,28,0.4
388,29,0.4
388,30,0.414
388,31,0.468
388,32,0.624
388,33,0.67
388,34,1.159
388,35,1.644
388,36,1.097
388,37,1.119
388,38,0.867
388,39,0.9
388,40,0.968
388,41,0.529
388,42,0.543
388,43,0.531
388,44,0.528
388,45,0.498
388,46,0.528
388,47,0.529
388,48,0.931
389,1,0.598
389,2,0.422
389,3,0.396
389,4,0.417
389,5,0.388
389,6,0.42
389,7,0.407
389,8,0.409
389,9,0.42
389,10,0.389
389,11,0.422
389,12,0.39
389,13,0.423
389,14,0.389
389,15,0.422
389,16,0.39
389,17,0.421
389,18,0.388
389,19,0.421
389,20,0.391
389,21,0.413
389,22,0.399
389,23,0.406
389,24,0.406
389,25,0.397
389,26,0.417
389,27,0.392
389,28,0.453
389,29,0.432
389,30,0.436
389,31,0.68
389,32,1.04
389,33,0.405
389,34,1.334
389,35,1.165
389,36,1.262
389,37,1.172
389,38,0.67
389,39,0.437
389,40,0.428
389,41,0.404
389,42,0.425
389,43,0.424
389,44,0.394
389,45,0.423
389,46,0.389
389,47,0.423
389,48,0.405
390,1,0.426
390,2,0.398
390,3,0.419
390,4,0.398
390,5,0.414
390,6,0.396
390,7,0.418
390,8,0.389
390,9,0.42
390,10,0.398
390,11,0.42
390,12,0.389
390,13,0.42
390,14,0.387
390,15,0.404
390,16,0.483
390,17,0.516
390,18,1.682
390,19,2.196
390,20,2.422
390,21,3.568
390,22,2.344
390,23,2.341
390,24,2.239
390,25,2.381
390,26,2.191
390,27,2.113
390,28,2.097
390,29,2.397
390,30,2.382
390,31,2.166
390,32,2.115
390,33,2.157
390,34,2.476
390,35,2.147
390,36,1.575
390,37,1.506
390,38,0.484
390,39,0.431
390,40,0.483
390,41,0.759
390,42,0.821
390,43,0.598
390,44,0.544
390,45,0.794
390,46,1.723
390,47,1.851
390,48,1.605
391,1,1.617
391,2,0.851
391,3,0.444
391,4,0.396
391,5,0.426
391,6,0.432
391,7,0.407
391,8,0.433
391,9,0.431
391,10,0.432
391,11,0.424
391,12,0.391
391,13,0.423
391,14,0.393
391,15,0.443
391,16,0.49
391,17,0.798
391,18,1.766
391,19,2.066
391,20,2.232
391,21,2.019
391,22,1.969
391,23,1.919
391,24,2.032
391,25,2.033
391,26,1.906
391,27,1.829
391,28,1.565
391,29,1.825
391,30,1.965
391,31,1.864
391,32,1.981
391,33,1.869
391,34,2.033
391,35,1.829
391,36,0.863
391,37,0.871
391,38,0.881
391,39,0.873
391,40,0.869
391,41,0.842
391,42,0.878
391,43,1.353
391,44,1.756
391,45,1.748
391,46,1.737
391,47,1.694
391,48,1.378
392,1,1.208
392,2,1.142
392,3,1.105
392,4,0.563
392,5,0.52
392,6,0.514
392,7,0.483
392,8,0.49
392,9,0.482
392,10,0.449
392,11,0.481
392,12,0.481
392,13,0.45
392,14,0.479
392,15,0.483
392,16,0.456
392,17,0.752
392,18,1.376
392,19,1.109
392,20,1.549
392,21,1.41
392,22,1.661
392,23,1.932
392,24,1.689
392,25,1.818
392,26,1.516
392,27,1.236
392,28,1.668
392,29,1.598
392,30,1.558
392,31,1.484
392,32,1.531
392,33,1.573
392,34,1.069
392,35,1.25
392,36,0.917
392,37,0.508
392,38,0.505
392,39,0.486
392,40,0.506
392,41,0.633
392,42,0.813
392,43,0.55
392,44,0.45
392,45,0.448
392,46,0.44
392,47,0.433
392,48,0.454
393,1,0.44
393,2,0.438
393,3,0.454
393,4,0.428
393,5,0.436
393,6,0.447
393,7,0.423
393,8,0.445
393,9,0.452
393,10,0.419
393,11,0.451
393,12,0.442
393,13,0.434
393,14,0.527
393,15,0.415
393,16,0.458
393,17,0.458
393,18,1.165
393,19,1.004
393,20,0.91
393,21,1.077
393,22,0.922
393,23,0.868
393,24,0.863
393,25,0.952
393,26,1.097
393,27,0.99
393,28,0.995
393,29,1.067
393,30,1.063
393,31,0.638
393,32,0.616
393,33,0.593
393,34,0.602
393,35,0.649
393,36,0.577
393,37,0.585
393,38,0.584
393,39,0.88
393,40,0.742
393,41,0.643
393,42,0.57
393,43,0.743
393,44,0.969
393,45,0.75
393,46,0.58
393,47,0.565
393,48,0.587
394,1,0.585
394,2,0.56
394,3,0.591
394,4,0.564
394,5,0.564
394,6,0.58
394,7,0.554
394,8,0.583
394,9,0.584
394,10,0.549
394,11,0.578
394,12,0.559
394,13,0.562
394,14,0.575
394,15,0.541
394,16,0.646
394,17,0.662
394,18,0.774
394,19,1.084
394,20,1.245
394,21,1.064
394,22,0.993
394,23,1.202
394,24,1.009
394,25,1.06
394,26,1.66
394,27,1.718
394,28,1.744
394,29,1.509
394,30,1.504
394,31,1.457
394,32,1.662
394,33,1.588
394,34,1.473
394,35,1.462
394,36,1.457
394,37,1.207
394,38,0.983
394,39,0.731
394,40,0.618
394,41,0.623
394,42,0.585
394,43,0.622
394,44,0.651
394,45,0.588
394,46,0.633
394,47,0.616
394,48,0.624
395,1,0.614
395,2,0.635
395,3,0.63
395,4,0.642
395,5,0.626
395,6,0.596
395,7,0.62
395,8,0.598
395,9,0.616
395,10,0.644
395,11,0.595
395,12,0.624
395,13,0.607
395,14,0.632
395,15,0.622
395,16,0.668
395,17,0.717
395,18,0.783
395,19,0.681
395,20,0.689
395,21,0.702
395,22,0.659
395,23,0.62
395,24,0.585
395,25,0.619
395,26,0.618
395,27,0.611
395,28,0.662
395,29,0.648
395,30,1.147
395,31,0.834
395,32,0.622
395,33,0.605
395,34,0.648
395,35,0.588
395,36,0.614
395,37,0.613
395,38,0.593
395,39,0.628
395,40,0.595
395,41,0.623
395,42,0.591
395,43,1.123
395,44,1.662
395,45,1.417
395,46,1.362
395,47,1.388
395,48,1.395
396,1,1.167
396,2,0.697
396,3,0.718
396,4,0.717
396,5,0.686
396,6,0.722
396,7,0.719
396,8,0.686
396,9,0.719
396,10,0.684
396,11,0.694
396,12,0.676
396,13,0.669
396,14,0.686
396,15,0.649
396,16,0.683
396,17,0.65
396,18,0.683
396,19,0.667
396,20,0.663
396,21,0.683
396,22,0.656
396,23,0.683
396,24,0.653
396,25,0.683
396,26,0.652
396,27,0.686
396,28,0.667
396,29,0.681
396,30,0.679
396,31,0.745
396,32,0.894
396,33,0.969
396,34,0.926
396,35,0.846
396,36,1.178
396,37,1.049
396,38,0.665
396,39,0.492
396,40,0.665
396,41,0.89
396,42,0.753
396,43,0.547
396,44,0.523
396,45,0.51
396,46,1.038
396,47,0.523
396,48,0.536
397,1,0.501
397,2,0.533
397,3,0.506
397,4,0.522
397,5,0.513
397,6,0.513
397,7,0.528
397,8,0.494
397,9,0.528
397,10,0.492
397,11,0.524
397,12,0.492
397,13,0.525
397,14,0.496
397,15,0.529
397,16,0.499
397,17,0.531
397,18,1.203
397,19,1.425
397,20,1.631
397,21,1.821
397,22,1.706
397,23,1.761
397,24,1.81
397,25,1.841
397,26,1.706
397,27,1.418
397,28,1.378
397,29,1.57
397,30,1.753
397,31,1.592
397,32,1.733
397,33,1.64
397,34,1.605
397,35,1.537
397,36,1.522
397,37,1.104
397,38,1.024
397,39,0.585
397,40,0.544
397,41,0.514
397,42,0.509
397,43,0.502
397,44,0.927
397,45,1.021
397,46,1.002
397,47,1.491
397,48,1.186
398,1,0.591
398,2,0.512
398,3,0.464
398,4,0.471
398,5,0.483
398,6,0.484
398,7,0.483
398,8,0.466
398,9,0.445
398,10,0.448
398,11,0.447
398,12,0.45
398,13,0.448
398,14,0.449
398,15,0.417
398,16,0.52
398,17,0.534
398,18,1.72
398,19,2.483
398,20,2.258
398,21,1.802
398,22,1.63
398,23,1.821
398,24,2.081
398,25,2.496
398,26,2.319
398,27,2.165
398,28,2.233
398,29,2.36
398,30,2.266
398,31,2.211
398,32,2.237
398,33,1.891
398,34,1.495
398,35,1.535
398,36,1.487
398,37,1.408
398,38,0.892
398,39,0.714
398,40,1.235
398,41,1.426
398,42,1.354
398,43,1.364
398,44,1.436
398,45,1.45
398,46,1.44
398,47,1.371
398,48,0.949
399,1,0.685
399,2,0.713
399,3,0.704
399,4,0.677
399,5,0.654
399,6,0.705
399,7,0.679
399,8,0.679
399,9,0.664
399,10,0.696
399,11,0.693
399,12,0.657
399,13,0.687
399,14,0.684
399,15,0.669
399,16,0.769
399,17,0.865
399,18,1.388
399,19,1.712
399,20,1.598
399,21,1.426
399,22,1.418
399,23,1.532
399,24,1.508
399,25,1.566
399,26,1.582
399,27,1.004
399,28,0.928
399,29,0.918
399,30,1.132
399,31,1.048
399,32,1.33
399,33,1.464
399,34,1.412
399,35,1.422
399,36,1.401
399,37,1.318
399,38,1.272
399,39,1.16
399,40,1.156
399,41,1.141
399,42,0.573
399,43,0.457
399,44,1.08
399,45,1.094
399,46,1.128
399,47,0.94
399,48,0.473
400,1,0.43
400,2,0.463
400,3,0.458
400,4,0.422
400,5,0.454
400,6,0.453
400,7,0.424
400,8,0.458
400,9,0.435
400,10,0.45
400,11,0.456
400,12,0.421
400,13,0.455
400,14,0.427
400,15,0.452
400,16,0.453
400,17,0.624
400,18,1.181
400,19,1.402
400,20,1.29
400,21,1.275
400,22,1.591
400,23,1.774
400,24,1.692
400,25,1.578
400,26,1.74
400,27,1.502
400,28,1.334
400,29,1.622
400,30,1.477
400,31,0.988
400,32,1.434
400,33,0.747
400,34,0.689
400,35,0.786
400,36,0.548
400,37,0.496
400,38,0.487
400,39,0.451
400,40,0.487
400,41,1.073
400,42,1.14
400,43,1.127
400,44,1.159
400,45,1.181
400,46,1.038
400,47,0.532
400,48,0.457
401,1,0.541
401,2,0.497
401,3,0.488
401,4,0.448
401,5,0.471
401,6,0.465
401,7,0.419
401,8,0.45
401,9,0.45
401,10,0.418
401,11,0.449
401,12,0.442
401,13,0.426
401,14,0.461
401,15,0.423
401,16,0.53
401,17,0.531
401,18,1.241
401,19,1.23
401,20,1.202
401,21,1.073
401,22,0.974
401,23,0.87
401,24,0.863
401,25,0.919
401,26,1.011
401,27,0.957
401,28,0.878
401,29,0.809
401,30,1.098
401,31,1.306
401,32,1.21
401,33,1.444
401,34,1.332
401,35,1.359
401,36,0.95
401,37,0.503
401,38,0.48
401,39,0.482
401,40,0.451
401,41,1.116
401,42,0.937
401,43,0.547
401,44,0.442
401,45,0.451
401,46,0.452
401,47,0.427
401,48,0.462
402,1,0.428
402,2,0.459
402,3,0.457
402,4,0.426
402,5,0.457
402,6,0.432
402,7,0.451
402,8,0.451
402,9,0.428
402,10,0.451
402,11,0.437
402,12,0.437
402,13,0.558
402,14,0.419
402,15,0.505
402,16,0.422
402,17,0.529
402,18,0.428
402,19,0.453
402,20,0.43
402,21,0.48
402,22,0.498
402,23,0.476
402,24,0.433
402,25,0.444
402,26,0.691
402,27,0.93
402,28,1.458
402,29,0.845
402,30,0.474
402,31,0.823
402,32,0.628
402,33,0.542
402,34,0.606
402,35,0.608
402,36,0.605
402,37,0.678
402,38,0.565
402,39,0.578
402,40,0.546
402,41,0.582
402,42,0.869
402,43,0.915
402,44,0.852
402,45,0.928
402,46,0.903
402,47,0.651
402,48,0.577
403,1,1.243
403,2,0.924
403,3,0.579
403,4,0.508
403,5,0.543
403,6,0.507
403,7,0.539
403,8,0.507
403,9,0.593
403,10,0.548
403,11,0.537
403,12,0.514
403,13,0.599
403,14,0.537
403,15,0.542
403,16,0.538
403,17,0.519
403,18,0.537
403,19,0.507
403,20,0.538
403,21,0.521
403,22,0.557
403,23,0.521
403,24,0.559
403,25,0.508
403,26,0.538
403,27,0.735
403,28,0.989
403,29,0.797
403,30,0.673
403,31,0.664
403,32,0.629
403,33,0.7
403,34,0.618
403,35,0.644
403,36,0.678
403,37,0.688
403,38,0.649
403,39,0.648
403,40,0.614
403,41,0.637
403,42,0.633
403,43,0.965
403,44,0.968
403,45,0.992
403,46,0.986
403,47,0.97
403,48,0.769
404,1,0.526
404,2,0.569
404,3,0.556
404,4,0.518
404,5,0.563
404,6,0.542
404,7,0.537
404,8,0.555
404,9,0.528
404,10,0.556
404,11,0.53
404,12,0.545
404,13,0.549
404,14,0.525
404,15,0.554
404,16,0.613
404,17,0.607
404,18,1.706
404,19,2.231
404,20,2.05
404,21,1.901
404,22,2.038
404,23,1.953
404,24,1.688
404,25,1.481
404,26,1.399
404,27,1.58
404,28,1.23
404,29,1.27
404,30,1.203
404,31,0.651
404,32,0.591
404,33,0.616
404,34,0.849
404,35,0.886
404,36,0.9
404,37,1.085
404,38,0.584
404,39,0.557
404,40,0.942
404,41,1.148
404,42,1.095
404,43,1.136
404,44,1.116
404,45,1.151
404,46,1.132
404,47,0.941
404,48,0.563
405,1,0.516
405,2,0.587
405,3,0.548
405,4,0.541
405,5,0.531
405,6,0.525
405,7,0.543
405,8,0.509
405,9,0.543
405,10,0.509
405,11,0.544
405,12,0.508
405,13,0.546
405,14,0.518
405,15,0.538
405,16,0.626
405,17,0.762
405,18,1.474
405,19,1.367
405,20,1.399
405,21,1.343
405,22,1.281
405,23,1.396
405,24,1.39
405,25,1.331
405,26,1.292
405,27,1.231
405,28,1.3
405,29,1.364
405,30,1.449
405,31,1.328
405,32,1.446
405,33,1.236
405,34,1.292
405,35,1.582
405,36,1.458
405,37,0.903
405,38,0.748
405,39,0.865
405,40,0.622
405,41,0.966
405,42,1.253
405,43,1.812
405,44,1.758
405,45,1.798
405,46,1.424
405,47,1.032
405,48,0.97
406,1,0.584
406,2,0.57
406,3,0.542
406,4,0.571
406,5,0.542
406,6,0.571
406,7,0.585
406,8,0.561
406,9,0.565
406,10,0.531
406,11,0.561
406,12,0.559
406,13,0.54
406,14,0.566
406,15,0.532
406,16,0.636
406,17,0.613
406,18,1.536
406,19,1.84
406,20,1.496
406,21,1.551
406,22,1.519
406,23,1.445
406,24,1.717
406,25,1.626
406,26,1.316
406,27,1.304
406,28,1.357
406,29,1.271
406,30,1.268
406,31,1.368
406,32,1.492
406,33,1.441
406,34,1.355
406,35,1.408
406,36,1.981
406,37,1.94
406,38,1.623
406,39,0.579
406,40,0.589
406,41,1.16
406,42,1.667
406,43,2.048
406,44,1.858
406,45,1.694
406,46,1.645
406,47,1.513
406,48,1.049
407,1,0.498
407,2,0.507
407,3,0.476
407,4,0.507
407,5,0.47
407,6,0.508
407,7,0.472
407,8,0.507
407,9,0.471
407,10,0.504
407,11,0.491
407,12,0.504
407,13,0.469
407,14,0.503
407,15,0.479
407,16,0.569
407,17,0.545
407,18,1.283
407,19,1.727
407,20,2.088
407,21,2.231
407,22,1.301
407,23,1.315
407,24,1.261
407,25,1.385
407,26,1.248
407,27,1.244
407,28,1.213
407,29,1.296
407,30,1.291
407,31,0.745
407,32,0.57
407,33,0.55
407,34,0.58
407,35,0.58
407,36,1.086
407,37,1.0
407,38,0.786
407,39,1.316
407,40,1.38
407,41,1.294
407,42,0.977
407,43,1.3
407,44,1.339
407,45,1.411
407,46,1.344
407,47,0.688
407,48,0.608
408,1,0.558
408,2,0.606
408,3,0.571
408,4,0.557
408,5,0.55
408,6,0.548
408,7,0.562
408,8,0.553
408,9,0.556
408,10,0.522
408,11,0.559
408,12,0.52
408,13,0.57
408,14,0.524
408,15,0.57
408,16,0.525
408,17,0.583
408,18,1.125
408,19,0.756
408,20,0.525
408,21,0.503
408,22,0.834
408,23,0.842
408,24,0.576
408,25,0.922
408,26,1.164
408,27,1.09
408,28,1.267
408,29,1.301
408,30,1.304
408,31,1.179
408,32,1.371
408,33,0.896
408,34,0.494
408,35,0.475
408,36,0.395
408,37,0.391
408,38,0.382
408,39,0.47
408,40,0.349
408,41,0.776
408,42,0.387
408,43,0.379
408,44,0.352
408,45,0.382
408,46,0.366
408,47,0.353
408,48,0.387
409,1,0.351
409,2,0.375
409,3,0.36
409,4,0.354
409,5,0.378
409,6,0.369
409,7,0.379
409,8,0.352
409,9,0.359
409,10,0.374
409,11,0.348
409,12,0.387
409,13,0.367
409,14,0.366
409,15,0.365
409,16,0.348
409,17,0.385
409,18,0.347
409,19,0.365
409,20,0.385
409,21,0.352
409,22,0.432
409,23,0.427
409,24,0.455
409,25,0.451
409,26,0.481
409,27,0.458
409,28,0.771
409,29,0.729
409,30,0.697
409,31,0.563
409,32,0.523
409,33,0.489
409,34,0.704
409,35,1.116
409,36,1.074
409,37,1.16
409,38,1.118
409,39,1.09
409,40,1.091
409,41,0.572
409,42,0.385
409,43,0.411
409,44,0.372
409,45,0.409
409,46,0.372
409,47,0.407
409,48,0.381
410,1,0.4
410,2,0.387
410,3,0.386
410,4,0.398
410,5,0.371
410,6,0.407
410,7,0.47
410,8,0.402
410,9,0.38
410,10,0.38
410,11,0.398
410,12,0.37
410,13,0.405
410,14,0.372
410,15,0.4
410,16,0.402
410,17,0.413
410,18,0.399
410,19,0.372
410,20,0.409
410,21,0.371
410,22,0.403
410,23,0.374
410,24,0.385
410,25,0.396
410,26,0.369
410,27,0.512
410,28,0.692
410,29,0.827
410,30,0.823
410,31,1.118
410,32,0.741
410,33,0.694
410,34,1.12
410,35,1.288
410,36,1.145
410,37,0.645
410,38,0.646
410,39,0.609
410,40,0.647
410,41,0.626
410,42,0.632
410,43,0.632
410,44,0.629
410,45,0.983
410,46,0.812
410,47,0.7
410,48,0.618
411,1,0.644
411,2,0.612
411,3,0.645
411,4,0.614
411,5,0.642
411,6,0.609
411,7,0.64
411,8,0.603
411,9,0.641
411,10,0.606
411,11,0.642
411,12,0.604
411,13,0.642
411,14,0.603
411,15,0.745
411,16,0.67
411,17,1.357
411,18,0.995
411,19,0.844
411,20,1.016
411,21,1.132
411,22,1.254
411,23,1.111
411,24,1.039
411,25,1.053
411,26,1.165
411,27,0.984
411,28,1.027
411,29,1.066
411,30,1.069
411,31,1.189
411,32,0.957
411,33,0.987
411,34,1.225
411,35,1.173
411,36,1.049
411,37,1.026
411,38,1.043
411,39,0.806
411,40,0.909
411,41,1.251
411,42,0.67
411,43,0.996
411,44,1.508
411,45,1.711
411,46,1.917
411,47,1.692
411,48,0.742
412,1,0.638
412,2,0.647
412,3,0.657
412,4,0.652
412,5,0.617
412,6,0.654
412,7,0.63
412,8,0.588
412,9,0.62
412,10,0.6
412,11,0.604
412,12,0.619
412,13,0.583
412,14,0.62
412,15,0.615
412,16,0.585
412,17,0.613
412,18,1.182
412,19,1.692
412,20,1.697
412,21,1.587
412,22,1.442
412,23,1.437
412,24,1.445
412,25,1.454
412,26,1.588
412,27,1.398
412,28,1.408
412,29,1.383
412,30,1.526
412,31,1.392
412,32,1.088
412,33,0.696
412,34,0.664
412,35,0.668
412,36,0.68
412,37,1.225
412,38,1.477
412,39,1.615
412,40,0.805
412,41,0.702
412,42,1.431
412,43,1.568
412,44,1.545
412,45,1.581
412,46,1.508
412,47,1.24
412,48,1.072
413,1,0.563
413,2,0.596
413,3,0.596
413,4,0.588
413,5,0.555
413,6,0.59
413,7,0.587
413,8,0.552
413,9,0.587
413,10,0.577
413,11,0.562
413,12,0.586
413,13,0.554
413,14,0.585
413,15,0.584
413,16,0.553
413,17,0.588
413,18,0.684
413,19,1.043
413,20,1.176
413,21,1.222
413,22,1.08
413,23,1.256
413,24,1.246
413,25,1.133
413,26,1.256
413,27,0.989
413,28,0.952
413,29,0.966
413,30,1.032
413,31,1.002
413,32,0.655
413,33,0.783
413,34,1.045
413,35,1.448
413,36,1.317
413,37,1.104
413,38,0.605
413,39,0.985
413,40,0.775
413,41,1.194
413,42,1.33
413,43,0.842
413,44,0.572
413,45,0.593
413,46,0.561
413,47,0.593
413,48,0.575
414,1,0.582
414,2,0.587
414,3,0.567
414,4,0.602
414,5,0.553
414,6,0.597
414,7,0.552
414,8,0.589
414,9,0.553
414,10,0.59
414,11,0.551
414,12,0.591
414,13,0.553
414,14,0.588
414,15,0.575
414,16,0.636
414,17,0.923
414,18,1.456
414,19,1.66
414,20,2.016
414,21,2.352
414,22,1.95
414,23,1.407
414,24,1.427
414,25,1.386
414,26,1.543
414,27,1.342
414,28,1.337
414,29,1.264
414,30,1.394
414,31,0.88
414,32,1.203
414,33,1.186
414,34,1.211
414,35,1.18
414,36,1.2
414,37,1.199
414,38,1.23
414,39,0.612
414,40,0.53
414,41,0.563
414,42,0.564
414,43,0.529
414,44,0.567
414,45,0.559
414,46,0.532
414,47,0.529
414,48,0.498
415,1,0.534
415,2,0.497
415,3,0.534
415,4,0.501
415,5,0.523
415,6,0.515
415,7,0.508
415,8,0.526
415,9,0.5
415,10,0.53
415,11,0.492
415,12,0.561
415,13,0.531
415,14,0.53
415,15,0.493
415,16,0.599
415,17,1.002
415,18,1.439
415,19,1.464
415,20,1.436
415,21,1.539
415,22,1.342
415,23,1.337
415,24,1.282
415,25,1.437
415,26,1.294
415,27,1.191
415,28,1.724
415,29,1.408
415,30,1.09
415,31,0.978
415,32,0.89
415,33,0.895
415,34,1.508
415,35,1.445
415,36,1.073
415,37,1.013
415,38,1.016
415,39,1.115
415,40,0.802
415,41,0.623
415,42,0.595
415,43,0.546
415,44,0.491
415,45,0.531
415,46,0.493
415,47,0.531
415,48,0.497
