213,1,0.56
213,2,0.535
213,3,0.347
213,4,0.551
213,5,0.266
213,6,0.324
213,7,0.437
213,8,0.384
213,9,0.294
213,10,0.283
213,11,0.267
213,12,0.362
213,13,0.44
213,14,0.465
213,15,0.281
213,16,0.343
213,17,0.389
213,18,1.624
213,19,2.124
213,20,1.141
213,21,0.922
213,22,0.527
213,23,2.592
213,24,0.969
213,25,1.841
213,26,0.218
213,27,1.332
213,28,0.464
213,29,0.549
213,30,0.809
213,31,0.295
213,32,0.235
213,33,0.286
213,34,0.351
213,35,0.415
213,36,0.505
213,37,0.523
213,38,0.925
213,39,2.824
213,40,1.563
213,41,0.672
213,42,0.485
213,43,0.469
213,44,0.852
213,45,0.689
213,46,0.682
213,47,0.619
213,48,0.826
214,1,0.381
214,2,0.278
214,3,0.215
214,4,0.24
214,5,0.27
214,6,0.211
214,7,0.712
214,8,0.293
214,9,0.213
214,10,0.209
214,11,0.248
214,12,0.267
214,13,0.187
214,14,0.186
214,15,0.293
214,16,0.469
214,17,0.312
214,18,0.424
214,19,0.317
214,20,1.933
214,21,1.742
214,22,0.567
214,23,1.419
214,24,2.877
214,25,2.507
214,26,0.795
214,27,0.856
214,28,0.17
214,29,0.246
214,30,0.146
214,31,0.163
214,32,0.657
214,33,0.377
214,34,0.148
214,35,0.154
214,36,0.269
214,37,0.405
214,38,0.501
214,39,0.198
214,40,0.22
214,41,0.157
214,42,0.166
214,43,0.514
214,44,0.292
214,45,0.166
214,46,0.184
214,47,0.593
214,48,0.182
215,1,0.179
215,2,0.363
215,3,0.576
215,4,0.542
215,5,0.23
215,6,0.27
215,7,0.218
215,8,0.529
215,9,0.179
215,10,0.278
215,11,0.563
215,12,0.181
215,13,0.182
215,14,0.223
215,15,0.134
215,16,0.509
215,17,0.35
215,18,0.23
215,19,1.11
215,20,0.165
215,21,0.234
215,22,0.896
215,23,0.2
215,24,1.011
215,25,0.421
215,26,0.169
215,27,1.231
215,28,0.67
215,29,0.142
215,30,0.72
215,31,0.2
215,32,0.205
215,33,0.227
215,34,0.673
215,35,0.398
215,36,0.6
215,37,0.605
215,38,0.652
215,39,1.87
215,40,1.537
215,41,0.799
215,42,0.551
215,43,0.541
215,44,0.742
215,45,0.919
215,46,0.542
215,47,0.546
215,48,0.433
216,1,0.352
216,2,0.299
216,3,0.796
216,4,0.239
216,5,0.253
216,6,0.333
216,7,0.26
216,8,0.232
216,9,0.295
216,10,0.681
216,11,0.237
216,12,0.225
216,13,0.325
216,14,0.235
216,15,0.534
216,16,0.834
216,17,0.755
216,18,0.671
216,19,0.304
216,20,0.83
216,21,3.122
216,22,2.439
216,23,1.674
216,24,3.997
216,25,4.112
216,26,3.995
216,27,1.396
216,28,0.713
216,29,2.313
216,30,1.25
216,31,1.03
216,32,0.348
216,33,0.451
216,34,0.307
216,35,0.313
216,36,0.596
216,37,0.992
216,38,0.714
216,39,0.46
216,40,0.374
216,41,0.657
216,42,1.611
216,43,0.863
216,44,0.46
216,45,0.651
216,46,0.539
216,47,0.323
216,48,0.309
217,1,0.304
217,2,0.231
217,3,0.569
217,4,0.277
217,5,0.15
217,6,0.178
217,7,0.273
217,8,0.335
217,9,0.335
217,10,0.253
217,11,0.201
217,12,0.146
217,13,0.207
217,14,0.469
217,15,0.364
217,16,0.576
217,17,1.617
217,18,0.228
217,19,0.164
217,20,0.215
217,21,0.252
217,22,0.168
217,23,0.169
217,24,0.783
217,25,0.2
217,26,0.168
217,27,0.199
217,28,0.252
217,29,0.172
217,30,0.157
217,31,0.699
217,32,0.264
217,33,0.242
217,34,1.479
217,35,3.299
217,36,2.018
217,37,1.514
217,38,0.347
217,39,0.192
217,40,0.154
217,41,0.635
217,42,0.786
217,43,0.479
217,44,0.541
217,45,0.714
217,46,0.693
217,47,0.488
217,48,0.531
218,1,0.558
218,2,0.579
218,3,1.89
218,4,0.365
218,5,0.229
218,6,0.224
218,7,0.272
218,8,0.297
218,9,0.226
218,10,0.211
218,11,0.324
218,12,0.245
218,13,0.227
218,14,0.308
218,15,0.408
218,16,0.844
218,17,2.451
218,18,1.861
218,19,0.351
218,20,0.359
218,21,0.39
218,22,0.462
218,23,0.15
218,24,0.16
218,25,0.248
218,26,0.191
218,27,0.172
218,28,0.168
218,29,0.278
218,30,0.149
218,31,0.159
218,32,0.294
218,33,0.985
218,34,1.471
218,35,2.368
218,36,1.85
218,37,1.692
218,38,2.095
218,39,3.462
218,40,3.189
218,41,0.522
218,42,0.575
218,43,1.444
218,44,0.809
218,45,0.963
218,46,0.673
218,47,0.557
218,48,0.449
219,1,0.4
219,2,0.642
219,3,0.423
219,4,0.323
219,5,0.305
219,6,0.351
219,7,0.648
219,8,0.484
219,9,0.297
219,10,0.38
219,11,0.349
219,12,0.298
219,13,0.803
219,14,0.425
219,15,0.394
219,16,0.376
219,17,1.064
219,18,2.024
219,19,1.276
219,20,2.963
219,21,3.594
219,22,2.282
219,23,0.751
219,24,1.405
219,25,0.847
219,26,0.271
219,27,0.266
219,28,0.334
219,29,0.334
219,30,0.27
219,31,1.007
219,32,0.368
219,33,0.298
219,34,0.411
219,35,1.869
219,36,1.04
219,37,0.29
219,38,0.414
219,39,0.497
219,40,0.964
219,41,2.945
219,42,2.714
219,43,1.212
219,44,0.604
219,45,0.921
219,46,0.637
219,47,0.467
219,48,0.426
220,1,0.512
220,2,0.954
220,3,0.257
220,4,0.208
220,5,0.291
220,6,0.224
220,7,0.19
220,8,0.247
220,9,0.795
220,10,0.179
220,11,0.206
220,12,0.266
220,13,0.245
220,14,0.179
220,15,0.213
220,16,0.56
220,17,0.989
220,18,2.148
220,19,1.459
220,20,0.95
220,21,3.695
220,22,0.313
220,23,1.6
220,24,0.29
220,25,1.386
220,26,0.53
220,27,0.286
220,28,0.215
220,29,0.547
220,30,0.456
220,31,0.7
220,32,0.216
220,33,0.27
220,34,1.189
220,35,0.238
220,36,0.219
220,37,0.289
220,38,1.429
220,39,0.212
220,40,0.232
220,41,0.329
220,42,0.264
220,43,0.25
220,44,0.265
220,45,0.354
220,46,0.238
220,47,0.241
220,48,0.33
221,1,0.298
221,2,0.756
221,3,0.239
221,4,0.313
221,5,1.067
221,6,0.393
221,7,1.139
221,8,0.397
221,9,0.289
221,10,0.277
221,11,0.383
221,12,0.338
221,13,0.278
221,14,0.303
221,15,0.836
221,16,0.292
221,17,0.284
221,18,0.309
221,19,0.594
221,20,0.508
221,21,1.493
221,22,3.742
221,23,2.48
221,24,1.902
221,25,2.79
221,26,3.128
221,27,3.793
221,28,1.162
221,29,2.682
221,30,2.285
221,31,1.491
221,32,1.571
221,33,0.372
221,34,0.786
221,35,0.238
221,36,0.31
221,37,0.24
221,38,0.421
221,39,1.18
221,40,0.948
221,41,0.344
221,42,0.405
221,43,1.026
221,44,0.535
221,45,0.435
221,46,0.552
221,47,0.616
221,48,0.892
222,1,0.315
222,2,0.298
222,3,0.285
222,4,0.244
222,5,0.22
222,6,0.54
222,7,0.687
222,8,0.865
222,9,0.2
222,10,0.21
222,11,0.329
222,12,0.21
222,13,0.195
222,14,0.243
222,15,0.312
222,16,0.603
222,17,1.111
222,18,0.45
222,19,0.677
222,20,0.624
222,21,0.451
222,22,2.625
222,23,0.934
222,24,0.279
222,25,0.409
222,26,1.526
222,27,1.626
222,28,0.625
222,29,0.403
222,30,0.377
222,31,0.853
222,32,0.231
222,33,1.379
222,34,3.146
222,35,1.672
222,36,1.681
222,37,0.602
222,38,0.505
222,39,0.387
222,40,0.336
222,41,0.383
222,42,0.482
222,43,0.622
222,44,0.329
222,45,0.453
222,46,0.369
222,47,0.519
222,48,0.63
223,1,0.3
223,2,0.257
223,3,0.204
223,4,0.306
223,5,0.627
223,6,0.208
223,7,0.25
223,8,0.252
223,9,0.508
223,10,0.323
223,11,0.314
223,12,0.362
223,13,0.313
223,14,0.247
223,15,0.464
223,16,0.54
223,17,1.026
223,18,1.341
223,19,1.051
223,20,0.527
223,21,0.182
223,22,0.253
223,23,0.721
223,24,0.182
223,25,0.165
223,26,0.265
223,27,0.775
223,28,0.355
223,29,0.191
223,30,0.268
223,31,0.294
223,32,0.385
223,33,0.771
223,34,1.92
223,35,2.917
223,36,0.758
223,37,0.86
223,38,0.768
223,39,0.391
223,40,0.704
223,41,0.311
223,42,0.388
223,43,0.476
223,44,0.65
223,45,0.517
223,46,0.798
223,47,0.387
223,48,0.448
224,1,0.268
224,2,0.31
224,3,0.193
224,4,0.375
224,5,0.61
224,6,0.298
224,7,0.207
224,8,0.203
224,9,0.206
224,10,0.471
224,11,0.434
224,12,0.344
224,13,0.187
224,14,0.302
224,15,0.464
224,16,1.041
224,17,0.725
224,18,0.344
224,19,1.967
224,20,1.285
224,21,1.377
224,22,3.476
224,23,2.804
224,24,2.759
224,25,3.56
224,26,5.047
224,27,2.846
224,28,0.637
224,29,1.957
224,30,1.899
224,31,1.33
224,32,1.269
224,33,0.248
224,34,0.5
224,35,1.402
224,36,0.887
224,37,0.854
224,38,0.53
224,39,1.477
224,40,0.93
224,41,0.941
224,42,0.327
224,43,0.556
224,44,1.052
224,45,1.27
224,46,0.569
224,47,0.543
224,48,0.58
225,1,0.618
225,2,0.25
225,3,0.25
225,4,0.34
225,5,0.535
225,6,0.463
225,7,0.232
225,8,0.343
225,9,0.291
225,10,0.646
225,11,0.233
225,12,0.334
225,13,0.275
225,14,0.686
225,15,0.245
225,16,0.513
225,17,1.39
225,18,0.361
225,19,0.679
225,20,0.623
225,21,1.453
225,22,0.386
225,23,1.047
225,24,0.291
225,25,0.192
225,26,0.203
225,27,0.247
225,28,0.302
225,29,0.432
225,30,0.368
225,31,0.523
225,32,0.291
225,33,0.197
225,34,0.405
225,35,3.058
225,36,2.245
225,37,0.889
225,38,2.329
225,39,1.384
225,40,2.154
225,41,2.45
225,42,1.423
225,43,0.438
225,44,0.399
225,45,0.52
225,46,0.481
225,47,0.928
225,48,0.463
226,1,0.445
226,2,0.306
226,3,0.932
226,4,0.319
226,5,0.42
226,6,0.365
226,7,0.334
226,8,0.334
226,9,1.013
226,10,0.407
226,11,0.32
226,12,0.321
226,13,0.323
226,14,0.443
226,15,0.563
226,16,1.98
226,17,0.554
226,18,0.622
226,19,0.901
226,20,0.311
226,21,1.038
226,22,1.121
226,23,0.336
226,24,0.146
226,25,0.862
226,26,0.148
226,27,0.231
226,28,0.134
226,29,0.127
226,30,0.143
226,31,0.554
226,32,0.507
226,33,0.13
226,34,0.125
226,35,0.219
226,36,0.174
226,37,0.127
226,38,0.603
226,39,1.034
226,40,0.354
226,41,0.8
226,42,0.169
226,43,0.192
226,44,0.26
226,45,0.419
226,46,0.496
226,47,0.173
226,48,0.282
227,1,0.192
227,2,0.162
227,3,0.57
227,4,0.222
227,5,0.198
227,6,0.157
227,7,0.612
227,8,0.203
227,9,0.691
227,10,0.182
227,11,0.144
227,12,1.074
227,13,0.252
227,14,0.162
227,15,0.211
227,16,0.212
227,17,0.312
227,18,0.246
227,19,0.212
227,20,0.214
227,21,0.968
227,22,0.252
227,23,0.209
227,24,0.211
227,25,0.572
227,26,1.423
227,27,1.789
227,28,2.584
227,29,3.896
227,30,1.241
227,31,1.553
227,32,3.051
227,33,1.623
227,34,1.501
227,35,0.313
227,36,0.218
227,37,0.196
227,38,0.984
227,39,0.351
227,40,0.341
227,41,0.566
227,42,0.487
227,43,0.677
227,44,0.546
227,45,0.958
227,46,0.462
227,47,0.392
227,48,0.338
228,1,0.249
228,2,0.478
228,3,0.436
228,4,0.323
228,5,0.196
228,6,0.203
228,7,0.505
228,8,0.266
228,9,0.262
228,10,0.439
228,11,0.291
228,12,0.416
228,13,0.316
228,14,0.381
228,15,0.15
228,16,0.167
228,17,0.331
228,18,0.484
228,19,0.336
228,20,2.442
228,21,1.507
228,22,0.17
228,23,0.714
228,24,0.297
228,25,0.774
228,26,0.269
228,27,0.198
228,28,0.74
228,29,0.289
228,30,0.207
228,31,0.187
228,32,1.531
228,33,1.595
228,34,0.442
228,35,0.611
228,36,0.231
228,37,0.442
228,38,0.269
228,39,0.509
228,40,1.109
228,41,0.41
228,42,0.512
228,43,0.831
228,44,0.981
228,45,0.566
228,46,0.481
228,47,0.359
228,48,0.872
229,1,0.308
229,2,0.237
229,3,0.195
229,4,0.245
229,5,0.246
229,6,0.624
229,7,0.202
229,8,0.293
229,9,0.286
229,10,0.431
229,11,1.315
229,12,0.298
229,13,0.287
229,14,0.236
229,15,0.232
229,16,0.771
229,17,0.981
229,18,0.245
229,19,1.541
229,20,0.697
229,21,0.592
229,22,0.482
229,23,0.611
229,24,2.434
229,25,2.912
229,26,1.736
229,27,2.256
229,28,0.409
229,29,0.743
229,30,1.806
229,31,1.514
229,32,1.874
229,33,1.146
229,34,1.533
229,35,1.321
229,36,0.665
229,37,0.229
229,38,0.276
229,39,0.471
229,40,0.189
229,41,0.299
229,42,0.284
229,43,0.694
229,44,0.728
229,45,0.612
229,46,0.578
229,47,0.475
229,48,0.49
230,1,0.354
230,2,0.237
230,3,0.245
230,4,0.297
230,5,0.964
230,6,0.212
230,7,0.295
230,8,0.244
230,9,0.199
230,10,0.257
230,11,0.295
230,12,0.188
230,13,0.201
230,14,0.316
230,15,0.249
230,16,0.803
230,17,0.547
230,18,0.311
230,19,0.213
230,20,0.208
230,21,1.801
230,22,1.613
230,23,0.913
230,24,2.401
230,25,1.606
230,26,0.497
230,27,0.125
230,28,0.955
230,29,1.447
230,30,0.532
230,31,0.188
230,32,2.882
230,33,3.221
230,34,2.324
230,35,0.769
230,36,0.417
230,37,0.367
230,38,1.114
230,39,0.845
230,40,2.231
230,41,2.006
230,42,0.943
230,43,0.801
230,44,0.581
230,45,0.526
230,46,0.558
230,47,0.598
230,48,0.376
231,1,0.371
231,2,0.413
231,3,0.366
231,4,0.251
231,5,0.243
231,6,0.3
231,7,0.32
231,8,0.238
231,9,0.29
231,10,0.358
231,11,0.349
231,12,0.232
231,13,0.233
231,14,0.3
231,15,0.323
231,16,0.71
231,17,1.001
231,18,0.35
231,19,0.307
231,20,1.517
231,21,1.897
231,22,2.092
231,23,0.358
231,24,0.79
231,25,0.39
231,26,0.253
231,27,0.526
231,28,0.135
231,29,0.164
231,30,0.517
231,31,0.319
231,32,0.142
231,33,0.179
231,34,0.222
231,35,0.432
231,36,0.19
231,37,0.309
231,38,0.387
231,39,0.564
231,40,0.128
231,41,0.351
231,42,0.44
231,43,0.334
231,44,0.788
231,45,0.816
231,46,0.774
231,47,1.088
231,48,0.497
232,1,0.451
232,2,0.41
232,3,0.134
232,4,0.139
232,5,0.245
232,6,0.343
232,7,0.536
232,8,0.129
232,9,0.228
232,10,0.174
232,11,0.141
232,12,0.141
232,13,0.554
232,14,0.167
232,15,1.141
232,16,0.301
232,17,2.147
232,18,0.238
232,19,0.136
232,20,0.338
232,21,0.438
232,22,0.36
232,23,0.127
232,24,0.206
232,25,0.583
232,26,0.136
232,27,0.172
232,28,0.24
232,29,0.423
232,30,0.414
232,31,0.213
232,32,0.229
232,33,0.138
232,34,0.166
232,35,0.701
232,36,0.202
232,37,0.135
232,38,0.212
232,39,0.372
232,40,0.65
232,41,1.446
232,42,1.477
232,43,0.908
232,44,1.663
232,45,0.442
232,46,0.654
232,47,0.437
232,48,0.27
233,1,0.26
233,2,0.318
233,3,0.201
233,4,0.189
233,5,0.258
233,6,0.264
233,7,0.191
233,8,0.193
233,9,0.271
233,10,0.251
233,11,0.192
233,12,0.243
233,13,0.631
233,14,0.181
233,15,0.13
233,16,0.168
233,17,0.575
233,18,0.339
233,19,1.146
233,20,0.549
233,21,1.107
233,22,0.664
233,23,0.208
233,24,2.133
233,25,1.998
233,26,0.975
233,27,0.946
233,28,0.795
233,29,0.629
233,30,0.43
233,31,0.379
233,32,0.38
233,33,2.443
233,34,2.554
233,35,0.62
233,36,1.766
233,37,0.75
233,38,0.16
233,39,0.168
233,40,0.264
233,41,0.166
233,42,0.165
233,43,0.657
233,44,0.477
233,45,0.404
233,46,0.387
233,47,0.558
233,48,0.562
234,1,0.393
234,2,0.277
234,3,0.328
234,4,0.241
234,5,0.194
234,6,0.189
234,7,0.291
234,8,0.219
234,9,0.192
234,10,0.196
234,11,0.3
234,12,0.211
234,13,0.193
234,14,0.203
234,15,0.303
234,16,0.208
234,17,0.191
234,18,2.212
234,19,2.431
234,20,1.826
234,21,0.894
234,22,0.562
234,23,1.284
234,24,1.877
234,25,0.915
234,26,0.908
234,27,0.309
234,28,0.227
234,29,0.841
234,30,2.021
234,31,0.777
234,32,2.941
234,33,3.126
234,34,2.722
234,35,1.473
234,36,0.897
234,37,1.681
234,38,1.054
234,39,1.54
234,40,0.564
234,41,0.8
234,42,0.829
234,43,0.664
234,44,0.634
234,45,0.727
234,46,0.643
234,47,0.674
234,48,0.828
235,1,0.848
235,2,0.77
235,3,0.762
235,4,0.66
235,5,0.595
235,6,0.51
235,7,0.526
235,8,0.608
235,9,0.505
235,10,0.5
235,11,0.523
235,12,0.36
235,13,0.274
235,14,0.278
235,15,0.356
235,16,0.368
235,17,0.355
235,18,0.376
235,19,0.464
235,20,0.422
235,21,0.425
235,22,1.017
235,23,3.531
235,24,2.22
235,25,0.894
235,26,0.692
235,27,0.658
235,28,0.232
235,29,0.301
235,30,0.306
235,31,0.642
235,32,0.285
235,33,0.36
235,34,0.747
235,35,0.276
235,36,0.609
235,37,1.702
235,38,1.194
235,39,0.351
235,40,0.459
235,41,0.695
235,42,0.34
235,43,0.409
235,44,0.405
235,45,0.343
235,46,0.318
235,47,0.399
235,48,0.287
236,1,0.263
236,2,0.521
236,3,0.338
236,4,0.245
236,5,0.246
236,6,0.318
236,7,0.556
236,8,0.249
236,9,0.249
236,10,0.34
236,11,0.567
236,12,0.248
236,13,0.248
236,14,0.349
236,15,0.466
236,16,0.656
236,17,1.005
236,18,0.679
236,19,1.145
236,20,1.14
236,21,0.54
236,22,1.743
236,23,2.027
236,24,3.117
236,25,0.849
236,26,0.663
236,27,0.428
236,28,0.148
236,29,0.223
236,30,0.584
236,31,0.349
236,32,1.965
236,33,1.961
236,34,1.883
236,35,2.631
236,36,1.235
236,37,0.721
236,38,0.733
236,39,0.552
236,40,0.557
236,41,0.497
236,42,0.331
236,43,0.414
236,44,0.321
236,45,0.709
236,46,0.375
236,47,0.399
236,48,0.314
237,1,0.648
237,2,0.41
237,3,0.351
237,4,0.504
237,5,0.672
237,6,0.395
237,7,0.585
237,8,0.253
237,9,0.309
237,10,0.619
237,11,0.451
237,12,0.241
237,13,0.323
237,14,0.704
237,15,0.247
237,16,0.236
237,17,0.314
237,18,0.496
237,19,0.373
237,20,0.645
237,21,0.325
237,22,1.426
237,23,0.835
237,24,0.461
237,25,0.337
237,26,1.6
237,27,0.238
237,28,0.723
237,29,0.296
237,30,0.19
237,31,0.188
237,32,0.367
237,33,3.134
237,34,1.081
237,35,1.16
237,36,1.172
237,37,1.119
237,38,1.464
237,39,1.109
237,40,0.438
237,41,0.404
237,42,0.497
237,43,0.701
237,44,0.52
237,45,0.469
237,46,0.483
237,47,0.375
237,48,0.233
238,1,0.213
238,2,0.273
238,3,0.266
238,4,0.201
238,5,0.195
238,6,0.293
238,7,0.243
238,8,0.202
238,9,0.2
238,10,0.301
238,11,0.206
238,12,0.195
238,13,0.226
238,14,0.285
238,15,0.191
238,16,0.198
238,17,0.875
238,18,0.746
238,19,0.259
238,20,0.569
238,21,1.49
238,22,1.476
238,23,2.145
238,24,0.985
238,25,0.558
238,26,0.278
238,27,0.2
238,28,0.507
238,29,0.607
238,30,0.451
238,31,0.412
238,32,0.525
238,33,0.39
238,34,0.366
238,35,1.344
238,36,2.733
238,37,1.374
238,38,0.994
238,39,0.439
238,40,0.592
238,41,0.343
238,42,0.407
238,43,0.883
238,44,0.717
238,45,0.693
238,46,0.541
238,47,0.637
238,48,0.497
239,1,0.416
239,2,0.467
239,3,0.512
239,4,0.402
239,5,0.366
239,6,0.396
239,7,0.389
239,8,0.325
239,9,0.327
239,10,0.428
239,11,0.36
239,12,0.325
239,13,0.348
239,14,0.44
239,15,0.336
239,16,0.358
239,17,1.183
239,18,0.437
239,19,0.385
239,20,2.25
239,21,3.605
239,22,3.729
239,23,1.428
239,24,3.063
239,25,1.584
239,26,2.514
239,27,2.145
239,28,0.52
239,29,0.644
239,30,0.441
239,31,2.758
239,32,2.827
239,33,0.343
239,34,0.676
239,35,0.7
239,36,0.477
239,37,0.41
239,38,0.382
239,39,0.469
239,40,0.412
239,41,0.373
239,42,0.92
239,43,3.153
239,44,1.894
239,45,0.987
239,46,1.719
239,47,0.855
239,48,0.619
240,1,0.422
240,2,0.479
240,3,0.395
240,4,0.325
240,5,0.33
240,6,0.41
240,7,0.314
240,8,0.287
240,9,0.386
240,10,0.356
240,11,0.289
240,12,0.313
240,13,0.41
240,14,0.296
240,15,0.281
240,16,0.343
240,17,0.405
240,18,0.37
240,19,0.34
240,20,0.385
240,21,1.168
240,22,1.123
240,23,2.845
240,24,1.513
240,25,0.877
240,26,1.038
240,27,0.691
240,28,0.624
240,29,0.173
240,30,0.249
240,31,0.223
240,32,0.173
240,33,0.589
240,34,0.277
240,35,0.173
240,36,0.175
240,37,0.552
240,38,0.265
240,39,0.454
240,40,0.189
240,41,0.283
240,42,0.195
240,43,0.215
240,44,0.555
240,45,0.381
240,46,0.292
240,47,0.313
240,48,0.854
388,1,0.389
388,2,0.352
388,3,0.13
388,4,0.131
388,5,0.184
388,6,0.197
388,7,0.152
388,8,0.096
388,9,0.141
388,10,0.123
388,11,0.115
388,12,0.269
388,13,0.202
388,14,0.151
388,15,0.085
388,16,0.15
388,17,0.106
388,18,0.183
388,19,0.309
388,20,3.683
388,21,1.418
388,22,2.469
388,23,2.719
388,24,3.3
388,25,2.262
388,26,2.691
388,27,2.595
388,28,2.727
388,29,1.47
388,30,0.445
388,31,2.232
388,32,1.705
388,33,1.83
388,34,0.65
388,35,0.673
388,36,1.734
388,37,1.527
388,38,0.845
388,39,0.808
388,40,0.879
388,41,0.748
388,42,0.891
388,43,0.84
388,44,0.54
388,45,0.637
388,46,0.364
388,47,0.431
388,48,0.383
389,1,0.525
389,2,0.346
389,3,0.282
389,4,0.191
389,5,0.265
389,6,0.267
389,7,0.314
389,8,0.196
389,9,0.236
389,10,0.206
389,11,0.222
389,12,0.296
389,13,0.275
389,14,0.232
389,15,0.192
389,16,0.296
389,17,0.675
389,18,2.292
389,19,1.279
389,20,2.298
389,21,0.367
389,22,0.219
389,23,0.223
389,24,0.297
389,25,0.287
389,26,0.222
389,27,0.333
389,28,0.454
389,29,0.372
389,30,0.664
389,31,1.653
389,32,0.288
389,33,0.272
389,34,0.318
389,35,0.72
389,36,0.508
389,37,0.577
389,38,0.889
389,39,0.888
389,40,0.666
389,41,0.622
389,42,0.914
389,43,0.597
389,44,0.258
389,45,0.26
389,46,0.27
389,47,0.247
389,48,0.168
390,1,0.145
390,2,0.173
390,3,0.146
390,4,0.281
390,5,0.11
390,6,0.165
390,7,0.104
390,8,0.157
390,9,0.157
390,10,0.251
390,11,0.116
390,12,0.151
390,13,0.106
390,14,0.156
390,15,0.103
390,16,0.543
390,17,0.795
390,18,0.265
390,19,0.106
390,20,0.2
390,21,0.188
390,22,0.282
390,23,0.139
390,24,0.194
390,25,0.145
390,26,0.191
390,27,1.806
390,28,1.174
390,29,0.373
390,30,0.235
390,31,0.407
390,32,1.126
390,33,2.156
390,34,3.024
390,35,1.886
390,36,2.108
390,37,0.7
390,38,0.631
390,39,0.771
390,40,0.699
390,41,0.661
390,42,1.094
390,43,0.74
390,44,0.375
390,45,0.335
390,46,0.329
390,47,0.328
390,48,0.31
391,1,0.296
391,2,0.157
391,3,0.161
391,4,0.162
391,5,0.16
391,6,0.149
391,7,0.255
391,8,0.211
391,9,0.145
391,10,0.161
391,11,0.161
391,12,0.155
391,13,0.137
391,14,0.201
391,15,0.236
391,16,0.207
391,17,0.498
391,18,0.174
391,19,0.112
391,20,0.132
391,21,0.179
391,22,0.263
391,23,0.244
391,24,0.137
391,25,0.17
391,26,0.154
391,27,0.251
391,28,0.935
391,29,1.98
391,30,1.712
391,31,0.841
391,32,0.475
391,33,1.731
391,34,0.271
391,35,0.594
391,36,0.636
391,37,0.724
391,38,2.211
391,39,1.095
391,40,0.82
391,41,1.071
391,42,1.595
391,43,0.575
391,44,0.408
391,45,0.342
391,46,0.42
391,47,0.424
391,48,0.26
392,1,0.226
392,2,0.233
392,3,0.185
392,4,0.223
392,5,0.235
392,6,0.224
392,7,0.339
392,8,0.245
392,9,0.184
392,10,0.236
392,11,0.207
392,12,0.2
392,13,0.233
392,14,0.264
392,15,0.305
392,16,0.291
392,17,1.302
392,18,0.482
392,19,0.232
392,20,0.282
392,21,0.37
392,22,0.283
392,23,0.281
392,24,0.217
392,25,0.281
392,26,0.238
392,27,0.253
392,28,0.527
392,29,0.551
392,30,1.823
392,31,0.942
392,32,0.635
392,33,1.807
392,34,2.047
392,35,2.875
392,36,3.121
392,37,0.664
392,38,0.572
392,39,0.509
392,40,0.526
392,41,0.506
392,42,0.699
392,43,1.015
392,44,0.633
392,45,0.605
392,46,0.6
392,47,0.556
392,48,0.492
393,1,0.341
393,2,0.159
393,3,0.208
393,4,0.208
393,5,0.174
393,6,0.221
393,7,0.287
393,8,0.225
393,9,0.21
393,10,0.164
393,11,0.201
393,12,0.246
393,13,0.246
393,14,0.351
393,15,0.249
393,16,0.359
393,17,0.659
393,18,0.175
393,19,0.184
393,20,0.245
393,21,0.104
393,22,0.151
393,23,0.113
393,24,0.148
393,25,0.148
393,26,0.202
393,27,0.196
393,28,0.115
393,29,0.217
393,30,1.716
393,31,1.26
393,32,0.594
393,33,0.422
393,34,0.789
393,35,2.076
393,36,1.279
393,37,3.349
393,38,3.862
393,39,2.838
393,40,1.806
393,41,0.768
393,42,0.642
393,43,0.577
393,44,0.661
393,45,0.516
393,46,0.533
393,47,0.489
393,48,0.408
394,1,0.527
394,2,0.429
394,3,0.326
394,4,0.338
394,5,0.31
394,6,0.331
394,7,0.445
394,8,0.298
394,9,0.326
394,10,0.345
394,11,0.288
394,12,0.411
394,13,0.368
394,14,0.349
394,15,0.4
394,16,0.4
394,17,0.964
394,18,0.341
394,19,0.143
394,20,0.16
394,21,0.128
394,22,0.193
394,23,0.199
394,24,0.215
394,25,0.177
394,26,0.147
394,27,0.359
394,28,0.32
394,29,0.487
394,30,1.355
394,31,1.356
394,32,0.22
394,33,0.167
394,34,0.214
394,35,0.235
394,36,0.296
394,37,1.294
394,38,0.702
394,39,0.752
394,40,0.949
394,41,0.893
394,42,1.015
394,43,1.032
394,44,0.49
394,45,0.438
394,46,0.35
394,47,0.352
394,48,0.293
395,1,1.981
395,2,1.454
395,3,0.297
395,4,0.192
395,5,0.224
395,6,0.177
395,7,0.195
395,8,0.277
395,9,0.217
395,10,0.206
395,11,0.185
395,12,0.17
395,13,0.209
395,14,0.221
395,15,0.271
395,16,0.793
395,17,0.468
395,18,0.481
395,19,1.253
395,20,0.877
395,21,0.499
395,22,0.32
395,23,3.097
395,24,1.801
395,25,0.401
395,26,2.356
395,27,3.364
395,28,3.171
395,29,1.261
395,30,0.602
395,31,1.584
395,32,2.896
395,33,1.956
395,34,3.823
395,35,2.749
395,36,2.627
395,37,1.144
395,38,2.34
395,39,1.828
395,40,0.41
395,41,0.284
395,42,0.515
395,43,0.572
395,44,0.378
395,45,0.365
395,46,0.315
395,47,0.295
395,48,0.27
396,1,0.303
396,2,0.201
396,3,0.27
396,4,0.115
396,5,0.12
396,6,0.137
396,7,0.097
396,8,0.156
396,9,0.194
396,10,0.183
396,11,0.1
396,12,0.138
396,13,0.117
396,14,0.12
396,15,0.202
396,16,0.301
396,17,0.243
396,18,0.341
396,19,0.426
396,20,1.116
396,21,2.096
396,22,1.037
396,23,0.806
396,24,0.611
396,25,0.424
396,26,0.152
396,27,0.17
396,28,0.229
396,29,0.209
396,30,0.207
396,31,0.187
396,32,0.26
396,33,0.251
396,34,0.344
396,35,0.342
396,36,0.291
396,37,1.261
396,38,0.397
396,39,0.413
396,40,0.431
396,41,0.475
396,42,0.396
396,43,0.769
396,44,0.381
396,45,0.299
396,46,0.442
396,47,0.341
396,48,0.251
397,1,0.221
397,2,0.215
397,3,0.231
397,4,0.256
397,5,0.288
397,6,0.153
397,7,0.202
397,8,0.147
397,9,0.207
397,10,0.145
397,11,0.319
397,12,0.177
397,13,0.209
397,14,0.14
397,15,0.204
397,16,0.621
397,17,0.627
397,18,0.307
397,19,0.233
397,20,0.207
397,21,0.22
397,22,0.232
397,23,0.199
397,24,0.281
397,25,0.311
397,26,0.281
397,27,0.204
397,28,0.275
397,29,0.172
397,30,0.245
397,31,2.19
397,32,3.758
397,33,2.592
397,34,2.794
397,35,1.236
397,36,2.051
397,37,0.817
397,38,0.641
397,39,0.566
397,40,0.705
397,41,0.952
397,42,0.73
397,43,0.576
397,44,0.351
397,45,0.253
397,46,0.205
397,47,0.168
397,48,0.265
398,1,0.111
398,2,0.119
398,3,0.145
398,4,0.088
398,5,0.183
398,6,0.219
398,7,0.134
398,8,0.144
398,9,0.086
398,10,0.148
398,11,0.108
398,12,0.172
398,13,0.241
398,14,0.094
398,15,0.146
398,16,0.153
398,17,1.392
398,18,0.404
398,19,0.256
398,20,0.282
398,21,0.151
398,22,0.227
398,23,0.166
398,24,0.232
398,25,0.197
398,26,0.268
398,27,0.462
398,28,0.72
398,29,1.496
398,30,0.773
398,31,0.699
398,32,0.504
398,33,0.741
398,34,1.257
398,35,1.212
398,36,1.589
398,37,2.218
398,38,0.933
398,39,2.267
398,40,1.241
398,41,1.103
398,42,1.225
398,43,0.662
398,44,0.544
398,45,0.605
398,46,0.814
398,47,0.575
398,48,0.574
399,1,0.329
399,2,0.208
399,3,0.134
399,4,0.241
399,5,0.221
399,6,0.123
399,7,0.178
399,8,0.116
399,9,0.171
399,10,0.227
399,11,0.208
399,12,0.167
399,13,0.119
399,14,0.174
399,15,0.11
399,16,0.271
399,17,0.574
399,18,0.309
399,19,0.115
399,20,0.118
399,21,0.127
399,22,0.105
399,23,0.224
399,24,0.16
399,25,0.135
399,26,0.096
399,27,0.154
399,28,0.12
399,29,1.29
399,30,3.474
399,31,2.162
399,32,1.416
399,33,1.938
399,34,1.47
399,35,2.51
399,36,1.937
399,37,0.683
399,38,1.682
399,39,1.111
399,40,0.597
399,41,0.656
399,42,0.591
399,43,0.455
399,44,0.355
399,45,0.353
399,46,0.342
399,47,0.363
399,48,0.395
400,1,0.224
400,2,0.215
400,3,0.18
400,4,0.181
400,5,0.207
400,6,0.254
400,7,0.269
400,8,0.152
400,9,0.217
400,10,0.174
400,11,0.195
400,12,0.273
400,13,0.235
400,14,0.206
400,15,0.153
400,16,0.248
400,17,0.489
400,18,0.251
400,19,0.166
400,20,0.144
400,21,0.096
400,22,0.129
400,23,0.106
400,24,0.145
400,25,0.222
400,26,0.123
400,27,0.163
400,28,0.331
400,29,0.596
400,30,0.492
400,31,0.627
400,32,0.409
400,33,0.683
400,34,0.813
400,35,2.633
400,36,1.705
400,37,0.713
400,38,0.629
400,39,0.675
400,40,0.638
400,41,0.727
400,42,0.77
400,43,0.79
400,44,0.446
400,45,0.366
400,46,0.5
400,47,0.542
400,48,0.566
401,1,0.512
401,2,0.153
401,3,0.171
401,4,0.139
401,5,0.144
401,6,0.29
401,7,0.113
401,8,0.148
401,9,0.141
401,10,0.114
401,11,0.231
401,12,0.177
401,13,0.148
401,14,0.134
401,15,0.115
401,16,0.18
401,17,0.506
401,18,0.194
401,19,0.118
401,20,0.159
401,21,0.164
401,22,0.136
401,23,0.28
401,24,0.157
401,25,0.156
401,26,0.149
401,27,0.756
401,28,0.427
401,29,1.365
401,30,0.841
401,31,2.423
401,32,1.834
401,33,0.75
401,34,0.174
401,35,0.213
401,36,0.258
401,37,0.304
401,38,0.337
401,39,0.514
401,40,0.542
401,41,1.543
401,42,1.716
401,43,0.913
401,44,0.786
401,45,1.094
401,46,1.679
401,47,0.637
401,48,0.667
402,1,0.244
402,2,0.257
402,3,0.356
402,4,0.196
402,5,0.232
402,6,0.166
402,7,0.233
402,8,0.223
402,9,0.319
402,10,0.196
402,11,0.204
402,12,0.209
402,13,0.194
402,14,0.27
402,15,0.269
402,16,0.672
402,17,0.202
402,18,0.266
402,19,0.406
402,20,0.942
402,21,1.948
402,22,2.837
402,23,0.871
402,24,1.397
402,25,0.5
402,26,0.165
402,27,1.668
402,28,0.981
402,29,0.184
402,30,0.095
402,31,0.151
402,32,0.116
402,33,1.774
402,34,3.094
402,35,3.018
402,36,2.103
402,37,0.589
402,38,1.527
402,39,0.739
402,40,0.524
402,41,0.485
402,42,0.468
402,43,0.253
402,44,0.189
402,45,0.233
402,46,0.294
402,47,0.209
402,48,0.202
403,1,0.157
403,2,0.152
403,3,0.215
403,4,0.284
403,5,0.444
403,6,0.546
403,7,0.357
403,8,0.216
403,9,0.322
403,10,0.317
403,11,0.197
403,12,0.246
403,13,0.206
403,14,0.176
403,15,0.274
403,16,0.246
403,17,0.192
403,18,0.136
403,19,0.173
403,20,0.16
403,21,0.236
403,22,0.311
403,23,0.823
403,24,2.261
403,25,2.368
403,26,2.333
403,27,1.552
403,28,0.146
403,29,0.136
403,30,0.089
403,31,0.118
403,32,0.117
403,33,0.228
403,34,0.301
403,35,0.188
403,36,0.308
403,37,0.257
403,38,0.764
403,39,0.76
403,40,0.473
403,41,0.391
403,42,0.387
403,43,0.36
403,44,0.35
403,45,0.435
403,46,0.392
403,47,0.29
403,48,0.204
404,1,0.202
404,2,0.123
404,3,0.261
404,4,0.174
404,5,0.178
404,6,0.117
404,7,0.18
404,8,0.116
404,9,0.248
404,10,0.193
404,11,0.197
404,12,0.115
404,13,0.176
404,14,0.122
404,15,0.189
404,16,0.252
404,17,0.803
404,18,0.283
404,19,0.122
404,20,0.13
404,21,0.139
404,22,0.24
404,23,0.104
404,24,0.149
404,25,0.084
404,26,0.161
404,27,0.194
404,28,0.976
404,29,0.608
404,30,0.849
404,31,2.312
404,32,2.919
404,33,4.094
404,34,3.271
404,35,4.215
404,36,3.825
404,37,2.241
404,38,3.44
404,39,1.413
404,40,1.03
404,41,1.318
404,42,0.829
404,43,0.598
404,44,0.561
404,45,0.62
404,46,0.464
404,47,0.493
404,48,0.25
405,1,0.303
405,2,0.291
405,3,0.26
405,4,0.173
405,5,0.254
405,6,0.174
405,7,0.314
405,8,0.245
405,9,0.258
405,10,0.184
405,11,0.235
405,12,0.19
405,13,0.309
405,14,0.253
405,15,0.214
405,16,0.207
405,17,1.152
405,18,1.932
405,19,0.977
405,20,0.108
405,21,0.109
405,22,0.113
405,23,0.102
405,24,0.179
405,25,0.23
405,26,0.157
405,27,0.088
405,28,0.138
405,29,1.091
405,30,0.893
405,31,0.956
405,32,1.782
405,33,0.677
405,34,0.536
405,35,0.766
405,36,1.123
405,37,0.507
405,38,0.435
405,39,0.313
405,40,0.4
405,41,1.599
405,42,1.465
405,43,0.865
405,44,0.537
405,45,0.409
405,46,0.409
405,47,0.435
405,48,0.346
406,1,0.301
406,2,0.264
406,3,0.181
406,4,0.18
406,5,0.184
406,6,0.197
406,7,0.2
406,8,0.274
406,9,0.346
406,10,0.171
406,11,0.196
406,12,0.199
406,13,0.179
406,14,0.162
406,15,0.239
406,16,0.314
406,17,0.681
406,18,1.234
406,19,1.599
406,20,0.259
406,21,1.704
406,22,0.259
406,23,0.294
406,24,0.227
406,25,0.226
406,26,0.167
406,27,0.219
406,28,0.607
406,29,1.018
406,30,1.058
406,31,0.659
406,32,0.962
406,33,3.088
406,34,3.514
406,35,1.454
406,36,0.854
406,37,0.73
406,38,0.694
406,39,0.687
406,40,0.781
406,41,0.885
406,42,2.06
406,43,1.35
406,44,0.883
406,45,0.599
406,46,0.616
406,47,0.488
406,48,0.2
407,1,0.22
407,2,0.263
407,3,0.138
407,4,0.108
407,5,0.132
407,6,0.106
407,7,0.131
407,8,0.197
407,9,0.182
407,10,0.109
407,11,0.121
407,12,0.119
407,13,0.104
407,14,0.133
407,15,0.19
407,16,0.202
407,17,0.877
407,18,0.444
407,19,0.114
407,20,0.155
407,21,0.179
407,22,0.236
407,23,0.215
407,24,0.119
407,25,0.197
407,26,0.117
407,27,0.937
407,28,1.658
407,29,0.639
407,30,1.719
407,31,0.164
407,32,0.142
407,33,0.113
407,34,0.32
407,35,0.504
407,36,0.554
407,37,0.414
407,38,0.42
407,39,0.39
407,40,0.455
407,41,0.803
407,42,0.694
407,43,0.609
407,44,0.405
407,45,0.41
407,46,0.351
407,47,0.397
407,48,0.227
408,1,0.352
408,2,0.195
408,3,0.224
408,4,0.184
408,5,0.209
408,6,0.204
408,7,0.257
408,8,0.305
408,9,0.166
408,10,0.243
408,11,0.166
408,12,0.259
408,13,0.167
408,14,0.295
408,15,0.257
408,16,0.365
408,17,0.44
408,18,0.098
408,19,0.16
408,20,0.078
408,21,0.218
408,22,0.195
408,23,0.11
408,24,0.177
408,25,0.096
408,26,0.163
408,27,0.14
408,28,1.22
408,29,1.775
408,30,1.076
408,31,0.532
408,32,0.75
408,33,0.405
408,34,0.258
408,35,0.313
408,36,1.168
408,37,0.775
408,38,0.624
408,39,0.611
408,40,0.542
408,41,0.681
408,42,0.802
408,43,0.602
408,44,0.536
408,45,0.552
408,46,0.525
408,47,0.499
408,48,0.537
409,1,0.333
409,2,0.4
409,3,0.289
409,4,0.35
409,5,0.143
409,6,0.268
409,7,0.16
409,8,0.107
409,9,0.136
409,10,0.082
409,11,0.166
409,12,0.123
409,13,0.241
409,14,0.102
409,15,0.134
409,16,0.935
409,17,1.593
409,18,2.262
409,19,2.379
409,20,2.336
409,21,2.044
409,22,2.989
409,23,0.754
409,24,0.387
409,25,0.309
409,26,1.645
409,27,3.722
409,28,1.79
409,29,2.064
409,30,2.103
409,31,0.238
409,32,1.676
409,33,1.403
409,34,0.275
409,35,1.71
409,36,0.172
409,37,0.176
409,38,0.251
409,39,0.164
409,40,0.153
409,41,0.143
409,42,0.165
409,43,0.13
409,44,0.269
409,45,0.166
409,46,0.195
409,47,0.118
409,48,0.194
410,1,0.183
410,2,0.212
410,3,0.263
410,4,0.165
410,5,0.15
410,6,0.119
410,7,0.177
410,8,0.108
410,9,0.238
410,10,0.185
410,11,0.147
410,12,0.138
410,13,0.125
410,14,0.172
410,15,0.098
410,16,0.188
410,17,0.226
410,18,0.124
410,19,0.167
410,20,0.096
410,21,1.875
410,22,3.02
410,23,1.642
410,24,0.836
410,25,0.227
410,26,0.194
410,27,0.116
410,28,0.203
410,29,0.126
410,30,0.616
410,31,1.519
410,32,1.792
410,33,0.743
410,34,0.417
410,35,0.499
410,36,0.442
410,37,0.505
410,38,1.602
410,39,0.666
410,40,0.654
410,41,0.685
410,42,0.765
410,43,0.769
410,44,0.662
410,45,0.621
410,46,0.786
410,47,0.512
410,48,0.583
411,1,0.518
411,2,0.22
411,3,0.116
411,4,0.227
411,5,0.137
411,6,0.105
411,7,0.119
411,8,0.093
411,9,0.135
411,10,0.126
411,11,0.243
411,12,0.074
411,13,0.166
411,14,0.073
411,15,0.138
411,16,0.284
411,17,0.391
411,18,0.198
411,19,0.125
411,20,0.147
411,21,0.102
411,22,0.137
411,23,0.084
411,24,0.272
411,25,0.125
411,26,0.167
411,27,0.313
411,28,0.583
411,29,0.289
411,30,0.479
411,31,0.37
411,32,0.246
411,33,1.722
411,34,3.49
411,35,1.946
411,36,0.828
411,37,1.802
411,38,1.901
411,39,0.91
411,40,2.425
411,41,1.033
411,42,0.822
411,43,0.83
411,44,0.852
411,45,0.851
411,46,0.967
411,47,0.82
411,48,0.232
412,1,0.177
412,2,0.178
412,3,0.148
412,4,0.168
412,5,0.218
412,6,0.13
412,7,0.143
412,8,0.143
412,9,0.124
412,10,0.175
412,11,0.207
412,12,0.16
412,13,0.137
412,14,0.111
412,15,0.119
412,16,0.336
412,17,1.36
412,18,0.271
412,19,0.145
412,20,0.171
412,21,0.195
412,22,0.235
412,23,0.13
412,24,0.128
412,25,0.144
412,26,0.096
412,27,0.141
412,28,0.224
412,29,0.127
412,30,1.131
412,31,1.999
412,32,2.225
412,33,1.575
412,34,1.71
412,35,1.715
412,36,1.875
412,37,1.301
412,38,0.541
412,39,1.079
412,40,1.544
412,41,0.709
412,42,0.528
412,43,0.529
412,44,0.511
412,45,0.525
412,46,0.53
412,47,0.306
412,48,0.212
413,1,0.188
413,2,0.243
413,3,0.237
413,4,0.149
413,5,0.174
413,6,0.184
413,7,0.183
413,8,0.256
413,9,0.192
413,10,0.177
413,11,0.137
413,12,0.182
413,13,0.23
413,14,0.217
413,15,0.185
413,16,0.191
413,17,0.249
413,18,1.517
413,19,1.525
413,20,0.508
413,21,1.678
413,22,0.232
413,23,0.248
413,24,0.225
413,25,0.279
413,26,0.267
413,27,0.176
413,28,0.196
413,29,0.215
413,30,0.51
413,31,0.334
413,32,0.239
413,33,0.196
413,34,1.901
413,35,1.186
413,36,0.498
413,37,1.299
413,38,0.636
413,39,0.611
413,40,0.614
413,41,0.513
413,42,0.558
413,43,0.566
413,44,0.541
413,45,0.523
413,46,0.438
413,47,0.286
413,48,0.189
414,1,0.253
414,2,0.095
414,3,0.151
414,4,0.085
414,5,0.152
414,6,0.14
414,7,0.233
414,8,0.083
414,9,0.156
414,10,0.083
414,11,0.164
414,12,0.125
414,13,0.261
414,14,0.093
414,15,0.136
414,16,0.232
414,17,1.267
414,18,0.235
414,19,0.298
414,20,0.28
414,21,2.191
414,22,2.179
414,23,1.656
414,24,0.333
414,25,0.263
414,26,0.311
414,27,2.764
414,28,1.958
414,29,0.897
414,30,0.8
414,31,1.298
414,32,1.641
414,33,2.517
414,34,1.255
414,35,0.507
414,36,0.317
414,37,0.563
414,38,1.007
414,39,0.875
414,40,1.364
414,41,0.62
414,42,0.646
414,43,0.653
414,44,0.778
414,45,0.721
414,46,1.004
414,47,0.85
414,48,0.586
415,1,0.226
415,2,0.333
415,3,0.165
415,4,0.196
415,5,0.141
415,6,0.201
415,7,0.135
415,8,0.294
415,9,0.193
415,10,0.209
415,11,0.134
415,12,0.203
415,13,0.143
415,14,0.218
415,15,0.257
415,16,0.156
415,17,0.163
415,18,0.127
415,19,0.228
415,20,2.175
415,21,1.683
415,22,3.632
415,23,3.222
415,24,0.925
415,25,3.401
415,26,2.703
415,27,1.004
415,28,0.798
415,29,0.246
415,30,0.17
415,31,0.188
415,32,0.129
415,33,0.289
415,34,0.323
415,35,0.265
415,36,0.279
415,37,0.497
415,38,0.537
415,39,0.454
415,40,1.035
415,41,2.532
415,42,1.249
415,43,0.786
415,44,0.406
415,45,0.372
415,46,0.368
415,47,0.324
415,48,0.351
