213,1,0.208
213,2,0.251
213,3,0.073
213,4,0.134
213,5,0.104
213,6,0.097
213,7,0.098
213,8,0.104
213,9,0.141
213,10,0.069
213,11,0.14
213,12,0.042
213,13,0.215
213,14,0.151
213,15,0.103
213,16,0.125
213,17,0.025
213,18,0.0
213,19,0.587
213,20,0.265
213,21,2.445
213,22,0.597
213,23,0.112
213,24,0.142
213,25,0.14
213,26,0.085
213,27,0.236
213,28,2.139
213,29,0.622
213,30,0.103
213,31,0.163
213,32,0.174
213,33,0.195
213,34,0.131
213,35,0.203
213,36,1.302
213,37,0.796
213,38,1.666
213,39,1.37
213,40,0.236
213,41,0.333
213,42,0.286
213,43,0.221
213,44,0.277
213,45,0.341
213,46,0.203
213,47,0.17
213,48,0.045
214,1,0.182
214,2,0.033
214,3,0.193
214,4,0.045
214,5,0.15
214,6,0.09
214,7,0.111
214,8,0.137
214,9,0.072
214,10,0.148
214,11,0.058
214,12,0.137
214,13,0.127
214,14,0.215
214,15,0.053
214,16,0.16
214,17,1.777
214,18,1.674
214,19,0.07
214,20,0.131
214,21,0.382
214,22,0.251
214,23,0.195
214,24,0.265
214,25,0.194
214,26,0.044
214,27,2.524
214,28,2.187
214,29,0.534
214,30,0.167
214,31,0.219
214,32,1.122
214,33,0.391
214,34,1.589
214,35,1.623
214,36,0.172
214,37,0.307
214,38,0.387
214,39,0.322
214,40,0.382
214,41,0.413
214,42,0.274
214,43,0.263
214,44,0.085
214,45,0.185
214,46,0.033
214,47,0.187
214,48,0.045
215,1,0.133
215,2,0.088
215,3,0.16
215,4,0.062
215,5,0.158
215,6,0.045
215,7,0.19
215,8,0.08
215,9,0.126
215,10,0.072
215,11,0.118
215,12,0.127
215,13,0.13
215,14,0.218
215,15,0.084
215,16,0.135
215,17,0.113
215,18,2.973
215,19,0.191
215,20,1.007
215,21,0.637
215,22,0.331
215,23,0.215
215,24,0.319
215,25,0.075
215,26,0.29
215,27,0.289
215,28,0.382
215,29,0.22
215,30,0.304
215,31,0.25
215,32,0.404
215,33,0.353
215,34,0.57
215,35,0.77
215,36,0.783
215,37,0.453
215,38,1.133
215,39,0.648
215,40,1.367
215,41,0.86
215,42,0.309
215,43,0.671
215,44,0.469
215,45,0.504
215,46,0.132
215,47,0.094
215,48,0.143
216,1,0.063
216,2,0.142
216,3,0.073
216,4,0.104
216,5,0.108
216,6,0.067
216,7,0.181
216,8,0.037
216,9,0.141
216,10,0.104
216,11,0.061
216,12,0.175
216,13,0.094
216,14,0.218
216,15,1.188
216,16,0.863
216,17,1.568
216,18,0.303
216,19,0.211
216,20,0.111
216,21,0.159
216,22,0.323
216,23,0.196
216,24,0.327
216,25,0.209
216,26,0.174
216,27,0.287
216,28,0.139
216,29,0.255
216,30,0.39
216,31,0.228
216,32,1.504
216,33,1.368
216,34,1.169
216,35,1.906
216,36,0.753
216,37,0.293
216,38,0.231
216,39,0.318
216,40,0.264
216,41,0.269
216,42,0.268
216,43,0.338
216,44,0.535
216,45,1.796
216,46,0.571
216,47,0.328
216,48,0.181
217,1,0.18
217,2,0.042
217,3,0.203
217,4,0.032
217,5,0.188
217,6,0.056
217,7,0.147
217,8,0.087
217,9,0.137
217,10,0.076
217,11,0.14
217,12,0.051
217,13,0.211
217,14,0.143
217,15,0.761
217,16,0.133
217,17,0.074
217,18,2.468
217,19,0.586
217,20,0.307
217,21,0.146
217,22,0.368
217,23,0.411
217,24,0.232
217,25,0.17
217,26,0.096
217,27,0.159
217,28,0.102
217,29,0.185
217,30,0.104
217,31,0.187
217,32,0.2
217,33,0.262
217,34,0.891
217,35,0.615
217,36,2.051
217,37,0.303
217,38,0.191
217,39,0.164
217,40,0.152
217,41,0.215
217,42,0.368
217,43,0.573
217,44,0.571
217,45,2.016
217,46,0.632
217,47,0.771
217,48,0.95
218,1,0.111
218,2,0.12
218,3,0.12
218,4,0.072
218,5,0.149
218,6,0.047
218,7,0.179
218,8,0.062
218,9,0.125
218,10,0.126
218,11,0.054
218,12,0.169
218,13,0.114
218,14,0.181
218,15,0.253
218,16,1.059
218,17,0.199
218,18,0.366
218,19,1.374
218,20,0.192
218,21,0.184
218,22,0.033
218,23,0.186
218,24,0.053
218,25,0.14
218,26,0.151
218,27,0.201
218,28,1.886
218,29,0.54
218,30,0.29
218,31,0.118
218,32,0.217
218,33,0.383
218,34,0.099
218,35,0.809
218,36,0.335
218,37,1.488
218,38,0.247
218,39,0.116
218,40,0.336
218,41,0.147
218,42,0.226
218,43,0.385
218,44,0.535
218,45,0.254
218,46,0.165
218,47,0.129
218,48,0.094
219,1,0.11
219,2,0.095
219,3,0.135
219,4,0.069
219,5,0.165
219,6,0.049
219,7,0.152
219,8,0.07
219,9,0.131
219,10,0.113
219,11,0.056
219,12,0.173
219,13,0.08
219,14,1.121
219,15,0.08
219,16,0.408
219,17,1.872
219,18,1.732
219,19,0.473
219,20,1.069
219,21,0.4
219,22,0.312
219,23,0.131
219,24,0.146
219,25,0.043
219,26,0.19
219,27,0.03
219,28,0.167
219,29,0.063
219,30,0.12
219,31,0.124
219,32,0.195
219,33,0.142
219,34,0.091
219,35,0.112
219,36,0.087
219,37,0.2
219,38,0.157
219,39,0.22
219,40,0.039
219,41,0.159
219,42,0.068
219,43,0.124
219,44,0.105
219,45,0.058
219,46,0.175
219,47,0.032
219,48,0.18
220,1,0.057
220,2,0.117
220,3,0.117
220,4,0.048
220,5,0.165
220,6,0.032
220,7,0.195
220,8,0.041
220,9,0.12
220,10,0.119
220,11,0.055
220,12,0.175
220,13,0.083
220,14,0.234
220,15,0.093
220,16,0.081
220,17,0.155
220,18,0.031
220,19,0.176
220,20,0.066
220,21,0.093
220,22,0.15
220,23,0.031
220,24,0.18
220,25,0.052
220,26,0.102
220,27,0.135
220,28,0.038
220,29,0.184
220,30,0.044
220,31,0.135
220,32,0.218
220,33,0.082
220,34,0.167
220,35,0.038
220,36,0.156
220,37,0.08
220,38,0.095
220,39,0.133
220,40,0.058
220,41,0.158
220,42,0.058
220,43,0.138
220,44,0.1
220,45,0.087
220,46,0.137
220,47,0.051
220,48,0.163
221,1,0.084
221,2,0.106
221,3,0.12
221,4,0.064
221,5,0.134
221,6,0.07
221,7,0.155
221,8,0.073
221,9,0.119
221,10,0.106
221,11,0.077
221,12,0.15
221,13,0.124
221,14,0.186
221,15,0.085
221,16,0.1
221,17,0.117
221,18,0.075
221,19,0.156
221,20,0.069
221,21,0.115
221,22,0.103
221,23,0.081
221,24,0.153
221,25,0.071
221,26,0.131
221,27,0.078
221,28,0.109
221,29,0.115
221,30,0.077
221,31,0.173
221,32,0.15
221,33,0.161
221,34,0.052
221,35,0.145
221,36,0.096
221,37,0.075
221,38,0.157
221,39,0.035
221,40,0.176
221,41,0.033
221,42,0.165
221,43,0.079
221,44,0.278
221,45,0.586
221,46,0.292
221,47,0.246
221,48,0.078
222,1,0.113
222,2,0.143
222,3,0.049
222,4,0.191
222,5,0.047
222,6,0.156
222,7,0.097
222,8,0.088
222,9,0.126
222,10,0.09
222,11,0.133
222,12,0.067
222,13,0.214
222,14,1.152
222,15,0.166
222,16,0.109
222,17,0.095
222,18,0.133
222,19,0.087
222,20,0.15
222,21,0.08
222,22,0.124
222,23,0.094
222,24,0.104
222,25,0.128
222,26,0.076
222,27,0.16
222,28,0.06
222,29,0.139
222,30,0.087
222,31,0.123
222,32,0.231
222,33,0.088
222,34,0.168
222,35,0.049
222,36,0.147
222,37,0.123
222,38,0.131
222,39,0.197
222,40,0.082
222,41,0.209
222,42,0.088
222,43,2.039
222,44,0.477
222,45,0.146
222,46,0.967
222,47,0.788
222,48,0.299
223,1,0.233
223,2,0.121
223,3,0.145
223,4,0.067
223,5,0.146
223,6,0.081
223,7,0.106
223,8,0.126
223,9,0.078
223,10,0.148
223,11,0.087
223,12,0.093
223,13,0.183
223,14,0.113
223,15,0.962
223,16,0.111
223,17,0.078
223,18,0.21
223,19,0.739
223,20,1.153
223,21,2.483
223,22,0.182
223,23,0.15
223,24,0.371
223,25,0.353
223,26,0.204
223,27,0.314
223,28,1.482
223,29,1.491
223,30,0.379
223,31,0.285
223,32,0.459
223,33,0.404
223,34,0.369
223,35,1.335
223,36,0.322
223,37,0.34
223,38,0.265
223,39,0.19
223,40,0.257
223,41,0.156
223,42,0.244
223,43,0.259
223,44,0.203
223,45,0.331
223,46,0.696
223,47,0.378
223,48,0.13
224,1,0.089
224,2,0.146
224,3,0.063
224,4,0.166
224,5,0.079
224,6,0.122
224,7,0.121
224,8,0.061
224,9,0.189
224,10,0.033
224,11,0.182
224,12,0.069
224,13,0.155
224,14,0.194
224,15,0.996
224,16,0.147
224,17,0.372
224,18,0.349
224,19,3.95
224,20,1.236
224,21,1.231
224,22,1.078
224,23,0.894
224,24,0.683
224,25,0.112
224,26,0.142
224,27,0.122
224,28,0.091
224,29,0.177
224,30,0.044
224,31,0.237
224,32,0.142
224,33,0.719
224,34,1.316
224,35,1.966
224,36,1.025
224,37,0.205
224,38,0.157
224,39,0.389
224,40,0.623
224,41,0.487
224,42,0.102
224,43,0.5
224,44,0.282
224,45,0.304
224,46,1.061
224,47,0.244
224,48,0.273
225,1,0.122
225,2,0.149
225,3,0.102
225,4,0.137
225,5,0.106
225,6,0.118
225,7,0.117
225,8,0.116
225,9,0.143
225,10,0.062
225,11,0.18
225,12,0.044
225,13,0.238
225,14,0.148
225,15,0.156
225,16,0.097
225,17,1.06
225,18,0.2
225,19,0.827
225,20,1.582
225,21,2.182
225,22,0.149
225,23,1.01
225,24,0.19
225,25,0.081
225,26,0.254
225,27,0.033
225,28,0.203
225,29,0.033
225,30,0.173
225,31,0.194
225,32,0.24
225,33,0.194
225,34,0.168
225,35,0.981
225,36,1.583
225,37,0.561
225,38,2.62
225,39,1.236
225,40,0.333
225,41,0.424
225,42,1.219
225,43,1.644
225,44,1.289
225,45,0.823
225,46,1.249
225,47,0.081
225,48,0.159
226,1,0.104
226,2,0.113
226,3,0.149
226,4,0.043
226,5,0.196
226,6,0.056
226,7,0.158
226,8,0.091
226,9,0.11
226,10,0.138
226,11,0.083
226,12,0.149
226,13,0.134
226,14,0.191
226,15,1.248
226,16,0.157
226,17,0.568
226,18,2.12
226,19,0.608
226,20,0.34
226,21,0.299
226,22,0.262
226,23,0.118
226,24,0.151
226,25,0.133
226,26,0.101
226,27,0.18
226,28,0.076
226,29,0.14
226,30,0.144
226,31,0.114
226,32,0.309
226,33,0.537
226,34,1.222
226,35,0.76
226,36,0.512
226,37,0.396
226,38,0.343
226,39,0.99
226,40,0.448
226,41,1.397
226,42,0.322
226,43,0.289
226,44,0.272
226,45,0.192
226,46,0.066
226,47,0.188
226,48,0.053
227,1,0.177
227,2,0.066
227,3,0.155
227,4,0.084
227,5,0.161
227,6,0.06
227,7,0.183
227,8,0.038
227,9,0.204
227,10,0.039
227,11,0.174
227,12,0.048
227,13,0.219
227,14,0.146
227,15,0.127
227,16,0.122
227,17,0.144
227,18,0.164
227,19,0.145
227,20,0.456
227,21,0.198
227,22,0.302
227,23,1.059
227,24,0.482
227,25,2.265
227,26,2.866
227,27,0.693
227,28,1.718
227,29,0.234
227,30,0.453
227,31,0.327
227,32,0.252
227,33,0.245
227,34,1.832
227,35,1.846
227,36,1.135
227,37,0.639
227,38,0.375
227,39,0.264
227,40,0.242
227,41,1.044
227,42,0.27
227,43,1.097
227,44,0.75
227,45,1.308
227,46,1.045
227,47,0.389
227,48,0.288
228,1,0.069
228,2,0.173
228,3,0.107
228,4,0.133
228,5,0.137
228,6,0.099
228,7,0.141
228,8,0.087
228,9,0.171
228,10,0.075
228,11,0.149
228,12,0.064
228,13,0.208
228,14,0.156
228,15,0.108
228,16,0.14
228,17,0.046
228,18,0.209
228,19,0.053
228,20,0.554
228,21,0.246
228,22,0.265
228,23,2.623
228,24,0.484
228,25,0.396
228,26,0.209
228,27,1.345
228,28,0.202
228,29,0.111
228,30,0.13
228,31,0.159
228,32,0.187
228,33,0.208
228,34,0.082
228,35,0.165
228,36,0.08
228,37,0.211
228,38,0.307
228,39,0.362
228,40,0.501
228,41,0.729
228,42,0.342
228,43,0.524
228,44,1.033
228,45,0.603
228,46,0.234
228,47,0.199
228,48,0.112
229,1,0.114
229,2,0.116
229,3,0.106
229,4,0.104
229,5,0.117
229,6,0.101
229,7,0.107
229,8,0.154
229,9,0.035
229,10,0.22
229,11,0.038
229,12,0.15
229,13,0.14
229,14,0.163
229,15,0.963
229,16,0.128
229,17,0.167
229,18,0.236
229,19,0.457
229,20,2.599
229,21,0.469
229,22,0.185
229,23,0.239
229,24,0.118
229,25,0.676
229,26,0.141
229,27,0.398
229,28,0.205
229,29,0.083
229,30,0.157
229,31,0.116
229,32,0.202
229,33,0.19
229,34,0.906
229,35,0.726
229,36,0.674
229,37,0.213
229,38,0.272
229,39,1.466
229,40,0.312
229,41,1.231
229,42,0.284
229,43,0.339
229,44,0.305
229,45,0.287
229,46,0.198
229,47,0.072
229,48,0.198
230,1,0.059
230,2,0.168
230,3,0.096
230,4,0.114
230,5,0.14
230,6,0.089
230,7,0.152
230,8,0.091
230,9,0.123
230,10,0.127
230,11,0.097
230,12,0.13
230,13,0.155
230,14,0.17
230,15,0.125
230,16,1.49
230,17,0.185
230,18,0.243
230,19,0.214
230,20,0.203
230,21,2.138
230,22,0.338
230,23,0.166
230,24,0.269
230,25,0.198
230,26,0.133
230,27,0.211
230,28,0.236
230,29,0.329
230,30,0.404
230,31,0.113
230,32,0.236
230,33,0.354
230,34,0.116
230,35,0.236
230,36,0.849
230,37,1.964
230,38,0.217
230,39,0.22
230,40,0.323
230,41,0.325
230,42,0.3
230,43,0.495
230,44,1.043
230,45,0.467
230,46,0.185
230,47,0.312
230,48,0.07
231,1,0.152
231,2,0.075
231,3,0.162
231,4,0.044
231,5,0.195
231,6,0.034
231,7,0.195
231,8,0.055
231,9,0.142
231,10,0.092
231,11,0.135
231,12,0.094
231,13,0.184
231,14,0.168
231,15,0.994
231,16,0.107
231,17,2.12
231,18,0.534
231,19,0.179
231,20,0.207
231,21,0.117
231,22,0.11
231,23,0.108
231,24,0.115
231,25,0.094
231,26,0.207
231,27,0.386
231,28,0.436
231,29,0.381
231,30,0.167
231,31,0.192
231,32,0.213
231,33,0.468
231,34,1.54
231,35,0.715
231,36,0.392
231,37,0.524
231,38,0.497
231,39,0.389
231,40,0.234
231,41,0.296
231,42,0.367
231,43,0.768
231,44,0.392
231,45,0.143
231,46,0.173
231,47,0.043
231,48,0.212
232,1,0.032
232,2,0.184
232,3,0.081
232,4,0.124
232,5,0.141
232,6,0.075
232,7,0.162
232,8,0.063
232,9,0.161
232,10,0.095
232,11,0.121
232,12,0.103
232,13,0.16
232,14,0.186
232,15,1.109
232,16,0.152
232,17,0.586
232,18,3.113
232,19,2.208
232,20,1.219
232,21,0.999
232,22,0.66
232,23,0.181
232,24,0.107
232,25,0.137
232,26,0.084
232,27,0.112
232,28,0.125
232,29,0.092
232,30,0.116
232,31,0.111
232,32,0.212
232,33,0.123
232,34,0.138
232,35,0.051
232,36,0.185
232,37,0.03
232,38,0.188
232,39,0.746
232,40,1.726
232,41,0.322
232,42,0.759
232,43,0.531
232,44,1.0
232,45,0.537
232,46,0.288
232,47,0.085
232,48,0.192
233,1,0.08
233,2,0.116
233,3,0.117
233,4,0.102
233,5,0.116
233,6,0.113
233,7,0.076
233,8,0.145
233,9,0.074
233,10,0.146
233,11,0.066
233,12,0.142
233,13,0.125
233,14,0.214
233,15,1.173
233,16,0.175
233,17,0.031
233,18,0.179
233,19,0.051
233,20,0.123
233,21,0.113
233,22,0.085
233,23,0.14
233,24,0.058
233,25,0.154
233,26,0.078
233,27,0.132
233,28,0.079
233,29,0.114
233,30,0.101
233,31,0.103
233,32,0.248
233,33,0.07
233,34,0.162
233,35,0.063
233,36,0.114
233,37,0.128
233,38,0.031
233,39,0.447
233,40,0.03
233,41,0.14
233,42,0.094
233,43,0.063
233,44,0.176
233,45,0.031
233,46,0.157
233,47,0.082
233,48,0.082
234,1,0.152
234,2,0.033
234,3,0.167
234,4,0.086
234,5,0.081
234,6,0.155
234,7,0.043
234,8,0.143
234,9,0.099
234,10,0.078
234,11,0.157
234,12,0.052
234,13,0.124
234,14,0.129
234,15,0.034
234,16,0.18
234,17,0.064
234,18,0.086
234,19,0.157
234,20,0.039
234,21,0.125
234,22,0.127
234,23,0.03
234,24,0.187
234,25,0.057
234,26,0.084
234,27,0.17
234,28,0.031
234,29,0.133
234,30,0.094
234,31,0.065
234,32,0.18
234,33,0.042
234,34,0.106
234,35,0.142
234,36,0.03
234,37,0.17
234,38,0.085
234,39,0.049
234,40,0.203
234,41,0.031
234,42,0.1
234,43,0.157
234,44,0.03
234,45,0.152
234,46,0.101
234,47,0.03
234,48,0.189
235,1,0.031
235,2,0.125
235,3,0.131
235,4,0.03
235,5,0.18
235,6,0.075
235,7,0.043
235,8,0.208
235,9,0.033
235,10,0.108
235,11,0.126
235,12,0.03
235,13,0.192
235,14,0.07
235,15,0.055
235,16,0.197
235,17,0.043
235,18,0.103
235,19,0.147
235,20,0.033
235,21,0.146
235,22,0.103
235,23,0.057
235,24,0.157
235,25,0.067
235,26,0.087
235,27,0.164
235,28,0.042
235,29,0.117
235,30,0.108
235,31,0.067
235,32,0.151
235,33,0.068
235,34,0.086
235,35,0.15
235,36,0.05
235,37,0.129
235,38,0.096
235,39,0.073
235,40,0.144
235,41,0.037
235,42,0.158
235,43,0.095
235,44,0.152
235,45,0.501
235,46,0.442
235,47,0.165
235,48,0.164
236,1,0.079
236,2,0.114
236,3,0.142
236,4,0.047
236,5,0.161
236,6,0.104
236,7,0.07
236,8,0.172
236,9,0.043
236,10,0.129
236,11,0.119
236,12,0.047
236,13,0.192
236,14,0.053
236,15,1.062
236,16,0.142
236,17,0.036
236,18,0.5
236,19,0.231
236,20,1.814
236,21,0.313
236,22,0.24
236,23,0.182
236,24,0.165
236,25,1.059
236,26,0.246
236,27,0.227
236,28,0.173
236,29,0.09
236,30,0.117
236,31,0.123
236,32,0.143
236,33,0.072
236,34,0.183
236,35,0.051
236,36,1.433
236,37,0.263
236,38,1.189
236,39,0.55
236,40,0.22
236,41,0.279
236,42,0.346
236,43,1.39
236,44,1.599
236,45,1.114
236,46,2.726
236,47,0.358
236,48,0.307
237,1,0.252
237,2,0.119
237,3,0.175
237,4,0.058
237,5,0.218
237,6,0.076
237,7,0.184
237,8,0.098
237,9,0.131
237,10,0.131
237,11,0.143
237,12,0.126
237,13,0.188
237,14,0.203
237,15,0.993
237,16,0.179
237,17,0.28
237,18,1.541
237,19,2.136
237,20,0.296
237,21,0.188
237,22,0.188
237,23,0.158
237,24,0.433
237,25,0.164
237,26,0.655
237,27,0.549
237,28,0.333
237,29,0.17
237,30,0.556
237,31,0.232
237,32,0.332
237,33,1.786
237,34,1.347
237,35,1.549
237,36,1.014
237,37,0.583
237,38,0.308
237,39,0.445
237,40,0.511
237,41,0.487
237,42,1.371
237,43,0.721
237,44,0.698
237,45,0.468
237,46,0.165
237,47,0.211
237,48,0.126
238,1,0.154
238,2,0.139
238,3,0.122
238,4,0.185
238,5,0.09
238,6,0.195
238,7,0.117
238,8,0.12
238,9,0.205
238,10,0.089
238,11,0.16
238,12,0.157
238,13,0.139
238,14,0.268
238,15,0.114
238,16,1.185
238,17,0.202
238,18,0.262
238,19,0.62
238,20,2.405
238,21,0.54
238,22,0.224
238,23,0.426
238,24,0.327
238,25,0.316
238,26,0.585
238,27,0.372
238,28,0.666
238,29,0.515
238,30,0.391
238,31,1.258
238,32,0.275
238,33,0.146
238,34,0.199
238,35,0.356
238,36,0.743
238,37,1.148
238,38,0.563
238,39,0.177
238,40,0.416
238,41,0.43
238,42,0.298
238,43,0.444
238,44,0.256
238,45,0.156
238,46,0.065
238,47,0.142
238,48,0.135
239,1,0.058
239,2,0.141
239,3,0.129
239,4,0.06
239,5,0.139
239,6,0.143
239,7,0.059
239,8,0.119
239,9,0.123
239,10,0.055
239,11,0.152
239,12,0.142
239,13,0.111
239,14,0.175
239,15,1.206
239,16,0.062
239,17,0.173
239,18,0.074
239,19,1.998
239,20,0.549
239,21,0.359
239,22,0.153
239,23,0.3
239,24,0.18
239,25,0.282
239,26,1.69
239,27,0.314
239,28,0.276
239,29,0.103
239,30,0.196
239,31,0.103
239,32,0.306
239,33,0.12
239,34,0.206
239,35,0.105
239,36,1.033
239,37,0.644
239,38,0.571
239,39,1.02
239,40,0.434
239,41,0.939
239,42,0.996
239,43,0.154
239,44,0.288
239,45,0.317
239,46,0.413
239,47,0.137
239,48,0.086
240,1,0.125
240,2,0.075
240,3,0.185
240,4,0.06
240,5,0.137
240,6,0.119
240,7,0.053
240,8,0.185
240,9,0.061
240,10,0.11
240,11,0.137
240,12,0.057
240,13,0.214
240,14,0.153
240,15,1.112
240,16,0.15
240,17,0.534
240,18,0.242
240,19,1.428
240,20,0.841
240,21,1.748
240,22,0.396
240,23,0.157
240,24,0.124
240,25,1.19
240,26,2.77
240,27,0.942
240,28,0.287
240,29,0.19
240,30,0.649
240,31,0.151
240,32,0.371
240,33,1.325
240,34,0.141
240,35,0.194
240,36,0.914
240,37,2.15
240,38,0.23
240,39,0.303
240,40,1.149
240,41,0.528
240,42,1.544
240,43,0.343
240,44,0.358
240,45,0.336
240,46,0.255
240,47,0.247
240,48,0.331
388,1,0.158
388,2,0.034
388,3,0.179
388,4,0.111
388,5,0.044
388,6,0.046
388,7,0.157
388,8,0.155
388,9,0.038
388,10,0.057
388,11,0.068
388,12,0.198
388,13,0.191
388,14,0.357
388,15,0.11
388,16,0.21
388,17,0.261
388,18,1.018
388,19,0.199
388,20,0.617
388,21,0.445
388,22,0.247
388,23,0.177
388,24,0.286
388,25,0.716
388,26,1.434
388,27,0.415
388,28,0.292
388,29,0.337
388,30,0.076
388,31,0.191
388,32,0.229
388,33,0.071
388,34,0.076
388,35,0.194
388,36,0.12
388,37,0.105
388,38,0.179
388,39,0.514
388,40,0.282
388,41,0.296
388,42,0.394
388,43,0.535
388,44,0.285
388,45,0.052
388,46,0.15
388,47,0.164
388,48,0.053
389,1,0.038
389,2,0.161
389,3,0.152
389,4,0.034
389,5,0.057
389,6,0.172
389,7,0.139
389,8,0.052
389,9,0.056
389,10,0.14
389,11,0.171
389,12,0.09
389,13,0.132
389,14,0.19
389,15,0.241
389,16,0.217
389,17,0.307
389,18,0.697
389,19,0.156
389,20,0.034
389,21,0.288
389,22,0.254
389,23,0.096
389,24,0.054
389,25,0.06
389,26,0.169
389,27,0.642
389,28,1.701
389,29,2.396
389,30,1.549
389,31,0.545
389,32,0.416
389,33,0.19
389,34,0.691
389,35,0.879
389,36,0.678
389,37,1.589
389,38,1.75
389,39,0.386
389,40,0.505
389,41,0.274
389,42,0.382
389,43,0.741
389,44,0.805
389,45,1.74
389,46,0.417
389,47,0.178
389,48,0.215
390,1,0.155
390,2,0.044
390,3,0.056
390,4,0.186
390,5,0.079
390,6,0.053
390,7,0.1
390,8,0.163
390,9,0.042
390,10,0.055
390,11,0.147
390,12,0.137
390,13,0.135
390,14,1.184
390,15,0.307
390,16,1.258
390,17,1.258
390,18,0.225
390,19,0.438
390,20,0.386
390,21,0.727
390,22,0.585
390,23,0.336
390,24,0.352
390,25,0.629
390,26,2.439
390,27,0.275
390,28,0.114
390,29,0.132
390,30,0.091
390,31,0.145
390,32,1.613
390,33,0.286
390,34,0.616
390,35,1.293
390,36,0.426
390,37,0.525
390,38,0.793
390,39,0.625
390,40,0.474
390,41,0.384
390,42,0.639
390,43,1.15
390,44,2.102
390,45,0.643
390,46,0.409
390,47,0.364
390,48,0.174
391,1,0.264
391,2,0.236
391,3,0.161
391,4,0.287
391,5,0.358
391,6,0.153
391,7,0.175
391,8,0.307
391,9,0.186
391,10,0.17
391,11,0.243
391,12,0.265
391,13,0.249
391,14,0.303
391,15,1.035
391,16,0.307
391,17,0.502
391,18,0.223
391,19,0.622
391,20,0.298
391,21,0.153
391,22,0.043
391,23,0.333
391,24,1.013
391,25,0.739
391,26,1.661
391,27,2.249
391,28,0.685
391,29,0.255
391,30,0.416
391,31,0.213
391,32,0.256
391,33,0.424
391,34,0.257
391,35,1.21
391,36,0.691
391,37,1.674
391,38,0.743
391,39,0.637
391,40,1.396
391,41,0.41
391,42,4.433
391,43,0.692
391,44,0.896
391,45,0.536
391,46,0.467
391,47,0.348
391,48,0.074
392,1,0.117
392,2,0.154
392,3,0.04
392,4,0.107
392,5,0.156
392,6,0.036
392,7,0.099
392,8,0.172
392,9,0.035
392,10,0.062
392,11,0.191
392,12,0.066
392,13,0.135
392,14,0.444
392,15,0.193
392,16,0.559
392,17,0.145
392,18,0.136
392,19,0.044
392,20,0.083
392,21,0.181
392,22,0.043
392,23,0.055
392,24,0.158
392,25,0.089
392,26,0.053
392,27,0.1
392,28,0.165
392,29,0.047
392,30,0.055
392,31,0.171
392,32,0.192
392,33,0.068
392,34,0.069
392,35,0.167
392,36,0.113
392,37,0.78
392,38,0.635
392,39,0.609
392,40,0.418
392,41,0.363
392,42,0.369
392,43,0.479
392,44,0.873
392,45,0.677
392,46,0.555
392,47,0.101
392,48,0.058
393,1,0.187
393,2,0.061
393,3,0.09
393,4,0.16
393,5,0.058
393,6,0.103
393,7,0.134
393,8,0.049
393,9,0.127
393,10,0.146
393,11,0.037
393,12,0.139
393,13,0.208
393,14,0.148
393,15,1.054
393,16,0.297
393,17,0.454
393,18,0.192
393,19,0.083
393,20,0.096
393,21,0.171
393,22,0.071
393,23,0.119
393,24,0.172
393,25,1.802
393,26,1.392
393,27,1.774
393,28,0.95
393,29,0.281
393,30,0.338
393,31,1.596
393,32,0.572
393,33,0.24
393,34,0.305
393,35,0.11
393,36,0.194
393,37,0.877
393,38,0.911
393,39,1.021
393,40,1.512
393,41,0.877
393,42,1.369
393,43,1.398
393,44,1.652
393,45,0.196
393,46,0.276
393,47,0.149
393,48,0.048
394,1,0.176
394,2,0.082
394,3,0.057
394,4,0.187
394,5,0.067
394,6,0.058
394,7,0.175
394,8,0.07
394,9,0.059
394,10,0.165
394,11,0.08
394,12,0.085
394,13,0.21
394,14,0.232
394,15,1.066
394,16,0.549
394,17,0.575
394,18,0.551
394,19,0.642
394,20,2.654
394,21,0.586
394,22,0.278
394,23,0.244
394,24,0.418
394,25,0.282
394,26,0.898
394,27,0.72
394,28,0.085
394,29,1.51
394,30,0.346
394,31,0.207
394,32,0.261
394,33,0.473
394,34,0.2
394,35,0.144
394,36,0.504
394,37,0.774
394,38,1.138
394,39,0.638
394,40,2.461
394,41,0.385
394,42,0.319
394,43,0.332
394,44,0.423
394,45,0.319
394,46,0.483
394,47,0.274
394,48,0.129
395,1,0.112
395,2,0.053
395,3,0.169
395,4,0.059
395,5,0.122
395,6,0.1
395,7,0.059
395,8,0.178
395,9,0.045
395,10,0.088
395,11,0.146
395,12,0.075
395,13,0.203
395,14,0.231
395,15,0.165
395,16,0.34
395,17,0.793
395,18,0.909
395,19,0.742
395,20,0.396
395,21,0.374
395,22,0.123
395,23,0.072
395,24,0.159
395,25,0.058
395,26,0.127
395,27,0.084
395,28,0.488
395,29,1.449
395,30,0.703
395,31,0.194
395,32,0.578
395,33,1.538
395,34,0.563
395,35,1.154
395,36,1.555
395,37,2.551
395,38,0.843
395,39,0.971
395,40,0.498
395,41,0.42
395,42,1.346
395,43,1.65
395,44,3.213
395,45,0.609
395,46,0.206
395,47,0.138
395,48,0.109
396,1,0.046
396,2,0.184
396,3,0.085
396,4,0.055
396,5,0.178
396,6,0.073
396,7,0.056
396,8,0.182
396,9,0.071
396,10,0.041
396,11,0.175
396,12,0.122
396,13,0.131
396,14,0.376
396,15,0.198
396,16,0.168
396,17,0.191
396,18,1.7
396,19,0.973
396,20,0.828
396,21,0.557
396,22,0.285
396,23,0.345
396,24,1.225
396,25,0.752
396,26,1.799
396,27,0.965
396,28,0.106
396,29,0.474
396,30,0.302
396,31,0.304
396,32,0.486
396,33,0.161
396,34,0.215
396,35,0.375
396,36,0.973
396,37,0.627
396,38,0.905
396,39,0.32
396,40,0.207
396,41,0.257
396,42,0.357
396,43,0.569
396,44,0.931
396,45,0.745
396,46,0.338
396,47,0.179
396,48,0.084
397,1,0.063
397,2,0.172
397,3,0.087
397,4,0.056
397,5,0.17
397,6,0.093
397,7,0.051
397,8,0.138
397,9,0.139
397,10,0.036
397,11,0.093
397,12,0.194
397,13,0.126
397,14,0.154
397,15,1.074
397,16,0.23
397,17,0.228
397,18,0.192
397,19,0.074
397,20,0.257
397,21,0.297
397,22,0.213
397,23,2.565
397,24,0.406
397,25,0.426
397,26,0.191
397,27,0.244
397,28,0.064
397,29,0.046
397,30,0.879
397,31,0.45
397,32,1.68
397,33,1.02
397,34,2.002
397,35,0.539
397,36,0.224
397,37,1.882
397,38,0.817
397,39,0.451
397,40,0.397
397,41,1.235
397,42,0.431
397,43,2.836
397,44,0.563
397,45,0.167
397,46,0.057
397,47,0.158
397,48,0.064
398,1,0.088
398,2,0.148
398,3,0.057
398,4,0.135
398,5,0.069
398,6,0.096
398,7,0.156
398,8,0.039
398,9,0.125
398,10,0.127
398,11,0.043
398,12,0.179
398,13,0.183
398,14,0.164
398,15,1.155
398,16,0.413
398,17,0.425
398,18,0.238
398,19,0.065
398,20,0.436
398,21,0.228
398,22,0.218
398,23,0.286
398,24,0.087
398,25,0.2
398,26,1.1
398,27,2.091
398,28,1.336
398,29,0.441
398,30,0.6
398,31,0.537
398,32,1.194
398,33,0.613
398,34,0.545
398,35,0.663
398,36,0.591
398,37,0.445
398,38,0.476
398,39,0.336
398,40,0.598
398,41,0.457
398,42,0.538
398,43,0.443
398,44,0.913
398,45,4.595
398,46,0.604
398,47,0.329
398,48,0.16
399,1,0.111
399,2,0.123
399,3,0.073
399,4,0.191
399,5,0.065
399,6,0.112
399,7,0.138
399,8,0.057
399,9,0.178
399,10,0.069
399,11,0.094
399,12,0.171
399,13,0.136
399,14,0.415
399,15,0.144
399,16,1.508
399,17,0.178
399,18,0.054
399,19,0.154
399,20,0.058
399,21,0.114
399,22,0.131
399,23,0.039
399,24,0.165
399,25,0.07
399,26,0.098
399,27,0.263
399,28,0.048
399,29,0.132
399,30,0.109
399,31,0.066
399,32,0.254
399,33,0.055
399,34,0.106
399,35,0.12
399,36,0.099
399,37,2.085
399,38,0.782
399,39,0.576
399,40,0.456
399,41,0.204
399,42,0.375
399,43,0.44
399,44,0.447
399,45,1.409
399,46,0.962
399,47,0.294
399,48,0.356
400,1,0.074
400,2,0.081
400,3,0.169
400,4,0.057
400,5,0.113
400,6,0.117
400,7,0.058
400,8,0.162
400,9,0.085
400,10,0.044
400,11,0.184
400,12,0.088
400,13,0.148
400,14,0.275
400,15,1.126
400,16,0.398
400,17,0.371
400,18,0.115
400,19,0.529
400,20,0.091
400,21,0.103
400,22,0.157
400,23,0.051
400,24,0.127
400,25,1.226
400,26,0.772
400,27,0.595
400,28,0.988
400,29,1.709
400,30,0.609
400,31,0.489
400,32,0.589
400,33,0.394
400,34,0.272
400,35,0.752
400,36,0.713
400,37,0.513
400,38,0.769
400,39,0.319
400,40,0.698
400,41,1.324
400,42,0.38
400,43,1.78
400,44,0.282
400,45,0.273
400,46,0.155
400,47,0.077
400,48,0.164
401,1,0.063
401,2,0.122
401,3,0.122
401,4,0.064
401,5,0.16
401,6,0.08
401,7,0.097
401,8,0.153
401,9,0.049
401,10,0.139
401,11,0.1
401,12,0.07
401,13,0.275
401,14,0.17
401,15,1.134
401,16,0.302
401,17,2.14
401,18,1.261
401,19,1.423
401,20,0.68
401,21,0.495
401,22,0.415
401,23,1.063
401,24,0.096
401,25,0.181
401,26,0.085
401,27,0.112
401,28,0.19
401,29,0.064
401,30,0.144
401,31,0.16
401,32,0.149
401,33,0.183
401,34,0.093
401,35,0.101
401,36,0.165
401,37,0.117
401,38,0.886
401,39,0.541
401,40,0.378
401,41,0.201
401,42,0.079
401,43,0.155
401,44,0.144
401,45,0.09
401,46,0.451
401,47,0.175
401,48,0.195
402,1,0.15
402,2,0.071
402,3,0.179
402,4,0.112
402,5,0.065
402,6,0.209
402,7,0.078
402,8,0.097
402,9,0.18
402,10,0.077
402,11,0.12
402,12,0.193
402,13,1.153
402,14,0.237
402,15,0.221
402,16,0.183
402,17,0.197
402,18,0.102
402,19,0.077
402,20,0.196
402,21,0.078
402,22,0.091
402,23,0.204
402,24,0.064
402,25,0.091
402,26,0.2
402,27,0.054
402,28,0.103
402,29,0.199
402,30,0.058
402,31,0.12
402,32,0.282
402,33,0.084
402,34,0.086
402,35,0.207
402,36,0.073
402,37,0.093
402,38,0.305
402,39,0.096
402,40,0.056
402,41,0.187
402,42,0.117
402,43,0.054
402,44,0.163
402,45,0.138
402,46,0.056
402,47,0.139
402,48,0.175
403,1,0.059
403,2,0.091
403,3,0.205
403,4,0.063
403,5,0.067
403,6,0.202
403,7,0.108
403,8,0.066
403,9,0.145
403,10,0.161
403,11,0.061
403,12,0.116
403,13,0.29
403,14,0.186
403,15,0.168
403,16,0.268
403,17,0.153
403,18,0.076
403,19,0.137
403,20,0.145
403,21,0.075
403,22,0.101
403,23,0.192
403,24,0.073
403,25,0.076
403,26,0.171
403,27,0.128
403,28,0.172
403,29,1.512
403,30,0.53
403,31,0.289
403,32,0.434
403,33,0.302
403,34,0.15
403,35,0.267
403,36,0.539
403,37,0.946
403,38,0.547
403,39,0.834
403,40,0.702
403,41,0.553
403,42,0.517
403,43,0.455
403,44,0.578
403,45,0.463
403,46,1.481
403,47,0.474
403,48,0.224
404,1,0.254
404,2,0.143
404,3,0.097
404,4,0.2
404,5,0.077
404,6,0.156
404,7,0.127
404,8,0.083
404,9,0.208
404,10,0.06
404,11,0.147
404,12,0.186
404,13,0.14
404,14,0.297
404,15,1.258
404,16,0.281
404,17,0.873
404,18,0.605
404,19,0.543
404,20,0.871
404,21,0.54
404,22,0.745
404,23,0.604
404,24,2.0
404,25,1.457
404,26,1.113
404,27,1.594
404,28,0.629
404,29,0.332
404,30,0.134
404,31,0.511
404,32,0.542
404,33,0.365
404,34,0.136
404,35,0.252
404,36,0.583
404,37,0.625
404,38,1.234
404,39,0.579
404,40,1.53
404,41,0.297
404,42,1.514
404,43,0.794
404,44,0.22
404,45,0.154
404,46,0.064
404,47,0.174
404,48,0.071
405,1,0.109
405,2,0.138
405,3,0.059
405,4,0.169
405,5,0.056
405,6,0.138
405,7,0.106
405,8,0.056
405,9,0.176
405,10,0.059
405,11,0.118
405,12,0.147
405,13,0.14
405,14,0.27
405,15,1.067
405,16,0.36
405,17,0.836
405,18,0.235
405,19,0.078
405,20,0.196
405,21,1.414
405,22,1.101
405,23,1.014
405,24,0.202
405,25,1.287
405,26,1.658
405,27,1.793
405,28,1.475
405,29,0.42
405,30,0.253
405,31,0.351
405,32,0.637
405,33,0.302
405,34,0.899
405,35,0.916
405,36,0.594
405,37,0.593
405,38,0.982
405,39,0.708
405,40,0.272
405,41,0.299
405,42,0.443
405,43,0.792
405,44,0.368
405,45,3.861
405,46,0.366
405,47,1.401
405,48,0.183
406,1,0.078
406,2,0.144
406,3,0.112
406,4,0.059
406,5,0.182
406,6,0.075
406,7,0.076
406,8,0.181
406,9,0.035
406,10,0.12
406,11,0.164
406,12,0.064
406,13,0.203
406,14,0.344
406,15,0.122
406,16,1.133
406,17,0.179
406,18,0.04
406,19,0.132
406,20,0.137
406,21,0.043
406,22,0.129
406,23,0.131
406,24,0.047
406,25,0.125
406,26,0.133
406,27,0.048
406,28,0.11
406,29,0.153
406,30,0.051
406,31,0.097
406,32,0.265
406,33,0.052
406,34,0.039
406,35,0.178
406,36,0.093
406,37,0.562
406,38,0.803
406,39,0.531
406,40,0.238
406,41,0.355
406,42,0.445
406,43,0.774
406,44,2.146
406,45,1.286
406,46,0.415
406,47,0.394
406,48,0.176
407,1,0.209
407,2,0.287
407,3,0.179
407,4,0.196
407,5,0.284
407,6,0.177
407,7,0.188
407,8,0.28
407,9,0.178
407,10,0.179
407,11,0.291
407,12,0.228
407,13,0.254
407,14,0.344
407,15,1.439
407,16,0.35
407,17,0.779
407,18,0.756
407,19,0.638
407,20,1.036
407,21,0.62
407,22,0.357
407,23,0.323
407,24,0.314
407,25,0.917
407,26,0.449
407,27,0.519
407,28,1.226
407,29,0.531
407,30,0.301
407,31,0.346
407,32,0.844
407,33,0.858
407,34,0.299
407,35,0.191
407,36,0.59
407,37,1.839
407,38,0.923
407,39,0.83
407,40,3.737
407,41,0.568
407,42,0.338
407,43,0.424
407,44,2.117
407,45,0.876
407,46,0.719
407,47,0.702
407,48,0.204
408,1,0.219
408,2,0.28
408,3,0.18
408,4,0.17
408,5,0.301
408,6,0.216
408,7,0.167
408,8,0.225
408,9,0.294
408,10,0.168
408,11,0.171
408,12,0.3
408,13,0.313
408,14,0.276
408,15,1.222
408,16,0.311
408,17,0.298
408,18,0.419
408,19,0.273
408,20,1.767
408,21,0.562
408,22,0.616
408,23,0.392
408,24,0.268
408,25,0.749
408,26,0.474
408,27,0.125
408,28,0.093
408,29,1.423
408,30,0.832
408,31,1.251
408,32,0.648
408,33,1.081
408,34,0.236
408,35,1.734
408,36,2.846
408,37,1.667
408,38,0.358
408,39,0.698
408,40,1.521
408,41,0.443
408,42,0.374
408,43,0.537
408,44,0.621
408,45,0.66
408,46,0.345
408,47,0.155
408,48,0.201
409,1,0.226
409,2,0.091
409,3,0.1
409,4,0.195
409,5,0.058
409,6,0.057
409,7,0.155
409,8,0.092
409,9,0.056
409,10,0.105
409,11,0.151
409,12,0.082
409,13,0.14
409,14,0.241
409,15,0.199
409,16,0.169
409,17,0.154
409,18,0.716
409,19,0.178
409,20,0.356
409,21,0.482
409,22,0.834
409,23,2.373
409,24,0.697
409,25,0.371
409,26,0.199
409,27,0.061
409,28,0.093
409,29,0.193
409,30,0.07
409,31,0.115
409,32,0.263
409,33,0.074
409,34,0.082
409,35,0.198
409,36,0.073
409,37,0.093
409,38,0.293
409,39,0.083
409,40,0.066
409,41,0.174
409,42,0.115
409,43,0.072
409,44,0.13
409,45,0.145
409,46,0.075
409,47,0.088
409,48,0.199
410,1,0.076
410,2,0.055
410,3,0.176
410,4,0.14
410,5,0.058
410,6,0.083
410,7,0.204
410,8,0.088
410,9,0.066
410,10,0.113
410,11,0.19
410,12,0.103
410,13,0.143
410,14,0.208
410,15,0.241
410,16,0.197
410,17,0.088
410,18,0.124
410,19,0.174
410,20,0.067
410,21,0.06
410,22,0.176
410,23,0.141
410,24,0.057
410,25,0.074
410,26,0.179
410,27,0.127
410,28,0.074
410,29,0.071
410,30,0.16
410,31,0.182
410,32,0.151
410,33,0.057
410,34,0.171
410,35,0.153
410,36,0.056
410,37,0.105
410,38,0.25
410,39,0.147
410,40,0.073
410,41,0.069
410,42,0.129
410,43,0.186
410,44,0.307
410,45,0.507
410,46,0.362
410,47,0.125
410,48,0.047
411,1,0.174
411,2,0.096
411,3,0.032
411,4,0.113
411,5,0.149
411,6,0.031
411,7,0.053
411,8,0.181
411,9,0.074
411,10,0.053
411,11,0.094
411,12,0.191
411,13,0.13
411,14,0.172
411,15,1.316
411,16,0.228
411,17,0.065
411,18,0.088
411,19,0.152
411,20,0.053
411,21,0.054
411,22,0.148
411,23,0.093
411,24,0.053
411,25,0.099
411,26,0.143
411,27,0.053
411,28,0.053
411,29,0.151
411,30,0.094
411,31,0.079
411,32,0.163
411,33,0.163
411,34,0.054
411,35,0.053
411,36,0.408
411,37,0.979
411,38,1.191
411,39,0.699
411,40,0.487
411,41,0.119
411,42,0.213
411,43,0.196
411,44,0.35
411,45,0.369
411,46,0.399
411,47,0.06
411,48,0.136
412,1,0.081
412,2,0.056
412,3,0.18
412,4,0.06
412,5,0.048
412,6,0.182
412,7,0.082
412,8,0.034
412,9,0.161
412,10,0.104
412,11,0.05
412,12,0.136
412,13,0.226
412,14,0.162
412,15,1.086
412,16,0.3
412,17,0.103
412,18,0.083
412,19,0.553
412,20,0.22
412,21,0.36
412,22,0.26
412,23,0.097
412,24,1.258
412,25,1.165
412,26,0.538
412,27,0.289
412,28,0.253
412,29,0.111
412,30,1.057
412,31,2.655
412,32,2.174
412,33,1.68
412,34,1.155
412,35,0.177
412,36,0.476
412,37,0.458
412,38,1.633
412,39,1.314
412,40,0.445
412,41,0.414
412,42,2.655
412,43,0.621
412,44,1.971
412,45,1.083
412,46,1.44
412,47,1.051
412,48,0.099
413,1,0.19
413,2,0.167
413,3,0.065
413,4,0.167
413,5,0.173
413,6,0.083
413,7,0.145
413,8,0.15
413,9,0.077
413,10,0.157
413,11,0.152
413,12,0.105
413,13,0.217
413,14,0.392
413,15,0.184
413,16,1.189
413,17,0.24
413,18,0.065
413,19,0.091
413,20,0.206
413,21,0.098
413,22,0.058
413,23,0.195
413,24,0.121
413,25,0.059
413,26,0.168
413,27,0.154
413,28,0.067
413,29,0.119
413,30,0.173
413,31,0.099
413,32,0.172
413,33,0.207
413,34,0.076
413,35,0.052
413,36,0.331
413,37,0.883
413,38,0.459
413,39,0.615
413,40,0.393
413,41,0.215
413,42,0.486
413,43,0.352
413,44,0.799
413,45,2.198
413,46,0.656
413,47,0.299
413,48,0.197
414,1,0.057
414,2,0.16
414,3,0.086
414,4,0.054
414,5,0.158
414,6,0.101
414,7,0.049
414,8,0.133
414,9,0.131
414,10,0.044
414,11,0.09
414,12,0.204
414,13,0.124
414,14,0.164
414,15,0.233
414,16,1.055
414,17,0.136
414,18,0.692
414,19,1.204
414,20,0.352
414,21,0.686
414,22,3.048
414,23,0.319
414,24,0.21
414,25,0.08
414,26,0.075
414,27,0.2
414,28,0.077
414,29,0.232
414,30,0.183
414,31,0.078
414,32,0.125
414,33,0.18
414,34,0.065
414,35,0.044
414,36,0.157
414,37,0.127
414,38,0.366
414,39,0.922
414,40,0.759
414,41,0.175
414,42,0.482
414,43,1.86
414,44,0.526
414,45,0.307
414,46,0.181
414,47,0.112
414,48,0.12
415,1,0.057
415,2,0.161
415,3,0.074
415,4,0.055
415,5,0.184
415,6,0.061
415,7,0.06
415,8,0.188
415,9,0.053
415,10,0.058
415,11,0.175
415,12,0.081
415,13,0.145
415,14,0.293
415,15,1.237
415,16,0.156
415,17,0.215
415,18,0.634
415,19,0.324
415,20,0.291
415,21,1.031
415,22,0.424
415,23,0.169
415,24,0.172
415,25,0.28
415,26,0.191
415,27,0.174
415,28,0.3
415,29,0.174
415,30,0.178
415,31,0.335
415,32,0.254
415,33,0.636
415,34,0.897
415,35,2.113
415,36,1.44
415,37,1.136
415,38,2.551
415,39,4.211
415,40,0.862
415,41,0.892
415,42,1.608
415,43,2.235
415,44,0.417
415,45,0.673
415,46,0.392
415,47,0.155
415,48,0.166
