213,1,0.123
213,2,0.165
213,3,0.148
213,4,0.141
213,5,0.167
213,6,0.124
213,7,0.167
213,8,0.147
213,9,0.143
213,10,0.167
213,11,0.124
213,12,0.168
213,13,0.142
213,14,0.146
213,15,0.164
213,16,0.122
213,17,0.165
213,18,0.142
213,19,0.145
213,20,0.165
213,21,0.123
213,22,0.164
213,23,0.145
213,24,0.142
213,25,0.165
213,26,0.124
213,27,0.167
213,28,0.15
213,29,0.141
213,30,0.167
213,31,0.124
213,32,0.167
213,33,0.152
213,34,0.14
213,35,0.167
213,36,0.123
213,37,0.167
213,38,0.15
213,39,0.14
213,40,0.168
213,41,0.124
213,42,0.168
213,43,0.151
213,44,0.139
213,45,0.166
213,46,0.124
213,47,0.166
213,48,0.15
214,1,0.139
214,2,0.166
214,3,0.124
214,4,0.166
214,5,0.153
214,6,0.139
214,7,0.167
214,8,0.124
214,9,0.164
214,10,0.156
214,11,0.131
214,12,0.165
214,13,0.125
214,14,0.166
214,15,0.158
214,16,0.13
214,17,0.163
214,18,0.123
214,19,0.162
214,20,0.16
214,21,0.128
214,22,0.163
214,23,0.125
214,24,0.161
214,25,0.16
214,26,0.125
214,27,0.163
214,28,0.127
214,29,0.159
214,30,0.163
214,31,0.124
214,32,0.163
214,33,0.139
214,34,0.149
214,35,0.165
214,36,0.124
214,37,0.165
214,38,0.149
214,39,0.141
214,40,0.166
214,41,0.124
214,42,0.167
214,43,0.155
214,44,0.134
214,45,0.165
214,46,0.123
214,47,0.166
214,48,0.159
215,1,0.13
215,2,0.167
215,3,0.125
215,4,0.168
215,5,0.158
215,6,0.136
215,7,0.171
215,8,0.126
215,9,0.17
215,10,0.146
215,11,0.147
215,12,0.167
215,13,0.124
215,14,0.166
215,15,0.139
215,16,0.149
215,17,0.166
215,18,0.124
215,19,0.165
215,20,0.133
215,21,0.157
215,22,0.167
215,23,0.124
215,24,0.166
215,25,0.125
215,26,0.165
215,27,0.158
215,28,0.132
215,29,0.166
215,30,0.125
215,31,0.166
215,32,0.163
215,33,0.129
215,34,0.168
215,35,0.131
215,36,0.161
215,37,0.166
215,38,0.126
215,39,0.168
215,40,0.131
215,41,0.161
215,42,0.166
215,43,0.126
215,44,0.166
215,45,0.128
215,46,0.161
215,47,0.162
215,48,0.128
216,1,0.169
216,2,0.126
216,3,0.167
216,4,0.161
216,5,0.135
216,6,0.17
216,7,0.126
216,8,0.17
216,9,0.153
216,10,0.142
216,11,0.17
216,12,0.125
216,13,0.167
216,14,0.147
216,15,0.147
216,16,0.167
216,17,0.123
216,18,0.169
216,19,0.136
216,20,0.154
216,21,0.167
216,22,0.124
216,23,0.169
216,24,0.131
216,25,0.162
216,26,0.164
216,27,0.13
216,28,0.169
216,29,0.124
216,30,0.169
216,31,0.157
216,32,0.135
216,33,0.17
216,34,0.124
216,35,0.172
216,36,0.148
216,37,0.145
216,38,0.169
216,39,0.124
216,40,0.17
216,41,0.138
216,42,0.154
216,43,0.17
216,44,0.124
216,45,0.172
216,46,0.129
216,47,0.166
216,48,0.161
217,1,0.134
217,2,0.17
217,3,0.125
217,4,0.171
217,5,0.155
217,6,0.143
217,7,0.172
217,8,0.125
217,9,0.171
217,10,0.145
217,11,0.151
217,12,0.17
217,13,0.125
217,14,0.17
217,15,0.134
217,16,0.158
217,17,0.167
217,18,0.127
217,19,0.167
217,20,0.124
217,21,0.169
217,22,0.158
217,23,0.134
217,24,0.168
217,25,0.124
217,26,0.168
217,27,0.157
217,28,0.137
217,29,0.171
217,30,0.124
217,31,0.171
217,32,0.156
217,33,0.139
217,34,0.173
217,35,0.124
217,36,0.171
217,37,0.158
217,38,0.143
217,39,0.608
217,40,0.768
217,41,0.893
217,42,0.872
217,43,0.874
217,44,1.071
217,45,0.652
217,46,0.567
217,47,0.588
217,48,0.566
218,1,0.511
218,2,0.394
218,3,0.225
218,4,0.259
218,5,0.264
218,6,0.206
218,7,0.265
218,8,0.281
218,9,0.223
218,10,0.266
218,11,0.233
218,12,0.243
218,13,0.263
218,14,0.206
218,15,0.259
218,16,0.251
218,17,0.216
218,18,0.26
218,19,0.232
218,20,0.395
218,21,2.995
218,22,1.267
218,23,0.18
218,24,0.191
218,25,0.137
218,26,0.183
218,27,0.179
218,28,0.138
218,29,0.183
218,30,0.165
218,31,0.148
218,32,0.182
218,33,0.158
218,34,0.157
218,35,0.187
218,36,0.141
218,37,0.172
218,38,0.18
218,39,0.687
218,40,1.574
218,41,0.871
218,42,1.842
218,43,2.255
218,44,1.105
218,45,0.368
218,46,0.387
218,47,0.288
218,48,0.203
219,1,0.193
219,2,0.157
219,3,0.173
219,4,0.187
219,5,0.149
219,6,0.178
219,7,0.184
219,8,0.149
219,9,0.168
219,10,0.186
219,11,0.155
219,12,0.162
219,13,0.183
219,14,0.14
219,15,0.174
219,16,0.185
219,17,0.154
219,18,0.231
219,19,2.041
219,20,0.337
219,21,2.273
219,22,0.312
219,23,0.143
219,24,0.175
219,25,0.182
219,26,0.132
219,27,0.181
219,28,0.169
219,29,0.144
219,30,0.18
219,31,0.163
219,32,0.146
219,33,0.175
219,34,0.162
219,35,0.147
219,36,0.177
219,37,0.169
219,38,1.042
219,39,1.284
219,40,0.274
219,41,0.148
219,42,0.177
219,43,0.168
219,44,0.141
219,45,0.176
219,46,0.173
219,47,0.134
219,48,0.18
220,1,0.171
220,2,0.144
220,3,0.202
220,4,1.036
220,5,0.993
220,6,0.64
220,7,0.185
220,8,0.158
220,9,0.181
220,10,0.139
220,11,0.17
220,12,0.182
220,13,0.139
220,14,0.182
220,15,0.164
220,16,0.15
220,17,0.187
220,18,0.133
220,19,0.18
220,20,0.201
220,21,0.353
220,22,2.518
220,23,1.945
220,24,0.363
220,25,0.333
220,26,0.165
220,27,0.184
220,28,0.168
220,29,0.149
220,30,0.182
220,31,0.162
220,32,0.155
220,33,0.181
220,34,0.16
220,35,0.154
220,36,0.191
220,37,3.003
220,38,1.727
220,39,0.623
220,40,0.424
220,41,0.378
220,42,0.278
220,43,0.485
220,44,0.435
220,45,0.395
220,46,0.392
220,47,0.379
220,48,0.464
221,1,0.255
221,2,0.17
221,3,0.182
221,4,0.148
221,5,0.165
221,6,0.18
221,7,0.143
221,8,0.169
221,9,0.183
221,10,0.139
221,11,0.179
221,12,0.176
221,13,0.137
221,14,0.191
221,15,0.157
221,16,0.162
221,17,0.184
221,18,0.133
221,19,0.177
221,20,0.189
221,21,0.233
221,22,0.358
221,23,0.274
221,24,0.344
221,25,1.813
221,26,0.402
221,27,2.112
221,28,0.568
221,29,0.399
221,30,0.29
221,31,0.184
221,32,0.58
221,33,0.958
221,34,0.741
221,35,1.372
221,36,1.073
221,37,0.507
221,38,0.5
221,39,0.58
221,40,0.4
221,41,0.253
221,42,0.709
221,43,1.816
221,44,2.133
221,45,0.868
221,46,0.544
221,47,0.51
221,48,0.351
222,1,0.266
222,2,0.262
222,3,0.278
222,4,0.184
222,5,0.171
222,6,0.163
222,7,0.162
222,8,0.157
222,9,0.152
222,10,0.154
222,11,0.154
222,12,0.168
222,13,0.161
222,14,0.161
222,15,0.159
222,16,0.162
222,17,0.162
222,18,0.165
222,19,0.163
222,20,0.888
222,21,2.08
222,22,1.244
222,23,0.224
222,24,0.188
222,25,0.191
222,26,0.179
222,27,0.179
222,28,0.179
222,29,0.179
222,30,0.18
222,31,0.185
222,32,0.188
222,33,0.188
222,34,0.188
222,35,0.188
222,36,0.186
222,37,0.21
222,38,0.622
222,39,0.88
222,40,0.671
222,41,0.668
222,42,0.73
222,43,0.474
222,44,0.58
222,45,0.617
222,46,0.417
222,47,0.54
222,48,0.896
223,1,0.561
223,2,0.259
223,3,0.277
223,4,0.21
223,5,0.197
223,6,0.19
223,7,0.159
223,8,0.16
223,9,0.171
223,10,0.164
223,11,0.164
223,12,0.161
223,13,0.158
223,14,0.157
223,15,0.158
223,16,0.158
223,17,0.157
223,18,0.156
223,19,0.193
223,20,0.252
223,21,1.8
223,22,2.794
223,23,0.273
223,24,0.188
223,25,1.727
223,26,0.348
223,27,0.331
223,28,0.321
223,29,0.302
223,30,0.259
223,31,3.312
223,32,0.861
223,33,0.338
223,34,0.288
223,35,0.325
223,36,1.932
223,37,0.775
223,38,0.553
223,39,1.3
223,40,1.591
223,41,0.757
223,42,0.444
223,43,0.363
223,44,0.496
223,45,0.509
223,46,0.301
223,47,0.26
223,48,0.133
224,1,0.183
224,2,0.176
224,3,0.145
224,4,0.182
224,5,0.173
224,6,0.159
224,7,0.188
224,8,0.134
224,9,0.182
224,10,0.17
224,11,0.145
224,12,0.187
224,13,0.142
224,14,0.181
224,15,0.177
224,16,0.135
224,17,0.178
224,18,0.154
224,19,0.161
224,20,0.177
224,21,0.237
224,22,1.595
224,23,1.561
224,24,0.135
224,25,0.187
224,26,0.165
224,27,0.156
224,28,0.179
224,29,0.134
224,30,0.186
224,31,0.167
224,32,0.153
224,33,0.18
224,34,0.139
224,35,0.182
224,36,0.177
224,37,0.317
224,38,2.338
224,39,0.809
224,40,0.654
224,41,0.474
224,42,1.919
224,43,1.952
224,44,1.675
224,45,0.299
224,46,0.289
224,47,0.258
224,48,0.148
225,1,0.188
225,2,0.171
225,3,0.167
225,4,0.184
225,5,0.143
225,6,0.178
225,7,0.184
225,8,0.134
225,9,0.184
225,10,0.165
225,11,0.152
225,12,0.188
225,13,0.133
225,14,0.182
225,15,0.165
225,16,0.154
225,17,0.182
225,18,0.182
225,19,1.793
225,20,1.329
225,21,0.626
225,22,3.226
225,23,0.536
225,24,0.311
225,25,0.181
225,26,0.133
225,27,0.181
225,28,0.166
225,29,0.146
225,30,0.172
225,31,0.144
225,32,0.168
225,33,0.178
225,34,0.134
225,35,0.18
225,36,0.141
225,37,0.164
225,38,0.199
225,39,0.132
225,40,0.174
225,41,0.169
225,42,0.371
225,43,1.008
225,44,1.071
225,45,0.874
225,46,0.782
225,47,0.413
225,48,0.454
226,1,0.302
226,2,0.141
226,3,0.183
226,4,0.154
226,5,0.167
226,6,0.182
226,7,0.163
226,8,0.24
226,9,0.161
226,10,0.148
226,11,0.18
226,12,0.147
226,13,0.167
226,14,0.187
226,15,0.134
226,16,0.18
226,17,0.154
226,18,0.161
226,19,0.858
226,20,1.568
226,21,0.182
226,22,0.179
226,23,0.133
226,24,0.179
226,25,0.155
226,26,0.157
226,27,0.181
226,28,0.131
226,29,0.178
226,30,0.162
226,31,0.149
226,32,0.171
226,33,0.147
226,34,0.167
226,35,0.205
226,36,0.645
226,37,0.787
226,38,0.607
226,39,0.748
226,40,2.275
226,41,1.935
226,42,0.529
226,43,1.703
226,44,0.484
226,45,0.349
226,46,0.278
226,47,0.167
226,48,0.147
227,1,0.178
227,2,0.169
227,3,0.151
227,4,0.185
227,5,0.149
227,6,0.182
227,7,0.187
227,8,0.184
227,9,0.296
227,10,0.203
227,11,0.174
227,12,0.199
227,13,0.145
227,14,0.182
227,15,0.178
227,16,0.141
227,17,0.185
227,18,0.15
227,19,0.169
227,20,0.191
227,21,0.202
227,22,0.238
227,23,0.286
227,24,0.244
227,25,2.106
227,26,1.666
227,27,1.791
227,28,0.303
227,29,0.134
227,30,0.184
227,31,0.168
227,32,0.146
227,33,0.185
227,34,0.154
227,35,0.16
227,36,0.179
227,37,0.155
227,38,0.161
227,39,0.18
227,40,1.343
227,41,2.203
227,42,0.839
227,43,0.647
227,44,0.472
227,45,0.499
227,46,0.821
227,47,1.921
227,48,1.67
228,1,0.357
228,2,0.261
228,3,0.287
228,4,0.272
228,5,0.216
228,6,0.196
228,7,0.164
228,8,0.182
228,9,0.203
228,10,0.145
228,11,0.195
228,12,0.175
228,13,0.163
228,14,0.193
228,15,0.151
228,16,0.191
228,17,0.186
228,18,0.155
228,19,0.191
228,20,0.161
228,21,0.236
228,22,1.514
228,23,0.409
228,24,0.429
228,25,0.515
228,26,3.846
228,27,0.547
228,28,0.218
228,29,0.166
228,30,0.192
228,31,0.143
228,32,0.24
228,33,1.095
228,34,1.611
228,35,0.58
228,36,1.895
228,37,2.5
228,38,0.554
228,39,0.407
228,40,0.305
228,41,0.645
228,42,0.673
228,43,0.63
228,44,0.626
228,45,0.652
228,46,0.581
228,47,0.489
228,48,0.469
229,1,0.283
229,2,0.269
229,3,0.196
229,4,0.148
229,5,0.187
229,6,0.169
229,7,0.168
229,8,0.197
229,9,0.151
229,10,0.186
229,11,0.187
229,12,0.148
229,13,0.197
229,14,0.15
229,15,0.184
229,16,0.184
229,17,0.215
229,18,0.34
229,19,0.365
229,20,1.597
229,21,2.279
229,22,0.582
229,23,0.22
229,24,0.187
229,25,0.17
229,26,0.179
229,27,0.174
229,28,0.176
229,29,0.174
229,30,0.174
229,31,0.175
229,32,0.176
229,33,0.174
229,34,0.18
229,35,0.169
229,36,0.178
229,37,0.547
229,38,0.901
229,39,0.823
229,40,0.814
229,41,2.046
229,42,1.893
229,43,0.803
229,44,0.631
229,45,0.614
229,46,0.419
229,47,0.444
229,48,0.376
230,1,0.469
230,2,0.422
230,3,0.412
230,4,0.264
230,5,0.238
230,6,0.155
230,7,0.202
230,8,0.166
230,9,0.215
230,10,0.153
230,11,0.194
230,12,0.159
230,13,0.189
230,14,0.163
230,15,0.183
230,16,0.17
230,17,0.174
230,18,0.177
230,19,0.168
230,20,0.341
230,21,0.36
230,22,0.382
230,23,0.344
230,24,3.025
230,25,1.48
230,26,0.566
230,27,0.143
230,28,0.207
230,29,0.142
230,30,0.205
230,31,0.143
230,32,0.208
230,33,0.143
230,34,0.198
230,35,0.152
230,36,0.191
230,37,0.164
230,38,0.181
230,39,0.453
230,40,0.646
230,41,0.812
230,42,0.98
230,43,0.754
230,44,0.805
230,45,0.761
230,46,1.671
230,47,0.732
230,48,0.36
231,1,0.358
231,2,0.181
231,3,0.194
231,4,0.172
231,5,0.198
231,6,0.169
231,7,0.188
231,8,0.164
231,9,0.193
231,10,0.173
231,11,0.193
231,12,0.158
231,13,0.194
231,14,0.152
231,15,0.199
231,16,0.147
231,17,0.207
231,18,0.144
231,19,0.248
231,20,0.318
231,21,0.415
231,22,1.435
231,23,2.96
231,24,0.552
231,25,0.206
231,26,0.162
231,27,0.191
231,28,0.162
231,29,0.192
231,30,0.161
231,31,0.193
231,32,0.16
231,33,0.196
231,34,0.158
231,35,0.197
231,36,0.159
231,37,0.196
231,38,0.159
231,39,1.874
231,40,1.532
231,41,0.951
231,42,2.549
231,43,2.126
231,44,1.308
231,45,1.046
231,46,0.829
231,47,0.824
231,48,0.822
232,1,0.423
232,2,0.325
232,3,0.173
232,4,0.198
232,5,0.168
232,6,0.201
232,7,0.179
232,8,0.194
232,9,0.164
232,10,0.196
232,11,0.163
232,12,0.194
232,13,0.162
232,14,0.191
232,15,0.172
232,16,1.644
232,17,1.7
232,18,1.384
232,19,0.21
232,20,0.198
232,21,0.147
232,22,0.197
232,23,0.15
232,24,0.195
232,25,0.152
232,26,0.191
232,27,0.158
232,28,0.189
232,29,0.159
232,30,0.187
232,31,0.163
232,32,0.185
232,33,0.165
232,34,0.184
232,35,0.167
232,36,0.182
232,37,0.169
232,38,0.182
232,39,0.169
232,40,0.178
232,41,0.167
232,42,0.177
232,43,0.171
232,44,0.175
232,45,0.174
232,46,0.172
232,47,0.176
232,48,0.167
233,1,0.181
233,2,0.163
233,3,0.183
233,4,0.161
233,5,0.187
233,6,0.157
233,7,0.19
233,8,0.15
233,9,0.193
233,10,0.145
233,11,0.199
233,12,0.141
233,13,0.2
233,14,0.14
233,15,0.2
233,16,0.143
233,17,0.201
233,18,0.141
233,19,0.2
233,20,0.141
233,21,0.201
233,22,0.14
233,23,0.187
233,24,0.151
233,25,0.174
233,26,0.166
233,27,0.165
233,28,0.179
233,29,0.152
233,30,0.19
233,31,0.143
233,32,0.201
233,33,0.142
233,34,0.2
233,35,0.14
233,36,0.202
233,37,0.14
233,38,0.201
233,39,0.142
233,40,0.202
233,41,0.142
233,42,0.2
233,43,0.142
233,44,0.202
233,45,0.142
233,46,0.201
233,47,0.142
233,48,0.198
234,1,0.148
234,2,0.19
234,3,0.153
234,4,0.18
234,5,0.163
234,6,0.174
234,7,0.171
234,8,0.165
234,9,0.179
234,10,0.155
234,11,0.189
234,12,0.143
234,13,0.202
234,14,0.142
234,15,0.201
234,16,0.141
234,17,0.198
234,18,0.141
234,19,0.198
234,20,0.141
234,21,0.189
234,22,0.151
234,23,0.169
234,24,0.167
234,25,0.154
234,26,0.184
234,27,0.141
234,28,0.2
234,29,0.141
234,30,0.198
234,31,0.141
234,32,0.201
234,33,0.14
234,34,0.2
234,35,0.14
234,36,0.2
234,37,0.14
234,38,0.2
234,39,0.14
234,40,0.2
234,41,0.14
234,42,0.2
234,43,0.143
234,44,0.198
234,45,0.147
234,46,0.193
234,47,0.152
234,48,0.191
235,1,0.155
235,2,0.188
235,3,0.157
235,4,0.183
235,5,0.163
235,6,0.179
235,7,0.169
235,8,0.174
235,9,0.17
235,10,0.168
235,11,0.175
235,12,0.163
235,13,0.179
235,14,0.161
235,15,0.182
235,16,0.158
235,17,0.185
235,18,0.153
235,19,0.19
235,20,0.148
235,21,0.192
235,22,0.143
235,23,0.198
235,24,0.141
235,25,0.201
235,26,0.139
235,27,0.2
235,28,0.14
235,29,0.201
235,30,0.14
235,31,0.201
235,32,0.14
235,33,0.201
235,34,0.141
235,35,0.201
235,36,0.14
235,37,0.201
235,38,0.141
235,39,0.203
235,40,0.141
235,41,0.203
235,42,0.141
235,43,0.2
235,44,0.14
235,45,0.202
235,46,0.141
235,47,0.201
235,48,0.142
236,1,0.203
236,2,0.142
236,3,0.203
236,4,0.144
236,5,0.2
236,6,0.142
236,7,0.201
236,8,0.142
236,9,0.201
236,10,0.142
236,11,0.201
236,12,0.141
236,13,0.2
236,14,0.14
236,15,0.194
236,16,0.145
236,17,0.19
236,18,0.152
236,19,0.178
236,20,0.16
236,21,0.164
236,22,0.173
236,23,0.152
236,24,0.186
236,25,0.14
236,26,0.2
236,27,0.141
236,28,0.201
236,29,0.141
236,30,0.201
236,31,0.141
236,32,0.201
236,33,0.142
236,34,0.202
236,35,0.14
236,36,0.197
236,37,0.143
236,38,0.191
236,39,0.151
236,40,0.183
236,41,0.163
236,42,0.555
236,43,0.913
236,44,0.846
236,45,2.01
236,46,0.681
236,47,0.445
236,48,0.335
237,1,0.185
237,2,0.195
237,3,0.137
237,4,0.195
237,5,0.137
237,6,0.196
237,7,0.145
237,8,0.182
237,9,0.15
237,10,0.186
237,11,0.152
237,12,0.172
237,13,0.156
237,14,0.17
237,15,0.152
237,16,0.187
237,17,0.146
237,18,0.293
237,19,2.067
237,20,2.484
237,21,0.202
237,22,0.188
237,23,0.134
237,24,0.191
237,25,0.134
237,26,0.194
237,27,0.135
237,28,0.194
237,29,0.133
237,30,0.193
237,31,0.133
237,32,0.192
237,33,0.133
237,34,0.193
237,35,0.134
237,36,0.193
237,37,0.373
237,38,1.547
237,39,0.634
237,40,0.849
237,41,0.595
237,42,0.673
237,43,1.384
237,44,0.597
237,45,0.646
237,46,0.305
237,47,0.253
237,48,0.253
238,1,0.255
238,2,0.25
238,3,0.233
238,4,0.179
238,5,0.168
238,6,0.159
238,7,0.172
238,8,0.154
238,9,0.177
238,10,0.164
238,11,0.192
238,12,0.144
238,13,0.187
238,14,0.134
238,15,0.195
238,16,0.14
238,17,0.193
238,18,0.134
238,19,0.194
238,20,0.183
238,21,0.366
238,22,0.451
238,23,0.694
238,24,1.407
238,25,2.069
238,26,1.116
238,27,6.406
238,28,1.95
238,29,0.538
238,30,1.14
238,31,0.944
238,32,1.01
238,33,0.32
238,34,0.628
238,35,0.285
238,36,0.631
238,37,0.571
238,38,2.045
238,39,1.576
238,40,0.647
238,41,0.553
238,42,0.564
238,43,0.374
238,44,0.423
238,45,0.407
238,46,0.388
238,47,0.576
238,48,0.267
239,1,0.302
239,2,0.223
239,3,0.202
239,4,0.137
239,5,0.214
239,6,0.144
239,7,0.193
239,8,0.151
239,9,0.185
239,10,0.154
239,11,0.181
239,12,0.161
239,13,0.173
239,14,0.164
239,15,0.169
239,16,0.166
239,17,0.166
239,18,0.195
239,19,0.286
239,20,0.284
239,21,0.358
239,22,0.368
239,23,1.541
239,24,0.383
239,25,0.36
239,26,0.374
239,27,1.77
239,28,0.344
239,29,0.133
239,30,0.195
239,31,0.133
239,32,0.195
239,33,0.134
239,34,0.195
239,35,0.135
239,36,0.198
239,37,0.136
239,38,0.195
239,39,0.362
239,40,0.881
239,41,0.738
239,42,2.162
239,43,2.232
239,44,0.695
239,45,0.606
239,46,0.266
239,47,0.223
239,48,0.142
240,1,0.2
240,2,0.14
240,3,0.196
240,4,0.151
240,5,0.189
240,6,0.165
240,7,0.172
240,8,0.167
240,9,0.166
240,10,0.172
240,11,0.16
240,12,0.173
240,13,0.156
240,14,0.172
240,15,0.157
240,16,0.17
240,17,0.167
240,18,0.163
240,19,0.216
240,20,0.272
240,21,1.887
240,22,0.472
240,23,2.068
240,24,0.158
240,25,0.195
240,26,0.136
240,27,0.194
240,28,0.134
240,29,0.193
240,30,0.134
240,31,0.194
240,32,0.135
240,33,0.195
240,34,0.136
240,35,0.181
240,36,0.147
240,37,0.169
240,38,0.163
240,39,0.581
240,40,0.562
240,41,0.53
240,42,0.617
240,43,0.578
240,44,0.626
240,45,0.464
240,46,0.448
240,47,0.425
240,48,0.413
388,1,0.131
388,2,0.132
388,3,0.18
388,4,0.159
388,5,0.13
388,6,0.131
388,7,0.146
388,8,0.193
388,9,0.131
388,10,0.131
388,11,0.131
388,12,0.205
388,13,0.134
388,14,0.13
388,15,0.13
388,16,0.15
388,17,0.19
388,18,0.13
388,19,0.131
388,20,0.13
388,21,0.187
388,22,0.155
388,23,0.13
388,24,0.13
388,25,0.129
388,26,0.21
388,27,0.129
388,28,0.129
388,29,0.13
388,30,0.13
388,31,0.21
388,32,0.129
388,33,0.129
388,34,0.129
388,35,0.146
388,36,0.191
388,37,0.129
388,38,0.128
388,39,0.129
388,40,0.161
388,41,0.179
388,42,0.129
388,43,0.129
388,44,0.128
388,45,0.168
388,46,0.172
388,47,0.128
388,48,0.128
389,1,0.129
389,2,0.169
389,3,0.17
389,4,0.128
389,5,0.128
389,6,0.129
389,7,0.158
389,8,0.182
389,9,0.129
389,10,0.129
389,11,0.129
389,12,0.133
389,13,0.207
389,14,0.128
389,15,0.128
389,16,0.128
389,17,0.129
389,18,0.198
389,19,0.142
389,20,0.128
389,21,0.128
389,22,0.129
389,23,0.147
389,24,0.194
389,25,0.128
389,26,0.626
389,27,1.746
389,28,1.656
389,29,1.641
389,30,1.648
389,31,1.705
389,32,1.67
389,33,1.673
389,34,1.72
389,35,1.671
389,36,1.784
389,37,1.854
389,38,1.782
389,39,1.798
389,40,1.849
389,41,3.848
389,42,4.018
389,43,2.347
389,44,2.338
389,45,2.348
389,46,1.628
389,47,1.807
389,48,1.268
390,1,1.316
390,2,1.299
390,3,1.289
390,4,1.322
390,5,1.292
390,6,1.283
390,7,1.309
390,8,1.313
390,9,1.295
390,10,1.298
390,11,1.329
390,12,1.286
390,13,1.285
390,14,3.508
390,15,2.947
390,16,0.361
390,17,0.14
390,18,0.125
390,19,0.157
390,20,0.124
390,21,0.125
390,22,0.158
390,23,0.124
390,24,0.125
390,25,0.16
390,26,0.125
390,27,0.125
390,28,0.158
390,29,0.127
390,30,0.158
390,31,0.132
390,32,0.124
390,33,0.162
390,34,0.125
390,35,0.63
390,36,3.589
390,37,3.026
390,38,5.128
390,39,4.603
390,40,2.942
390,41,1.764
390,42,3.038
390,43,2.826
390,44,1.78
390,45,1.794
390,46,1.779
390,47,2.72
390,48,1.465
391,1,1.311
391,2,1.369
391,3,1.328
391,4,1.327
391,5,1.378
391,6,1.343
391,7,1.33
391,8,1.387
391,9,1.4
391,10,1.383
391,11,1.408
391,12,1.398
391,13,1.346
391,14,1.901
391,15,2.79
391,16,0.337
391,17,0.176
391,18,0.13
391,19,0.129
391,20,0.171
391,21,0.129
391,22,0.13
391,23,0.168
391,24,0.13
391,25,0.13
391,26,0.166
391,27,0.128
391,28,0.14
391,29,0.152
391,30,0.128
391,31,0.163
391,32,0.129
391,33,0.13
391,34,0.164
391,35,0.129
391,36,0.141
391,37,0.155
391,38,0.13
391,39,0.168
391,40,0.129
391,41,0.13
391,42,0.168
391,43,1.517
391,44,1.729
391,45,1.621
391,46,1.371
391,47,1.288
391,48,1.221
392,1,1.119
392,2,1.266
392,3,1.171
392,4,1.182
392,5,1.237
392,6,1.06
392,7,1.286
392,8,1.061
392,9,1.235
392,10,1.116
392,11,1.144
392,12,1.153
392,13,1.107
392,14,1.224
392,15,2.985
392,16,0.731
392,17,0.131
392,18,0.13
392,19,0.174
392,20,0.129
392,21,0.141
392,22,0.166
392,23,0.129
392,24,0.147
392,25,0.16
392,26,0.129
392,27,0.153
392,28,0.152
392,29,0.129
392,30,0.168
392,31,0.136
392,32,0.129
392,33,0.179
392,34,0.129
392,35,0.128
392,36,0.18
392,37,0.138
392,38,1.34
392,39,2.288
392,40,1.831
392,41,1.67
392,42,2.254
392,43,5.865
392,44,3.787
392,45,1.419
392,46,1.243
392,47,1.302
392,48,1.084
393,1,1.224
393,2,1.128
393,3,1.081
393,4,1.096
393,5,1.144
393,6,1.076
393,7,1.082
393,8,1.304
393,9,1.246
393,10,1.249
393,11,1.306
393,12,1.241
393,13,1.236
393,14,1.294
393,15,1.946
393,16,0.494
393,17,0.182
393,18,0.129
393,19,0.128
393,20,0.175
393,21,0.134
393,22,0.129
393,23,0.162
393,24,0.169
393,25,0.252
393,26,0.268
393,27,0.275
393,28,0.247
393,29,0.26
393,30,0.328
393,31,0.338
393,32,0.376
393,33,0.397
393,34,0.478
393,35,0.141
393,36,0.18
393,37,0.654
393,38,0.816
393,39,0.917
393,40,0.671
393,41,0.767
393,42,0.702
393,43,0.973
393,44,2.01
393,45,0.569
393,46,0.769
393,47,1.456
393,48,1.15
394,1,0.263
394,2,0.231
394,3,0.279
394,4,0.219
394,5,0.296
394,6,0.219
394,7,0.283
394,8,0.182
394,9,0.186
394,10,0.17
394,11,0.162
394,12,0.189
394,13,0.142
394,14,0.216
394,15,2.249
394,16,0.319
394,17,0.15
394,18,0.159
394,19,0.182
394,20,0.139
394,21,0.2
394,22,0.138
394,23,0.16
394,24,0.178
394,25,0.138
394,26,0.193
394,27,0.145
394,28,0.137
394,29,0.198
394,30,0.137
394,31,0.136
394,32,0.267
394,33,0.818
394,34,2.03
394,35,0.574
394,36,1.499
394,37,4.361
394,38,1.246
394,39,2.133
394,40,3.876
394,41,1.895
394,42,1.724
394,43,0.463
394,44,0.582
394,45,1.617
394,46,1.343
394,47,0.507
394,48,1.232
395,1,0.488
395,2,0.202
395,3,0.137
395,4,0.202
395,5,0.135
395,6,0.165
395,7,0.169
395,8,0.136
395,9,0.198
395,10,0.136
395,11,0.135
395,12,0.197
395,13,0.184
395,14,0.242
395,15,0.238
395,16,0.19
395,17,0.198
395,18,0.248
395,19,0.188
395,20,0.189
395,21,0.25
395,22,0.333
395,23,0.454
395,24,0.533
395,25,0.743
395,26,0.642
395,27,0.648
395,28,0.711
395,29,0.617
395,30,0.611
395,31,0.58
395,32,0.655
395,33,0.585
395,34,0.745
395,35,0.739
395,36,0.724
395,37,0.675
395,38,0.634
395,39,0.699
395,40,0.625
395,41,0.701
395,42,0.587
395,43,0.364
395,44,0.339
395,45,0.342
395,46,0.369
395,47,0.316
395,48,0.392
396,1,0.39
396,2,0.57
396,3,0.43
396,4,0.472
396,5,0.377
396,6,0.245
396,7,0.263
396,8,0.22
396,9,0.291
396,10,0.221
396,11,0.289
396,12,0.222
396,13,0.258
396,14,0.25
396,15,0.224
396,16,0.28
396,17,0.219
396,18,0.284
396,19,0.218
396,20,0.262
396,21,0.465
396,22,0.31
396,23,2.538
396,24,0.263
396,25,0.322
396,26,0.252
396,27,0.304
396,28,0.271
396,29,0.28
396,30,0.529
396,31,1.184
396,32,0.943
396,33,0.685
396,34,0.883
396,35,0.821
396,36,0.864
396,37,0.766
396,38,0.719
396,39,0.401
396,40,0.458
396,41,0.502
396,42,0.633
396,43,0.623
396,44,0.648
396,45,0.596
396,46,0.66
396,47,0.616
396,48,0.249
397,1,0.281
397,2,0.212
397,3,0.28
397,4,0.21
397,5,0.256
397,6,0.233
397,7,0.224
397,8,0.263
397,9,0.21
397,10,0.277
397,11,0.209
397,12,0.26
397,13,0.223
397,14,2.188
397,15,1.661
397,16,0.4
397,17,0.2
397,18,0.135
397,19,0.184
397,20,0.144
397,21,0.134
397,22,0.195
397,23,0.134
397,24,0.166
397,25,0.163
397,26,0.135
397,27,0.189
397,28,0.139
397,29,0.133
397,30,0.194
397,31,0.133
397,32,0.133
397,33,0.194
397,34,0.133
397,35,0.132
397,36,0.194
397,37,0.785
397,38,0.379
397,39,3.057
397,40,0.947
397,41,0.849
397,42,0.779
397,43,0.844
397,44,0.912
397,45,0.726
397,46,0.732
397,47,0.743
397,48,1.257
398,1,0.179
398,2,0.142
398,3,0.205
398,4,0.142
398,5,0.205
398,6,0.141
398,7,0.176
398,8,0.168
398,9,0.141
398,10,0.202
398,11,0.141
398,12,0.18
398,13,0.16
398,14,0.139
398,15,2.179
398,16,0.451
398,17,0.165
398,18,0.172
398,19,0.134
398,20,0.193
398,21,0.14
398,22,0.135
398,23,0.198
398,24,0.135
398,25,0.137
398,26,0.194
398,27,0.136
398,28,0.158
398,29,0.173
398,30,0.134
398,31,0.173
398,32,0.157
398,33,0.135
398,34,0.188
398,35,0.144
398,36,0.242
398,37,2.441
398,38,1.956
398,39,0.971
398,40,2.747
398,41,2.0
398,42,0.971
398,43,0.785
398,44,0.931
398,45,0.508
398,46,0.181
398,47,0.171
398,48,0.15
399,1,0.197
399,2,0.14
399,3,0.202
399,4,0.14
399,5,0.177
399,6,0.167
399,7,0.141
399,8,0.203
399,9,0.141
399,10,0.169
399,11,0.174
399,12,0.139
399,13,0.197
399,14,1.066
399,15,1.545
399,16,0.924
399,17,0.135
399,18,0.143
399,19,0.188
399,20,0.135
399,21,0.154
399,22,0.178
399,23,0.135
399,24,0.156
399,25,0.175
399,26,0.134
399,27,0.157
399,28,0.176
399,29,0.135
399,30,0.153
399,31,0.178
399,32,0.134
399,33,0.147
399,34,0.181
399,35,0.134
399,36,0.144
399,37,0.186
399,38,2.274
399,39,1.729
399,40,1.422
399,41,0.685
399,42,0.396
399,43,0.223
399,44,0.255
399,45,0.588
399,46,0.457
399,47,0.401
399,48,0.451
400,1,0.229
400,2,0.262
400,3,0.212
400,4,0.282
400,5,0.214
400,6,0.26
400,7,0.238
400,8,0.227
400,9,0.27
400,10,0.215
400,11,0.282
400,12,0.214
400,13,0.268
400,14,2.057
400,15,1.21
400,16,0.224
400,17,0.14
400,18,0.2
400,19,0.139
400,20,0.193
400,21,0.145
400,22,0.149
400,23,0.187
400,24,0.138
400,25,0.198
400,26,0.137
400,27,0.144
400,28,0.193
400,29,0.137
400,30,0.186
400,31,0.15
400,32,0.136
400,33,0.198
400,34,0.136
400,35,1.409
400,36,2.135
400,37,3.779
400,38,1.837
400,39,2.334
400,40,2.824
400,41,1.621
400,42,0.586
400,43,0.662
400,44,0.484
400,45,0.318
400,46,0.148
400,47,0.184
400,48,0.165
401,1,0.162
401,2,0.184
401,3,0.14
401,4,0.204
401,5,0.14
401,6,0.203
401,7,0.14
401,8,0.177
401,9,0.164
401,10,0.14
401,11,0.201
401,12,0.139
401,13,0.192
401,14,0.153
401,15,5.562
401,16,0.353
401,17,0.139
401,18,0.177
401,19,0.159
401,20,0.138
401,21,0.2
401,22,0.138
401,23,0.139
401,24,0.2
401,25,0.139
401,26,0.152
401,27,0.187
401,28,0.137
401,29,0.17
401,30,0.165
401,31,0.137
401,32,0.191
401,33,0.145
401,34,0.518
401,35,0.687
401,36,0.386
401,37,0.226
401,38,0.263
401,39,0.212
401,40,0.276
401,41,0.214
401,42,0.232
401,43,0.259
401,44,0.214
401,45,0.279
401,46,0.213
401,47,0.261
401,48,0.233
402,1,0.244
402,2,1.398
402,3,0.726
402,4,0.459
402,5,1.376
402,6,1.234
402,7,0.286
402,8,0.24
402,9,0.259
402,10,0.214
402,11,0.284
402,12,0.215
402,13,0.284
402,14,0.213
402,15,0.262
402,16,0.236
402,17,0.239
402,18,0.26
402,19,0.26
402,20,0.854
402,21,0.584
402,22,0.779
402,23,0.645
402,24,0.719
402,25,0.447
402,26,0.769
402,27,0.449
402,28,0.566
402,29,0.577
402,30,0.608
402,31,0.47
402,32,0.478
402,33,0.469
402,34,0.459
402,35,0.477
402,36,0.508
402,37,1.011
402,38,0.97
402,39,1.042
402,40,0.984
402,41,3.086
402,42,1.035
402,43,2.35
402,44,1.357
402,45,0.607
402,46,0.505
402,47,0.58
402,48,0.522
403,1,0.6
403,2,0.535
403,3,0.447
403,4,0.282
403,5,0.191
403,6,0.156
403,7,0.182
403,8,0.162
403,9,0.168
403,10,0.168
403,11,0.145
403,12,0.187
403,13,0.136
403,14,0.194
403,15,0.136
403,16,0.182
403,17,0.15
403,18,0.172
403,19,1.893
403,20,1.107
403,21,0.744
403,22,1.26
403,23,1.503
403,24,0.861
403,25,0.278
403,26,0.299
403,27,0.319
403,28,0.277
403,29,0.435
403,30,0.426
403,31,0.433
403,32,1.635
403,33,1.921
403,34,0.842
403,35,0.491
403,36,1.691
403,37,1.212
403,38,1.15
403,39,1.805
403,40,2.894
403,41,2.862
403,42,2.593
403,43,0.772
403,44,0.553
403,45,0.745
403,46,1.629
403,47,1.462
403,48,1.05
404,1,0.239
404,2,0.154
404,3,0.194
404,4,0.143
404,5,0.204
404,6,0.14
404,7,0.2
404,8,0.14
404,9,0.19
404,10,0.15
404,11,0.149
404,12,0.189
404,13,0.14
404,14,1.233
404,15,1.711
404,16,0.221
404,17,0.184
404,18,0.139
404,19,0.194
404,20,0.144
404,21,0.138
404,22,0.197
404,23,0.138
404,24,0.148
404,25,0.191
404,26,0.14
404,27,0.166
404,28,0.171
404,29,0.139
404,30,0.18
404,31,0.157
404,32,0.138
404,33,0.188
404,34,0.147
404,35,0.137
404,36,0.195
404,37,0.14
404,38,0.475
404,39,0.754
404,40,1.178
404,41,2.375
404,42,1.015
404,43,0.661
404,44,0.86
404,45,0.449
404,46,0.783
404,47,1.222
404,48,0.158
405,1,0.197
405,2,0.141
405,3,0.203
405,4,0.141
405,5,0.185
405,6,0.159
405,7,0.141
405,8,0.202
405,9,0.141
405,10,0.177
405,11,0.16
405,12,0.139
405,13,0.199
405,14,0.139
405,15,2.232
405,16,0.431
405,17,0.139
405,18,0.138
405,19,0.197
405,20,0.137
405,21,0.136
405,22,0.195
405,23,0.137
405,24,0.136
405,25,0.193
405,26,0.136
405,27,0.136
405,28,0.193
405,29,0.136
405,30,0.135
405,31,0.193
405,32,0.135
405,33,0.136
405,34,0.192
405,35,0.137
405,36,0.218
405,37,2.402
405,38,3.328
405,39,2.151
405,40,2.265
405,41,1.095
405,42,1.122
405,43,1.107
405,44,1.088
405,45,1.092
405,46,0.317
405,47,0.32
405,48,0.257
406,1,0.291
406,2,0.287
406,3,0.259
406,4,0.323
406,5,0.258
406,6,0.306
406,7,0.268
406,8,0.257
406,9,0.321
406,10,0.257
406,11,0.302
406,12,0.274
406,13,0.258
406,14,0.567
406,15,2.167
406,16,0.389
406,17,0.246
406,18,0.212
406,19,0.271
406,20,0.211
406,21,0.209
406,22,0.271
406,23,0.21
406,24,0.231
406,25,0.248
406,26,0.209
406,27,0.263
406,28,0.217
406,29,0.209
406,30,0.272
406,31,0.208
406,32,0.235
406,33,0.249
406,34,0.21
406,35,0.268
406,36,0.573
406,37,1.021
406,38,0.787
406,39,0.808
406,40,0.886
406,41,0.878
406,42,0.878
406,43,0.725
406,44,0.755
406,45,0.575
406,46,0.277
406,47,0.307
406,48,0.26
407,1,0.329
407,2,0.264
407,3,0.328
407,4,0.262
407,5,0.296
407,6,0.288
407,7,0.261
407,8,0.325
407,9,0.262
407,10,0.325
407,11,0.262
407,12,0.28
407,13,0.306
407,14,1.029
407,15,2.416
407,16,0.697
407,17,0.324
407,18,0.335
407,19,0.295
407,20,0.356
407,21,0.294
407,22,0.311
407,23,0.333
407,24,0.292
407,25,0.356
407,26,0.292
407,27,0.303
407,28,0.351
407,29,0.294
407,30,0.352
407,31,0.301
407,32,0.303
407,33,0.355
407,34,0.295
407,35,0.355
407,36,0.295
407,37,0.756
407,38,0.872
407,39,0.88
407,40,0.946
407,41,2.444
407,42,1.172
407,43,1.198
407,44,1.965
407,45,1.513
407,46,0.266
407,47,0.335
407,48,0.264
408,1,0.314
408,2,0.279
408,3,0.296
408,4,0.304
408,5,0.27
408,6,0.329
408,7,0.264
408,8,0.338
408,9,0.265
408,10,0.335
408,11,0.272
408,12,0.314
408,13,0.287
408,14,1.647
408,15,1.562
408,16,1.818
408,17,1.54
408,18,0.207
408,19,0.271
408,20,0.205
408,21,0.267
408,22,0.205
408,23,0.241
408,24,0.233
408,25,0.205
408,26,0.268
408,27,0.206
408,28,0.264
408,29,0.213
408,30,0.217
408,31,0.26
408,32,0.206
408,33,0.66
408,34,0.833
408,35,0.818
408,36,0.877
408,37,0.862
408,38,0.904
408,39,0.798
408,40,2.282
408,41,2.174
408,42,1.826
408,43,1.764
408,44,0.92
408,45,1.288
408,46,1.983
408,47,0.934
408,48,0.226
409,1,0.22
409,2,0.156
409,3,0.221
409,4,0.156
409,5,0.216
409,6,0.153
409,7,0.212
409,8,0.156
409,9,0.171
409,10,0.196
409,11,0.153
409,12,0.213
409,13,0.152
409,14,0.154
409,15,0.235
409,16,3.532
409,17,1.42
409,18,0.159
409,19,0.138
409,20,0.199
409,21,0.139
409,22,0.138
409,23,0.199
409,24,0.137
409,25,0.137
409,26,0.197
409,27,0.138
409,28,0.138
409,29,0.199
409,30,0.139
409,31,0.138
409,32,0.197
409,33,0.137
409,34,0.138
409,35,0.277
409,36,0.913
409,37,1.002
409,38,1.065
409,39,0.975
409,40,1.028
409,41,1.023
409,42,0.776
409,43,0.786
409,44,0.656
409,45,0.451
409,46,0.395
409,47,0.421
409,48,0.453
410,1,0.466
410,2,0.599
410,3,0.455
410,4,0.561
410,5,0.499
410,6,0.529
410,7,0.19
410,8,0.151
410,9,0.184
410,10,0.137
410,11,0.197
410,12,0.137
410,13,0.152
410,14,0.183
410,15,0.136
410,16,0.177
410,17,0.154
410,18,0.135
410,19,0.193
410,20,0.166
410,21,0.366
410,22,0.468
410,23,0.435
410,24,0.355
410,25,0.702
410,26,2.081
410,27,2.363
410,28,0.872
410,29,0.594
410,30,2.015
410,31,0.947
410,32,0.946
410,33,0.233
410,34,0.268
410,35,0.212
410,36,0.281
410,37,0.54
410,38,0.964
410,39,0.964
410,40,0.818
410,41,1.104
410,42,2.622
410,43,1.251
410,44,2.392
410,45,1.929
410,46,1.192
410,47,0.167
410,48,0.174
411,1,0.168
411,2,0.165
411,3,0.175
411,4,0.146
411,5,0.19
411,6,0.137
411,7,0.196
411,8,0.136
411,9,0.19
411,10,0.142
411,11,0.145
411,12,0.185
411,13,0.135
411,14,2.661
411,15,1.582
411,16,0.397
411,17,0.189
411,18,0.135
411,19,0.178
411,20,0.152
411,21,0.134
411,22,0.196
411,23,0.134
411,24,0.134
411,25,0.195
411,26,0.134
411,27,0.138
411,28,0.19
411,29,0.134
411,30,0.154
411,31,0.173
411,32,0.134
411,33,0.171
411,34,0.211
411,35,0.718
411,36,4.035
411,37,1.064
411,38,0.729
411,39,0.263
411,40,0.226
411,41,0.294
411,42,0.226
411,43,0.292
411,44,0.231
411,45,0.263
411,46,0.262
411,47,0.228
411,48,0.599
412,1,0.245
412,2,0.281
412,3,0.212
412,4,0.253
412,5,0.244
412,6,0.222
412,7,0.276
412,8,0.215
412,9,0.281
412,10,0.211
412,11,0.264
412,12,0.229
412,13,0.237
412,14,0.258
412,15,2.829
412,16,0.407
412,17,0.14
412,18,0.202
412,19,0.14
412,20,0.165
412,21,0.173
412,22,0.138
412,23,0.199
412,24,0.139
412,25,0.15
412,26,0.187
412,27,0.137
412,28,0.18
412,29,0.156
412,30,0.138
412,31,0.198
412,32,0.138
412,33,0.139
412,34,0.2
412,35,0.137
412,36,0.137
412,37,0.199
412,38,0.138
412,39,0.138
412,40,1.056
412,41,0.653
412,42,0.678
412,43,0.7
412,44,0.663
412,45,0.681
412,46,0.65
412,47,0.93
412,48,2.099
413,1,1.522
413,2,0.269
413,3,0.207
413,4,0.275
413,5,0.21
413,6,0.247
413,7,0.235
413,8,0.209
413,9,0.275
413,10,0.211
413,11,0.267
413,12,0.217
413,13,0.219
413,14,0.261
413,15,0.229
413,16,2.209
413,17,0.631
413,18,0.235
413,19,0.246
413,20,0.208
413,21,0.269
413,22,0.206
413,23,0.235
413,24,0.243
413,25,0.207
413,26,0.271
413,27,0.209
413,28,0.237
413,29,0.244
413,30,0.208
413,31,0.272
413,32,0.209
413,33,0.246
413,34,0.233
413,35,0.602
413,36,1.162
413,37,0.706
413,38,0.272
413,39,0.219
413,40,0.239
413,41,2.404
413,42,2.691
413,43,1.604
413,44,0.815
413,45,1.499
413,46,1.488
413,47,0.271
413,48,0.247
414,1,0.233
414,2,0.269
414,3,0.218
414,4,0.286
414,5,0.219
414,6,0.28
414,7,0.223
414,8,0.253
414,9,0.252
414,10,0.221
414,11,0.285
414,12,0.219
414,13,0.285
414,14,2.174
414,15,1.618
414,16,0.859
414,17,0.214
414,18,0.276
414,19,0.214
414,20,0.277
414,21,0.215
414,22,0.233
414,23,0.252
414,24,0.211
414,25,0.275
414,26,0.213
414,27,0.252
414,28,0.239
414,29,0.214
414,30,0.277
414,31,0.213
414,32,0.267
414,33,0.225
414,34,0.221
414,35,0.267
414,36,0.213
414,37,0.276
414,38,0.538
414,39,0.788
414,40,0.736
414,41,0.7
414,42,0.738
414,43,0.718
414,44,0.532
414,45,0.24
414,46,0.209
414,47,0.274
414,48,0.209
415,1,0.276
415,2,0.213
415,3,0.25
415,4,0.241
415,5,0.214
415,6,0.276
415,7,0.213
415,8,0.278
415,9,0.214
415,10,0.25
415,11,0.242
415,12,0.213
415,13,0.277
415,14,0.431
415,15,1.784
415,16,0.355
415,17,0.256
415,18,0.234
415,19,0.219
415,20,0.268
415,21,0.212
415,22,0.274
415,23,0.21
415,24,0.243
415,25,0.241
415,26,0.208
415,27,0.275
415,28,0.212
415,29,0.271
415,30,0.215
415,31,0.233
415,32,0.254
415,33,0.21
415,34,0.276
415,35,0.211
415,36,0.451
415,37,0.891
415,38,2.79
415,39,3.601
415,40,1.978
415,41,1.773
415,42,0.9
415,43,0.997
415,44,0.841
415,45,0.962
415,46,0.946
415,47,0.787
415,48,0.5
