213,1,0.101
213,2,0.109
213,3,0.109
213,4,0.102
213,5,0.109
213,6,0.103
213,7,0.11
213,8,0.103
213,9,0.111
213,10,0.103
213,11,0.111
213,12,0.101
213,13,0.108
213,14,0.108
213,15,0.1
213,16,0.107
213,17,0.108
213,18,0.223
213,19,0.135
213,20,0.131
213,21,0.13
213,22,0.129
213,23,0.114
213,24,0.117
213,25,0.131
213,26,0.131
213,27,0.101
213,28,0.13
213,29,0.124
213,30,0.112
213,31,0.128
213,32,0.112
213,33,4.016
213,34,0.236
213,35,0.137
213,36,0.121
213,37,0.106
213,38,0.129
213,39,0.105
213,40,0.129
213,41,0.098
213,42,0.131
213,43,0.107
213,44,0.13
213,45,0.1
213,46,0.132
213,47,0.109
213,48,0.121
214,1,0.114
214,2,0.104
214,3,0.13
214,4,0.111
214,5,0.127
214,6,0.11
214,7,0.124
214,8,0.107
214,9,0.132
214,10,0.104
214,11,0.107
214,12,0.132
214,13,0.107
214,14,0.132
214,15,0.105
214,16,0.113
214,17,0.125
214,18,0.102
214,19,0.133
214,20,0.108
214,21,0.123
214,22,0.106
214,23,0.116
214,24,0.116
214,25,0.11
214,26,0.118
214,27,0.112
214,28,0.114
214,29,0.121
214,30,0.108
214,31,0.121
214,32,0.107
214,33,0.122
214,34,0.104
214,35,0.126
214,36,0.104
214,37,0.124
214,38,0.131
214,39,0.19
214,40,0.127
214,41,0.106
214,42,0.121
214,43,0.11
214,44,0.127
214,45,0.102
214,46,0.129
214,47,0.102
214,48,0.13
215,1,0.151
215,2,0.158
215,3,0.103
215,4,0.129
215,5,0.11
215,6,0.124
215,7,0.107
215,8,0.126
215,9,0.104
215,10,0.129
215,11,0.111
215,12,0.122
215,13,0.116
215,14,0.114
215,15,0.12
215,16,0.11
215,17,0.128
215,18,0.101
215,19,0.127
215,20,0.099
215,21,0.128
215,22,0.099
215,23,0.127
215,24,0.099
215,25,0.127
215,26,0.108
215,27,0.111
215,28,0.128
215,29,0.101
215,30,0.121
215,31,0.107
215,32,0.121
215,33,0.124
215,34,0.425
215,35,0.139
215,36,0.102
215,37,0.129
215,38,0.101
215,39,0.127
215,40,0.125
215,41,0.1
215,42,0.128
215,43,0.101
215,44,0.129
215,45,0.1
215,46,0.129
215,47,0.125
215,48,0.12
216,1,0.121
216,2,0.109
216,3,0.125
216,4,0.102
216,5,0.132
216,6,0.104
216,7,0.124
216,8,0.113
216,9,0.115
216,10,0.132
216,11,0.104
216,12,0.124
216,13,0.103
216,14,0.13
216,15,0.103
216,16,0.122
216,17,0.407
216,18,0.253
216,19,0.269
216,20,0.218
216,21,0.147
216,22,0.118
216,23,0.144
216,24,0.138
216,25,0.116
216,26,0.143
216,27,0.116
216,28,0.138
216,29,0.146
216,30,0.64
216,31,0.241
216,32,0.111
216,33,0.114
216,34,0.128
216,35,0.1
216,36,0.121
216,37,0.111
216,38,0.12
216,39,0.124
216,40,0.102
216,41,0.128
216,42,0.106
216,43,0.123
216,44,0.123
216,45,0.103
216,46,0.131
216,47,0.12
216,48,0.125
217,1,0.107
217,2,0.124
217,3,0.117
217,4,0.117
217,5,0.13
217,6,0.102
217,7,0.131
217,8,0.103
217,9,0.132
217,10,0.103
217,11,0.127
217,12,0.111
217,13,0.124
217,14,0.109
217,15,0.122
217,16,0.108
217,17,0.227
217,18,0.252
217,19,0.266
217,20,0.272
217,21,0.24
217,22,0.166
217,23,0.117
217,24,0.13
217,25,0.105
217,26,0.119
217,27,0.13
217,28,0.101
217,29,0.124
217,30,0.145
217,31,0.11
217,32,0.123
217,33,1.12
217,34,0.229
217,35,0.201
217,36,0.146
217,37,0.159
217,38,0.153
217,39,0.111
217,40,0.124
217,41,0.104
217,42,0.133
217,43,0.12
217,44,0.106
217,45,0.131
217,46,0.104
217,47,0.143
217,48,0.108
218,1,0.126
218,2,0.123
218,3,0.112
218,4,0.127
218,5,0.113
218,6,0.126
218,7,0.106
218,8,0.134
218,9,0.104
218,10,0.132
218,11,0.116
218,12,0.122
218,13,0.132
218,14,0.104
218,15,0.13
218,16,0.107
218,17,0.15
218,18,0.145
218,19,0.166
218,20,0.136
218,21,0.163
218,22,0.135
218,23,0.131
218,24,0.11
218,25,0.123
218,26,0.127
218,27,0.105
218,28,0.153
218,29,0.128
218,30,0.123
218,31,0.102
218,32,0.129
218,33,0.122
218,34,0.109
218,35,0.123
218,36,0.122
218,37,0.155
218,38,0.13
218,39,0.103
218,40,0.13
218,41,0.103
218,42,0.131
218,43,0.115
218,44,0.119
218,45,0.125
218,46,0.413
218,47,0.131
218,48,0.108
219,1,0.127
219,2,0.123
219,3,0.114
219,4,0.133
219,5,0.106
219,6,0.13
219,7,0.113
219,8,0.126
219,9,0.114
219,10,0.126
219,11,0.112
219,12,0.132
219,13,0.107
219,14,0.129
219,15,0.11
219,16,0.131
219,17,0.129
219,18,0.208
219,19,0.216
219,20,0.139
219,21,0.161
219,22,0.116
219,23,0.114
219,24,0.129
219,25,0.101
219,26,0.124
219,27,0.125
219,28,0.106
219,29,0.129
219,30,0.102
219,31,0.129
219,32,0.122
219,33,0.11
219,34,0.145
219,35,0.102
219,36,0.143
219,37,0.16
219,38,0.142
219,39,0.124
219,40,0.248
219,41,0.132
219,42,0.111
219,43,0.123
219,44,0.132
219,45,0.105
219,46,0.167
219,47,0.148
219,48,0.131
220,1,0.104
220,2,0.132
220,3,0.102
220,4,0.13
220,5,0.104
220,6,0.129
220,7,0.124
220,8,0.108
220,9,0.13
220,10,0.102
220,11,0.13
220,12,0.102
220,13,0.131
220,14,0.103
220,15,0.13
220,16,0.101
220,17,0.142
220,18,0.14
220,19,0.105
220,20,0.149
220,21,0.123
220,22,0.71
220,23,0.122
220,24,0.122
220,25,0.108
220,26,0.128
220,27,0.105
220,28,0.128
220,29,0.122
220,30,0.102
220,31,0.556
220,32,0.263
220,33,0.102
220,34,0.13
220,35,0.123
220,36,0.104
220,37,0.125
220,38,0.109
220,39,0.126
220,40,0.125
220,41,0.105
220,42,0.126
220,43,0.111
220,44,0.124
220,45,0.121
220,46,0.112
220,47,0.131
220,48,0.104
221,1,0.132
221,2,0.105
221,3,0.133
221,4,0.106
221,5,0.127
221,6,0.114
221,7,0.13
221,8,0.118
221,9,0.118
221,10,0.125
221,11,0.112
221,12,0.125
221,13,0.109
221,14,0.131
221,15,0.105
221,16,0.143
221,17,0.126
221,18,0.132
221,19,2.104
221,20,3.518
221,21,3.142
221,22,0.123
221,23,0.05
221,24,0.039
221,25,0.042
221,26,0.049
221,27,0.049
221,28,0.048
221,29,0.038
221,30,0.043
221,31,0.049
221,32,0.048
221,33,0.047
221,34,0.034
221,35,0.048
221,36,0.074
221,37,0.063
221,38,0.033
221,39,0.033
221,40,0.02
221,41,0.026
221,42,0.032
221,43,0.032
221,44,0.014
221,45,0.032
221,46,0.078
221,47,0.027
221,48,0.025
222,1,0.033
222,2,0.024
222,3,0.054
222,4,0.037
222,5,0.015
222,6,0.033
222,7,0.026
222,8,0.021
222,9,0.033
222,10,0.015
222,11,0.033
222,12,0.031
222,13,0.017
222,14,0.032
222,15,0.015
222,16,0.032
222,17,0.031
222,18,0.016
222,19,0.032
222,20,0.014
222,21,0.043
222,22,0.032
222,23,0.014
222,24,0.031
222,25,0.032
222,26,0.014
222,27,0.032
222,28,0.057
222,29,0.018
222,30,0.032
222,31,0.023
222,32,0.023
222,33,0.032
222,34,0.021
222,35,0.025
222,36,0.034
222,37,0.047
222,38,0.029
222,39,0.032
222,40,0.014
222,41,0.032
222,42,0.033
222,43,0.014
222,44,0.032
222,45,0.073
222,46,0.074
222,47,0.053
222,48,0.015
223,1,0.033
223,2,0.033
223,3,0.015
223,4,0.032
223,5,0.015
223,6,0.032
223,7,0.015
223,8,0.032
223,9,0.03
223,10,0.017
223,11,0.032
223,12,0.015
223,13,0.032
223,14,0.015
223,15,0.032
223,16,0.014
223,17,0.043
223,18,0.014
223,19,0.374
223,20,0.119
223,21,0.069
223,22,0.052
223,23,0.067
223,24,0.047
223,25,0.014
223,26,0.033
223,27,0.033
223,28,0.024
223,29,0.031
223,30,0.067
223,31,0.066
223,32,0.016
223,33,0.033
223,34,0.03
223,35,0.017
223,36,0.032
223,37,0.024
223,38,0.022
223,39,0.033
223,40,0.014
223,41,0.033
223,42,0.032
223,43,0.014
223,44,0.032
223,45,0.091
223,46,0.556
223,47,0.077
223,48,0.015
224,1,0.032
224,2,0.033
224,3,0.015
224,4,0.033
224,5,0.015
224,6,0.033
224,7,0.033
224,8,0.014
224,9,0.032
224,10,0.014
224,11,0.031
224,12,0.018
224,13,0.027
224,14,0.031
224,15,0.015
224,16,0.032
224,17,0.037
224,18,0.114
224,19,0.105
224,20,0.055
224,21,0.061
224,22,0.048
224,23,0.014
224,24,0.031
224,25,0.031
224,26,0.014
224,27,0.032
224,28,0.032
224,29,0.014
224,30,0.044
224,31,0.032
224,32,0.036
224,33,0.047
224,34,0.019
224,35,0.026
224,36,0.034
224,37,0.05
224,38,0.069
224,39,0.058
224,40,0.012
224,41,0.03
224,42,0.029
224,43,0.012
224,44,0.03
224,45,0.013
224,46,0.03
224,47,0.03
224,48,0.013
225,1,0.03
225,2,0.017
225,3,0.026
225,4,0.03
225,5,0.012
225,6,0.029
225,7,0.012
225,8,0.029
225,9,0.029
225,10,0.012
225,11,0.029
225,12,0.012
225,13,0.029
225,14,0.027
225,15,0.015
225,16,0.028
225,17,0.238
225,18,0.159
225,19,0.08
225,20,0.069
225,21,0.085
225,22,0.043
225,23,0.048
225,24,0.048
225,25,0.032
225,26,0.048
225,27,0.034
225,28,0.046
225,29,0.048
225,30,0.032
225,31,0.048
225,32,0.049
225,33,0.032
225,34,0.049
225,35,0.041
225,36,0.046
225,37,0.085
225,38,0.061
225,39,0.049
225,40,0.049
225,41,0.032
225,42,0.049
225,43,0.049
225,44,0.033
225,45,0.064
225,46,0.157
225,47,0.047
225,48,0.048
226,1,0.031
226,2,0.048
226,3,0.031
226,4,0.047
226,5,0.046
226,6,0.032
226,7,0.047
226,8,0.03
226,9,0.047
226,10,0.033
226,11,0.044
226,12,0.047
226,13,0.03
226,14,0.047
226,15,0.03
226,16,0.047
226,17,0.11
226,18,0.528
226,19,0.29
226,20,0.465
226,21,0.316
226,22,0.035
226,23,0.035
226,24,0.014
226,25,0.032
226,26,0.031
226,27,0.014
226,28,0.033
226,29,0.047
226,30,0.016
226,31,0.042
226,32,0.048
226,33,0.016
226,34,0.032
226,35,0.032
226,36,0.023
226,37,0.066
226,38,0.039
226,39,0.015
226,40,0.033
226,41,0.033
226,42,0.02
226,43,0.04
226,44,0.022
226,45,0.026
226,46,0.103
226,47,0.046
226,48,0.03
227,1,0.031
227,2,0.013
227,3,0.031
227,4,0.019
227,5,0.025
227,6,0.032
227,7,0.013
227,8,0.031
227,9,0.031
227,10,0.013
227,11,0.031
227,12,0.013
227,13,0.031
227,14,0.031
227,15,0.013
227,16,0.031
227,17,0.116
227,18,0.716
227,19,0.05
227,20,0.033
227,21,0.032
227,22,0.152
227,23,0.095
227,24,0.18
227,25,0.106
227,26,0.085
227,27,0.122
227,28,0.397
227,29,0.142
227,30,0.153
227,31,0.178
227,32,0.133
227,33,0.091
227,34,0.106
227,35,0.586
227,36,0.253
227,37,0.188
227,38,0.241
227,39,0.219
227,40,0.235
227,41,0.198
227,42,0.465
227,43,2.076
227,44,0.167
227,45,0.22
227,46,0.097
227,47,0.047
227,48,0.099
228,1,0.085
228,2,0.078
228,3,0.212
228,4,0.054
228,5,0.05
228,6,0.076
228,7,0.049
228,8,0.064
228,9,0.06
228,10,0.046
228,11,0.081
228,12,0.049
228,13,0.062
228,14,0.066
228,15,0.04
228,16,0.084
228,17,0.026
228,18,0.077
228,19,0.058
228,20,0.045
228,21,0.082
228,22,0.033
228,23,0.094
228,24,0.054
228,25,0.084
228,26,0.156
228,27,0.095
228,28,0.061
228,29,0.062
228,30,0.06
228,31,0.115
228,32,0.26
228,33,0.041
228,34,0.065
228,35,0.077
228,36,0.031
228,37,0.076
228,38,0.052
228,39,0.051
228,40,0.06
228,41,0.081
228,42,0.053
228,43,0.061
228,44,0.063
228,45,0.039
228,46,0.083
228,47,0.036
228,48,0.066
229,1,0.165
229,2,0.172
229,3,0.203
229,4,0.174
229,5,0.183
229,6,0.19
229,7,0.179
229,8,0.173
229,9,0.2
229,10,0.153
229,11,0.209
229,12,0.168
229,13,0.185
229,14,0.201
229,15,0.149
229,16,0.204
229,17,0.161
229,18,0.187
229,19,0.177
229,20,0.166
229,21,0.18
229,22,0.179
229,23,0.084
229,24,0.064
229,25,0.05
229,26,0.051
229,27,0.074
229,28,0.048
229,29,0.099
229,30,0.073
229,31,0.105
229,32,0.222
229,33,0.224
229,34,0.195
229,35,0.088
229,36,0.081
229,37,0.198
229,38,0.223
229,39,0.169
229,40,0.224
229,41,0.208
229,42,1.234
229,43,0.258
229,44,0.937
229,45,1.244
229,46,0.306
229,47,0.422
229,48,1.253
230,1,2.074
230,2,2.066
230,3,1.121
230,4,0.198
230,5,0.186
230,6,0.074
230,7,0.068
230,8,0.091
230,9,0.064
230,10,0.09
230,11,0.069
230,12,0.069
230,13,0.086
230,14,0.056
230,15,0.099
230,16,0.064
230,17,0.101
230,18,0.146
230,19,0.102
230,20,0.135
230,21,0.101
230,22,0.106
230,23,0.078
230,24,0.059
230,25,0.098
230,26,0.086
230,27,0.177
230,28,0.358
230,29,1.839
230,30,1.096
230,31,0.144
230,32,0.188
230,33,0.776
230,34,0.067
230,35,0.058
230,36,0.069
230,37,0.035
230,38,0.083
230,39,0.064
230,40,0.04
230,41,0.084
230,42,0.044
230,43,0.086
230,44,0.28
230,45,1.729
230,46,2.05
230,47,0.265
230,48,0.968
231,1,1.249
231,2,0.675
231,3,0.26
231,4,0.202
231,5,0.173
231,6,0.099
231,7,0.094
231,8,0.055
231,9,0.106
231,10,0.082
231,11,0.067
231,12,0.105
231,13,0.053
231,14,0.097
231,15,0.093
231,16,0.058
231,17,0.2
231,18,0.151
231,19,0.079
231,20,0.119
231,21,0.071
231,22,0.098
231,23,0.074
231,24,0.07
231,25,0.172
231,26,0.147
231,27,0.696
231,28,3.726
231,29,1.713
231,30,1.941
231,31,1.161
231,32,0.182
231,33,0.423
231,34,0.182
231,35,0.17
231,36,0.383
231,37,1.026
231,38,0.251
231,39,0.254
231,40,0.192
231,41,0.213
231,42,0.188
231,43,0.206
231,44,0.198
231,45,0.19
231,46,0.27
231,47,0.222
231,48,1.934
232,1,2.14
232,2,0.233
232,3,0.249
232,4,0.237
232,5,0.216
232,6,0.085
232,7,0.035
232,8,0.072
232,9,0.068
232,10,0.04
232,11,0.084
232,12,0.049
232,13,0.058
232,14,0.067
232,15,0.044
232,16,0.076
232,17,0.124
232,18,0.204
232,19,0.165
232,20,0.111
232,21,0.131
232,22,0.041
232,23,0.074
232,24,0.056
232,25,0.086
232,26,0.477
232,27,1.907
232,28,1.592
232,29,0.519
232,30,0.177
232,31,0.078
232,32,0.078
232,33,0.159
232,34,0.194
232,35,0.211
232,36,0.133
232,37,0.087
232,38,0.111
232,39,0.101
232,40,0.094
232,41,0.108
232,42,0.113
232,43,0.175
232,44,0.178
232,45,0.18
232,46,0.546
232,47,0.103
232,48,0.107
233,1,0.091
233,2,0.093
233,3,0.096
233,4,0.089
233,5,0.088
233,6,0.096
233,7,0.096
233,8,0.078
233,9,0.114
233,10,0.063
233,11,0.122
233,12,0.06
233,13,0.11
233,14,0.069
233,15,0.103
233,16,0.077
233,17,0.188
233,18,0.2
233,19,0.176
233,20,0.085
233,21,0.096
233,22,0.084
233,23,0.066
233,24,0.045
233,25,0.061
233,26,0.066
233,27,0.04
233,28,0.098
233,29,0.121
233,30,0.093
233,31,0.102
233,32,0.323
233,33,0.61
233,34,0.473
233,35,0.3
233,36,1.617
233,37,1.796
233,38,0.066
233,39,0.028
233,40,0.018
233,41,0.025
233,42,0.029
233,43,0.015
233,44,0.029
233,45,0.036
233,46,0.09
233,47,0.066
233,48,0.027
234,1,0.027
234,2,0.013
234,3,0.027
234,4,0.027
234,5,0.021
234,6,0.018
234,7,0.027
234,8,0.02
234,9,0.02
234,10,0.027
234,11,0.013
234,12,0.027
234,13,0.027
234,14,0.013
234,15,0.027
234,16,0.013
234,17,0.062
234,18,0.14
234,19,0.596
234,20,1.265
234,21,0.013
234,22,0.026
234,23,0.026
234,24,0.012
234,25,0.026
234,26,0.019
234,27,0.019
234,28,0.027
234,29,0.041
234,30,0.051
234,31,0.028
234,32,0.014
234,33,0.029
234,34,0.029
234,35,0.014
234,36,0.033
234,37,0.044
234,38,0.029
234,39,0.029
234,40,0.014
234,41,0.029
234,42,0.015
234,43,0.031
234,44,0.03
234,45,0.017
234,46,0.135
234,47,0.012
234,48,0.027
235,1,0.016
235,2,0.024
235,3,0.028
235,4,0.013
235,5,0.028
235,6,0.013
235,7,0.028
235,8,0.016
235,9,0.026
235,10,0.029
235,11,0.013
235,12,0.028
235,13,0.013
235,14,0.028
235,15,0.013
235,16,0.028
235,17,0.038
235,18,0.013
235,19,0.031
235,20,0.028
235,21,0.013
235,22,0.028
235,23,0.034
235,24,0.453
235,25,0.049
235,26,0.027
235,27,0.012
235,28,0.027
235,29,0.027
235,30,0.012
235,31,0.028
235,32,0.028
235,33,0.012
235,34,0.028
235,35,0.012
235,36,0.027
235,37,0.03
235,38,0.375
235,39,0.028
235,40,0.028
235,41,0.012
235,42,0.027
235,43,0.012
235,44,0.027
235,45,0.021
235,46,0.019
235,47,0.028
235,48,0.012
236,1,0.028
236,2,0.013
236,3,0.028
236,4,0.013
236,5,0.028
236,6,0.013
236,7,0.028
236,8,0.022
236,9,0.019
236,10,0.028
236,11,0.013
236,12,0.028
236,13,0.013
236,14,0.028
236,15,0.013
236,16,0.027
236,17,0.013
236,18,0.027
236,19,0.012
236,20,0.027
236,21,0.013
236,22,0.028
236,23,0.013
236,24,3.615
236,25,0.148
236,26,0.012
236,27,0.028
236,28,0.018
236,29,0.023
236,30,0.028
236,31,0.012
236,32,0.028
236,33,0.013
236,34,0.028
236,35,0.028
236,36,0.012
236,37,0.027
236,38,0.012
236,39,0.027
236,40,0.012
236,41,0.033
236,42,0.012
236,43,0.033
236,44,0.109
236,45,0.125
236,46,0.125
236,47,0.04
236,48,0.028
237,1,0.013
237,2,0.028
237,3,0.013
237,4,0.028
237,5,0.013
237,6,0.028
237,7,0.013
237,8,0.028
237,9,0.013
237,10,0.028
237,11,0.013
237,12,0.028
237,13,0.013
237,14,0.027
237,15,0.013
237,16,0.027
237,17,0.012
237,18,0.336
237,19,0.098
237,20,0.138
237,21,0.051
237,22,0.03
237,23,0.029
237,24,0.014
237,25,0.03
237,26,0.014
237,27,0.063
237,28,0.05
237,29,0.04
237,30,0.025
237,31,0.018
237,32,0.029
237,33,0.024
237,34,0.029
237,35,0.015
237,36,0.031
237,37,0.063
237,38,0.046
237,39,0.029
237,40,0.014
237,41,0.062
237,42,0.049
237,43,0.065
237,44,0.05
237,45,0.064
237,46,0.075
237,47,0.051
237,48,0.047
238,1,0.032
238,2,0.046
238,3,0.032
238,4,0.047
238,5,0.032
238,6,0.047
238,7,0.033
238,8,0.048
238,9,0.033
238,10,0.048
238,11,0.04
238,12,0.04
238,13,0.048
238,14,0.032
238,15,0.047
238,16,0.032
238,17,0.512
238,18,0.151
238,19,0.104
238,20,0.211
238,21,0.216
238,22,0.185
238,23,0.117
238,24,0.101
238,25,0.09
238,26,0.117
238,27,0.151
238,28,0.102
238,29,0.036
238,30,0.03
238,31,0.015
238,32,0.029
238,33,0.014
238,34,0.11
238,35,0.133
238,36,0.128
238,37,0.035
238,38,0.015
238,39,0.029
238,40,0.033
238,41,0.052
238,42,0.427
238,43,0.115
238,44,0.123
238,45,0.109
238,46,0.124
238,47,0.08
238,48,0.022
239,1,0.027
239,2,0.013
239,3,0.027
239,4,0.012
239,5,0.027
239,6,0.013
239,7,0.027
239,8,0.013
239,9,0.027
239,10,0.012
239,11,0.027
239,12,0.012
239,13,0.027
239,14,0.012
239,15,0.027
239,16,0.012
239,17,0.066
239,18,0.078
239,19,0.069
239,20,0.05
239,21,0.066
239,22,0.063
239,23,0.034
239,24,0.012
239,25,0.027
239,26,0.012
239,27,0.026
239,28,0.024
239,29,0.038
239,30,0.236
239,31,0.047
239,32,0.029
239,33,0.014
239,34,0.031
239,35,0.113
239,36,0.029
239,37,0.015
239,38,0.029
239,39,0.014
239,40,0.03
239,41,0.015
239,42,0.029
239,43,0.02
239,44,0.025
239,45,0.027
239,46,0.072
239,47,0.084
239,48,0.032
240,1,0.047
240,2,0.033
240,3,0.048
240,4,0.032
240,5,0.046
240,6,0.032
240,7,0.047
240,8,0.033
240,9,0.047
240,10,0.032
240,11,0.047
240,12,0.033
240,13,0.047
240,14,0.032
240,15,0.047
240,16,0.032
240,17,0.045
240,18,0.084
240,19,0.047
240,20,0.032
240,21,0.046
240,22,0.032
240,23,0.046
240,24,0.031
240,25,0.046
240,26,0.032
240,27,0.138
240,28,0.331
240,29,0.072
240,30,0.034
240,31,0.047
240,32,0.047
240,33,0.031
240,34,0.045
240,35,0.031
240,36,0.046
240,37,0.032
240,38,0.047
240,39,0.033
240,40,0.047
240,41,0.033
240,42,0.199
240,43,0.083
240,44,0.045
240,45,0.03
240,46,0.045
240,47,0.031
240,48,0.046
388,1,2.072
388,2,2.275
388,3,3.852
388,4,3.944
388,5,3.967
388,6,4.036
388,7,4.003
388,8,4.021
388,9,4.046
388,10,4.061
388,11,4.037
388,12,4.041
388,13,4.022
388,14,4.005
388,15,4.01
388,16,4.671
388,17,3.904
388,18,1.916
388,19,1.89
388,20,1.935
388,21,1.329
388,22,0.034
388,23,0.02
388,24,0.02
388,25,0.019
388,26,0.035
388,27,0.512
388,28,2.072
388,29,2.459
388,30,2.368
388,31,0.773
388,32,0.087
388,33,1.413
388,34,1.039
388,35,0.073
388,36,0.061
388,37,0.064
388,38,0.062
388,39,0.068
388,40,0.072
388,41,0.066
388,42,0.067
388,43,0.124
388,44,2.657
388,45,1.398
388,46,2.16
388,47,3.227
388,48,2.214
389,1,0.045
389,2,0.021
389,3,1.462
389,4,0.02
389,5,0.021
389,6,0.046
389,7,1.971
389,8,1.988
389,9,2.006
389,10,2.007
389,11,2.006
389,12,2.029
389,13,2.017
389,14,2.015
389,15,1.988
389,16,1.981
389,17,1.964
389,18,1.982
389,19,1.969
389,20,1.946
389,21,2.791
389,22,2.561
389,23,2.111
389,24,2.123
389,25,1.598
389,26,0.995
389,27,0.061
389,28,0.398
389,29,0.061
389,30,1.373
389,31,1.957
389,32,1.462
389,33,0.064
389,34,0.062
389,35,0.063
389,36,0.079
389,37,0.845
389,38,2.736
389,39,2.391
389,40,3.483
389,41,4.026
389,42,4.036
389,43,2.823
389,44,2.172
389,45,2.106
389,46,2.27
389,47,0.213
389,48,0.062
390,1,1.83
390,2,3.052
390,3,1.983
390,4,1.98
390,5,1.98
390,6,1.983
390,7,1.969
390,8,1.988
390,9,1.985
390,10,1.983
390,11,1.977
390,12,1.968
390,13,1.954
390,14,1.962
390,15,3.479
390,16,3.658
390,17,0.038
390,18,0.036
390,19,0.037
390,20,0.036
390,21,1.256
390,22,1.667
390,23,1.17
390,24,0.928
390,25,1.605
390,26,2.046
390,27,2.103
390,28,2.114
390,29,0.742
390,30,0.021
390,31,0.088
390,32,3.416
390,33,1.974
390,34,1.95
390,35,1.045
390,36,2.138
390,37,0.467
390,38,0.733
390,39,0.226
390,40,0.062
390,41,0.062
390,42,0.064
390,43,0.067
390,44,0.063
390,45,0.078
390,46,0.064
390,47,0.064
390,48,1.634
391,1,3.797
391,2,2.049
391,3,2.01
391,4,2.021
391,5,2.015
391,6,2.017
391,7,2.03
391,8,2.776
391,9,3.142
391,10,2.142
391,11,2.057
391,12,2.037
391,13,2.06
391,14,2.044
391,15,2.036
391,16,2.004
391,17,1.967
391,18,1.929
391,19,1.905
391,20,2.374
391,21,1.299
391,22,0.545
391,23,1.02
391,24,2.351
391,25,2.146
391,26,3.9
391,27,3.078
391,28,1.166
391,29,0.107
391,30,1.494
391,31,1.293
391,32,1.515
391,33,3.782
391,34,2.939
391,35,2.192
391,36,2.225
391,37,2.148
391,38,2.156
391,39,2.135
391,40,2.135
391,41,2.144
391,42,0.733
391,43,0.072
391,44,1.308
391,45,0.14
391,46,0.141
391,47,0.422
391,48,0.86
392,1,0.774
392,2,0.461
392,3,2.431
392,4,2.171
392,5,2.178
392,6,2.196
392,7,2.213
392,8,2.206
392,9,2.209
392,10,2.216
392,11,1.946
392,12,0.17
392,13,0.702
392,14,0.313
392,15,1.135
392,16,2.181
392,17,1.509
392,18,1.658
392,19,0.083
392,20,0.097
392,21,1.125
392,22,2.097
392,23,0.542
392,24,0.072
392,25,0.045
392,26,0.064
392,27,0.096
392,28,0.712
392,29,1.148
392,30,0.3
392,31,1.608
392,32,0.782
392,33,0.278
392,34,0.134
392,35,0.077
392,36,0.114
392,37,1.626
392,38,0.512
392,39,0.035
392,40,1.613
392,41,1.703
392,42,0.772
392,43,1.824
392,44,0.03
392,45,0.03
392,46,0.043
392,47,0.125
392,48,2.153
393,1,1.98
393,2,0.078
393,3,0.084
393,4,0.07
393,5,0.084
393,6,0.069
393,7,0.069
393,8,0.085
393,9,0.073
393,10,0.074
393,11,0.091
393,12,0.076
393,13,0.075
393,14,0.089
393,15,0.076
393,16,0.088
393,17,0.086
393,18,0.073
393,19,0.074
393,20,0.084
393,21,0.403
393,22,0.4
393,23,0.033
393,24,0.044
393,25,0.174
393,26,2.176
393,27,3.915
393,28,2.073
393,29,1.902
393,30,2.224
393,31,1.918
393,32,1.488
393,33,0.028
393,34,0.025
393,35,0.029
393,36,0.035
393,37,0.267
393,38,2.253
393,39,2.142
393,40,2.134
393,41,3.333
393,42,2.434
393,43,2.129
393,44,0.417
393,45,0.472
393,46,0.025
393,47,0.519
393,48,0.615
394,1,0.875
394,2,2.154
394,3,0.153
394,4,0.724
394,5,0.138
394,6,1.751
394,7,2.436
394,8,0.079
394,9,0.066
394,10,0.073
394,11,0.086
394,12,0.07
394,13,0.07
394,14,0.085
394,15,0.068
394,16,0.069
394,17,0.081
394,18,0.096
394,19,2.236
394,20,1.705
394,21,0.273
394,22,2.073
394,23,2.071
394,24,2.054
394,25,3.117
394,26,0.976
394,27,0.069
394,28,0.081
394,29,0.071
394,30,0.066
394,31,0.085
394,32,0.069
394,33,0.065
394,34,0.682
394,35,2.093
394,36,4.07
394,37,2.218
394,38,1.654
394,39,0.381
394,40,0.099
394,41,1.16
394,42,0.404
394,43,0.083
394,44,0.131
394,45,1.471
394,46,1.046
394,47,0.072
394,48,0.07
395,1,0.067
395,2,0.068
395,3,0.082
395,4,0.068
395,5,0.069
395,6,0.413
395,7,1.851
395,8,0.071
395,9,0.088
395,10,1.832
395,11,2.14
395,12,2.122
395,13,2.14
395,14,2.139
395,15,2.153
395,16,2.052
395,17,0.151
395,18,0.342
395,19,1.063
395,20,0.128
395,21,1.393
395,22,1.977
395,23,0.066
395,24,0.067
395,25,0.068
395,26,1.421
395,27,0.886
395,28,1.12
395,29,1.401
395,30,0.181
395,31,0.292
395,32,0.128
395,33,0.122
395,34,1.882
395,35,1.466
395,36,0.112
395,37,0.069
395,38,0.089
395,39,0.578
395,40,2.13
395,41,1.56
395,42,0.065
395,43,0.753
395,44,2.126
395,45,0.142
395,46,0.026
395,47,1.805
395,48,0.92
396,1,0.057
396,2,0.073
396,3,1.046
396,4,1.948
396,5,0.042
396,6,0.043
396,7,0.043
396,8,0.043
396,9,1.915
396,10,1.541
396,11,0.482
396,12,0.825
396,13,0.662
396,14,2.174
396,15,2.11
396,16,2.079
396,17,2.075
396,18,2.057
396,19,2.068
396,20,2.11
396,21,2.075
396,22,2.057
396,23,2.05
396,24,2.053
396,25,2.051
396,26,1.608
396,27,0.061
396,28,0.578
396,29,0.838
396,30,0.024
396,31,0.038
396,32,0.218
396,33,2.154
396,34,2.112
396,35,2.384
396,36,1.842
396,37,3.442
396,38,2.853
396,39,1.993
396,40,0.982
396,41,0.087
396,42,0.086
396,43,1.109
396,44,0.72
396,45,1.057
396,46,0.629
396,47,0.544
396,48,0.082
397,1,0.083
397,2,1.928
397,3,0.402
397,4,0.067
397,5,0.067
397,6,0.065
397,7,0.064
397,8,0.086
397,9,0.071
397,10,0.07
397,11,0.072
397,12,0.071
397,13,0.071
397,14,0.071
397,15,0.087
397,16,0.218
397,17,0.063
397,18,0.024
397,19,0.024
397,20,0.024
397,21,0.04
397,22,0.024
397,23,0.954
397,24,1.556
397,25,1.774
397,26,0.377
397,27,0.48
397,28,1.441
397,29,0.084
397,30,0.026
397,31,0.069
397,32,0.063
397,33,0.183
397,34,0.22
397,35,0.206
397,36,0.155
397,37,0.301
397,38,2.222
397,39,1.999
397,40,1.982
397,41,0.7
397,42,0.203
397,43,0.171
397,44,0.169
397,45,0.161
397,46,0.114
397,47,0.134
397,48,0.137
398,1,0.145
398,2,0.153
398,3,0.124
398,4,0.071
398,5,0.07
398,6,0.13
398,7,0.13
398,8,0.13
398,9,0.132
398,10,0.148
398,11,0.134
398,12,0.133
398,13,0.14
398,14,0.193
398,15,0.073
398,16,0.071
398,17,0.068
398,18,0.079
398,19,0.077
398,20,0.077
398,21,0.072
398,22,0.071
398,23,0.115
398,24,0.133
398,25,0.132
398,26,0.091
398,27,0.075
398,28,0.071
398,29,0.071
398,30,0.089
398,31,0.132
398,32,0.109
398,33,1.198
398,34,0.389
398,35,1.274
398,36,2.034
398,37,2.025
398,38,1.118
398,39,0.184
398,40,0.143
398,41,0.087
398,42,0.113
398,43,0.135
398,44,0.114
398,45,0.073
398,46,0.03
398,47,0.03
398,48,0.029
399,1,0.043
399,2,0.028
399,3,0.028
399,4,0.029
399,5,0.029
399,6,0.102
399,7,0.068
399,8,0.074
399,9,0.073
399,10,0.074
399,11,0.075
399,12,0.09
399,13,0.074
399,14,0.102
399,15,0.093
399,16,0.073
399,17,0.072
399,18,0.073
399,19,0.077
399,20,0.085
399,21,0.072
399,22,0.071
399,23,0.071
399,24,0.074
399,25,0.323
399,26,0.465
399,27,0.12
399,28,0.133
399,29,0.136
399,30,0.134
399,31,0.107
399,32,0.09
399,33,0.132
399,34,1.758
399,35,4.718
399,36,1.515
399,37,0.331
399,38,0.328
399,39,0.34
399,40,0.561
399,41,1.973
399,42,1.986
399,43,1.237
399,44,0.176
399,45,0.096
399,46,0.142
399,47,0.121
399,48,0.116
400,1,0.115
400,2,0.131
400,3,0.117
400,4,0.12
400,5,0.12
400,6,0.122
400,7,0.134
400,8,0.093
400,9,0.056
400,10,0.056
400,11,0.056
400,12,0.054
400,13,0.034
400,14,0.072
400,15,0.225
400,16,0.032
400,17,0.046
400,18,0.031
400,19,0.03
400,20,0.03
400,21,0.03
400,22,0.346
400,23,0.045
400,24,0.03
400,25,0.034
400,26,0.035
400,27,0.05
400,28,0.039
400,29,0.093
400,30,0.054
400,31,0.037
400,32,0.079
400,33,0.041
400,34,0.023
400,35,0.638
400,36,1.894
400,37,1.942
400,38,1.938
400,39,1.919
400,40,1.187
400,41,0.025
400,42,0.303
400,43,0.117
400,44,0.117
400,45,0.117
400,46,0.132
400,47,0.116
400,48,0.115
401,1,0.122
401,2,0.125
401,3,0.141
401,4,0.067
401,5,0.593
401,6,0.094
401,7,0.349
401,8,0.108
401,9,0.101
401,10,0.098
401,11,0.111
401,12,0.044
401,13,0.034
401,14,0.046
401,15,0.032
401,16,0.033
401,17,0.034
401,18,0.047
401,19,0.033
401,20,0.352
401,21,0.061
401,22,0.058
401,23,0.056
401,24,0.062
401,25,0.062
401,26,0.115
401,27,0.104
401,28,0.096
401,29,0.112
401,30,0.097
401,31,0.109
401,32,0.097
401,33,0.089
401,34,0.047
401,35,0.032
401,36,1.226
401,37,2.075
401,38,1.903
401,39,0.413
401,40,0.113
401,41,0.097
401,42,0.105
401,43,0.123
401,44,0.123
401,45,0.041
401,46,0.024
401,47,0.024
401,48,0.63
402,1,0.079
402,2,0.024
402,3,0.037
402,4,0.042
402,5,0.026
402,6,0.024
402,7,0.024
402,8,0.032
402,9,0.032
402,10,0.025
402,11,0.025
402,12,0.025
402,13,0.04
402,14,0.024
402,15,0.024
402,16,0.024
402,17,0.034
402,18,0.028
402,19,0.022
402,20,0.023
402,21,0.023
402,22,0.038
402,23,0.049
402,24,0.065
402,25,0.063
402,26,0.059
402,27,0.477
402,28,0.058
402,29,0.021
402,30,0.065
402,31,0.091
402,32,0.062
402,33,0.077
402,34,0.062
402,35,0.035
402,36,0.021
402,37,0.021
402,38,0.021
402,39,0.02
402,40,0.036
402,41,0.047
402,42,0.021
402,43,0.022
402,44,0.048
402,45,0.109
402,46,0.1
402,47,1.276
402,48,0.799
403,1,0.135
403,2,0.074
403,3,0.064
403,4,0.022
403,5,0.022
403,6,0.038
403,7,0.047
403,8,0.085
403,9,0.058
403,10,0.022
403,11,0.028
403,12,0.032
403,13,0.022
403,14,0.022
403,15,0.022
403,16,0.022
403,17,0.038
403,18,0.022
403,19,0.022
403,20,0.022
403,21,0.021
403,22,0.037
403,23,0.021
403,24,0.021
403,25,0.021
403,26,0.552
403,27,0.395
403,28,0.024
403,29,0.025
403,30,0.032
403,31,0.051
403,32,0.021
403,33,0.021
403,34,0.021
403,35,0.036
403,36,0.021
403,37,0.071
403,38,0.125
403,39,0.096
403,40,0.095
403,41,0.022
403,42,0.022
403,43,0.023
403,44,0.023
403,45,0.079
403,46,0.04
403,47,0.04
403,48,0.039
404,1,0.033
404,2,0.036
404,3,0.055
404,4,0.09
404,5,0.029
404,6,0.027
404,7,0.024
404,8,0.039
404,9,0.023
404,10,0.023
404,11,0.023
404,12,0.023
404,13,0.023
404,14,0.039
404,15,0.023
404,16,0.022
404,17,0.022
404,18,0.046
404,19,0.031
404,20,0.04
404,21,0.039
404,22,0.022
404,23,0.023
404,24,0.022
404,25,0.162
404,26,0.022
404,27,0.034
404,28,0.027
404,29,0.022
404,30,1.421
404,31,1.036
404,32,0.023
404,33,0.035
404,34,0.021
404,35,0.021
404,36,0.043
404,37,0.065
404,38,0.093
404,39,0.065
404,40,0.062
404,41,0.06
404,42,0.101
404,43,0.131
404,44,0.079
404,45,0.06
404,46,0.082
404,47,0.082
404,48,0.079
405,1,0.063
405,2,0.054
405,3,0.041
405,4,0.034
405,5,0.022
405,6,0.029
405,7,0.022
405,8,0.039
405,9,0.023
405,10,0.023
405,11,0.023
405,12,0.022
405,13,0.022
405,14,0.022
405,15,0.039
405,16,0.022
405,17,0.021
405,18,0.02
405,19,0.021
405,20,0.029
405,21,0.021
405,22,0.037
405,23,0.036
405,24,0.02
405,25,0.02
405,26,0.02
405,27,0.021
405,28,0.027
405,29,0.031
405,30,0.021
405,31,0.02
405,32,0.021
405,33,0.126
405,34,0.428
405,35,0.067
405,36,0.065
405,37,0.093
405,38,0.064
405,39,0.062
405,40,0.062
405,41,0.079
405,42,0.087
405,43,0.06
405,44,0.061
405,45,0.062
405,46,0.048
405,47,0.021
405,48,0.021
406,1,0.021
406,2,0.021
406,3,0.072
406,4,0.076
406,5,0.079
406,6,0.063
406,7,0.065
406,8,0.065
406,9,0.066
406,10,0.065
406,11,0.068
406,12,0.068
406,13,0.067
406,14,0.068
406,15,0.068
406,16,0.066
406,17,0.066
406,18,0.066
406,19,0.084
406,20,0.068
406,21,0.069
406,22,0.066
406,23,0.066
406,24,0.068
406,25,0.075
406,26,0.079
406,27,0.107
406,28,0.105
406,29,1.493
406,30,2.279
406,31,1.278
406,32,1.071
406,33,0.213
406,34,1.923
406,35,1.936
406,36,1.971
406,37,2.032
406,38,1.962
406,39,2.543
406,40,2.191
406,41,2.021
406,42,2.016
406,43,1.959
406,44,0.394
406,45,0.114
406,46,1.335
406,47,1.312
406,48,0.024
407,1,0.023
407,2,0.078
407,3,1.917
407,4,1.934
407,5,1.95
407,6,1.955
407,7,1.964
407,8,1.97
407,9,1.982
407,10,1.979
407,11,2.029
407,12,1.991
407,13,2.036
407,14,2.016
407,15,1.956
407,16,1.942
407,17,1.91
407,18,1.916
407,19,1.938
407,20,1.956
407,21,1.939
407,22,1.956
407,23,1.858
407,24,1.907
407,25,1.093
407,26,0.022
407,27,0.242
407,28,1.551
407,29,1.845
407,30,1.87
407,31,0.136
407,32,0.107
407,33,0.665
407,34,0.242
407,35,0.103
407,36,0.098
407,37,0.058
407,38,0.058
407,39,0.058
407,40,0.058
407,41,1.501
407,42,0.996
407,43,0.021
407,44,0.021
407,45,0.108
407,46,1.069
407,47,0.022
407,48,0.022
408,1,0.021
408,2,0.098
408,3,0.279
408,4,0.026
408,5,0.026
408,6,0.025
408,7,0.024
408,8,0.025
408,9,0.025
408,10,0.035
408,11,0.031
408,12,0.025
408,13,0.025
408,14,0.024
408,15,0.024
408,16,0.045
408,17,0.021
408,18,0.035
408,19,0.022
408,20,0.022
408,21,0.03
408,22,0.03
408,23,0.022
408,24,0.022
408,25,1.315
408,26,1.907
408,27,1.992
408,28,1.999
408,29,1.948
408,30,0.455
408,31,0.483
408,32,1.702
408,33,1.043
408,34,2.166
408,35,2.049
408,36,1.899
408,37,1.954
408,38,1.983
408,39,2.497
408,40,1.95
408,41,1.974
408,42,2.014
408,43,1.07
408,44,1.001
408,45,2.016
408,46,2.013
408,47,2.328
408,48,3.168
409,1,1.94
409,2,0.315
409,3,0.063
409,4,0.065
409,5,0.072
409,6,0.076
409,7,0.07
409,8,0.085
409,9,0.069
409,10,0.069
409,11,0.069
409,12,0.068
409,13,0.069
409,14,0.068
409,15,0.066
409,16,0.068
409,17,0.067
409,18,1.804
409,19,1.927
409,20,1.916
409,21,1.512
409,22,0.064
409,23,0.064
409,24,0.088
409,25,0.101
409,26,0.077
409,27,1.158
409,28,1.696
409,29,0.101
409,30,0.092
409,31,0.074
409,32,0.092
409,33,0.925
409,34,1.137
409,35,0.057
409,36,0.062
409,37,0.255
409,38,2.023
409,39,2.526
409,40,1.573
409,41,2.009
409,42,2.02
409,43,1.994
409,44,2.031
409,45,2.195
409,46,1.378
409,47,0.061
409,48,1.063
410,1,3.392
410,2,1.033
410,3,1.878
410,4,2.065
410,5,2.016
410,6,1.975
410,7,0.254
410,8,2.036
410,9,0.282
410,10,0.065
410,11,0.065
410,12,0.081
410,13,0.067
410,14,0.067
410,15,0.063
410,16,0.061
410,17,0.108
410,18,0.098
410,19,0.096
410,20,0.075
410,21,0.069
410,22,0.067
410,23,0.067
410,24,0.069
410,25,0.077
410,26,0.065
410,27,0.064
410,28,0.064
410,29,0.081
410,30,0.077
410,31,0.065
410,32,0.065
410,33,0.065
410,34,0.079
410,35,0.062
410,36,1.664
410,37,1.996
410,38,1.993
410,39,2.48
410,40,2.045
410,41,0.744
410,42,0.733
410,43,0.874
410,44,0.868
410,45,0.876
410,46,1.032
410,47,1.135
410,48,0.855
411,1,0.843
411,2,1.299
411,3,1.976
411,4,2.001
411,5,2.007
411,6,0.177
411,7,0.295
411,8,0.064
411,9,0.072
411,10,0.061
411,11,0.061
411,12,0.065
411,13,0.07
411,14,0.079
411,15,0.064
411,16,0.068
411,17,0.1
411,18,0.107
411,19,0.063
411,20,0.028
411,21,0.03
411,22,0.02
411,23,0.766
411,24,1.911
411,25,1.719
411,26,1.132
411,27,0.244
411,28,0.061
411,29,1.476
411,30,0.6
411,31,0.065
411,32,0.078
411,33,0.063
411,34,0.35
411,35,0.102
411,36,0.114
411,37,0.103
411,38,0.124
411,39,0.115
411,40,0.1
411,41,1.284
411,42,2.226
411,43,3.617
411,44,3.416
411,45,1.981
411,46,0.644
411,47,0.097
411,48,0.028
412,1,0.022
412,2,0.036
412,3,0.138
412,4,2.054
412,5,1.204
412,6,0.069
412,7,0.066
412,8,0.48
412,9,0.067
412,10,0.08
412,11,0.068
412,12,0.068
412,13,0.068
412,14,0.081
412,15,0.066
412,16,0.066
412,17,0.065
412,18,1.878
412,19,2.011
412,20,1.982
412,21,1.885
412,22,2.289
412,23,1.744
412,24,1.735
412,25,1.714
412,26,1.746
412,27,1.938
412,28,3.69
412,29,3.642
412,30,3.537
412,31,3.54
412,32,3.366
412,33,1.893
412,34,1.819
412,35,0.399
412,36,1.676
412,37,2.111
412,38,3.847
412,39,1.335
412,40,0.138
412,41,0.354
412,42,1.935
412,43,1.968
412,44,2.133
412,45,3.99
412,46,2.989
412,47,2.123
412,48,1.436
413,1,0.146
413,2,0.106
413,3,0.818
413,4,0.646
413,5,0.085
413,6,0.084
413,7,0.086
413,8,0.101
413,9,0.087
413,10,0.089
413,11,0.09
413,12,0.089
413,13,0.103
413,14,0.088
413,15,0.09
413,16,0.086
413,17,0.086
413,18,0.084
413,19,0.097
413,20,0.082
413,21,0.11
413,22,0.359
413,23,0.091
413,24,0.422
413,25,2.696
413,26,1.842
413,27,1.935
413,28,1.947
413,29,1.59
413,30,1.389
413,31,0.162
413,32,1.087
413,33,2.924
413,34,2.126
413,35,1.497
413,36,1.924
413,37,1.936
413,38,2.085
413,39,1.979
413,40,1.927
413,41,1.111
413,42,3.64
413,43,3.842
413,44,4.003
413,45,2.147
413,46,2.636
413,47,0.31
413,48,0.122
414,1,1.118
414,2,2.029
414,3,2.038
414,4,0.431
414,5,0.083
414,6,0.084
414,7,0.085
414,8,0.103
414,9,0.085
414,10,0.087
414,11,0.09
414,12,0.09
414,13,0.091
414,14,0.09
414,15,0.09
414,16,0.089
414,17,0.086
414,18,0.758
414,19,1.925
414,20,2.137
414,21,1.7
414,22,0.084
414,23,0.204
414,24,1.741
414,25,0.204
414,26,0.18
414,27,0.174
414,28,1.418
414,29,2.307
414,30,0.896
414,31,1.459
414,32,1.905
414,33,2.52
414,34,2.247
414,35,3.134
414,36,4.594
414,37,2.199
414,38,2.246
414,39,1.951
414,40,1.947
414,41,1.941
414,42,1.959
414,43,3.694
414,44,3.905
414,45,4.037
414,46,3.982
414,47,3.206
414,48,2.038
415,1,2.007
415,2,2.03
415,3,2.028
415,4,2.031
415,5,2.035
415,6,2.008
415,7,2.026
415,8,2.023
415,9,2.032
415,10,2.026
415,11,2.034
415,12,2.028
415,13,2.056
415,14,2.043
415,15,1.975
415,16,1.96
415,17,1.967
415,18,2.68
415,19,2.664
415,20,2.866
415,21,1.925
415,22,1.939
415,23,1.938
415,24,1.889
415,25,1.916
415,26,1.931
415,27,1.96
415,28,0.793
415,29,0.331
415,30,1.957
415,31,1.94
415,32,0.755
415,33,0.089
415,34,0.985
415,35,2.016
415,36,2.062
415,37,0.088
415,38,0.101
415,39,0.098
415,40,0.125
415,41,0.351
415,42,1.391
415,43,1.517
415,44,1.42
415,45,2.147
415,46,2.003
415,47,1.989
415,48,2.118
