213,1,0.923
213,2,0.861
213,3,0.669
213,4,0.662
213,5,0.68
213,6,0.644
213,7,0.585
213,8,0.58
213,9,0.442
213,10,0.296
213,11,0.369
213,12,0.348
213,13,0.284
213,14,0.277
213,15,0.272
213,16,0.27
213,17,0.212
213,18,0.21
213,19,0.208
213,20,0.214
213,21,0.363
213,22,0.354
213,23,0.347
213,24,0.37
213,25,0.958
213,26,1.166
213,27,1.907
213,28,2.615
213,29,2.13
213,30,1.755
213,31,2.549
213,32,1.052
213,33,0.271
213,34,0.273
213,35,0.28
213,36,0.385
213,37,0.44
213,38,0.395
213,39,3.282
213,40,1.604
213,41,0.464
213,42,0.587
213,43,0.587
213,44,0.586
213,45,0.584
213,46,0.561
213,47,0.514
213,48,0.754
214,1,1.213
214,2,1.138
214,3,0.924
214,4,0.469
214,5,0.378
214,6,0.379
214,7,0.33
214,8,0.315
214,9,0.313
214,10,0.303
214,11,0.33
214,12,0.384
214,13,0.381
214,14,0.38
214,15,0.311
214,16,0.311
214,17,0.307
214,18,0.303
214,19,0.297
214,20,0.281
214,21,0.385
214,22,0.359
214,23,0.531
214,24,0.947
214,25,1.565
214,26,1.177
214,27,0.272
214,28,0.336
214,29,0.376
214,30,0.403
214,31,0.339
214,32,0.314
214,33,0.314
214,34,0.315
214,35,0.317
214,36,0.405
214,37,0.708
214,38,1.35
214,39,0.629
214,40,2.135
214,41,1.959
214,42,1.98
214,43,1.862
214,44,2.013
214,45,2.484
214,46,2.887
214,47,1.699
214,48,0.952
215,1,0.794
215,2,0.81
215,3,0.706
215,4,0.654
215,5,0.587
215,6,0.311
215,7,0.308
215,8,0.308
215,9,0.359
215,10,0.378
215,11,0.378
215,12,0.378
215,13,0.354
215,14,0.311
215,15,0.306
215,16,0.304
215,17,0.296
215,18,0.266
215,19,0.276
215,20,0.282
215,21,0.384
215,22,0.317
215,23,0.287
215,24,0.896
215,25,1.553
215,26,1.708
215,27,0.879
215,28,0.368
215,29,0.391
215,30,0.782
215,31,0.29
215,32,0.371
215,33,0.38
215,34,0.376
215,35,3.871
215,36,2.546
215,37,0.699
215,38,2.537
215,39,2.434
215,40,2.214
215,41,2.36
215,42,2.234
215,43,2.207
215,44,3.0
215,45,1.715
215,46,1.342
215,47,1.071
215,48,0.956
216,1,0.892
216,2,0.689
216,3,0.702
216,4,0.774
216,5,0.9
216,6,0.888
216,7,0.769
216,8,0.745
216,9,0.714
216,10,0.491
216,11,0.428
216,12,0.43
216,13,0.435
216,14,0.429
216,15,0.41
216,16,0.362
216,17,0.338
216,18,0.21
216,19,0.219
216,20,0.277
216,21,0.387
216,22,0.37
216,23,0.366
216,24,0.595
216,25,1.483
216,26,1.409
216,27,1.478
216,28,2.472
216,29,2.973
216,30,2.557
216,31,2.364
216,32,0.745
216,33,0.683
216,34,0.707
216,35,2.265
216,36,2.775
216,37,1.946
216,38,0.876
216,39,1.982
216,40,2.009
216,41,1.94
216,42,1.177
216,43,0.838
216,44,1.453
216,45,1.248
216,46,1.122
216,47,0.974
216,48,0.982
217,1,0.951
217,2,0.954
217,3,0.661
217,4,0.599
217,5,0.631
217,6,0.594
217,7,0.547
217,8,0.378
217,9,0.503
217,10,0.345
217,11,0.313
217,12,0.305
217,13,0.309
217,14,0.32
217,15,0.375
217,16,0.379
217,17,0.367
217,18,0.369
217,19,0.351
217,20,0.274
217,21,0.27
217,22,0.262
217,23,0.299
217,24,0.3
217,25,0.796
217,26,0.372
217,27,0.703
217,28,2.614
217,29,0.903
217,30,0.694
217,31,0.511
217,32,0.919
217,33,0.422
217,34,0.386
217,35,3.137
217,36,1.539
217,37,0.661
217,38,0.626
217,39,0.489
217,40,0.439
217,41,0.927
217,42,0.929
217,43,1.762
217,44,1.098
217,45,2.47
217,46,2.124
217,47,1.098
217,48,0.878
218,1,0.852
218,2,0.789
218,3,0.659
218,4,0.615
218,5,0.602
218,6,0.56
218,7,0.452
218,8,0.317
218,9,0.334
218,10,0.385
218,11,0.378
218,12,0.373
218,13,0.373
218,14,0.328
218,15,0.316
218,16,0.303
218,17,0.309
218,18,0.345
218,19,0.384
218,20,0.375
218,21,0.381
218,22,0.358
218,23,0.321
218,24,0.297
218,25,0.867
218,26,0.696
218,27,1.632
218,28,2.061
218,29,1.575
218,30,1.52
218,31,0.548
218,32,0.401
218,33,0.398
218,34,0.337
218,35,0.339
218,36,0.341
218,37,0.337
218,38,0.409
218,39,0.4
218,40,0.83
218,41,2.443
218,42,1.107
218,43,1.326
218,44,2.425
218,45,2.425
218,46,2.012
218,47,2.32
218,48,2.764
219,1,1.771
219,2,0.766
219,3,0.71
219,4,0.715
219,5,0.554
219,6,0.61
219,7,0.614
219,8,0.39
219,9,0.389
219,10,0.39
219,11,0.396
219,12,0.382
219,13,0.319
219,14,0.312
219,15,0.316
219,16,0.306
219,17,0.366
219,18,0.378
219,19,0.385
219,20,0.365
219,21,0.346
219,22,0.305
219,23,0.308
219,24,0.763
219,25,2.634
219,26,1.638
219,27,1.698
219,28,0.761
219,29,0.78
219,30,0.739
219,31,0.737
219,32,0.807
219,33,1.015
219,34,4.123
219,35,2.526
219,36,1.001
219,37,0.637
219,38,0.564
219,39,0.62
219,40,0.786
219,41,0.638
219,42,0.948
219,43,0.686
219,44,0.817
219,45,0.913
219,46,1.78
219,47,3.104
219,48,2.299
220,1,2.567
220,2,2.018
220,3,1.835
220,4,1.793
220,5,1.433
220,6,1.068
220,7,0.702
220,8,0.61
220,9,0.628
220,10,0.554
220,11,0.375
220,12,0.385
220,13,0.375
220,14,0.376
220,15,0.377
220,16,0.367
220,17,0.373
220,18,0.37
220,19,0.369
220,20,0.375
220,21,0.359
220,22,0.306
220,23,0.29
220,24,0.369
220,25,0.89
220,26,1.375
220,27,0.766
220,28,2.016
220,29,0.995
220,30,0.898
220,31,2.856
220,32,1.773
220,33,0.75
220,34,0.573
220,35,0.565
220,36,0.339
220,37,0.385
220,38,1.627
220,39,2.731
220,40,0.467
220,41,0.937
220,42,1.883
220,43,1.693
220,44,1.75
220,45,1.89
220,46,0.944
220,47,1.077
220,48,0.569
221,1,0.554
221,2,0.564
221,3,0.446
221,4,0.288
221,5,0.292
221,6,0.278
221,7,0.287
221,8,0.274
221,9,0.241
221,10,0.209
221,11,0.22
221,12,0.211
221,13,0.27
221,14,0.285
221,15,0.279
221,16,0.278
221,17,0.268
221,18,0.26
221,19,0.211
221,20,0.21
221,21,0.325
221,22,0.312
221,23,0.37
221,24,0.352
221,25,0.806
221,26,0.355
221,27,0.315
221,28,0.267
221,29,0.228
221,30,0.2
221,31,0.205
221,32,0.208
221,33,0.242
221,34,0.277
221,35,0.291
221,36,2.661
221,37,0.886
221,38,0.665
221,39,0.343
221,40,0.349
221,41,0.552
221,42,0.909
221,43,1.708
221,44,2.288
221,45,2.428
221,46,1.926
221,47,2.348
221,48,1.362
222,1,1.313
222,2,1.049
222,3,0.951
222,4,0.935
222,5,0.835
222,6,0.809
222,7,0.432
222,8,0.318
222,9,0.37
222,10,0.383
222,11,0.372
222,12,0.369
222,13,0.374
222,14,0.362
222,15,0.319
222,16,0.31
222,17,0.299
222,18,0.309
222,19,0.336
222,20,0.344
222,21,0.392
222,22,0.353
222,23,0.504
222,24,1.126
222,25,0.574
222,26,0.361
222,27,1.402
222,28,2.09
222,29,2.754
222,30,0.825
222,31,0.524
222,32,0.649
222,33,0.505
222,34,0.978
222,35,3.116
222,36,1.083
222,37,0.568
222,38,0.591
222,39,0.588
222,40,0.696
222,41,0.684
222,42,0.803
222,43,0.776
222,44,0.85
222,45,1.094
222,46,1.602
222,47,1.662
222,48,1.212
223,1,1.045
223,2,0.616
223,3,0.538
223,4,0.546
223,5,0.572
223,6,0.631
223,7,0.599
223,8,0.422
223,9,0.375
223,10,0.383
223,11,0.375
223,12,0.371
223,13,0.366
223,14,0.309
223,15,0.303
223,16,0.301
223,17,0.31
223,18,0.359
223,19,0.363
223,20,0.374
223,21,0.469
223,22,0.41
223,23,0.352
223,24,0.939
223,25,0.385
223,26,1.712
223,27,1.617
223,28,0.39
223,29,0.748
223,30,3.214
223,31,2.522
223,32,2.373
223,33,1.0
223,34,0.673
223,35,2.696
223,36,2.364
223,37,1.278
223,38,0.867
223,39,0.814
223,40,1.482
223,41,1.674
223,42,1.455
223,43,1.349
223,44,1.862
223,45,2.089
223,46,1.326
223,47,1.603
223,48,1.561
224,1,0.899
224,2,0.927
224,3,0.84
224,4,0.884
224,5,0.904
224,6,0.65
224,7,0.667
224,8,0.443
224,9,0.375
224,10,0.383
224,11,2.796
224,12,3.429
224,13,3.399
224,14,3.329
224,15,3.315
224,16,3.353
224,17,3.325
224,18,3.218
224,19,3.197
224,20,1.295
224,21,0.387
224,22,0.353
224,23,0.353
224,24,0.791
224,25,0.759
224,26,1.825
224,27,2.005
224,28,0.717
224,29,0.368
224,30,0.469
224,31,0.289
224,32,0.33
224,33,0.281
224,34,1.386
224,35,0.935
224,36,1.673
224,37,1.093
224,38,0.568
224,39,1.012
224,40,1.062
224,41,1.287
224,42,1.297
224,43,1.074
224,44,1.527
224,45,1.409
224,46,1.254
224,47,1.022
224,48,1.064
225,1,0.761
225,2,0.68
225,3,0.658
225,4,0.629
225,5,0.609
225,6,0.612
225,7,0.657
225,8,0.681
225,9,0.661
225,10,0.505
225,11,2.789
225,12,3.38
225,13,3.359
225,14,3.321
225,15,3.289
225,16,3.294
225,17,3.179
225,18,2.98
225,19,2.731
225,20,0.865
225,21,0.383
225,22,0.362
225,23,0.343
225,24,0.293
225,25,0.727
225,26,2.295
225,27,1.908
225,28,1.108
225,29,0.573
225,30,0.517
225,31,0.66
225,32,0.664
225,33,0.538
225,34,0.526
225,35,0.514
225,36,0.485
225,37,0.323
225,38,0.326
225,39,0.461
225,40,1.326
225,41,0.962
225,42,0.864
225,43,0.77
225,44,2.399
225,45,1.362
225,46,0.831
225,47,1.491
225,48,2.285
226,1,2.286
226,2,0.95
226,3,0.948
226,4,0.731
226,5,0.571
226,6,0.379
226,7,0.371
226,8,0.388
226,9,0.451
226,10,0.416
226,11,2.807
226,12,3.462
226,13,3.379
226,14,3.291
226,15,3.355
226,16,3.32
226,17,3.286
226,18,2.815
226,19,2.746
226,20,0.902
226,21,0.359
226,22,0.376
226,23,1.966
226,24,1.688
226,25,1.587
226,26,0.923
226,27,0.349
226,28,0.338
226,29,0.349
226,30,0.351
226,31,0.687
226,32,0.352
226,33,0.351
226,34,2.519
226,35,1.377
226,36,0.474
226,37,0.426
226,38,0.383
226,39,1.949
226,40,1.352
226,41,0.651
226,42,1.263
226,43,1.741
226,44,1.676
226,45,2.371
226,46,0.962
226,47,0.576
226,48,0.534
227,1,0.293
227,2,0.292
227,3,0.283
227,4,0.293
227,5,0.293
227,6,0.285
227,7,0.293
227,8,0.293
227,9,0.279
227,10,0.288
227,11,2.691
227,12,3.35
227,13,3.348
227,14,3.328
227,15,3.279
227,16,3.193
227,17,3.207
227,18,2.895
227,19,1.878
227,20,0.762
227,21,0.395
227,22,0.886
227,23,1.591
227,24,1.984
227,25,0.833
227,26,0.265
227,27,0.524
227,28,0.311
227,29,0.275
227,30,0.282
227,31,0.28
227,32,0.272
227,33,0.281
227,34,0.284
227,35,0.274
227,36,0.288
227,37,0.37
227,38,0.298
227,39,0.291
227,40,0.296
227,41,0.314
227,42,0.358
227,43,0.356
227,44,1.626
227,45,2.645
227,46,2.546
227,47,2.511
227,48,0.866
228,1,0.569
228,2,0.562
228,3,0.517
228,4,0.468
228,5,0.298
228,6,0.22
228,7,0.269
228,8,0.386
228,9,0.378
228,10,0.406
228,11,2.821
228,12,3.502
228,13,3.516
228,14,3.365
228,15,3.32
228,16,3.271
228,17,3.2
228,18,3.188
228,19,2.305
228,20,0.999
228,21,0.379
228,22,0.34
228,23,0.29
228,24,1.126
228,25,0.698
228,26,1.478
228,27,1.615
228,28,1.253
228,29,0.334
228,30,0.282
228,31,0.269
228,32,0.271
228,33,0.614
228,34,0.27
228,35,0.249
228,36,0.277
228,37,0.382
228,38,0.353
228,39,0.364
228,40,0.353
228,41,0.362
228,42,2.679
228,43,4.535
228,44,1.44
228,45,1.694
228,46,1.5
228,47,1.431
228,48,0.998
229,1,0.654
229,2,0.651
229,3,0.49
229,4,0.475
229,5,0.411
229,6,0.413
229,7,0.42
229,8,0.436
229,9,0.482
229,10,0.483
229,11,2.916
229,12,3.554
229,13,3.5
229,14,3.425
229,15,3.345
229,16,3.273
229,17,3.246
229,18,3.305
229,19,2.435
229,20,1.091
229,21,0.568
229,22,0.546
229,23,0.47
229,24,0.36
229,25,0.846
229,26,0.424
229,27,1.14
229,28,1.555
229,29,0.404
229,30,1.678
229,31,0.867
229,32,0.384
229,33,0.383
229,34,0.378
229,35,1.487
229,36,0.376
229,37,0.578
229,38,0.445
229,39,0.443
229,40,1.71
229,41,1.542
229,42,1.51
229,43,0.698
229,44,0.576
229,45,0.537
229,46,0.525
229,47,0.531
229,48,0.532
230,1,1.302
230,2,0.847
230,3,0.542
230,4,0.454
230,5,0.349
230,6,0.281
230,7,0.266
230,8,0.217
230,9,0.207
230,10,0.216
230,11,2.488
230,12,3.183
230,13,3.218
230,14,3.142
230,15,3.132
230,16,3.149
230,17,3.053
230,18,3.042
230,19,2.533
230,20,0.595
230,21,0.409
230,22,0.387
230,23,1.084
230,24,2.133
230,25,1.59
230,26,1.226
230,27,0.354
230,28,0.359
230,29,0.341
230,30,0.281
230,31,0.604
230,32,0.319
230,33,0.346
230,34,0.343
230,35,2.739
230,36,1.993
230,37,0.37
230,38,0.722
230,39,1.47
230,40,1.447
230,41,1.459
230,42,1.454
230,43,1.681
230,44,1.856
230,45,1.95
230,46,1.03
230,47,0.879
230,48,0.551
231,1,0.425
231,2,0.417
231,3,0.409
231,4,0.454
231,5,0.468
231,6,0.292
231,7,0.296
231,8,0.303
231,9,0.301
231,10,0.297
231,11,2.721
231,12,3.354
231,13,3.296
231,14,3.203
231,15,3.131
231,16,3.132
231,17,3.129
231,18,2.683
231,19,2.139
231,20,0.7
231,21,0.415
231,22,0.377
231,23,0.38
231,24,0.37
231,25,0.221
231,26,0.223
231,27,0.363
231,28,1.078
231,29,0.358
231,30,0.352
231,31,0.326
231,32,0.583
231,33,0.579
231,34,0.549
231,35,0.536
231,36,0.584
231,37,1.4
231,38,1.714
231,39,3.066
231,40,3.105
231,41,2.304
231,42,1.231
231,43,1.202
231,44,1.264
231,45,2.174
231,46,2.57
231,47,2.607
231,48,2.426
232,1,1.111
232,2,1.009
232,3,0.978
232,4,0.965
232,5,0.775
232,6,0.664
232,7,0.713
232,8,0.747
232,9,0.526
232,10,0.41
232,11,2.832
232,12,3.427
232,13,3.386
232,14,3.365
232,15,3.282
232,16,3.168
232,17,3.246
232,18,2.909
232,19,2.537
232,20,0.918
232,21,0.423
232,22,0.396
232,23,0.379
232,24,0.381
232,25,0.848
232,26,0.564
232,27,0.741
232,28,2.04
232,29,1.876
232,30,1.587
232,31,0.569
232,32,1.17
232,33,0.605
232,34,1.682
232,35,3.243
232,36,0.738
232,37,1.023
232,38,0.859
232,39,1.901
232,40,1.952
232,41,1.902
232,42,1.999
232,43,2.466
232,44,2.899
232,45,2.044
232,46,1.315
232,47,1.397
232,48,0.922
233,1,0.945
233,2,0.939
233,3,0.913
233,4,0.677
233,5,0.667
233,6,0.638
233,7,0.471
233,8,0.324
233,9,0.322
233,10,0.334
233,11,2.744
233,12,3.424
233,13,3.375
233,14,3.331
233,15,3.317
233,16,3.295
233,17,3.18
233,18,3.136
233,19,2.791
233,20,1.215
233,21,0.393
233,22,0.363
233,23,0.353
233,24,1.858
233,25,1.271
233,26,0.413
233,27,2.208
233,28,0.909
233,29,0.45
233,30,0.399
233,31,0.283
233,32,0.291
233,33,0.28
233,34,5.476
233,35,3.393
233,36,2.092
233,37,3.75
233,38,2.862
233,39,3.085
233,40,3.449
233,41,2.11
233,42,2.75
233,43,3.746
233,44,3.04
233,45,2.241
233,46,2.894
233,47,2.85
233,48,1.574
234,1,2.219
234,2,1.77
234,3,1.916
234,4,1.647
234,5,0.833
234,6,0.602
234,7,0.611
234,8,0.61
234,9,0.597
234,10,0.549
234,11,2.696
234,12,3.333
234,13,3.36
234,14,3.344
234,15,3.31
234,16,3.302
234,17,3.224
234,18,3.184
234,19,2.833
234,20,1.018
234,21,0.329
234,22,0.335
234,23,0.353
234,24,0.364
234,25,1.857
234,26,0.718
234,27,0.455
234,28,0.676
234,29,2.336
234,30,1.242
234,31,1.11
234,32,0.488
234,33,0.628
234,34,0.557
234,35,0.579
234,36,0.372
234,37,0.395
234,38,0.527
234,39,1.462
234,40,2.96
234,41,1.054
234,42,1.77
234,43,2.502
234,44,2.661
234,45,1.4
234,46,2.769
234,47,1.529
234,48,1.199
235,1,0.604
235,2,0.432
235,3,0.462
235,4,0.271
235,5,0.28
235,6,0.268
235,7,0.274
235,8,0.278
235,9,0.209
235,10,0.214
235,11,2.62
235,12,3.231
235,13,3.274
235,14,3.306
235,15,3.287
235,16,3.202
235,17,3.209
235,18,2.92
235,19,2.256
235,20,0.855
235,21,0.322
235,22,0.32
235,23,0.358
235,24,0.379
235,25,0.986
235,26,1.843
235,27,0.354
235,28,0.331
235,29,0.283
235,30,0.258
235,31,0.21
235,32,0.201
235,33,0.206
235,34,0.204
235,35,0.494
235,36,0.934
235,37,1.567
235,38,0.942
235,39,0.826
235,40,1.531
235,41,1.718
235,42,1.685
235,43,3.362
235,44,2.802
235,45,2.805
235,46,2.846
235,47,1.913
235,48,1.577
236,1,0.985
236,2,0.93
236,3,0.901
236,4,0.918
236,5,0.724
236,6,0.596
236,7,0.571
236,8,0.427
236,9,0.364
236,10,0.359
236,11,2.66
236,12,3.265
236,13,3.272
236,14,3.242
236,15,3.211
236,16,3.249
236,17,3.284
236,18,3.195
236,19,2.71
236,20,0.975
236,21,0.311
236,22,0.288
236,23,0.286
236,24,0.252
236,25,0.398
236,26,2.702
236,27,1.79
236,28,1.833
236,29,1.786
236,30,1.734
236,31,0.708
236,32,1.947
236,33,0.483
236,34,0.527
236,35,2.765
236,36,4.193
236,37,1.129
236,38,0.745
236,39,1.688
236,40,1.971
236,41,1.814
236,42,1.784
236,43,2.301
236,44,3.003
236,45,1.907
236,46,2.53
236,47,2.734
236,48,2.271
237,1,0.895
237,2,0.829
237,3,0.883
237,4,0.799
237,5,0.613
237,6,0.385
237,7,0.303
237,8,0.307
237,9,0.3
237,10,0.299
237,11,2.683
237,12,3.302
237,13,3.404
237,14,3.336
237,15,3.241
237,16,3.196
237,17,3.156
237,18,3.106
237,19,2.768
237,20,1.218
237,21,0.431
237,22,0.353
237,23,0.357
237,24,0.74
237,25,3.217
237,26,0.811
237,27,0.58
237,28,0.475
237,29,0.562
237,30,0.543
237,31,0.542
237,32,0.477
237,33,1.06
237,34,1.134
237,35,3.248
237,36,1.539
237,37,1.047
237,38,1.489
237,39,2.484
237,40,2.789
237,41,1.162
237,42,1.116
237,43,3.066
237,44,2.304
237,45,2.147
237,46,1.885
237,47,2.926
237,48,2.625
238,1,1.946
238,2,0.98
238,3,0.944
238,4,0.864
238,5,0.685
238,6,0.59
238,7,0.579
238,8,0.571
238,9,0.569
238,10,0.322
238,11,2.639
238,12,3.237
238,13,3.19
238,14,3.272
238,15,3.339
238,16,3.301
238,17,3.211
238,18,3.103
238,19,2.572
238,20,1.207
238,21,0.377
238,22,0.37
238,23,0.354
238,24,0.345
238,25,0.504
238,26,1.224
238,27,0.644
238,28,1.492
238,29,3.239
238,30,2.184
238,31,0.715
238,32,1.081
238,33,1.427
238,34,0.789
238,35,1.061
238,36,3.678
238,37,2.173
238,38,1.224
238,39,2.658
238,40,2.623
238,41,1.363
238,42,1.127
238,43,1.342
238,44,1.569
238,45,1.122
238,46,1.082
238,47,1.093
238,48,1.035
239,1,0.85
239,2,0.666
239,3,0.582
239,4,0.558
239,5,0.553
239,6,0.592
239,7,0.521
239,8,0.37
239,9,0.363
239,10,0.362
239,11,2.712
239,12,3.382
239,13,3.35
239,14,3.342
239,15,3.34
239,16,3.247
239,17,3.276
239,18,3.159
239,19,2.75
239,20,0.887
239,21,0.305
239,22,0.309
239,23,0.342
239,24,0.338
239,25,0.265
239,26,1.007
239,27,4.703
239,28,5.659
239,29,3.619
239,30,2.353
239,31,0.692
239,32,0.645
239,33,0.639
239,34,1.328
239,35,2.626
239,36,3.371
239,37,2.877
239,38,0.911
239,39,2.975
239,40,2.639
239,41,0.798
239,42,1.349
239,43,2.212
239,44,2.253
239,45,2.445
239,46,2.334
239,47,3.196
239,48,1.473
240,1,1.042
240,2,0.895
240,3,0.966
240,4,0.833
240,5,0.598
240,6,0.519
240,7,0.39
240,8,0.315
240,9,0.311
240,10,0.34
240,11,2.804
240,12,3.373
240,13,3.32
240,14,3.215
240,15,3.128
240,16,3.135
240,17,4.192
240,18,3.225
240,19,3.006
240,20,1.528
240,21,0.634
240,22,0.592
240,23,0.746
240,24,1.66
240,25,2.247
240,26,1.53
240,27,0.617
240,28,0.343
240,29,0.83
240,30,3.041
240,31,2.043
240,32,0.411
240,33,0.415
240,34,0.471
240,35,0.379
240,36,0.612
240,37,0.435
240,38,0.436
240,39,1.474
240,40,1.971
240,41,2.318
240,42,2.728
240,43,2.164
240,44,0.931
240,45,0.398
240,46,0.401
240,47,0.375
240,48,0.337
388,1,2.613
388,2,1.869
388,3,0.724
388,4,0.561
388,5,0.435
388,6,0.677
388,7,5.186
388,8,5.356
388,9,5.41
388,10,5.441
388,11,5.437
388,12,5.325
388,13,5.26
388,14,5.238
388,15,5.262
388,16,0.672
388,17,0.357
388,18,0.257
388,19,0.182
388,20,0.218
388,21,0.456
388,22,0.354
388,23,0.321
388,24,1.607
388,25,1.976
388,26,2.933
388,27,2.368
388,28,2.006
388,29,2.069
388,30,2.316
388,31,2.281
388,32,2.264
388,33,2.499
388,34,2.273
388,35,5.122
388,36,3.793
388,37,2.904
388,38,2.337
388,39,1.188
388,40,1.335
388,41,2.737
388,42,3.121
388,43,1.515
388,44,1.303
388,45,1.577
388,46,3.375
388,47,2.557
388,48,0.681
389,1,0.559
389,2,0.354
389,3,0.321
389,4,0.255
389,5,0.239
389,6,0.791
389,7,5.371
389,8,5.404
389,9,5.38
389,10,5.395
389,11,5.32
389,12,5.265
389,13,5.215
389,14,5.194
389,15,5.114
389,16,0.487
389,17,0.225
389,18,0.363
389,19,0.334
389,20,0.269
389,21,0.335
389,22,0.315
389,23,0.296
389,24,1.44
389,25,2.263
389,26,2.984
389,27,2.679
389,28,2.169
389,29,2.115
389,30,1.564
389,31,0.564
389,32,4.517
389,33,7.177
389,34,2.838
389,35,1.295
389,36,1.896
389,37,2.93
389,38,3.113
389,39,4.434
389,40,4.464
389,41,4.523
389,42,4.552
389,43,3.586
389,44,1.726
389,45,0.94
389,46,0.898
389,47,0.885
389,48,0.913
390,1,0.444
390,2,0.195
390,3,0.266
390,4,0.381
390,5,0.331
390,6,0.778
390,7,5.165
390,8,5.178
390,9,5.228
390,10,5.352
390,11,5.281
390,12,5.141
390,13,4.95
390,14,4.929
390,15,4.988
390,16,0.604
390,17,3.926
390,18,7.167
390,19,6.33
390,20,6.201
390,21,5.517
390,22,4.409
390,23,5.852
390,24,5.845
390,25,6.913
390,26,2.589
390,27,2.154
390,28,2.113
390,29,1.509
390,30,0.388
390,31,0.739
390,32,1.913
390,33,0.722
390,34,2.279
390,35,3.003
390,36,3.33
390,37,3.328
390,38,1.296
390,39,2.806
390,40,3.256
390,41,3.42
390,42,3.306
390,43,2.706
390,44,1.678
390,45,1.59
390,46,3.434
390,47,2.945
390,48,0.994
391,1,0.741
391,2,0.518
391,3,0.398
391,4,0.329
391,5,0.379
391,6,0.841
391,7,5.305
391,8,5.258
391,9,5.269
391,10,5.392
391,11,5.423
391,12,5.388
391,13,5.11
391,14,4.972
391,15,4.85
391,16,0.596
391,17,3.608
391,18,7.894
391,19,4.228
391,20,4.472
391,21,4.399
391,22,5.868
391,23,4.399
391,24,3.872
391,25,3.921
391,26,2.504
391,27,3.075
391,28,2.362
391,29,2.171
391,30,2.076
391,31,1.985
391,32,0.793
391,33,2.197
391,34,1.221
391,35,1.188
391,36,3.158
391,37,4.395
391,38,1.758
391,39,2.96
391,40,3.246
391,41,3.45
391,42,2.209
391,43,3.972
391,44,3.66
391,45,2.879
391,46,3.151
391,47,0.917
391,48,0.77
392,1,0.718
392,2,0.723
392,3,0.371
392,4,0.299
392,5,0.288
392,6,0.738
392,7,5.372
392,8,5.41
392,9,5.398
392,10,5.378
392,11,5.338
392,12,5.356
392,13,5.269
392,14,5.092
392,15,4.92
392,16,0.575
392,17,4.756
392,18,6.049
392,19,4.963
392,20,4.596
392,21,6.793
392,22,6.592
392,23,5.318
392,24,3.32
392,25,2.459
392,26,3.265
392,27,2.681
392,28,3.368
392,29,2.8
392,30,2.265
392,31,4.78
392,32,0.914
392,33,0.711
392,34,0.649
392,35,0.809
392,36,2.02
392,37,4.82
392,38,3.081
392,39,3.249
392,40,2.249
392,41,1.511
392,42,3.055
392,43,1.949
392,44,3.066
392,45,3.084
392,46,1.293
392,47,1.28
392,48,0.823
393,1,0.742
393,2,0.644
393,3,0.333
393,4,0.383
393,5,0.366
393,6,0.855
393,7,5.308
393,8,5.312
393,9,5.278
393,10,5.236
393,11,5.265
393,12,5.358
393,13,5.271
393,14,5.206
393,15,5.096
393,16,0.5
393,17,3.933
393,18,4.591
393,19,4.28
393,20,4.265
393,21,4.225
393,22,4.395
393,23,4.38
393,24,4.276
393,25,4.213
393,26,2.551
393,27,1.559
393,28,2.238
393,29,1.615
393,30,1.43
393,31,1.884
393,32,4.69
393,33,1.905
393,34,1.716
393,35,3.05
393,36,2.547
393,37,2.321
393,38,4.019
393,39,3.488
393,40,3.979
393,41,2.686
393,42,4.788
393,43,3.59
393,44,3.462
393,45,3.19
393,46,2.535
393,47,1.17
393,48,1.001
394,1,0.761
394,2,0.717
394,3,0.334
394,4,0.196
394,5,0.258
394,6,0.892
394,7,5.492
394,8,5.312
394,9,5.3
394,10,5.29
394,11,5.255
394,12,5.192
394,13,5.161
394,14,5.124
394,15,5.022
394,16,0.633
394,17,3.593
394,18,4.251
394,19,4.298
394,20,4.212
394,21,4.179
394,22,4.349
394,23,5.552
394,24,4.029
394,25,2.519
394,26,1.937
394,27,1.52
394,28,0.325
394,29,0.274
394,30,1.618
394,31,1.135
394,32,0.763
394,33,0.949
394,34,2.21
394,35,4.215
394,36,3.485
394,37,3.459
394,38,3.618
394,39,4.473
394,40,2.01
394,41,3.237
394,42,3.192
394,43,3.127
394,44,1.39
394,45,1.492
394,46,4.302
394,47,2.939
394,48,1.585
395,1,1.053
395,2,1.035
395,3,0.789
395,4,0.626
395,5,0.68
395,6,1.211
395,7,5.297
395,8,5.409
395,9,5.344
395,10,5.263
395,11,5.27
395,12,5.376
395,13,5.425
395,14,5.11
395,15,5.082
395,16,0.899
395,17,1.941
395,18,1.319
395,19,1.15
395,20,0.87
395,21,0.736
395,22,1.715
395,23,3.258
395,24,3.077
395,25,4.106
395,26,5.035
395,27,6.018
395,28,6.084
395,29,4.735
395,30,1.409
395,31,2.134
395,32,1.48
395,33,1.022
395,34,3.009
395,35,6.134
395,36,4.273
395,37,3.24
395,38,3.114
395,39,3.443
395,40,3.262
395,41,2.634
395,42,1.378
395,43,1.313
395,44,2.935
395,45,3.467
395,46,2.752
395,47,3.783
395,48,2.426
396,1,0.726
396,2,0.696
396,3,0.762
396,4,0.502
396,5,0.468
396,6,1.038
396,7,5.529
396,8,5.381
396,9,5.344
396,10,5.343
396,11,5.373
396,12,5.355
396,13,5.226
396,14,5.184
396,15,5.021
396,16,0.461
396,17,0.184
396,18,0.302
396,19,0.3
396,20,0.327
396,21,0.482
396,22,1.91
396,23,1.991
396,24,2.596
396,25,3.53
396,26,2.246
396,27,2.141
396,28,2.083
396,29,2.051
396,30,0.586
396,31,0.661
396,32,0.459
396,33,0.518
396,34,1.651
396,35,2.315
396,36,2.725
396,37,3.493
396,38,3.136
396,39,3.008
396,40,3.276
396,41,2.582
396,42,1.688
396,43,1.269
396,44,1.314
396,45,1.336
396,46,1.348
396,47,2.815
396,48,2.661
397,1,2.365
397,2,0.673
397,3,0.547
397,4,0.477
397,5,0.293
397,6,0.686
397,7,5.339
397,8,5.395
397,9,5.442
397,10,5.416
397,11,5.382
397,12,5.263
397,13,5.139
397,14,5.066
397,15,5.098
397,16,0.648
397,17,2.895
397,18,4.933
397,19,4.143
397,20,4.147
397,21,4.14
397,22,6.189
397,23,5.874
397,24,5.786
397,25,7.582
397,26,3.397
397,27,3.222
397,28,3.312
397,29,3.287
397,30,2.336
397,31,1.282
397,32,1.547
397,33,2.861
397,34,2.461
397,35,2.785
397,36,3.229
397,37,5.592
397,38,5.585
397,39,4.532
397,40,4.686
397,41,4.976
397,42,4.659
397,43,4.712
397,44,3.678
397,45,3.716
397,46,4.746
397,47,3.021
397,48,2.036
398,1,1.798
398,2,1.514
398,3,1.467
398,4,1.56
398,5,1.437
398,6,1.884
398,7,6.379
398,8,6.346
398,9,6.405
398,10,6.434
398,11,6.4
398,12,6.362
398,13,6.154
398,14,6.056
398,15,5.949
398,16,1.686
398,17,1.792
398,18,4.924
398,19,4.075
398,20,3.862
398,21,4.15
398,22,4.547
398,23,4.264
398,24,5.32
398,25,3.423
398,26,2.385
398,27,2.189
398,28,2.003
398,29,2.459
398,30,2.184
398,31,2.905
398,32,2.952
398,33,3.061
398,34,1.564
398,35,2.07
398,36,4.055
398,37,3.902
398,38,3.526
398,39,3.187
398,40,3.005
398,41,1.645
398,42,1.746
398,43,3.57
398,44,3.476
398,45,3.512
398,46,1.522
398,47,0.879
398,48,0.885
399,1,0.698
399,2,0.387
399,3,0.34
399,4,0.406
399,5,0.356
399,6,0.759
399,7,5.23
399,8,5.249
399,9,5.348
399,10,5.416
399,11,5.35
399,12,5.278
399,13,5.027
399,14,5.035
399,15,5.114
399,16,0.622
399,17,5.421
399,18,4.917
399,19,4.114
399,20,3.907
399,21,4.072
399,22,4.474
399,23,5.408
399,24,6.791
399,25,5.01
399,26,3.551
399,27,2.252
399,28,2.965
399,29,3.297
399,30,4.122
399,31,4.378
399,32,2.216
399,33,0.758
399,34,2.594
399,35,2.652
399,36,3.266
399,37,3.042
399,38,1.155
399,39,2.477
399,40,3.717
399,41,2.975
399,42,2.579
399,43,2.946
399,44,3.253
399,45,2.494
399,46,0.86
399,47,0.782
399,48,0.763
400,1,0.607
400,2,0.573
400,3,0.432
400,4,0.312
400,5,0.329
400,6,0.895
400,7,5.331
400,8,5.253
400,9,5.342
400,10,5.36
400,11,5.349
400,12,5.296
400,13,5.126
400,14,5.016
400,15,5.115
400,16,0.606
400,17,4.193
400,18,4.52
400,19,4.164
400,20,4.097
400,21,4.305
400,22,4.397
400,23,3.451
400,24,4.281
400,25,3.155
400,26,3.108
400,27,2.945
400,28,1.798
400,29,0.308
400,30,0.212
400,31,0.882
400,32,1.032
400,33,0.919
400,34,1.05
400,35,2.742
400,36,3.256
400,37,3.317
400,38,2.697
400,39,1.753
400,40,3.22
400,41,3.155
400,42,2.084
400,43,1.995
400,44,3.028
400,45,3.886
400,46,1.491
400,47,0.792
400,48,0.735
401,1,0.596
401,2,0.63
401,3,0.294
401,4,0.353
401,5,0.361
401,6,0.88
401,7,5.338
401,8,5.27
401,9,5.249
401,10,5.252
401,11,5.416
401,12,5.251
401,13,5.023
401,14,5.006
401,15,5.033
401,16,0.515
401,17,6.776
401,18,7.79
401,19,7.369
401,20,8.138
401,21,6.131
401,22,4.815
401,23,4.245
401,24,3.75
401,25,2.526
401,26,1.347
401,27,0.283
401,28,1.526
401,29,0.464
401,30,0.669
401,31,2.129
401,32,3.066
401,33,3.074
401,34,2.42
401,35,2.477
401,36,2.723
401,37,1.594
401,38,1.587
401,39,3.349
401,40,3.355
401,41,1.483
401,42,2.793
401,43,1.701
401,44,1.398
401,45,1.423
401,46,1.503
401,47,1.43
401,48,1.276
402,1,2.397
402,2,3.788
402,3,2.846
402,4,2.646
402,5,0.827
402,6,0.836
402,7,5.372
402,8,5.478
402,9,5.521
402,10,5.451
402,11,5.263
402,12,5.257
402,13,5.196
402,14,5.193
402,15,5.141
402,16,0.621
402,17,0.358
402,18,0.345
402,19,0.247
402,20,0.099
402,21,1.334
402,22,3.194
402,23,3.551
402,24,2.622
402,25,0.776
402,26,0.298
402,27,1.449
402,28,0.419
402,29,0.176
402,30,0.162
402,31,0.203
402,32,0.253
402,33,0.382
402,34,0.521
402,35,0.414
402,36,0.366
402,37,0.426
402,38,1.009
402,39,0.868
402,40,1.762
402,41,3.637
402,42,3.116
402,43,3.108
402,44,3.14
402,45,2.151
402,46,3.139
402,47,0.601
402,48,0.518
403,1,0.26
403,2,0.273
403,3,0.372
403,4,0.468
403,5,0.242
403,6,0.688
403,7,5.186
403,8,5.232
403,9,5.183
403,10,5.311
403,11,5.321
403,12,5.405
403,13,5.322
403,14,5.285
403,15,5.198
403,16,0.478
403,17,0.107
403,18,0.162
403,19,0.172
403,20,0.237
403,21,0.344
403,22,0.388
403,23,0.719
403,24,2.72
403,25,2.253
403,26,1.017
403,27,0.363
403,28,1.087
403,29,3.213
403,30,6.109
403,31,4.638
403,32,1.807
403,33,0.561
403,34,0.75
403,35,0.667
403,36,0.744
403,37,1.302
403,38,2.533
403,39,3.403
403,40,3.359
403,41,1.68
403,42,1.532
403,43,2.416
403,44,3.268
403,45,1.219
403,46,0.912
403,47,1.007
403,48,1.081
404,1,0.884
404,2,0.758
404,3,0.737
404,4,0.451
404,5,0.27
404,6,0.757
404,7,5.313
404,8,5.375
404,9,5.371
404,10,5.365
404,11,5.293
404,12,5.203
404,13,5.008
404,14,5.008
404,15,5.061
404,16,0.592
404,17,0.293
404,18,4.302
404,19,4.252
404,20,4.207
404,21,4.309
404,22,4.435
404,23,5.687
404,24,3.979
404,25,2.93
404,26,2.698
404,27,3.932
404,28,2.424
404,29,3.188
404,30,3.427
404,31,2.643
404,32,3.357
404,33,1.981
404,34,3.603
404,35,2.553
404,36,2.351
404,37,4.416
404,38,3.301
404,39,3.697
404,40,1.777
404,41,1.395
404,42,1.39
404,43,1.273
404,44,1.314
404,45,1.737
404,46,2.829
404,47,2.425
404,48,0.858
405,1,0.422
405,2,0.437
405,3,0.278
405,4,0.186
405,5,0.208
405,6,0.846
405,7,5.234
405,8,5.232
405,9,5.248
405,10,5.201
405,11,5.058
405,12,5.01
405,13,5.119
405,14,5.148
405,15,5.156
405,16,0.577
405,17,3.5
405,18,4.405
405,19,4.292
405,20,4.029
405,21,4.601
405,22,6.294
405,23,6.655
405,24,6.1
405,25,2.165
405,26,0.487
405,27,0.266
405,28,1.45
405,29,0.325
405,30,0.253
405,31,0.808
405,32,3.174
405,33,2.927
405,34,2.121
405,35,1.154
405,36,1.344
405,37,1.255
405,38,1.233
405,39,1.799
405,40,1.871
405,41,2.949
405,42,4.003
405,43,3.894
405,44,3.777
405,45,2.332
405,46,1.445
405,47,1.039
405,48,0.804
406,1,0.627
406,2,0.444
406,3,0.359
406,4,0.365
406,5,0.229
406,6,0.689
406,7,5.236
406,8,5.324
406,9,5.346
406,10,5.399
406,11,5.42
406,12,5.313
406,13,5.206
406,14,5.039
406,15,4.924
406,16,1.965
406,17,2.281
406,18,4.339
406,19,4.368
406,20,4.362
406,21,4.24
406,22,4.25
406,23,4.382
406,24,5.402
406,25,5.819
406,26,3.867
406,27,2.229
406,28,2.041
406,29,1.94
406,30,2.098
406,31,2.09
406,32,1.711
406,33,0.818
406,34,5.185
406,35,7.99
406,36,4.135
406,37,3.531
406,38,3.213
406,39,2.734
406,40,1.364
406,41,1.977
406,42,2.532
406,43,3.201
406,44,2.61
406,45,2.58
406,46,2.172
406,47,2.202
406,48,1.153
407,1,0.963
407,2,0.737
407,3,0.578
407,4,0.336
407,5,0.338
407,6,0.865
407,7,5.427
407,8,5.469
407,9,5.476
407,10,5.434
407,11,5.428
407,12,5.406
407,13,5.311
407,14,5.167
407,15,5.124
407,16,0.673
407,17,6.138
407,18,7.994
407,19,5.455
407,20,6.469
407,21,6.935
407,22,6.932
407,23,6.499
407,24,6.025
407,25,6.017
407,26,3.272
407,27,0.221
407,28,0.267
407,29,0.292
407,30,0.257
407,31,0.605
407,32,1.378
407,33,0.62
407,34,0.838
407,35,1.043
407,36,1.264
407,37,3.165
407,38,1.772
407,39,1.536
407,40,1.397
407,41,1.432
407,42,2.513
407,43,2.777
407,44,2.37
407,45,2.639
407,46,3.189
407,47,2.451
407,48,1.217
408,1,0.704
408,2,0.342
408,3,0.304
408,4,0.296
408,5,0.264
408,6,0.795
408,7,5.319
408,8,5.4
408,9,5.425
408,10,5.382
408,11,5.326
408,12,5.189
408,13,5.033
408,14,4.904
408,15,4.976
408,16,0.635
408,17,6.889
408,18,6.45
408,19,4.555
408,20,5.935
408,21,6.224
408,22,5.601
408,23,4.599
408,24,4.698
408,25,4.268
408,26,1.848
408,27,0.326
408,28,0.192
408,29,0.225
408,30,0.319
408,31,0.454
408,32,0.297
408,33,0.305
408,34,2.128
408,35,6.088
408,36,5.093
408,37,2.606
408,38,2.897
408,39,2.889
408,40,1.466
408,41,1.192
408,42,2.933
408,43,2.046
408,44,2.184
408,45,1.783
408,46,3.246
408,47,1.722
408,48,0.606
409,1,0.499
409,2,0.483
409,3,0.388
409,4,0.423
409,5,0.457
409,6,0.877
409,7,5.453
409,8,5.37
409,9,5.43
409,10,5.421
409,11,5.44
409,12,5.362
409,13,5.355
409,14,5.257
409,15,5.128
409,16,0.579
409,17,0.29
409,18,0.416
409,19,0.29
409,20,0.279
409,21,0.764
409,22,2.016
409,23,1.961
409,24,2.088
409,25,2.017
409,26,3.772
409,27,1.984
409,28,1.735
409,29,2.104
409,30,2.406
409,31,2.228
409,32,2.148
409,33,4.432
409,34,3.161
409,35,2.759
409,36,2.98
409,37,3.099
409,38,3.348
409,39,3.328
409,40,3.15
409,41,3.336
409,42,2.575
409,43,2.682
409,44,2.459
409,45,2.321
409,46,3.103
409,47,3.336
409,48,3.38
410,1,1.438
410,2,0.665
410,3,0.611
410,4,0.295
410,5,0.27
410,6,0.893
410,7,5.198
410,8,5.211
410,9,5.239
410,10,5.166
410,11,5.217
410,12,5.235
410,13,5.298
410,14,5.284
410,15,5.131
410,16,0.505
410,17,0.195
410,18,0.123
410,19,0.156
410,20,0.32
410,21,0.42
410,22,0.33
410,23,0.31
410,24,2.778
410,25,4.813
410,26,1.754
410,27,2.824
410,28,5.37
410,29,5.209
410,30,6.229
410,31,4.616
410,32,4.066
410,33,2.649
410,34,2.719
410,35,2.762
410,36,2.584
410,37,2.82
410,38,2.691
410,39,1.88
410,40,2.686
410,41,2.544
410,42,2.128
410,43,1.367
410,44,1.566
410,45,1.332
410,46,1.315
410,47,1.386
410,48,1.27
411,1,3.084
411,2,0.65
411,3,0.197
411,4,0.254
411,5,0.308
411,6,0.963
411,7,5.419
411,8,5.414
411,9,5.39
411,10,5.352
411,11,5.384
411,12,5.398
411,13,5.264
411,14,5.119
411,15,4.997
411,16,0.467
411,17,3.663
411,18,6.903
411,19,4.6
411,20,4.894
411,21,4.147
411,22,3.803
411,23,3.464
411,24,3.608
411,25,5.117
411,26,4.43
411,27,2.163
411,28,2.172
411,29,2.159
411,30,2.2
411,31,2.36
411,32,4.253
411,33,4.256
411,34,4.589
411,35,2.807
411,36,2.761
411,37,3.276
411,38,3.352
411,39,2.778
411,40,2.333
411,41,2.074
411,42,2.26
411,43,3.741
411,44,1.824
411,45,1.342
411,46,1.189
411,47,0.676
411,48,0.626
412,1,0.489
412,2,0.623
412,3,0.598
412,4,0.422
412,5,0.367
412,6,0.881
412,7,5.357
412,8,5.366
412,9,5.251
412,10,5.278
412,11,5.405
412,12,5.377
412,13,5.176
412,14,5.027
412,15,4.91
412,16,0.49
412,17,3.427
412,18,5.129
412,19,4.999
412,20,7.106
412,21,6.098
412,22,5.448
412,23,4.256
412,24,2.621
412,25,1.539
412,26,0.775
412,27,1.309
412,28,3.61
412,29,1.176
412,30,0.296
412,31,0.297
412,32,0.26
412,33,0.213
412,34,0.223
412,35,0.265
412,36,0.377
412,37,0.528
412,38,1.287
412,39,1.485
412,40,2.991
412,41,3.345
412,42,3.546
412,43,3.877
412,44,3.62
412,45,3.498
412,46,3.074
412,47,1.536
412,48,0.932
413,1,0.717
413,2,0.732
413,3,0.531
413,4,0.366
413,5,0.39
413,6,0.988
413,7,5.464
413,8,5.512
413,9,5.552
413,10,5.369
413,11,5.35
413,12,5.414
413,13,5.416
413,14,5.206
413,15,5.09
413,16,0.699
413,17,3.78
413,18,5.098
413,19,5.634
413,20,4.854
413,21,4.69
413,22,4.807
413,23,5.134
413,24,6.072
413,25,6.99
413,26,4.246
413,27,2.424
413,28,1.919
413,29,2.212
413,30,1.898
413,31,0.417
413,32,0.544
413,33,0.98
413,34,0.604
413,35,0.485
413,36,0.574
413,37,0.951
413,38,0.876
413,39,1.102
413,40,1.136
413,41,1.17
413,42,1.272
413,43,1.333
413,44,1.332
413,45,1.316
413,46,1.258
413,47,1.042
413,48,1.143
414,1,0.648
414,2,0.525
414,3,0.298
414,4,0.388
414,5,0.327
414,6,0.868
414,7,5.297
414,8,5.252
414,9,5.252
414,10,5.254
414,11,5.415
414,12,5.35
414,13,7.371
414,14,8.553
414,15,7.19
414,16,0.422
414,17,0.189
414,18,2.796
414,19,5.606
414,20,4.466
414,21,4.288
414,22,4.53
414,23,4.309
414,24,3.996
414,25,1.595
414,26,0.565
414,27,0.686
414,28,0.397
414,29,0.339
414,30,0.207
414,31,0.199
414,32,0.195
414,33,1.349
414,34,2.306
414,35,5.752
414,36,2.617
414,37,1.247
414,38,1.789
414,39,3.678
414,40,3.452
414,41,3.446
414,42,3.217
414,43,2.481
414,44,2.612
414,45,2.617
414,46,2.506
414,47,2.393
414,48,0.791
415,1,0.624
415,2,0.581
415,3,0.427
415,4,0.373
415,5,0.261
415,6,0.747
415,7,5.087
415,8,5.237
415,9,5.249
415,10,5.239
415,11,5.169
415,12,5.18
415,13,5.146
415,14,5.201
415,15,5.113
415,16,0.545
415,17,0.135
415,18,3.642
415,19,4.508
415,20,6.502
415,21,6.19
415,22,5.156
415,23,4.158
415,24,4.264
415,25,4.106
415,26,4.03
415,27,4.157
415,28,4.617
415,29,4.268
415,30,2.465
415,31,1.471
415,32,1.686
415,33,1.849
415,34,5.767
415,35,5.48
415,36,3.976
415,37,7.38
415,38,8.435
415,39,5.692
415,40,3.991
415,41,3.887
415,42,2.604
415,43,4.177
415,44,4.111
415,45,2.248
415,46,1.703
415,47,1.563
415,48,1.561
