213,1,0.289
213,2,0.226
213,3,0.265
213,4,0.277
213,5,0.326
213,6,0.391
213,7,0.328
213,8,0.358
213,9,0.36
213,10,0.33
213,11,0.574
213,12,0.392
213,13,0.39
213,14,0.474
213,15,0.463
213,16,0.717
213,17,0.345
213,18,0.248
213,19,0.305
213,20,0.248
213,21,0.247
213,22,0.449
213,23,0.28
213,24,0.468
213,25,0.459
213,26,0.436
213,27,0.628
213,28,0.47
213,29,0.429
213,30,0.541
213,31,0.398
213,32,0.492
213,33,0.438
213,34,0.849
213,35,0.59
213,36,0.735
213,37,0.501
213,38,0.497
213,39,0.446
213,40,0.507
213,41,0.454
213,42,0.475
213,43,0.591
213,44,0.551
213,45,0.616
213,46,0.504
213,47,0.74
213,48,0.721
214,1,1.603
214,2,1.021
214,3,0.765
214,4,0.938
214,5,0.812
214,6,0.744
214,7,0.622
214,8,0.395
214,9,0.227
214,10,0.282
214,11,0.227
214,12,0.229
214,13,0.277
214,14,0.254
214,15,0.403
214,16,0.439
214,17,0.302
214,18,0.383
214,19,0.241
214,20,0.247
214,21,0.428
214,22,0.241
214,23,0.289
214,24,0.25
214,25,0.246
214,26,0.307
214,27,1.782
214,28,1.08
214,29,1.19
214,30,0.671
214,31,0.759
214,32,0.562
214,33,0.471
214,34,0.573
214,35,0.491
214,36,0.499
214,37,0.525
214,38,0.553
214,39,0.575
214,40,0.662
214,41,0.685
214,42,0.659
214,43,1.197
214,44,1.227
214,45,1.293
214,46,2.354
214,47,1.578
214,48,0.926
215,1,0.583
215,2,0.54
215,3,0.493
215,4,0.557
215,5,0.519
215,6,0.539
215,7,0.579
215,8,0.53
215,9,0.501
215,10,0.365
215,11,0.349
215,12,0.677
215,13,0.474
215,14,0.494
215,15,0.605
215,16,0.546
215,17,0.712
215,18,0.396
215,19,0.369
215,20,0.426
215,21,0.364
215,22,0.569
215,23,1.754
215,24,0.59
215,25,1.259
215,26,0.703
215,27,0.445
215,28,0.463
215,29,0.557
215,30,0.479
215,31,0.491
215,32,0.497
215,33,0.49
215,34,0.304
215,35,0.293
215,36,0.418
215,37,0.394
215,38,0.53
215,39,0.561
215,40,0.551
215,41,0.87
215,42,0.818
215,43,0.669
215,44,0.609
215,45,0.646
215,46,0.591
215,47,0.584
215,48,0.402
216,1,0.423
216,2,0.375
216,3,0.428
216,4,0.378
216,5,0.398
216,6,0.413
216,7,0.263
216,8,0.276
216,9,0.26
216,10,0.231
216,11,0.292
216,12,0.232
216,13,0.243
216,14,0.312
216,15,0.34
216,16,0.522
216,17,0.517
216,18,0.305
216,19,0.29
216,20,0.25
216,21,0.49
216,22,0.245
216,23,0.26
216,24,0.324
216,25,0.255
216,26,0.3
216,27,0.386
216,28,0.366
216,29,0.554
216,30,0.284
216,31,0.355
216,32,0.373
216,33,1.42
216,34,0.454
216,35,0.406
216,36,0.486
216,37,0.444
216,38,0.44
216,39,0.891
216,40,0.712
216,41,0.573
216,42,0.45
216,43,0.444
216,44,0.555
216,45,0.533
216,46,0.558
216,47,0.529
216,48,0.494
217,1,0.646
217,2,0.572
217,3,1.703
217,4,0.951
217,5,0.492
217,6,0.534
217,7,0.491
217,8,0.469
217,9,0.518
217,10,0.466
217,11,0.502
217,12,0.283
217,13,0.502
217,14,0.442
217,15,0.426
217,16,0.559
217,17,0.342
217,18,0.252
217,19,0.416
217,20,0.255
217,21,0.275
217,22,0.304
217,23,0.253
217,24,0.329
217,25,0.894
217,26,0.721
217,27,0.646
217,28,0.516
217,29,0.499
217,30,0.562
217,31,0.425
217,32,0.48
217,33,0.421
217,34,0.522
217,35,0.348
217,36,0.436
217,37,0.505
217,38,0.42
217,39,0.427
217,40,0.451
217,41,0.389
217,42,0.851
217,43,0.609
217,44,0.725
217,45,0.757
217,46,1.015
217,47,1.409
217,48,2.104
218,1,0.517
218,2,0.543
218,3,0.481
218,4,0.529
218,5,0.463
218,6,0.485
218,7,0.518
218,8,0.466
218,9,0.419
218,10,0.252
218,11,0.239
218,12,0.303
218,13,0.238
218,14,0.487
218,15,0.363
218,16,0.336
218,17,0.379
218,18,0.249
218,19,0.505
218,20,0.293
218,21,0.262
218,22,0.588
218,23,0.257
218,24,0.353
218,25,0.691
218,26,0.667
218,27,0.554
218,28,0.54
218,29,0.993
218,30,0.65
218,31,0.856
218,32,0.543
218,33,0.31
218,34,0.727
218,35,0.61
218,36,0.683
218,37,1.289
218,38,2.296
218,39,1.645
218,40,0.612
218,41,0.355
218,42,0.398
218,43,0.369
218,44,0.448
218,45,0.458
218,46,0.355
218,47,0.316
218,48,0.272
219,1,0.239
219,2,0.297
219,3,0.237
219,4,0.253
219,5,0.281
219,6,0.236
219,7,0.295
219,8,0.241
219,9,0.237
219,10,0.297
219,11,0.236
219,12,0.271
219,13,0.262
219,14,0.256
219,15,0.374
219,16,0.307
219,17,0.507
219,18,0.293
219,19,0.328
219,20,0.701
219,21,0.27
219,22,0.256
219,23,0.454
219,24,0.295
219,25,0.382
219,26,0.597
219,27,0.51
219,28,0.266
219,29,0.248
219,30,0.783
219,31,0.539
219,32,0.514
219,33,0.5
219,34,0.5
219,35,1.085
219,36,0.878
219,37,0.802
219,38,0.592
219,39,0.552
219,40,0.618
219,41,0.559
219,42,0.595
219,43,0.604
219,44,0.563
219,45,0.827
219,46,0.695
219,47,0.582
219,48,0.595
220,1,1.81
220,2,1.874
220,3,0.473
220,4,0.49
220,5,0.507
220,6,0.468
220,7,0.543
220,8,0.499
220,9,0.499
220,10,0.297
220,11,0.239
220,12,0.3
220,13,0.24
220,14,0.276
220,15,0.582
220,16,0.316
220,17,0.351
220,18,0.256
220,19,0.347
220,20,0.317
220,21,0.964
220,22,0.307
220,23,0.367
220,24,0.281
220,25,0.604
220,26,0.593
220,27,0.555
220,28,0.569
220,29,0.948
220,30,0.467
220,31,0.502
220,32,0.435
220,33,0.591
220,34,0.372
220,35,0.414
220,36,0.348
220,37,1.048
220,38,1.126
220,39,0.983
220,40,0.421
220,41,0.525
220,42,0.523
220,43,0.702
220,44,0.599
220,45,0.605
220,46,0.574
220,47,1.642
220,48,0.852
221,1,0.553
221,2,0.526
221,3,0.603
221,4,0.651
221,5,0.496
221,6,0.493
221,7,0.449
221,8,0.435
221,9,0.486
221,10,0.41
221,11,0.52
221,12,0.292
221,13,0.231
221,14,0.317
221,15,0.446
221,16,0.396
221,17,0.336
221,18,0.474
221,19,0.301
221,20,0.239
221,21,0.29
221,22,0.229
221,23,0.228
221,24,0.293
221,25,0.277
221,26,0.583
221,27,0.455
221,28,0.446
221,29,0.511
221,30,0.433
221,31,0.397
221,32,0.404
221,33,0.459
221,34,0.566
221,35,0.525
221,36,0.622
221,37,0.523
221,38,0.556
221,39,0.56
221,40,0.526
221,41,0.601
221,42,0.635
221,43,0.683
221,44,0.626
221,45,0.656
221,46,0.655
221,47,0.575
221,48,0.632
222,1,0.473
222,2,0.481
222,3,0.533
222,4,0.49
222,5,0.546
222,6,0.596
222,7,0.477
222,8,0.425
222,9,0.259
222,10,0.275
222,11,0.28
222,12,0.243
222,13,0.309
222,14,0.269
222,15,0.32
222,16,0.389
222,17,0.303
222,18,0.268
222,19,0.275
222,20,0.236
222,21,0.442
222,22,0.257
222,23,0.255
222,24,0.326
222,25,0.262
222,26,0.283
222,27,0.455
222,28,0.291
222,29,0.715
222,30,0.275
222,31,0.373
222,32,0.591
222,33,0.449
222,34,0.368
222,35,0.282
222,36,0.346
222,37,0.926
222,38,0.528
222,39,0.569
222,40,0.587
222,41,0.405
222,42,0.471
222,43,0.622
222,44,0.852
222,45,0.735
222,46,0.542
222,47,1.412
222,48,2.405
223,1,1.204
223,2,0.622
223,3,0.591
223,4,0.619
223,5,0.633
223,6,0.616
223,7,0.665
223,8,0.33
223,9,0.247
223,10,0.311
223,11,0.245
223,12,0.279
223,13,0.273
223,14,0.274
223,15,0.397
223,16,0.483
223,17,0.35
223,18,0.31
223,19,0.271
223,20,0.819
223,21,0.476
223,22,0.453
223,23,0.419
223,24,0.31
223,25,0.577
223,26,0.68
223,27,0.662
223,28,0.47
223,29,0.52
223,30,1.104
223,31,0.513
223,32,0.572
223,33,0.396
223,34,0.278
223,35,0.27
223,36,0.318
223,37,0.273
223,38,0.463
223,39,0.444
223,40,0.614
223,41,0.656
223,42,0.732
223,43,0.771
223,44,0.709
223,45,1.041
223,46,1.988
223,47,0.77
223,48,0.589
224,1,0.547
224,2,0.508
224,3,0.587
224,4,0.537
224,5,0.602
224,6,0.63
224,7,0.581
224,8,0.536
224,9,0.437
224,10,0.381
224,11,0.417
224,12,0.252
224,13,0.289
224,14,0.308
224,15,0.334
224,16,0.4
224,17,0.306
224,18,0.268
224,19,0.299
224,20,0.263
224,21,0.594
224,22,0.286
224,23,0.252
224,24,0.347
224,25,0.427
224,26,0.297
224,27,0.559
224,28,0.508
224,29,0.906
224,30,0.73
224,31,0.447
224,32,0.634
224,33,0.449
224,34,0.505
224,35,0.441
224,36,0.437
224,37,0.748
224,38,0.373
224,39,0.397
224,40,0.653
224,41,0.937
224,42,0.699
224,43,0.527
224,44,1.006
224,45,0.966
224,46,0.934
224,47,1.445
224,48,0.738
225,1,0.505
225,2,0.528
225,3,0.479
225,4,0.564
225,5,0.593
225,6,0.603
225,7,0.666
225,8,0.408
225,9,0.311
225,10,0.267
225,11,0.241
225,12,0.312
225,13,0.241
225,14,0.291
225,15,0.382
225,16,0.555
225,17,0.395
225,18,0.378
225,19,0.276
225,20,0.325
225,21,0.265
225,22,0.209
225,23,0.483
225,24,0.316
225,25,0.34
225,26,0.474
225,27,0.542
225,28,0.274
225,29,0.311
225,30,0.354
225,31,0.272
225,32,0.385
225,33,0.597
225,34,0.592
225,35,0.537
225,36,0.506
225,37,0.44
225,38,0.389
225,39,0.361
225,40,0.386
225,41,0.26
225,42,0.41
225,43,0.676
225,44,0.659
225,45,0.789
225,46,0.752
225,47,0.709
225,48,0.812
226,1,0.709
226,2,0.598
226,3,0.533
226,4,0.532
226,5,0.497
226,6,0.501
226,7,0.459
226,8,0.524
226,9,0.387
226,10,0.234
226,11,0.308
226,12,0.233
226,13,0.257
226,14,0.308
226,15,0.311
226,16,0.374
226,17,0.492
226,18,0.25
226,19,0.321
226,20,0.332
226,21,0.305
226,22,0.352
226,23,0.763
226,24,0.481
226,25,0.227
226,26,0.35
226,27,0.597
226,28,0.367
226,29,0.595
226,30,0.814
226,31,0.57
226,32,0.552
226,33,0.514
226,34,0.541
226,35,0.518
226,36,0.528
226,37,0.531
226,38,0.49
226,39,0.575
226,40,2.002
226,41,2.606
226,42,1.039
226,43,0.555
226,44,0.612
226,45,0.654
226,46,0.738
226,47,0.627
226,48,0.679
227,1,0.591
227,2,0.581
227,3,0.488
227,4,0.521
227,5,0.456
227,6,0.48
227,7,0.501
227,8,0.394
227,9,0.355
227,10,0.42
227,11,0.249
227,12,0.495
227,13,0.323
227,14,0.414
227,15,0.412
227,16,0.348
227,17,0.444
227,18,0.546
227,19,0.41
227,20,0.491
227,21,0.533
227,22,0.521
227,23,0.319
227,24,0.378
227,25,0.441
227,26,0.271
227,27,0.244
227,28,0.22
227,29,0.327
227,30,0.898
227,31,1.077
227,32,0.922
227,33,0.675
227,34,0.893
227,35,0.595
227,36,0.57
227,37,0.511
227,38,0.65
227,39,0.563
227,40,0.674
227,41,1.169
227,42,0.735
227,43,0.773
227,44,1.451
227,45,2.257
227,46,0.76
227,47,0.469
227,48,0.542
228,1,0.52
228,2,0.483
228,3,0.552
228,4,0.509
228,5,0.516
228,6,0.585
228,7,0.432
228,8,0.444
228,9,0.465
228,10,0.345
228,11,0.407
228,12,0.343
228,13,0.371
228,14,0.335
228,15,0.397
228,16,0.445
228,17,0.552
228,18,0.32
228,19,0.275
228,20,0.251
228,21,0.442
228,22,0.569
228,23,0.276
228,24,0.256
228,25,0.231
228,26,0.3
228,27,0.23
228,28,0.267
228,29,0.264
228,30,0.231
228,31,0.397
228,32,0.419
228,33,0.342
228,34,0.244
228,35,0.248
228,36,0.297
228,37,0.529
228,38,0.571
228,39,0.589
228,40,1.005
228,41,1.187
228,42,0.755
228,43,0.823
228,44,0.934
228,45,0.831
228,46,0.733
228,47,0.87
228,48,2.58
229,1,0.921
229,2,0.543
229,3,0.465
229,4,0.511
229,5,0.498
229,6,0.534
229,7,0.638
229,8,0.346
229,9,0.282
229,10,0.261
229,11,0.626
229,12,0.43
229,13,0.525
229,14,0.502
229,15,0.428
229,16,0.407
229,17,0.903
229,18,0.49
229,19,0.46
229,20,0.385
229,21,0.238
229,22,0.301
229,23,0.249
229,24,0.512
229,25,1.136
229,26,1.678
229,27,0.864
229,28,0.242
229,29,0.238
229,30,0.47
229,31,0.396
229,32,0.358
229,33,0.285
229,34,0.64
229,35,0.609
229,36,0.549
229,37,0.607
229,38,0.683
229,39,0.369
229,40,0.503
229,41,0.332
229,42,0.255
229,43,0.434
229,44,0.658
229,45,0.683
229,46,0.54
229,47,0.484
229,48,1.021
230,1,0.498
230,2,0.458
230,3,0.554
230,4,0.567
230,5,0.553
230,6,0.611
230,7,0.383
230,8,0.235
230,9,0.287
230,10,0.219
230,11,0.25
230,12,0.265
230,13,0.217
230,14,0.296
230,15,0.329
230,16,0.408
230,17,0.392
230,18,0.369
230,19,0.266
230,20,0.415
230,21,0.38
230,22,0.427
230,23,0.653
230,24,1.05
230,25,0.937
230,26,0.558
230,27,0.46
230,28,0.55
230,29,0.641
230,30,0.432
230,31,0.314
230,32,0.245
230,33,0.282
230,34,0.491
230,35,0.358
230,36,0.65
230,37,0.912
230,38,0.693
230,39,0.736
230,40,0.722
230,41,0.508
230,42,0.484
230,43,0.508
230,44,0.72
230,45,0.669
230,46,0.619
230,47,0.664
230,48,0.706
231,1,0.679
231,2,0.646
231,3,0.503
231,4,0.548
231,5,0.647
231,6,0.431
231,7,0.399
231,8,0.39
231,9,0.303
231,10,0.247
231,11,0.276
231,12,0.22
231,13,0.259
231,14,0.28
231,15,0.44
231,16,0.39
231,17,0.477
231,18,0.349
231,19,0.336
231,20,0.246
231,21,0.267
231,22,0.665
231,23,0.303
231,24,0.291
231,25,0.385
231,26,1.222
231,27,0.407
231,28,0.526
231,29,0.796
231,30,0.566
231,31,0.452
231,32,0.433
231,33,0.535
231,34,0.546
231,35,0.496
231,36,0.547
231,37,0.561
231,38,0.644
231,39,0.671
231,40,0.524
231,41,0.472
231,42,0.451
231,43,0.526
231,44,0.596
231,45,2.046
231,46,1.508
231,47,0.558
231,48,0.477
232,1,0.467
232,2,0.544
232,3,0.463
232,4,0.472
232,5,0.543
232,6,0.467
232,7,0.357
232,8,0.312
232,9,0.223
232,10,0.24
232,11,0.286
232,12,0.223
232,13,0.25
232,14,0.515
232,15,0.328
232,16,0.53
232,17,0.422
232,18,0.388
232,19,0.301
232,20,0.252
232,21,0.238
232,22,0.411
232,23,0.316
232,24,0.657
232,25,0.813
232,26,0.62
232,27,0.727
232,28,0.73
232,29,0.979
232,30,0.592
232,31,0.526
232,32,0.537
232,33,0.357
232,34,0.255
232,35,0.499
232,36,0.581
232,37,0.401
232,38,0.488
232,39,0.408
232,40,0.444
232,41,0.711
232,42,0.704
232,43,0.711
232,44,1.052
232,45,0.759
232,46,0.758
232,47,0.62
232,48,0.566
233,1,0.538
233,2,0.549
233,3,0.548
233,4,0.551
233,5,0.6
233,6,0.428
233,7,0.376
233,8,0.312
233,9,0.234
233,10,0.23
233,11,0.229
233,12,0.232
233,13,0.243
233,14,0.478
233,15,0.34
233,16,0.369
233,17,0.508
233,18,0.39
233,19,0.389
233,20,0.413
233,21,0.244
233,22,0.242
233,23,0.236
233,24,0.273
233,25,0.889
233,26,0.486
233,27,0.423
233,28,0.431
233,29,0.402
233,30,0.354
233,31,0.369
233,32,0.358
233,33,0.626
233,34,0.54
233,35,0.803
233,36,0.371
233,37,0.376
233,38,0.476
233,39,0.469
233,40,0.404
233,41,0.424
233,42,0.527
233,43,2.419
233,44,2.082
233,45,0.537
233,46,0.555
233,47,0.537
233,48,0.532
234,1,0.535
234,2,0.531
234,3,0.449
234,4,0.447
234,5,0.462
234,6,0.467
234,7,0.466
234,8,0.456
234,9,0.457
234,10,0.799
234,11,0.427
234,12,0.441
234,13,0.333
234,14,0.333
234,15,0.39
234,16,0.382
234,17,0.334
234,18,0.216
234,19,0.218
234,20,0.217
234,21,0.278
234,22,0.334
234,23,0.313
234,24,0.243
234,25,0.333
234,26,0.342
234,27,0.338
234,28,0.339
234,29,0.338
234,30,0.765
234,31,0.398
234,32,0.325
234,33,0.722
234,34,0.444
234,35,0.733
234,36,0.653
234,37,0.586
234,38,0.718
234,39,0.75
234,40,0.526
234,41,0.569
234,42,0.558
234,43,0.714
234,44,0.955
234,45,1.011
234,46,0.846
234,47,0.788
234,48,0.944
235,1,0.521
235,2,0.501
235,3,0.506
235,4,0.349
235,5,0.335
235,6,0.334
235,7,0.425
235,8,0.427
235,9,0.42
235,10,0.418
235,11,0.417
235,12,0.417
235,13,0.416
235,14,0.442
235,15,0.499
235,16,0.45
235,17,0.401
235,18,0.329
235,19,0.331
235,20,0.455
235,21,0.439
235,22,0.489
235,23,0.367
235,24,0.371
235,25,0.629
235,26,0.596
235,27,0.606
235,28,0.958
235,29,0.691
235,30,0.692
235,31,0.835
235,32,0.678
235,33,0.696
235,34,0.771
235,35,0.599
235,36,0.508
235,37,0.666
235,38,0.591
235,39,0.512
235,40,0.615
235,41,0.622
235,42,0.969
235,43,1.141
235,44,1.061
235,45,1.413
235,46,2.807
235,47,1.989
235,48,1.065
236,1,1.414
236,2,1.143
236,3,1.165
236,4,1.192
236,5,1.02
236,6,0.573
236,7,0.572
236,8,0.647
236,9,0.542
236,10,0.518
236,11,0.403
236,12,0.241
236,13,0.234
236,14,0.263
236,15,0.317
236,16,0.308
236,17,0.333
236,18,0.324
236,19,0.42
236,20,0.423
236,21,0.333
236,22,0.332
236,23,0.469
236,24,0.249
236,25,0.254
236,26,0.468
236,27,0.253
236,28,0.377
236,29,0.684
236,30,0.6
236,31,0.43
236,32,0.586
236,33,0.658
236,34,0.431
236,35,0.584
236,36,1.815
236,37,1.594
236,38,1.322
236,39,1.575
236,40,1.214
236,41,0.756
236,42,1.149
236,43,0.872
236,44,0.885
236,45,0.601
236,46,0.486
236,47,0.494
236,48,0.488
237,1,0.488
237,2,0.527
237,3,0.586
237,4,0.527
237,5,0.458
237,6,0.459
237,7,0.452
237,8,0.373
237,9,0.242
237,10,0.232
237,11,0.252
237,12,0.326
237,13,0.321
237,14,0.344
237,15,0.401
237,16,0.393
237,17,0.374
237,18,0.314
237,19,0.598
237,20,0.443
237,21,0.562
237,22,0.514
237,23,0.561
237,24,0.484
237,25,0.802
237,26,0.415
237,27,0.315
237,28,0.315
237,29,0.314
237,30,0.314
237,31,0.314
237,32,0.314
237,33,0.314
237,34,0.314
237,35,0.329
237,36,0.404
237,37,0.579
237,38,0.702
237,39,0.64
237,40,1.346
237,41,2.151
237,42,1.069
237,43,0.997
237,44,0.922
237,45,0.684
237,46,0.279
237,47,0.229
237,48,0.232
238,1,0.53
238,2,0.591
238,3,0.58
238,4,0.608
238,5,0.613
238,6,0.567
238,7,0.553
238,8,0.5
238,9,0.32
238,10,0.313
238,11,0.313
238,12,0.313
238,13,0.311
238,14,0.336
238,15,0.392
238,16,0.392
238,17,0.321
238,18,0.228
238,19,0.238
238,20,0.258
238,21,0.258
238,22,0.265
238,23,0.43
238,24,1.248
238,25,1.943
238,26,1.836
238,27,0.385
238,28,0.604
238,29,0.358
238,30,1.011
238,31,0.377
238,32,0.471
238,33,0.601
238,34,0.59
238,35,0.552
238,36,1.003
238,37,0.502
238,38,0.512
238,39,0.499
238,40,0.462
238,41,0.268
238,42,0.342
238,43,0.529
238,44,1.455
238,45,0.245
238,46,0.41
238,47,0.614
238,48,1.69
239,1,0.575
239,2,0.624
239,3,0.54
239,4,0.542
239,5,0.544
239,6,0.553
239,7,0.537
239,8,0.377
239,9,0.323
239,10,0.623
239,11,0.435
239,12,0.352
239,13,0.231
239,14,0.26
239,15,0.309
239,16,0.308
239,17,0.295
239,18,0.226
239,19,0.234
239,20,0.329
239,21,0.65
239,22,0.35
239,23,0.436
239,24,0.336
239,25,1.335
239,26,2.506
239,27,0.314
239,28,0.314
239,29,0.38
239,30,0.96
239,31,0.601
239,32,0.472
239,33,0.538
239,34,0.429
239,35,0.617
239,36,0.309
239,37,0.243
239,38,0.248
239,39,0.348
239,40,0.48
239,41,0.667
239,42,0.549
239,43,0.7
239,44,0.668
239,45,0.604
239,46,0.744
239,47,0.766
239,48,0.804
240,1,0.789
240,2,0.855
240,3,0.7
240,4,0.708
240,5,0.705
240,6,0.683
240,7,0.668
240,8,0.651
240,9,0.637
240,10,0.541
240,11,0.549
240,12,0.395
240,13,0.266
240,14,0.24
240,15,0.297
240,16,0.293
240,17,0.27
240,18,0.214
240,19,0.283
240,20,0.473
240,21,0.637
240,22,0.46
240,23,0.238
240,24,0.238
240,25,0.998
240,26,0.456
240,27,0.331
240,28,0.51
240,29,0.338
240,30,0.39
240,31,0.465
240,32,0.826
240,33,1.078
240,34,0.587
240,35,0.581
240,36,0.485
240,37,0.449
240,38,0.536
240,39,0.511
240,40,0.584
240,41,0.721
240,42,0.679
240,43,0.729
240,44,1.242
240,45,1.163
240,46,0.706
240,47,0.836
240,48,0.739
388,1,0.728
388,2,1.092
388,3,0.739
388,4,0.707
388,5,2.238
388,6,1.696
388,7,1.062
388,8,0.637
388,9,1.946
388,10,2.543
388,11,2.349
388,12,2.322
388,13,0.6
388,14,0.211
388,15,0.147
388,16,0.198
388,17,0.166
388,18,0.178
388,19,0.26
388,20,0.222
388,21,0.224
388,22,0.135
388,23,0.206
388,24,0.178
388,25,0.512
388,26,0.327
388,27,0.302
388,28,0.333
388,29,0.733
388,30,0.935
388,31,0.693
388,32,1.488
388,33,1.427
388,34,0.735
388,35,2.013
388,36,1.077
388,37,1.21
388,38,0.895
388,39,1.665
388,40,0.897
388,41,0.899
388,42,0.605
388,43,0.609
388,44,0.591
388,45,0.69
388,46,0.446
388,47,0.482
388,48,0.516
389,1,0.472
389,2,0.474
389,3,0.454
389,4,0.494
389,5,0.299
389,6,0.293
389,7,0.148
389,8,0.196
389,9,0.129
389,10,0.196
389,11,0.148
389,12,0.177
389,13,0.167
389,14,0.158
389,15,0.229
389,16,0.501
389,17,0.215
389,18,0.128
389,19,0.446
389,20,0.127
389,21,0.191
389,22,0.584
389,23,0.191
389,24,0.135
389,25,0.777
389,26,0.212
389,27,0.279
389,28,0.627
389,29,0.299
389,30,1.123
389,31,0.984
389,32,0.747
389,33,0.606
389,34,0.664
389,35,0.597
389,36,1.532
389,37,1.411
389,38,1.185
389,39,1.233
389,40,0.851
389,41,0.831
389,42,0.84
389,43,0.934
389,44,0.916
389,45,0.757
389,46,0.709
389,47,0.775
389,48,1.054
390,1,0.827
390,2,0.689
390,3,0.83
390,4,0.783
390,5,0.58
390,6,0.412
390,7,0.331
390,8,0.366
390,9,0.3
390,10,0.227
390,11,0.494
390,12,0.224
390,13,0.214
390,14,0.209
390,15,0.131
390,16,0.176
390,17,0.15
390,18,0.157
390,19,0.324
390,20,0.476
390,21,0.201
390,22,0.153
390,23,0.218
390,24,0.215
390,25,0.215
390,26,0.121
390,27,0.183
390,28,0.285
390,29,0.855
390,30,1.055
390,31,0.534
390,32,0.577
390,33,0.446
390,34,0.372
390,35,0.513
390,36,0.616
390,37,1.052
390,38,1.13
390,39,1.008
390,40,1.017
390,41,0.781
390,42,1.504
390,43,1.302
390,44,0.969
390,45,0.828
390,46,0.75
390,47,0.78
390,48,0.665
391,1,0.722
391,2,0.672
391,3,0.613
391,4,0.524
391,5,0.527
391,6,0.438
391,7,0.401
391,8,0.414
391,9,0.702
391,10,0.285
391,11,0.118
391,12,0.186
391,13,0.133
391,14,0.171
391,15,0.156
391,16,0.236
391,17,0.264
391,18,0.122
391,19,0.222
391,20,0.272
391,21,0.262
391,22,0.124
391,23,0.176
391,24,0.138
391,25,0.161
391,26,0.155
391,27,0.263
391,28,0.486
391,29,0.447
391,30,0.494
391,31,0.338
391,32,0.781
391,33,0.847
391,34,0.962
391,35,1.0
391,36,1.154
391,37,1.591
391,38,0.899
391,39,1.04
391,40,0.899
391,41,0.965
391,42,0.802
391,43,0.593
391,44,0.613
391,45,0.596
391,46,0.872
391,47,0.614
391,48,0.49
392,1,0.799
392,2,0.661
392,3,0.74
392,4,0.495
392,5,0.337
392,6,0.329
392,7,0.345
392,8,0.392
392,9,0.313
392,10,0.387
392,11,0.319
392,12,0.448
392,13,0.432
392,14,0.352
392,15,0.175
392,16,0.14
392,17,0.186
392,18,0.123
392,19,0.187
392,20,0.125
392,21,0.625
392,22,0.444
392,23,0.526
392,24,0.441
392,25,0.94
392,26,0.387
392,27,0.338
392,28,0.299
392,29,0.318
392,30,0.388
392,31,0.277
392,32,0.35
392,33,0.599
392,34,0.917
392,35,1.833
392,36,1.288
392,37,0.843
392,38,1.934
392,39,2.441
392,40,0.791
392,41,0.766
392,42,0.703
392,43,0.704
392,44,0.661
392,45,0.724
392,46,0.759
392,47,0.823
392,48,0.573
393,1,0.632
393,2,0.54
393,3,0.864
393,4,0.433
393,5,0.546
393,6,0.426
393,7,0.412
393,8,0.346
393,9,0.363
393,10,0.357
393,11,0.312
393,12,0.187
393,13,0.147
393,14,0.277
393,15,0.187
393,16,0.192
393,17,0.118
393,18,0.199
393,19,0.498
393,20,1.365
393,21,0.227
393,22,0.209
393,23,0.246
393,24,0.275
393,25,0.165
393,26,0.814
393,27,0.361
393,28,0.281
393,29,0.368
393,30,0.404
393,31,0.423
393,32,0.4
393,33,0.674
393,34,1.088
393,35,1.81
393,36,0.745
393,37,0.876
393,38,0.75
393,39,2.008
393,40,2.226
393,41,0.888
393,42,0.726
393,43,0.871
393,44,0.781
393,45,0.736
393,46,0.73
393,47,0.96
393,48,0.808
394,1,0.756
394,2,0.495
394,3,0.553
394,4,0.482
394,5,0.456
394,6,0.358
394,7,0.506
394,8,0.602
394,9,0.843
394,10,0.35
394,11,0.397
394,12,0.232
394,13,0.184
394,14,0.16
394,15,0.256
394,16,0.247
394,17,0.157
394,18,0.181
394,19,0.166
394,20,0.209
394,21,0.829
394,22,0.424
394,23,0.157
394,24,0.312
394,25,0.203
394,26,0.321
394,27,0.598
394,28,0.822
394,29,0.326
394,30,0.455
394,31,0.444
394,32,0.526
394,33,0.689
394,34,0.798
394,35,0.706
394,36,0.689
394,37,1.034
394,38,0.897
394,39,1.054
394,40,1.057
394,41,1.595
394,42,1.111
394,43,1.123
394,44,0.996
394,45,1.173
394,46,0.953
394,47,1.714
394,48,2.655
395,1,1.598
395,2,0.834
395,3,1.655
395,4,2.755
395,5,2.77
395,6,0.399
395,7,0.41
395,8,0.415
395,9,0.49
395,10,0.361
395,11,0.394
395,12,0.209
395,13,0.168
395,14,0.178
395,15,0.152
395,16,0.194
395,17,0.214
395,18,0.305
395,19,0.147
395,20,0.216
395,21,0.15
395,22,0.985
395,23,0.386
395,24,0.804
395,25,0.368
395,26,0.366
395,27,0.357
395,28,0.312
395,29,0.283
395,30,1.391
395,31,0.671
395,32,0.503
395,33,0.888
395,34,0.729
395,35,0.807
395,36,0.876
395,37,0.671
395,38,1.198
395,39,1.942
395,40,0.814
395,41,0.586
395,42,0.451
395,43,0.484
395,44,0.415
395,45,0.491
395,46,0.909
395,47,0.829
395,48,0.648
396,1,0.625
396,2,2.865
396,3,2.031
396,4,0.472
396,5,0.221
396,6,0.18
396,7,0.257
396,8,0.214
396,9,0.194
396,10,0.202
396,11,0.186
396,12,0.21
396,13,0.169
396,14,0.206
396,15,0.213
396,16,0.316
396,17,0.287
396,18,0.325
396,19,0.285
396,20,0.311
396,21,0.236
396,22,0.285
396,23,0.119
396,24,0.382
396,25,0.325
396,26,0.588
396,27,0.756
396,28,0.407
396,29,0.552
396,30,1.149
396,31,0.733
396,32,0.719
396,33,0.542
396,34,0.533
396,35,0.472
396,36,0.602
396,37,0.627
396,38,0.717
396,39,0.605
396,40,0.787
396,41,0.6
396,42,1.129
396,43,0.571
396,44,0.589
396,45,0.649
396,46,0.768
396,47,1.025
396,48,0.924
397,1,2.784
397,2,0.658
397,3,1.015
397,4,0.611
397,5,0.424
397,6,0.313
397,7,0.39
397,8,0.325
397,9,0.419
397,10,0.439
397,11,0.4
397,12,0.368
397,13,0.325
397,14,0.181
397,15,0.233
397,16,0.299
397,17,0.228
397,18,0.292
397,19,0.142
397,20,0.453
397,21,0.209
397,22,0.253
397,23,0.156
397,24,0.165
397,25,0.275
397,26,0.449
397,27,0.272
397,28,0.152
397,29,0.282
397,30,0.266
397,31,0.325
397,32,0.75
397,33,0.602
397,34,0.469
397,35,0.524
397,36,0.684
397,37,1.832
397,38,1.196
397,39,1.596
397,40,1.264
397,41,1.34
397,42,0.799
397,43,0.809
397,44,0.722
397,45,1.17
397,46,1.126
397,47,0.689
397,48,0.675
398,1,0.664
398,2,0.576
398,3,0.48
398,4,0.478
398,5,0.345
398,6,0.391
398,7,0.333
398,8,0.386
398,9,0.325
398,10,0.474
398,11,0.398
398,12,0.576
398,13,0.147
398,14,0.23
398,15,0.15
398,16,0.317
398,17,0.146
398,18,0.223
398,19,0.162
398,20,0.311
398,21,0.313
398,22,0.684
398,23,0.352
398,24,0.265
398,25,0.353
398,26,1.302
398,27,0.706
398,28,0.299
398,29,0.304
398,30,0.442
398,31,0.379
398,32,0.481
398,33,0.595
398,34,0.563
398,35,1.179
398,36,0.545
398,37,0.726
398,38,0.56
398,39,2.157
398,40,3.039
398,41,1.346
398,42,0.567
398,43,0.657
398,44,0.635
398,45,0.798
398,46,0.612
398,47,1.288
398,48,0.846
399,1,0.937
399,2,0.759
399,3,0.508
399,4,0.442
399,5,0.422
399,6,0.315
399,7,0.482
399,8,0.381
399,9,0.389
399,10,0.31
399,11,0.392
399,12,0.309
399,13,0.808
399,14,0.839
399,15,0.23
399,16,0.234
399,17,0.304
399,18,0.137
399,19,0.211
399,20,0.206
399,21,0.475
399,22,0.299
399,23,0.289
399,24,0.118
399,25,0.409
399,26,0.787
399,27,1.27
399,28,0.38
399,29,0.492
399,30,0.942
399,31,0.903
399,32,0.951
399,33,0.951
399,34,0.804
399,35,0.844
399,36,0.704
399,37,0.829
399,38,0.608
399,39,0.679
399,40,0.606
399,41,0.682
399,42,0.646
399,43,1.163
399,44,0.677
399,45,0.684
399,46,0.529
399,47,0.82
399,48,0.777
400,1,0.615
400,2,0.423
400,3,0.574
400,4,0.521
400,5,0.412
400,6,0.335
400,7,0.375
400,8,0.341
400,9,0.377
400,10,0.359
400,11,0.4
400,12,0.445
400,13,0.423
400,14,0.246
400,15,0.171
400,16,0.152
400,17,0.162
400,18,0.175
400,19,0.484
400,20,0.39
400,21,0.435
400,22,0.552
400,23,0.611
400,24,0.445
400,25,0.587
400,26,0.449
400,27,0.338
400,28,1.072
400,29,1.106
400,30,0.819
400,31,0.67
400,32,0.764
400,33,0.802
400,34,0.546
400,35,0.493
400,36,0.712
400,37,0.889
400,38,0.878
400,39,0.982
400,40,0.837
400,41,0.943
400,42,0.862
400,43,0.878
400,44,0.799
400,45,0.884
400,46,0.84
400,47,3.226
400,48,3.29
401,1,0.662
401,2,0.646
401,3,0.607
401,4,0.494
401,5,0.424
401,6,0.316
401,7,0.358
401,8,0.372
401,9,0.221
401,10,0.323
401,11,0.425
401,12,0.413
401,13,0.302
401,14,0.326
401,15,0.278
401,16,0.191
401,17,0.189
401,18,0.142
401,19,0.211
401,20,0.234
401,21,0.313
401,22,0.322
401,23,0.224
401,24,0.144
401,25,0.24
401,26,0.63
401,27,0.561
401,28,0.307
401,29,0.405
401,30,0.491
401,31,0.922
401,32,0.446
401,33,0.896
401,34,0.994
401,35,0.723
401,36,1.17
401,37,3.246
401,38,0.722
401,39,0.8
401,40,0.714
401,41,0.828
401,42,0.77
401,43,0.833
401,44,0.772
401,45,0.763
401,46,0.705
401,47,0.665
401,48,1.321
402,1,1.787
402,2,0.668
402,3,0.874
402,4,0.557
402,5,0.403
402,6,0.359
402,7,0.368
402,8,0.36
402,9,0.447
402,10,0.452
402,11,0.52
402,12,0.301
402,13,0.49
402,14,0.494
402,15,1.565
402,16,1.05
402,17,0.432
402,18,0.401
402,19,0.416
402,20,0.322
402,21,0.374
402,22,0.185
402,23,0.2
402,24,0.154
402,25,0.191
402,26,0.164
402,27,0.268
402,28,0.257
402,29,0.251
402,30,0.304
402,31,0.283
402,32,0.327
402,33,0.764
402,34,0.535
402,35,0.623
402,36,0.676
402,37,0.945
402,38,0.753
402,39,0.554
402,40,0.953
402,41,0.549
402,42,0.632
402,43,0.548
402,44,0.61
402,45,0.591
402,46,0.598
402,47,0.477
402,48,0.69
403,1,0.624
403,2,2.433
403,3,0.771
403,4,2.098
403,5,3.519
403,6,2.987
403,7,2.515
403,8,2.558
403,9,0.844
403,10,0.437
403,11,1.586
403,12,0.475
403,13,0.411
403,14,0.52
403,15,0.351
403,16,0.232
403,17,0.29
403,18,0.316
403,19,0.267
403,20,0.198
403,21,0.212
403,22,0.187
403,23,0.32
403,24,0.245
403,25,0.237
403,26,0.159
403,27,0.237
403,28,0.158
403,29,0.316
403,30,0.328
403,31,0.741
403,32,0.5
403,33,0.492
403,34,0.483
403,35,0.54
403,36,0.53
403,37,0.511
403,38,0.598
403,39,0.542
403,40,0.652
403,41,2.512
403,42,1.229
403,43,0.759
403,44,0.692
403,45,0.669
403,46,0.601
403,47,1.446
403,48,3.05
404,1,2.463
404,2,3.125
404,3,2.147
404,4,3.014
404,5,1.03
404,6,1.572
404,7,2.669
404,8,1.743
404,9,0.795
404,10,2.187
404,11,0.731
404,12,0.377
404,13,0.299
404,14,0.399
404,15,0.43
404,16,0.223
404,17,0.181
404,18,0.161
404,19,0.394
404,20,0.385
404,21,0.28
404,22,0.268
404,23,0.266
404,24,0.2
404,25,0.128
404,26,0.244
404,27,0.402
404,28,0.46
404,29,0.677
404,30,0.696
404,31,0.679
404,32,0.7
404,33,1.051
404,34,0.536
404,35,0.658
404,36,0.695
404,37,0.561
404,38,0.642
404,39,0.798
404,40,0.872
404,41,0.814
404,42,1.082
404,43,0.875
404,44,0.795
404,45,1.317
404,46,3.028
404,47,1.875
404,48,1.152
405,1,0.646
405,2,0.49
405,3,0.597
405,4,0.561
405,5,0.452
405,6,0.347
405,7,0.448
405,8,0.549
405,9,0.483
405,10,0.358
405,11,0.435
405,12,0.468
405,13,0.289
405,14,0.228
405,15,0.285
405,16,0.224
405,17,0.201
405,18,0.341
405,19,0.322
405,20,0.605
405,21,0.48
405,22,0.417
405,23,0.388
405,24,0.459
405,25,0.396
405,26,0.866
405,27,0.601
405,28,0.514
405,29,0.6
405,30,0.641
405,31,0.504
405,32,0.459
405,33,0.701
405,34,0.776
405,35,1.101
405,36,0.873
405,37,3.312
405,38,1.223
405,39,1.022
405,40,0.823
405,41,0.789
405,42,0.936
405,43,2.481
405,44,1.4
405,45,0.789
405,46,0.705
405,47,0.695
405,48,0.696
406,1,0.605
406,2,0.655
406,3,0.542
406,4,0.592
406,5,0.48
406,6,0.42
406,7,0.347
406,8,0.431
406,9,0.443
406,10,0.381
406,11,0.464
406,12,0.522
406,13,0.411
406,14,0.349
406,15,0.416
406,16,0.419
406,17,0.29
406,18,0.242
406,19,0.214
406,20,0.154
406,21,0.251
406,22,0.225
406,23,0.284
406,24,0.354
406,25,0.697
406,26,0.587
406,27,0.511
406,28,0.347
406,29,0.816
406,30,0.66
406,31,0.597
406,32,0.838
406,33,0.909
406,34,0.505
406,35,0.629
406,36,0.687
406,37,0.657
406,38,0.729
406,39,0.663
406,40,0.674
406,41,0.772
406,42,0.918
406,43,0.792
406,44,0.741
406,45,0.802
406,46,0.671
406,47,0.828
406,48,0.906
407,1,1.014
407,2,0.81
407,3,0.81
407,4,0.76
407,5,0.637
407,6,0.754
407,7,1.827
407,8,1.474
407,9,0.387
407,10,0.425
407,11,0.404
407,12,0.42
407,13,0.504
407,14,0.464
407,15,0.209
407,16,0.24
407,17,0.243
407,18,0.152
407,19,0.253
407,20,0.241
407,21,0.171
407,22,0.401
407,23,0.649
407,24,0.439
407,25,1.25
407,26,0.478
407,27,0.567
407,28,0.367
407,29,0.598
407,30,0.621
407,31,1.073
407,32,0.522
407,33,0.839
407,34,0.551
407,35,0.499
407,36,0.301
407,37,0.428
407,38,0.756
407,39,0.666
407,40,0.916
407,41,0.896
407,42,0.577
407,43,0.629
407,44,0.679
407,45,0.592
407,46,1.19
407,47,2.591
407,48,1.893
408,1,0.745
408,2,0.784
408,3,0.573
408,4,0.485
408,5,0.38
408,6,0.426
408,7,0.4
408,8,0.324
408,9,0.404
408,10,0.422
408,11,0.34
408,12,0.376
408,13,0.301
408,14,0.246
408,15,0.252
408,16,0.222
408,17,0.135
408,18,0.175
408,19,0.217
408,20,0.151
408,21,0.425
408,22,0.321
408,23,0.259
408,24,0.354
408,25,1.568
408,26,0.577
408,27,0.8
408,28,0.483
408,29,0.499
408,30,0.566
408,31,0.416
408,32,0.731
408,33,0.666
408,34,0.523
408,35,0.603
408,36,0.774
408,37,0.721
408,38,1.996
408,39,1.638
408,40,1.442
408,41,0.701
408,42,1.224
408,43,0.92
408,44,0.676
408,45,0.747
408,46,0.827
408,47,0.756
408,48,0.602
409,1,0.688
409,2,0.704
409,3,0.444
409,4,1.549
409,5,1.741
409,6,0.861
409,7,0.386
409,8,0.509
409,9,0.468
409,10,0.306
409,11,0.383
409,12,0.394
409,13,0.32
409,14,0.273
409,15,0.259
409,16,0.182
409,17,0.187
409,18,0.252
409,19,0.191
409,20,0.233
409,21,0.368
409,22,0.27
409,23,0.221
409,24,0.266
409,25,0.824
409,26,1.657
409,27,1.669
409,28,1.582
409,29,1.732
409,30,0.531
409,31,0.367
409,32,0.876
409,33,1.028
409,34,2.114
409,35,1.202
409,36,0.876
409,37,0.547
409,38,0.797
409,39,0.812
409,40,0.888
409,41,0.903
409,42,0.905
409,43,0.966
409,44,0.789
409,45,0.839
409,46,0.75
409,47,0.73
409,48,0.713
410,1,0.679
410,2,0.558
410,3,1.737
410,4,1.415
410,5,0.582
410,6,0.459
410,7,0.457
410,8,0.436
410,9,0.362
410,10,0.547
410,11,0.533
410,12,0.438
410,13,0.229
410,14,0.258
410,15,0.228
410,16,0.153
410,17,0.24
410,18,0.221
410,19,0.176
410,20,0.248
410,21,0.203
410,22,0.163
410,23,0.357
410,24,0.276
410,25,0.312
410,26,0.368
410,27,0.27
410,28,0.314
410,29,0.433
410,30,0.638
410,31,0.436
410,32,0.552
410,33,0.837
410,34,1.356
410,35,1.597
410,36,2.318
410,37,1.252
410,38,1.057
410,39,0.782
410,40,0.739
410,41,0.833
410,42,1.108
410,43,1.678
410,44,0.884
410,45,0.83
410,46,0.76
410,47,0.771
410,48,0.808
411,1,0.762
411,2,0.772
411,3,0.627
411,4,0.653
411,5,0.471
411,6,0.43
411,7,0.378
411,8,0.546
411,9,0.499
411,10,0.418
411,11,0.36
411,12,0.348
411,13,0.251
411,14,0.141
411,15,0.166
411,16,0.224
411,17,0.322
411,18,0.342
411,19,0.295
411,20,0.197
411,21,0.152
411,22,0.237
411,23,0.184
411,24,0.155
411,25,0.244
411,26,0.914
411,27,0.506
411,28,0.507
411,29,0.48
411,30,0.375
411,31,0.553
411,32,0.566
411,33,0.5
411,34,0.444
411,35,0.363
411,36,0.392
411,37,1.362
411,38,1.591
411,39,0.787
411,40,0.717
411,41,0.866
411,42,0.78
411,43,0.76
411,44,1.085
411,45,0.784
411,46,0.804
411,47,1.928
411,48,1.23
412,1,0.6
412,2,1.006
412,3,1.801
412,4,1.274
412,5,1.226
412,6,1.286
412,7,0.601
412,8,0.321
412,9,0.403
412,10,0.417
412,11,0.415
412,12,0.321
412,13,0.424
412,14,0.323
412,15,0.218
412,16,0.23
412,17,0.337
412,18,0.565
412,19,0.46
412,20,0.519
412,21,0.554
412,22,0.468
412,23,0.512
412,24,0.565
412,25,0.478
412,26,0.992
412,27,0.442
412,28,0.385
412,29,0.43
412,30,1.411
412,31,0.623
412,32,0.513
412,33,0.569
412,34,0.477
412,35,0.424
412,36,0.513
412,37,0.734
412,38,2.125
412,39,1.714
412,40,0.865
412,41,0.786
412,42,0.637
412,43,0.627
412,44,0.577
412,45,0.583
412,46,0.59
412,47,0.521
412,48,0.712
413,1,0.807
413,2,1.02
413,3,1.478
413,4,1.635
413,5,0.812
413,6,0.443
413,7,0.35
413,8,0.353
413,9,0.412
413,10,0.405
413,11,0.341
413,12,0.49
413,13,0.53
413,14,0.415
413,15,0.345
413,16,0.345
413,17,0.234
413,18,0.169
413,19,0.24
413,20,0.27
413,21,0.176
413,22,0.413
413,23,0.245
413,24,0.151
413,25,0.197
413,26,0.318
413,27,0.244
413,28,0.25
413,29,0.496
413,30,0.63
413,31,0.709
413,32,0.689
413,33,0.678
413,34,0.555
413,35,0.703
413,36,0.702
413,37,0.883
413,38,2.148
413,39,1.537
413,40,0.643
413,41,0.733
413,42,0.731
413,43,0.588
413,44,0.553
413,45,0.533
413,46,0.456
413,47,0.483
413,48,0.879
414,1,0.555
414,2,0.329
414,3,0.941
414,4,1.81
414,5,1.371
414,6,1.345
414,7,1.213
414,8,0.718
414,9,0.347
414,10,0.363
414,11,0.427
414,12,0.353
414,13,0.413
414,14,0.515
414,15,0.463
414,16,0.172
414,17,0.234
414,18,0.211
414,19,0.148
414,20,0.249
414,21,0.221
414,22,0.212
414,23,1.549
414,24,1.501
414,25,1.446
414,26,0.624
414,27,0.628
414,28,0.26
414,29,0.273
414,30,0.28
414,31,0.293
414,32,1.442
414,33,0.858
414,34,0.549
414,35,0.818
414,36,0.521
414,37,1.152
414,38,2.164
414,39,1.027
414,40,0.701
414,41,0.861
414,42,1.102
414,43,0.608
414,44,0.651
414,45,0.544
414,46,0.496
414,47,0.6
414,48,0.389
415,1,0.348
415,2,0.42
415,3,0.836
415,4,0.28
415,5,1.32
415,6,1.762
415,7,1.197
415,8,0.828
415,9,0.449
415,10,0.366
415,11,0.391
415,12,0.425
415,13,0.354
415,14,0.607
415,15,0.255
415,16,0.17
415,17,0.2
415,18,0.284
415,19,1.467
415,20,0.819
415,21,0.608
415,22,0.611
415,23,0.754
415,24,0.32
415,25,0.164
415,26,0.793
415,27,0.288
415,28,0.212
415,29,0.263
415,30,0.166
415,31,0.216
415,32,0.359
415,33,1.445
415,34,0.466
415,35,0.83
415,36,0.485
415,37,0.773
415,38,1.012
415,39,0.473
415,40,0.542
415,41,0.558
415,42,0.52
415,43,0.752
415,44,0.653
415,45,0.581
415,46,0.81
415,47,0.593
415,48,0.53
