213,1,0.089
213,2,0.052
213,3,0.057
213,4,0.091
213,5,0.023
213,6,0.086
213,7,0.065
213,8,0.043
213,9,0.086
213,10,0.042
213,11,0.063
213,12,0.085
213,13,0.022
213,14,0.09
213,15,0.056
213,16,0.049
213,17,0.084
213,18,0.031
213,19,0.073
213,20,0.071
213,21,0.032
213,22,0.084
213,23,0.051
213,24,0.05
213,25,0.083
213,26,0.034
213,27,0.065
213,28,0.079
213,29,0.026
213,30,0.073
213,31,0.076
213,32,0.021
213,33,0.078
213,34,0.071
213,35,0.023
213,36,0.079
213,37,0.067
213,38,0.028
213,39,0.079
213,40,0.06
213,41,0.036
213,42,0.079
213,43,0.052
213,44,0.042
213,45,0.076
213,46,0.046
213,47,0.05
213,48,0.078
214,1,0.034
214,2,0.062
214,3,0.078
214,4,0.024
214,5,0.069
214,6,0.073
214,7,0.023
214,8,0.077
214,9,0.057
214,10,0.035
214,11,0.078
214,12,0.043
214,13,0.053
214,14,0.076
214,15,0.022
214,16,0.071
214,17,0.069
214,18,0.026
214,19,0.077
214,20,0.049
214,21,0.043
214,22,0.077
214,23,0.035
214,24,0.059
214,25,0.076
214,26,0.019
214,27,0.075
214,28,0.068
214,29,0.204
214,30,0.86
214,31,0.281
214,32,0.095
214,33,0.037
214,34,0.072
214,35,0.646
214,36,0.898
214,37,0.335
214,38,0.401
214,39,0.324
214,40,0.367
214,41,0.352
214,42,0.311
214,43,0.119
214,44,0.198
214,45,0.15
214,46,0.118
214,47,0.135
214,48,0.151
215,1,0.54
215,2,0.457
215,3,0.534
215,4,0.41
215,5,0.121
215,6,0.088
215,7,0.135
215,8,0.129
215,9,0.089
215,10,0.122
215,11,0.138
215,12,0.092
215,13,0.113
215,14,0.146
215,15,0.1
215,16,0.115
215,17,0.146
215,18,0.103
215,19,0.113
215,20,0.596
215,21,1.057
215,22,0.166
215,23,0.465
215,24,1.43
215,25,0.451
215,26,0.288
215,27,0.302
215,28,0.628
215,29,0.359
215,30,0.671
215,31,0.52
215,32,0.318
215,33,0.324
215,34,0.274
215,35,0.273
215,36,0.243
215,37,0.255
215,38,0.277
215,39,0.275
215,40,0.444
215,41,0.253
215,42,0.323
215,43,0.621
215,44,0.351
215,45,0.293
215,46,0.324
215,47,0.312
215,48,0.296
216,1,0.347
216,2,0.204
216,3,0.15
216,4,0.193
216,5,0.156
216,6,0.087
216,7,0.14
216,8,0.118
216,9,0.091
216,10,0.138
216,11,0.113
216,12,0.094
216,13,0.138
216,14,0.321
216,15,1.615
216,16,2.636
216,17,0.414
216,18,0.085
216,19,0.132
216,20,0.13
216,21,0.107
216,22,0.24
216,23,0.422
216,24,0.319
216,25,0.174
216,26,0.079
216,27,0.097
216,28,0.077
216,29,0.053
216,30,0.399
216,31,0.292
216,32,0.283
216,33,0.106
216,34,0.266
216,35,0.283
216,36,0.286
216,37,0.265
216,38,1.344
216,39,0.878
216,40,0.267
216,41,0.386
216,42,0.377
216,43,0.283
216,44,0.333
216,45,0.307
216,46,0.29
216,47,0.289
216,48,0.316
217,1,0.302
217,2,0.338
217,3,0.213
217,4,0.151
217,5,0.162
217,6,0.172
217,7,0.152
217,8,0.134
217,9,0.169
217,10,0.169
217,11,0.122
217,12,0.167
217,13,0.173
217,14,0.243
217,15,0.407
217,16,0.385
217,17,0.231
217,18,0.086
217,19,0.124
217,20,0.114
217,21,0.077
217,22,0.158
217,23,0.163
217,24,0.097
217,25,0.139
217,26,0.089
217,27,0.062
217,28,0.067
217,29,0.265
217,30,0.28
217,31,0.249
217,32,0.279
217,33,0.284
217,34,0.526
217,35,0.266
217,36,0.287
217,37,0.3
217,38,0.406
217,39,0.089
217,40,0.062
217,41,0.063
217,42,0.089
217,43,0.326
217,44,0.413
217,45,0.394
217,46,0.413
217,47,0.414
217,48,0.307
218,1,0.337
218,2,0.269
218,3,0.149
218,4,0.145
218,5,0.161
218,6,0.125
218,7,0.145
218,8,0.16
218,9,0.113
218,10,0.147
218,11,0.162
218,12,0.111
218,13,0.166
218,14,0.161
218,15,0.114
218,16,0.334
218,17,0.277
218,18,0.056
218,19,0.09
218,20,0.069
218,21,0.047
218,22,0.088
218,23,0.074
218,24,0.047
218,25,0.089
218,26,0.076
218,27,0.045
218,28,0.087
218,29,0.081
218,30,0.039
218,31,0.348
218,32,0.458
218,33,0.264
218,34,0.298
218,35,0.344
218,36,0.163
218,37,0.041
218,38,0.087
218,39,0.088
218,40,0.039
218,41,0.082
218,42,0.085
218,43,0.046
218,44,0.487
218,45,0.335
218,46,0.323
218,47,0.284
218,48,0.152
219,1,0.194
219,2,0.156
219,3,0.116
219,4,0.144
219,5,0.156
219,6,0.131
219,7,0.141
219,8,0.166
219,9,0.138
219,10,0.136
219,11,0.165
219,12,0.138
219,13,0.39
219,14,0.21
219,15,0.106
219,16,0.15
219,17,0.126
219,18,0.047
219,19,0.237
219,20,0.263
219,21,0.249
219,22,0.286
219,23,0.255
219,24,0.257
219,25,0.537
219,26,0.902
219,27,1.039
219,28,0.285
219,29,0.261
219,30,0.248
219,31,0.283
219,32,0.281
219,33,0.261
219,34,0.242
219,35,0.283
219,36,0.286
219,37,0.489
219,38,0.259
219,39,0.071
219,40,0.068
219,41,0.062
219,42,0.028
219,43,0.063
219,44,0.069
219,45,0.042
219,46,0.042
219,47,0.07
219,48,0.059
220,1,0.025
220,2,0.071
220,3,0.071
220,4,0.022
220,5,0.066
220,6,0.073
220,7,0.027
220,8,0.06
220,9,0.072
220,10,0.032
220,11,0.052
220,12,0.073
220,13,0.037
220,14,0.051
220,15,0.072
220,16,0.034
220,17,0.051
220,18,0.067
220,19,0.042
220,20,0.044
220,21,0.074
220,22,0.045
220,23,0.04
220,24,0.07
220,25,0.053
220,26,0.029
220,27,0.07
220,28,0.068
220,29,0.023
220,30,0.067
220,31,0.068
220,32,0.036
220,33,0.049
220,34,0.07
220,35,0.052
220,36,0.032
220,37,0.07
220,38,0.069
220,39,0.025
220,40,0.06
220,41,0.07
220,42,0.04
220,43,0.046
220,44,0.07
220,45,0.051
220,46,0.032
220,47,0.073
220,48,0.061
221,1,0.025
221,2,0.072
221,3,0.068
221,4,0.022
221,5,0.067
221,6,0.072
221,7,0.028
221,8,0.058
221,9,0.072
221,10,0.034
221,11,0.052
221,12,0.067
221,13,0.047
221,14,0.041
221,15,0.071
221,16,0.05
221,17,0.036
221,18,0.07
221,19,0.054
221,20,0.031
221,21,0.071
221,22,0.061
221,23,0.021
221,24,0.069
221,25,0.068
221,26,0.032
221,27,0.052
221,28,0.071
221,29,0.048
221,30,0.038
221,31,0.071
221,32,0.061
221,33,0.024
221,34,0.07
221,35,0.067
221,36,0.037
221,37,0.046
221,38,0.07
221,39,0.055
221,40,0.027
221,41,0.07
221,42,0.072
221,43,0.026
221,44,0.058
221,45,0.072
221,46,0.039
221,47,0.044
221,48,0.072
222,1,0.053
222,2,0.033
222,3,0.072
222,4,0.064
222,5,0.022
222,6,0.069
222,7,0.071
222,8,0.03
222,9,0.057
222,10,0.071
222,11,0.039
222,12,0.047
222,13,0.072
222,14,0.045
222,15,0.04
222,16,0.07
222,17,0.053
222,18,0.032
222,19,0.071
222,20,0.06
222,21,0.024
222,22,0.068
222,23,0.07
222,24,0.024
222,25,0.06
222,26,0.069
222,27,0.038
222,28,0.047
222,29,0.07
222,30,0.052
222,31,0.032
222,32,0.069
222,33,0.069
222,34,0.024
222,35,0.059
222,36,0.069
222,37,0.043
222,38,0.041
222,39,0.071
222,40,0.059
222,41,0.026
222,42,0.07
222,43,0.071
222,44,0.027
222,45,0.058
222,46,0.071
222,47,0.04
222,48,0.043
223,1,0.072
223,2,0.056
223,3,0.029
223,4,0.072
223,5,0.068
223,6,0.023
223,7,0.065
223,8,0.072
223,9,0.03
223,10,0.055
223,11,0.072
223,12,0.035
223,13,0.052
223,14,0.071
223,15,0.037
223,16,0.05
223,17,0.072
223,18,0.038
223,19,0.046
223,20,0.069
223,21,0.046
223,22,0.04
223,23,0.07
223,24,0.054
223,25,0.031
223,26,0.071
223,27,0.061
223,28,0.023
223,29,0.071
223,30,0.068
223,31,0.028
223,32,0.056
223,33,0.07
223,34,0.041
223,35,0.042
223,36,0.068
223,37,0.055
223,38,0.03
223,39,0.068
223,40,0.068
223,41,0.022
223,42,0.066
223,43,0.07
223,44,0.035
223,45,0.052
223,46,0.071
223,47,0.045
223,48,0.043
224,1,0.071
224,2,0.052
224,3,0.032
224,4,0.072
224,5,0.062
224,6,0.024
224,7,0.071
224,8,0.07
224,9,0.023
224,10,0.059
224,11,0.072
224,12,0.035
224,13,0.053
224,14,0.071
224,15,0.041
224,16,0.046
224,17,0.069
224,18,0.051
224,19,0.034
224,20,0.071
224,21,0.063
224,22,0.022
224,23,0.07
224,24,0.071
224,25,0.028
224,26,0.057
224,27,0.07
224,28,0.042
224,29,0.042
224,30,0.07
224,31,0.06
224,32,0.026
224,33,0.066
224,34,0.07
224,35,0.04
224,36,0.043
224,37,0.069
224,38,0.063
224,39,0.027
224,40,0.062
224,41,0.07
224,42,0.043
224,43,0.042
224,44,0.071
224,45,0.059
224,46,0.027
224,47,0.072
224,48,0.071
225,1,0.028
225,2,0.185
225,3,0.304
225,4,0.191
225,5,0.224
225,6,0.217
225,7,0.186
225,8,0.201
225,9,0.22
225,10,0.191
225,11,0.19
225,12,0.217
225,13,0.132
225,14,0.079
225,15,0.115
225,16,0.113
225,17,0.078
225,18,0.121
225,19,0.111
225,20,0.065
225,21,0.309
225,22,0.115
225,23,0.366
225,24,0.275
225,25,0.119
225,26,0.111
225,27,0.214
225,28,0.419
225,29,0.408
225,30,0.34
225,31,0.251
225,32,0.275
225,33,0.258
225,34,0.234
225,35,0.272
225,36,1.537
225,37,0.479
225,38,0.26
225,39,0.274
225,40,0.264
225,41,0.234
225,42,0.268
225,43,0.491
225,44,0.27
225,45,0.241
225,46,0.277
225,47,0.285
225,48,0.262
226,1,0.39
226,2,0.129
226,3,0.115
226,4,0.118
226,5,0.082
226,6,0.098
226,7,0.12
226,8,0.104
226,9,0.078
226,10,0.117
226,11,0.12
226,12,0.074
226,13,0.104
226,14,0.124
226,15,0.091
226,16,0.096
226,17,0.121
226,18,0.355
226,19,0.234
226,20,0.131
226,21,0.109
226,22,0.095
226,23,0.491
226,24,0.822
226,25,0.978
226,26,0.252
226,27,0.427
226,28,0.218
226,29,0.063
226,30,0.047
226,31,0.036
226,32,0.064
226,33,0.067
226,34,0.059
226,35,0.031
226,36,0.059
226,37,0.067
226,38,0.057
226,39,0.03
226,40,0.061
226,41,0.07
226,42,0.051
226,43,0.032
226,44,0.068
226,45,0.069
226,46,0.039
226,47,0.044
226,48,0.069
227,1,0.064
227,2,0.028
227,3,0.063
227,4,0.07
227,5,0.044
227,6,0.039
227,7,0.072
227,8,0.068
227,9,0.027
227,10,0.059
227,11,0.068
227,12,0.05
227,13,0.034
227,14,0.071
227,15,0.069
227,16,0.029
227,17,0.053
227,18,0.069
227,19,0.052
227,20,0.032
227,21,0.069
227,22,0.064
227,23,0.034
227,24,0.05
227,25,0.07
227,26,0.056
227,27,0.027
227,28,0.066
227,29,0.07
227,30,0.048
227,31,0.035
227,32,0.066
227,33,0.07
227,34,0.037
227,35,0.046
227,36,0.067
227,37,0.065
227,38,0.029
227,39,0.054
227,40,0.071
227,41,0.056
227,42,0.03
227,43,0.071
227,44,0.068
227,45,0.034
227,46,0.05
227,47,0.071
227,48,0.054
228,1,0.032
228,2,0.07
228,3,0.071
228,4,0.032
228,5,0.05
228,6,0.073
228,7,0.049
228,8,0.036
228,9,0.072
228,10,0.062
228,11,0.022
228,12,0.072
228,13,0.073
228,14,0.025
228,15,0.062
228,16,0.072
228,17,0.035
228,18,0.047
228,19,0.071
228,20,0.049
228,21,0.035
228,22,0.071
228,23,0.059
228,24,0.024
228,25,0.381
228,26,0.792
228,27,0.281
228,28,0.27
228,29,0.266
228,30,0.285
228,31,0.289
228,32,0.276
228,33,0.258
228,34,0.263
228,35,0.289
228,36,0.338
228,37,0.53
228,38,0.32
228,39,0.213
228,40,0.085
228,41,0.053
228,42,0.066
228,43,0.108
228,44,0.078
228,45,0.048
228,46,0.074
228,47,0.091
228,48,0.059
229,1,0.054
229,2,0.091
229,3,0.706
229,4,0.318
229,5,0.166
229,6,0.191
229,7,0.19
229,8,0.156
229,9,0.166
229,10,0.192
229,11,0.174
229,12,0.147
229,13,0.189
229,14,0.19
229,15,0.142
229,16,0.175
229,17,0.187
229,18,0.09
229,19,0.5
229,20,0.204
229,21,0.331
229,22,0.283
229,23,0.285
229,24,0.584
229,25,0.297
229,26,0.254
229,27,0.246
229,28,0.279
229,29,0.279
229,30,0.282
229,31,0.265
229,32,0.5
229,33,0.321
229,34,0.275
229,35,0.805
229,36,0.265
229,37,0.267
229,38,0.324
229,39,0.36
229,40,0.316
229,41,0.296
229,42,0.463
229,43,0.33
229,44,0.752
229,45,1.906
229,46,0.846
229,47,0.966
229,48,0.53
230,1,0.393
230,2,0.36
230,3,0.219
230,4,0.193
230,5,0.189
230,6,0.176
230,7,0.174
230,8,0.149
230,9,0.149
230,10,0.174
230,11,0.175
230,12,0.147
230,13,0.154
230,14,0.178
230,15,0.179
230,16,0.317
230,17,0.4
230,18,0.174
230,19,0.122
230,20,0.087
230,21,0.116
230,22,0.176
230,23,0.307
230,24,0.294
230,25,0.333
230,26,0.272
230,27,0.251
230,28,0.237
230,29,0.272
230,30,0.272
230,31,0.245
230,32,0.564
230,33,0.26
230,34,0.275
230,35,0.234
230,36,0.181
230,37,0.353
230,38,1.243
230,39,0.328
230,40,0.345
230,41,0.526
230,42,0.386
230,43,0.366
230,44,0.455
230,45,0.594
230,46,3.267
230,47,0.533
230,48,0.441
231,1,0.494
231,2,0.23
231,3,0.262
231,4,0.271
231,5,0.216
231,6,0.172
231,7,0.154
231,8,0.183
231,9,0.189
231,10,0.174
231,11,0.149
231,12,0.177
231,13,0.184
231,14,0.132
231,15,0.108
231,16,0.353
231,17,0.298
231,18,0.127
231,19,0.117
231,20,0.102
231,21,0.121
231,22,0.29
231,23,0.163
231,24,0.346
231,25,0.067
231,26,0.079
231,27,0.242
231,28,0.399
231,29,0.246
231,30,0.246
231,31,0.087
231,32,0.15
231,33,0.264
231,34,0.248
231,35,0.274
231,36,0.277
231,37,0.278
231,38,0.254
231,39,0.442
231,40,1.633
231,41,1.563
231,42,1.555
231,43,1.093
231,44,0.93
231,45,0.375
231,46,0.356
231,47,0.368
231,48,0.418
232,1,0.393
232,2,0.253
232,3,0.247
232,4,0.214
232,5,0.218
232,6,0.219
232,7,0.21
232,8,0.188
232,9,0.205
232,10,0.217
232,11,0.218
232,12,0.184
232,13,0.19
232,14,0.216
232,15,0.221
232,16,0.167
232,17,0.144
232,18,0.175
232,19,0.18
232,20,0.144
232,21,0.074
232,22,0.29
232,23,0.331
232,24,0.47
232,25,0.249
232,26,0.428
232,27,0.377
232,28,0.215
232,29,0.216
232,30,0.363
232,31,0.436
232,32,0.341
232,33,0.359
232,34,0.361
232,35,0.835
232,36,0.852
232,37,0.304
232,38,0.286
232,39,0.288
232,40,0.307
232,41,0.454
232,42,0.314
232,43,0.379
232,44,0.434
232,45,0.292
232,46,0.351
232,47,0.377
232,48,0.345
233,1,0.314
233,2,0.366
233,3,0.248
233,4,0.179
233,5,0.2
233,6,0.183
233,7,0.178
233,8,0.14
233,9,0.188
233,10,0.175
233,11,0.145
233,12,0.161
233,13,0.179
233,14,0.17
233,15,0.156
233,16,2.896
233,17,1.118
233,18,0.17
233,19,0.142
233,20,0.121
233,21,0.121
233,22,0.238
233,23,0.28
233,24,0.094
233,25,0.096
233,26,0.047
233,27,0.051
233,28,0.078
233,29,0.939
233,30,0.668
233,31,0.081
233,32,0.074
233,33,0.218
233,34,0.283
233,35,0.291
233,36,0.238
233,37,0.317
233,38,0.333
233,39,0.286
233,40,0.308
233,41,0.339
233,42,0.293
233,43,0.826
233,44,1.417
233,45,0.302
233,46,0.329
233,47,0.329
233,48,0.293
234,1,0.243
234,2,0.299
234,3,0.219
234,4,0.198
234,5,0.228
234,6,0.214
234,7,0.184
234,8,0.234
234,9,0.203
234,10,0.183
234,11,0.225
234,12,0.207
234,13,0.196
234,14,0.221
234,15,0.187
234,16,0.319
234,17,0.345
234,18,0.429
234,19,0.508
234,20,0.347
234,21,0.379
234,22,0.35
234,23,0.358
234,24,0.658
234,25,0.339
234,26,0.983
234,27,0.39
234,28,0.37
234,29,0.404
234,30,0.3
234,31,0.275
234,32,0.402
234,33,0.325
234,34,0.272
234,35,0.303
234,36,0.637
234,37,0.535
234,38,1.055
234,39,0.542
234,40,0.632
234,41,0.116
234,42,0.118
234,43,0.089
234,44,0.099
234,45,0.12
234,46,0.128
234,47,0.262
234,48,0.584
235,1,0.788
235,2,0.424
235,3,0.211
235,4,0.131
235,5,0.137
235,6,0.161
235,7,0.183
235,8,0.128
235,9,0.138
235,10,0.164
235,11,0.174
235,12,0.127
235,13,0.153
235,14,0.164
235,15,0.155
235,16,0.124
235,17,0.15
235,18,0.161
235,19,0.143
235,20,0.376
235,21,4.112
235,22,3.696
235,23,1.007
235,24,0.173
235,25,0.123
235,26,0.148
235,27,0.146
235,28,0.151
235,29,0.119
235,30,0.134
235,31,0.499
235,32,0.266
235,33,0.34
235,34,0.265
235,35,0.311
235,36,0.279
235,37,0.407
235,38,0.392
235,39,0.277
235,40,0.265
235,41,0.303
235,42,0.307
235,43,0.325
235,44,0.354
235,45,0.458
235,46,0.435
235,47,0.21
235,48,0.182
236,1,0.22
236,2,0.209
236,3,0.176
236,4,0.188
236,5,0.131
236,6,0.16
236,7,0.181
236,8,0.116
236,9,0.12
236,10,0.141
236,11,0.093
236,12,0.119
236,13,0.142
236,14,0.096
236,15,0.356
236,16,0.374
236,17,0.253
236,18,0.1
236,19,0.117
236,20,0.117
236,21,0.079
236,22,0.157
236,23,0.141
236,24,0.144
236,25,0.298
236,26,0.267
236,27,0.261
236,28,0.296
236,29,0.216
236,30,0.266
236,31,0.293
236,32,0.473
236,33,0.292
236,34,0.625
236,35,0.294
236,36,0.813
236,37,1.419
236,38,2.23
236,39,3.363
236,40,1.15
236,41,0.292
236,42,0.297
236,43,0.389
236,44,0.333
236,45,0.254
236,46,0.287
236,47,0.311
236,48,1.041
237,1,0.452
237,2,0.41
237,3,0.328
237,4,0.216
237,5,0.147
237,6,0.12
237,7,0.199
237,8,0.144
237,9,0.125
237,10,0.162
237,11,0.136
237,12,0.144
237,13,0.162
237,14,0.115
237,15,0.163
237,16,0.149
237,17,0.23
237,18,0.119
237,19,0.092
237,20,0.091
237,21,0.113
237,22,0.066
237,23,0.231
237,24,0.275
237,25,0.245
237,26,0.144
237,27,0.069
237,28,0.06
237,29,0.088
237,30,1.019
237,31,0.552
237,32,0.313
237,33,0.275
237,34,0.3
237,35,0.317
237,36,0.259
237,37,0.309
237,38,0.377
237,39,0.033
237,40,0.091
237,41,0.081
237,42,0.038
237,43,0.801
237,44,1.769
237,45,0.38
237,46,0.296
237,47,0.195
237,48,0.168
238,1,0.157
238,2,0.196
238,3,0.184
238,4,0.157
238,5,0.169
238,6,0.159
238,7,0.117
238,8,0.154
238,9,0.157
238,10,0.115
238,11,0.151
238,12,0.157
238,13,0.121
238,14,0.361
238,15,0.334
238,16,0.374
238,17,0.371
238,18,0.13
238,19,0.071
238,20,0.108
238,21,0.425
238,22,0.256
238,23,0.159
238,24,0.095
238,25,0.036
238,26,0.084
238,27,0.093
238,28,0.039
238,29,0.085
238,30,0.231
238,31,0.253
238,32,0.696
238,33,1.509
238,34,0.922
238,35,0.366
238,36,0.341
238,37,0.31
238,38,0.261
238,39,0.304
238,40,0.272
238,41,0.239
238,42,0.279
238,43,0.492
238,44,0.373
238,45,0.485
238,46,0.452
238,47,0.466
238,48,0.469
239,1,0.26
239,2,0.215
239,3,0.196
239,4,0.146
239,5,0.164
239,6,0.202
239,7,0.155
239,8,0.158
239,9,0.183
239,10,0.166
239,11,0.16
239,12,0.181
239,13,0.162
239,14,0.148
239,15,0.197
239,16,0.487
239,17,0.237
239,18,0.349
239,19,0.307
239,20,0.317
239,21,0.407
239,22,0.488
239,23,0.399
239,24,0.532
239,25,0.314
239,26,0.27
239,27,0.305
239,28,0.32
239,29,0.267
239,30,0.312
239,31,0.383
239,32,0.312
239,33,0.305
239,34,0.312
239,35,0.26
239,36,0.758
239,37,1.023
239,38,0.285
239,39,0.28
239,40,0.319
239,41,0.278
239,42,0.281
239,43,1.349
239,44,1.001
239,45,1.223
239,46,1.714
239,47,1.32
239,48,0.571
240,1,0.391
240,2,0.184
240,3,0.216
240,4,0.17
240,5,0.149
240,6,0.206
240,7,0.152
240,8,0.162
240,9,0.197
240,10,0.127
240,11,0.186
240,12,0.181
240,13,0.15
240,14,0.184
240,15,0.155
240,16,0.37
240,17,0.326
240,18,0.08
240,19,0.15
240,20,0.111
240,21,0.106
240,22,0.145
240,23,0.174
240,24,0.325
240,25,0.37
240,26,0.269
240,27,0.284
240,28,0.116
240,29,0.122
240,30,0.287
240,31,0.303
240,32,0.292
240,33,0.34
240,34,0.289
240,35,0.317
240,36,0.488
240,37,0.098
240,38,0.085
240,39,0.074
240,40,0.06
240,41,0.085
240,42,0.041
240,43,0.086
240,44,0.071
240,45,0.047
240,46,0.171
240,47,1.142
240,48,0.079
388,1,0.318
388,2,0.299
388,3,0.301
388,4,0.24
388,5,0.151
388,6,0.085
388,7,0.156
388,8,0.116
388,9,0.081
388,10,0.13
388,11,0.103
388,12,0.095
388,13,0.136
388,14,0.066
388,15,0.121
388,16,0.105
388,17,0.429
388,18,0.382
388,19,0.378
388,20,0.104
388,21,0.044
388,22,0.093
388,23,0.055
388,24,0.31
388,25,0.341
388,26,0.906
388,27,0.505
388,28,0.437
388,29,0.44
388,30,0.415
388,31,0.459
388,32,0.598
388,33,0.556
388,34,0.263
388,35,0.135
388,36,0.098
388,37,0.106
388,38,0.124
388,39,0.093
388,40,0.129
388,41,0.077
388,42,0.142
388,43,0.072
388,44,0.13
388,45,0.072
388,46,0.139
388,47,0.072
388,48,0.147
389,1,0.073
389,2,0.129
389,3,0.096
389,4,0.992
389,5,1.049
389,6,0.265
389,7,0.098
389,8,0.054
389,9,0.088
389,10,0.033
389,11,0.103
389,12,0.033
389,13,0.102
389,14,0.033
389,15,0.113
389,16,0.101
389,17,0.085
389,18,0.135
389,19,0.072
389,20,0.486
389,21,1.104
389,22,0.346
389,23,0.321
389,24,0.287
389,25,0.352
389,26,0.576
389,27,0.416
389,28,0.169
389,29,0.168
389,30,0.116
389,31,0.187
389,32,0.452
389,33,0.358
389,34,0.38
389,35,0.329
389,36,0.375
389,37,0.369
389,38,0.349
389,39,1.01
389,40,0.726
389,41,0.557
389,42,0.579
389,43,0.567
389,44,0.744
389,45,0.733
389,46,0.768
389,47,0.314
389,48,0.118
390,1,0.174
390,2,0.13
390,3,0.129
390,4,0.118
390,5,0.121
390,6,0.113
390,7,0.124
390,8,0.103
390,9,0.137
390,10,0.087
390,11,0.155
390,12,0.087
390,13,0.15
390,14,0.088
390,15,0.114
390,16,0.919
390,17,0.486
390,18,0.064
390,19,0.023
390,20,0.089
390,21,0.023
390,22,0.084
390,23,0.033
390,24,0.032
390,25,0.084
390,26,0.023
390,27,0.072
390,28,0.045
390,29,0.023
390,30,0.758
390,31,0.568
390,32,0.519
390,33,0.411
390,34,0.421
390,35,0.616
390,36,0.621
390,37,0.991
390,38,1.187
390,39,1.037
390,40,0.578
390,41,0.947
390,42,0.789
390,43,1.007
390,44,0.818
390,45,0.771
390,46,0.58
390,47,0.363
390,48,0.336
391,1,0.323
391,2,0.347
391,3,0.122
391,4,0.184
391,5,0.111
391,6,0.13
391,7,0.107
391,8,0.122
391,9,0.109
391,10,0.126
391,11,0.095
391,12,0.136
391,13,0.084
391,14,0.15
391,15,0.083
391,16,1.269
391,17,0.297
391,18,0.079
391,19,0.023
391,20,0.088
391,21,0.023
391,22,0.067
391,23,0.042
391,24,0.041
391,25,0.071
391,26,0.023
391,27,0.089
391,28,0.023
391,29,0.06
391,30,0.061
391,31,0.521
391,32,0.411
391,33,0.608
391,34,0.677
391,35,0.611
391,36,0.743
391,37,1.518
391,38,0.844
391,39,0.833
391,40,1.004
391,41,1.764
391,42,0.765
391,43,0.744
391,44,0.622
391,45,0.523
391,46,0.471
391,47,0.369
391,48,0.337
392,1,0.354
392,2,0.139
392,3,0.183
392,4,0.174
392,5,0.149
392,6,0.186
392,7,0.096
392,8,0.147
392,9,0.1
392,10,0.138
392,11,0.115
392,12,0.127
392,13,0.123
392,14,0.12
392,15,0.126
392,16,1.16
392,17,0.399
392,18,0.025
392,19,0.082
392,20,0.025
392,21,0.086
392,22,0.025
392,23,0.089
392,24,0.025
392,25,0.085
392,26,0.025
392,27,0.089
392,28,0.025
392,29,0.083
392,30,0.033
392,31,0.282
392,32,0.379
392,33,0.665
392,34,0.492
392,35,0.453
392,36,0.656
392,37,0.687
392,38,0.656
392,39,0.679
392,40,0.901
392,41,0.595
392,42,0.591
392,43,0.521
392,44,0.546
392,45,0.745
392,46,0.481
392,47,0.411
392,48,0.401
393,1,0.234
393,2,0.174
393,3,0.21
393,4,0.166
393,5,0.145
393,6,0.188
393,7,0.129
393,8,0.183
393,9,0.159
393,10,0.154
393,11,0.184
393,12,0.13
393,13,0.184
393,14,0.127
393,15,0.188
393,16,1.836
393,17,1.43
393,18,0.962
393,19,0.519
393,20,0.159
393,21,0.105
393,22,0.157
393,23,0.083
393,24,0.336
393,25,0.31
393,26,0.498
393,27,0.945
393,28,0.449
393,29,0.378
393,30,0.409
393,31,0.434
393,32,0.353
393,33,0.445
393,34,0.539
393,35,1.159
393,36,0.577
393,37,0.58
393,38,1.23
393,39,1.402
393,40,0.777
393,41,0.521
393,42,0.567
393,43,1.855
393,44,0.824
393,45,0.825
393,46,0.741
393,47,0.342
393,48,0.2
394,1,0.175
394,2,0.19
394,3,0.177
394,4,0.147
394,5,0.191
394,6,0.164
394,7,0.166
394,8,0.193
394,9,0.135
394,10,0.192
394,11,0.145
394,12,0.181
394,13,0.164
394,14,0.165
394,15,0.176
394,16,1.084
394,17,0.459
394,18,0.027
394,19,0.084
394,20,0.033
394,21,0.071
394,22,0.037
394,23,0.066
394,24,0.035
394,25,0.075
394,26,0.022
394,27,0.084
394,28,0.023
394,29,1.2
394,30,0.296
394,31,0.669
394,32,0.466
394,33,0.435
394,34,0.412
394,35,0.528
394,36,0.553
394,37,0.519
394,38,0.492
394,39,0.699
394,40,0.766
394,41,0.731
394,42,0.468
394,43,0.412
394,44,0.519
394,45,0.751
394,46,0.703
394,47,0.594
394,48,0.188
395,1,0.184
395,2,0.118
395,3,0.119
395,4,0.149
395,5,0.091
395,6,0.147
395,7,0.092
395,8,0.153
395,9,0.093
395,10,0.152
395,11,0.092
395,12,0.152
395,13,0.091
395,14,0.155
395,15,0.089
395,16,0.539
395,17,0.427
395,18,0.112
395,19,0.078
395,20,0.171
395,21,0.075
395,22,0.231
395,23,0.056
395,24,0.06
395,25,0.037
395,26,0.353
395,27,0.267
395,28,0.312
395,29,0.721
395,30,1.814
395,31,0.77
395,32,0.74
395,33,0.404
395,34,0.41
395,35,0.518
395,36,0.247
395,37,0.038
395,38,0.097
395,39,0.682
395,40,0.488
395,41,0.522
395,42,0.503
395,43,0.535
395,44,0.46
395,45,0.463
395,46,0.492
395,47,0.692
395,48,0.384
396,1,0.216
396,2,0.187
396,3,0.195
396,4,0.161
396,5,0.204
396,6,0.151
396,7,0.206
396,8,0.151
396,9,0.115
396,10,0.055
396,11,0.088
396,12,0.073
396,13,0.063
396,14,0.109
396,15,0.047
396,16,0.111
396,17,0.526
396,18,0.175
396,19,0.27
396,20,0.062
396,21,0.066
396,22,0.021
396,23,0.088
396,24,0.021
396,25,0.044
396,26,0.074
396,27,0.294
396,28,0.518
396,29,0.617
396,30,1.054
396,31,0.392
396,32,0.414
396,33,0.371
396,34,0.328
396,35,0.36
396,36,0.345
396,37,1.268
396,38,1.594
396,39,0.761
396,40,0.928
396,41,0.684
396,42,0.473
396,43,0.851
396,44,0.594
396,45,0.608
396,46,0.631
396,47,0.428
396,48,0.357
397,1,0.162
397,2,0.21
397,3,0.186
397,4,0.188
397,5,0.215
397,6,0.159
397,7,0.22
397,8,0.158
397,9,0.219
397,10,0.155
397,11,0.214
397,12,0.158
397,13,0.216
397,14,0.154
397,15,0.217
397,16,0.629
397,17,0.763
397,18,0.122
397,19,0.121
397,20,0.124
397,21,0.109
397,22,0.125
397,23,0.107
397,24,0.122
397,25,0.114
397,26,0.099
397,27,1.157
397,28,0.603
397,29,0.163
397,30,0.172
397,31,0.124
397,32,0.299
397,33,0.42
397,34,0.37
397,35,0.572
397,36,0.479
397,37,0.758
397,38,0.491
397,39,0.464
397,40,0.576
397,41,1.542
397,42,0.613
397,43,0.553
397,44,0.434
397,45,0.385
397,46,0.71
397,47,0.357
397,48,0.166
398,1,0.149
398,2,0.157
398,3,0.098
398,4,0.136
398,5,0.131
398,6,0.105
398,7,0.151
398,8,0.09
398,9,0.146
398,10,0.098
398,11,0.138
398,12,0.116
398,13,0.123
398,14,0.124
398,15,0.114
398,16,0.608
398,17,0.413
398,18,0.089
398,19,0.033
398,20,0.095
398,21,0.033
398,22,0.095
398,23,0.033
398,24,0.091
398,25,0.033
398,26,0.093
398,27,0.033
398,28,0.093
398,29,0.033
398,30,0.094
398,31,0.361
398,32,0.291
398,33,0.38
398,34,0.414
398,35,0.44
398,36,0.454
398,37,1.249
398,38,1.391
398,39,0.505
398,40,0.57
398,41,0.826
398,42,0.771
398,43,0.676
398,44,0.825
398,45,0.578
398,46,1.56
398,47,0.174
398,48,0.183
399,1,0.17
399,2,0.109
399,3,0.146
399,4,0.092
399,5,0.148
399,6,0.114
399,7,0.126
399,8,0.128
399,9,0.113
399,10,0.135
399,11,0.112
399,12,0.127
399,13,0.118
399,14,0.112
399,15,0.346
399,16,0.847
399,17,0.487
399,18,0.063
399,19,0.047
399,20,0.072
399,21,0.039
399,22,0.076
399,23,0.035
399,24,0.075
399,25,0.037
399,26,0.072
399,27,0.044
399,28,0.061
399,29,0.05
399,30,0.051
399,31,0.35
399,32,0.219
399,33,0.062
399,34,0.157
399,35,0.623
399,36,0.446
399,37,0.5
399,38,0.849
399,39,0.69
399,40,0.72
399,41,0.69
399,42,0.849
399,43,0.694
399,44,0.525
399,45,0.554
399,46,0.737
399,47,0.385
399,48,0.209
400,1,0.153
400,2,0.179
400,3,0.181
400,4,0.138
400,5,0.176
400,6,0.183
400,7,0.13
400,8,0.183
400,9,0.161
400,10,0.151
400,11,0.185
400,12,0.095
400,13,0.149
400,14,0.089
400,15,0.145
400,16,0.668
400,17,0.513
400,18,0.429
400,19,0.423
400,20,0.44
400,21,0.414
400,22,0.531
400,23,0.262
400,24,0.114
400,25,0.053
400,26,0.432
400,27,0.445
400,28,0.341
400,29,0.314
400,30,0.306
400,31,0.314
400,32,0.471
400,33,0.423
400,34,0.543
400,35,1.368
400,36,1.603
400,37,0.83
400,38,0.891
400,39,0.668
400,40,0.575
400,41,0.579
400,42,0.642
400,43,0.925
400,44,0.658
400,45,0.618
400,46,0.669
400,47,0.372
400,48,0.34
401,1,0.168
401,2,0.138
401,3,0.139
401,4,0.131
401,5,0.12
401,6,0.093
401,7,0.132
401,8,0.133
401,9,0.082
401,10,0.134
401,11,0.128
401,12,0.091
401,13,0.135
401,14,0.107
401,15,0.365
401,16,0.644
401,17,0.555
401,18,0.083
401,19,0.041
401,20,0.061
401,21,0.066
401,22,0.032
401,23,0.081
401,24,0.022
401,25,0.077
401,26,0.025
401,27,0.074
401,28,0.32
401,29,0.054
401,30,0.064
401,31,0.049
401,32,0.229
401,33,0.258
401,34,0.525
401,35,0.467
401,36,0.605
401,37,0.255
401,38,0.053
401,39,0.044
401,40,0.078
401,41,0.026
401,42,0.075
401,43,0.059
401,44,0.046
401,45,0.08
401,46,0.023
401,47,0.081
401,48,0.024
402,1,0.081
402,2,0.031
402,3,0.078
402,4,0.037
402,5,0.069
402,6,0.043
402,7,0.068
402,8,0.04
402,9,0.066
402,10,0.04
402,11,0.073
402,12,0.026
402,13,0.088
402,14,0.023
402,15,0.089
402,16,0.023
402,17,0.086
402,18,0.023
402,19,0.077
402,20,0.033
402,21,0.054
402,22,0.056
402,23,0.028
402,24,0.087
402,25,0.512
402,26,0.341
402,27,0.282
402,28,0.417
402,29,0.366
402,30,0.396
402,31,0.34
402,32,0.407
402,33,0.665
402,34,1.148
402,35,0.654
402,36,0.629
402,37,0.762
402,38,0.386
402,39,0.652
402,40,0.42
402,41,0.467
402,42,0.407
402,43,0.555
402,44,0.614
402,45,0.351
402,46,0.214
402,47,0.119
402,48,0.12
403,1,0.381
403,2,0.329
403,3,0.295
403,4,0.315
403,5,0.267
403,6,0.227
403,7,0.094
403,8,0.074
403,9,0.117
403,10,0.057
403,11,0.114
403,12,0.057
403,13,0.115
403,14,0.07
403,15,0.101
403,16,0.076
403,17,0.105
403,18,0.378
403,19,0.532
403,20,0.241
403,21,0.05
403,22,0.069
403,23,0.035
403,24,0.08
403,25,0.023
403,26,0.086
403,27,0.023
403,28,0.081
403,29,0.023
403,30,0.084
403,31,0.023
403,32,0.218
403,33,0.653
403,34,0.476
403,35,0.384
403,36,0.493
403,37,0.561
403,38,0.574
403,39,0.58
403,40,0.584
403,41,0.602
403,42,0.48
403,43,0.781
403,44,0.552
403,45,0.7
403,46,1.056
403,47,0.546
403,48,0.163
404,1,0.175
404,2,0.2
404,3,0.146
404,4,0.129
404,5,0.158
404,6,0.096
404,7,0.155
404,8,0.13
404,9,0.122
404,10,0.158
404,11,0.403
404,12,0.323
404,13,0.119
404,14,0.144
404,15,0.141
404,16,0.478
404,17,0.55
404,18,0.036
404,19,0.08
404,20,0.061
404,21,0.056
404,22,0.081
404,23,0.035
404,24,0.086
404,25,0.022
404,26,0.088
404,27,0.025
404,28,0.087
404,29,0.186
404,30,0.473
404,31,0.37
404,32,0.371
404,33,0.402
404,34,0.378
404,35,0.387
404,36,0.398
404,37,0.504
404,38,0.614
404,39,0.85
404,40,0.943
404,41,0.701
404,42,0.679
404,43,0.752
404,44,0.688
404,45,0.574
404,46,0.636
404,47,0.261
404,48,0.113
405,1,0.143
405,2,0.137
405,3,0.152
405,4,0.183
405,5,0.086
405,6,0.147
405,7,0.104
405,8,0.129
405,9,0.123
405,10,0.11
405,11,0.138
405,12,0.091
405,13,0.149
405,14,0.086
405,15,0.149
405,16,0.361
405,17,0.435
405,18,0.048
405,19,0.054
405,20,0.054
405,21,0.04
405,22,0.064
405,23,0.025
405,24,0.083
405,25,0.022
405,26,0.087
405,27,0.022
405,28,0.08
405,29,0.249
405,30,1.659
405,31,0.907
405,32,1.11
405,33,0.402
405,34,0.4
405,35,0.372
405,36,0.689
405,37,0.508
405,38,0.856
405,39,0.534
405,40,0.601
405,41,0.594
405,42,0.582
405,43,0.625
405,44,0.666
405,45,0.687
405,46,0.665
405,47,0.666
405,48,0.166
406,1,0.157
406,2,0.101
406,3,0.154
406,4,0.102
406,5,0.147
406,6,0.115
406,7,0.135
406,8,0.12
406,9,0.13
406,10,0.12
406,11,0.138
406,12,0.103
406,13,0.152
406,14,0.094
406,15,0.159
406,16,0.6
406,17,0.56
406,18,0.021
406,19,0.084
406,20,0.024
406,21,0.057
406,22,0.052
406,23,0.021
406,24,0.097
406,25,0.022
406,26,0.061
406,27,0.052
406,28,0.021
406,29,0.09
406,30,0.022
406,31,0.571
406,32,0.407
406,33,0.893
406,34,0.732
406,35,0.456
406,36,0.494
406,37,0.598
406,38,2.187
406,39,1.338
406,40,0.547
406,41,0.603
406,42,0.594
406,43,0.668
406,44,0.453
406,45,0.519
406,46,0.506
406,47,0.284
406,48,0.34
407,1,0.293
407,2,0.101
407,3,0.132
407,4,0.103
407,5,0.077
407,6,0.122
407,7,0.064
407,8,0.124
407,9,0.061
407,10,0.125
407,11,0.062
407,12,0.124
407,13,0.062
407,14,0.121
407,15,0.061
407,16,0.413
407,17,0.49
407,18,0.274
407,19,1.671
407,20,0.559
407,21,0.706
407,22,0.497
407,23,0.491
407,24,0.264
407,25,0.19
407,26,0.029
407,27,0.169
407,28,0.239
407,29,0.278
407,30,0.262
407,31,0.246
407,32,0.432
407,33,0.233
407,34,0.565
407,35,0.872
407,36,0.4
407,37,0.514
407,38,1.144
407,39,0.622
407,40,0.547
407,41,0.597
407,42,0.571
407,43,0.582
407,44,0.638
407,45,0.576
407,46,0.389
407,47,0.212
407,48,0.193
408,1,0.178
408,2,0.187
408,3,0.117
408,4,0.13
408,5,0.149
408,6,0.097
408,7,0.152
408,8,0.101
408,9,0.147
408,10,0.118
408,11,0.129
408,12,0.127
408,13,0.128
408,14,0.334
408,15,0.896
408,16,0.508
408,17,0.238
408,18,0.08
408,19,0.103
408,20,0.097
408,21,0.111
408,22,0.247
408,23,0.439
408,24,0.553
408,25,0.772
408,26,0.57
408,27,0.353
408,28,0.379
408,29,0.366
408,30,0.351
408,31,0.414
408,32,0.338
408,33,0.275
408,34,0.864
408,35,0.266
408,36,0.274
408,37,0.59
408,38,0.268
408,39,0.261
408,40,0.291
408,41,0.363
408,42,0.288
408,43,0.271
408,44,0.262
408,45,0.296
408,46,0.158
408,47,0.124
408,48,0.075
409,1,0.068
409,2,0.066
409,3,0.041
409,4,0.083
409,5,0.025
409,6,0.089
409,7,0.025
409,8,0.087
409,9,0.025
409,10,0.086
409,11,0.025
409,12,0.09
409,13,0.025
409,14,0.332
409,15,0.263
409,16,0.303
409,17,0.232
409,18,0.391
409,19,0.097
409,20,0.116
409,21,0.095
409,22,0.088
409,23,0.121
409,24,0.072
409,25,0.136
409,26,0.405
409,27,0.686
409,28,0.437
409,29,0.394
409,30,0.306
409,31,0.571
409,32,0.332
409,33,0.835
409,34,0.024
409,35,0.075
409,36,0.034
409,37,0.058
409,38,0.053
409,39,0.031
409,40,0.083
409,41,0.024
409,42,0.093
409,43,0.029
409,44,0.331
409,45,0.726
409,46,0.579
409,47,0.719
409,48,0.161
410,1,0.179
410,2,0.128
410,3,0.184
410,4,0.123
410,5,0.193
410,6,0.122
410,7,0.173
410,8,0.139
410,9,0.134
410,10,0.18
410,11,0.028
410,12,0.086
410,13,0.047
410,14,0.025
410,15,0.426
410,16,0.245
410,17,0.265
410,18,0.51
410,19,0.255
410,20,0.33
410,21,0.122
410,22,0.038
410,23,0.198
410,24,0.031
410,25,0.024
410,26,0.102
410,27,0.024
410,28,0.024
410,29,0.468
410,30,1.635
410,31,0.571
410,32,0.495
410,33,0.708
410,34,0.477
410,35,0.429
410,36,0.394
410,37,0.476
410,38,0.456
410,39,0.473
410,40,0.499
410,41,0.506
410,42,0.801
410,43,0.621
410,44,0.809
410,45,0.827
410,46,0.829
410,47,0.264
410,48,0.162
411,1,0.095
411,2,0.266
411,3,0.301
411,4,0.279
411,5,0.122
411,6,0.156
411,7,0.101
411,8,0.152
411,9,0.098
411,10,0.159
411,11,0.096
411,12,0.157
411,13,0.096
411,14,0.163
411,15,0.095
411,16,0.458
411,17,0.268
411,18,0.092
411,19,0.152
411,20,0.321
411,21,0.301
411,22,0.306
411,23,0.31
411,24,0.285
411,25,0.313
411,26,0.228
411,27,0.126
411,28,0.021
411,29,0.231
411,30,0.232
411,31,0.532
411,32,0.348
411,33,0.423
411,34,0.521
411,35,0.404
411,36,0.472
411,37,1.011
411,38,0.843
411,39,0.692
411,40,0.468
411,41,0.588
411,42,0.657
411,43,0.51
411,44,0.503
411,45,0.533
411,46,1.724
411,47,1.038
411,48,1.179
412,1,0.213
412,2,0.211
412,3,0.171
412,4,0.157
412,5,0.188
412,6,0.139
412,7,0.198
412,8,0.135
412,9,0.198
412,10,0.133
412,11,0.194
412,12,0.133
412,13,0.188
412,14,0.141
412,15,0.173
412,16,0.382
412,17,0.211
412,18,0.203
412,19,0.243
412,20,0.456
412,21,0.646
412,22,0.654
412,23,0.477
412,24,0.547
412,25,0.48
412,26,0.664
412,27,0.501
412,28,0.437
412,29,0.476
412,30,0.454
412,31,0.46
412,32,0.459
412,33,0.382
412,34,0.542
412,35,0.399
412,36,0.461
412,37,0.748
412,38,0.572
412,39,1.571
412,40,0.45
412,41,0.384
412,42,0.321
412,43,0.268
412,44,0.338
412,45,0.334
412,46,0.211
412,47,0.118
412,48,0.081
413,1,0.075
413,2,0.065
413,3,0.036
413,4,0.08
413,5,0.023
413,6,0.083
413,7,0.023
413,8,0.083
413,9,0.023
413,10,0.104
413,11,0.023
413,12,0.086
413,13,0.023
413,14,0.071
413,15,0.543
413,16,0.854
413,17,0.393
413,18,0.073
413,19,0.026
413,20,0.081
413,21,0.021
413,22,0.082
413,23,0.021
413,24,0.074
413,25,0.032
413,26,0.059
413,27,0.05
413,28,0.036
413,29,0.076
413,30,0.025
413,31,0.237
413,32,0.358
413,33,0.923
413,34,0.526
413,35,0.522
413,36,0.601
413,37,0.775
413,38,0.709
413,39,0.619
413,40,0.652
413,41,0.497
413,42,0.465
413,43,0.775
413,44,0.514
413,45,0.402
413,46,0.507
413,47,0.456
413,48,0.336
414,1,0.093
414,2,0.107
414,3,0.14
414,4,0.1
414,5,0.154
414,6,0.09
414,7,0.149
414,8,0.09
414,9,0.156
414,10,0.09
414,11,0.142
414,12,0.083
414,13,0.13
414,14,0.117
414,15,0.101
414,16,0.145
414,17,0.296
414,18,0.151
414,19,0.183
414,20,0.254
414,21,0.241
414,22,0.631
414,23,0.962
414,24,0.444
414,25,0.259
414,26,0.219
414,27,0.284
414,28,0.523
414,29,0.118
414,30,0.125
414,31,0.093
414,32,0.418
414,33,0.265
414,34,0.297
414,35,1.793
414,36,0.773
414,37,0.396
414,38,0.709
414,39,0.511
414,40,0.316
414,41,0.261
414,42,0.761
414,43,1.614
414,44,0.404
414,45,0.68
414,46,0.629
414,47,0.293
414,48,0.244
415,1,0.097
415,2,0.131
415,3,0.119
415,4,0.1
415,5,0.04
415,6,0.101
415,7,0.04
415,8,0.104
415,9,0.04
415,10,0.103
415,11,0.041
415,12,0.109
415,13,0.258
415,14,0.312
415,15,0.38
415,16,0.326
415,17,0.41
415,18,0.053
415,19,0.117
415,20,0.053
415,21,0.111
415,22,0.063
415,23,0.19
415,24,0.335
415,25,0.362
415,26,0.466
415,27,0.38
415,28,0.402
415,29,0.214
415,30,0.224
415,31,0.275
415,32,0.233
415,33,0.287
415,34,0.231
415,35,0.308
415,36,0.081
415,37,0.081
415,38,0.082
415,39,0.453
415,40,0.456
415,41,0.513
415,42,0.471
415,43,0.459
415,44,0.685
415,45,0.465
415,46,0.135
415,47,0.168
415,48,0.162
