213,1,0.133
213,2,0.159
213,3,0.2
213,4,0.13
213,5,0.112
213,6,0.137
213,7,0.116
213,8,0.098
213,9,0.096
213,10,0.149
213,11,0.112
213,12,0.11
213,13,0.147
213,14,0.122
213,15,0.532
213,16,0.183
213,17,0.116
213,18,0.822
213,19,0.711
213,20,0.285
213,21,1.494
213,22,0.485
213,23,0.21
213,24,0.166
213,25,0.169
213,26,0.18
213,27,0.233
213,28,1.226
213,29,0.181
213,30,0.216
213,31,0.172
213,32,0.356
213,33,0.167
213,34,0.219
213,35,1.162
213,36,0.43
213,37,0.278
213,38,0.206
213,39,0.373
213,40,1.109
213,41,0.994
213,42,0.351
213,43,0.666
213,44,0.292
213,45,0.299
213,46,0.249
213,47,0.217
213,48,0.171
214,1,0.117
214,2,0.111
214,3,0.147
214,4,0.111
214,5,0.113
214,6,0.159
214,7,0.11
214,8,0.111
214,9,0.105
214,10,0.142
214,11,0.099
214,12,0.101
214,13,0.151
214,14,0.113
214,15,0.112
214,16,0.112
214,17,0.161
214,18,0.175
214,19,0.275
214,20,0.536
214,21,1.408
214,22,0.823
214,23,0.793
214,24,0.512
214,25,0.366
214,26,0.626
214,27,1.31
214,28,0.293
214,29,0.49
214,30,0.237
214,31,0.241
214,32,0.237
214,33,0.293
214,34,0.231
214,35,0.222
214,36,0.22
214,37,0.257
214,38,0.407
214,39,1.191
214,40,0.28
214,41,0.218
214,42,0.514
214,43,0.293
214,44,0.69
214,45,0.4
214,46,1.307
214,47,0.292
214,48,0.176
215,1,0.17
215,2,0.202
215,3,0.152
215,4,0.152
215,5,0.185
215,6,0.2
215,7,0.172
215,8,0.172
215,9,0.214
215,10,0.156
215,11,0.145
215,12,0.115
215,13,0.146
215,14,0.117
215,15,0.442
215,16,0.166
215,17,0.122
215,18,0.295
215,19,0.329
215,20,0.343
215,21,0.302
215,22,0.237
215,23,1.266
215,24,0.69
215,25,1.255
215,26,0.334
215,27,0.514
215,28,0.188
215,29,0.231
215,30,0.567
215,31,1.36
215,32,1.474
215,33,0.324
215,34,0.401
215,35,0.203
215,36,0.255
215,37,0.217
215,38,0.285
215,39,0.297
215,40,0.258
215,41,0.237
215,42,0.221
215,43,0.811
215,44,0.315
215,45,0.235
215,46,0.19
215,47,0.207
215,48,0.115
216,1,0.115
216,2,0.127
216,3,0.131
216,4,0.101
216,5,0.101
216,6,0.168
216,7,0.115
216,8,0.115
216,9,0.116
216,10,0.166
216,11,0.102
216,12,0.102
216,13,0.112
216,14,0.354
216,15,0.407
216,16,0.156
216,17,0.154
216,18,0.101
216,19,0.099
216,20,0.161
216,21,0.117
216,22,0.114
216,23,0.115
216,24,0.165
216,25,0.1
216,26,0.1
216,27,0.134
216,28,0.119
216,29,0.115
216,30,0.115
216,31,0.168
216,32,0.114
216,33,0.105
216,34,0.184
216,35,1.61
216,36,0.219
216,37,0.423
216,38,0.283
216,39,0.253
216,40,0.43
216,41,0.237
216,42,0.275
216,43,0.222
216,44,0.229
216,45,0.222
216,46,0.201
216,47,0.178
216,48,0.16
217,1,0.163
217,2,0.103
217,3,0.102
217,4,0.102
217,5,0.155
217,6,0.115
217,7,0.117
217,8,0.143
217,9,0.14
217,10,0.115
217,11,0.11
217,12,0.156
217,13,0.103
217,14,0.167
217,15,0.493
217,16,0.343
217,17,0.117
217,18,0.108
217,19,0.153
217,20,0.1
217,21,0.101
217,22,0.102
217,23,0.166
217,24,0.111
217,25,0.112
217,26,0.161
217,27,0.115
217,28,0.109
217,29,0.125
217,30,0.131
217,31,0.101
217,32,0.1
217,33,0.16
217,34,0.164
217,35,0.247
217,36,0.285
217,37,0.302
217,38,0.726
217,39,1.24
217,40,1.305
217,41,0.216
217,42,0.519
217,43,0.226
217,44,0.926
217,45,0.23
217,46,0.273
217,47,0.214
217,48,0.137
218,1,0.16
218,2,0.105
218,3,0.104
218,4,0.154
218,5,0.104
218,6,0.115
218,7,0.165
218,8,0.114
218,9,0.114
218,10,0.132
218,11,0.144
218,12,0.104
218,13,0.105
218,14,0.155
218,15,0.587
218,16,0.146
218,17,0.156
218,18,0.11
218,19,0.115
218,20,0.165
218,21,0.113
218,22,0.118
218,23,0.16
218,24,0.113
218,25,0.104
218,26,0.155
218,27,0.103
218,28,0.104
218,29,0.154
218,30,0.11
218,31,0.114
218,32,0.163
218,33,0.113
218,34,0.111
218,35,0.195
218,36,0.479
218,37,0.606
218,38,0.542
218,39,0.241
218,40,0.239
218,41,0.857
218,42,0.295
218,43,0.374
218,44,0.402
218,45,0.407
218,46,0.246
218,47,0.163
218,48,0.161
219,1,0.109
219,2,0.107
219,3,0.13
219,4,0.132
219,5,0.111
219,6,0.112
219,7,0.162
219,8,0.112
219,9,0.112
219,10,0.163
219,11,0.11
219,12,0.112
219,13,0.141
219,14,0.137
219,15,0.502
219,16,0.171
219,17,0.131
219,18,0.104
219,19,0.107
219,20,0.152
219,21,0.112
219,22,0.114
219,23,0.163
219,24,0.112
219,25,0.111
219,26,0.164
219,27,0.112
219,28,0.108
219,29,0.156
219,30,0.104
219,31,0.104
219,32,0.137
219,33,0.123
219,34,0.161
219,35,0.234
219,36,1.264
219,37,0.919
219,38,0.238
219,39,0.347
219,40,0.455
219,41,0.225
219,42,0.311
219,43,0.904
219,44,0.194
219,45,0.234
219,46,0.177
219,47,0.2
219,48,0.203
220,1,0.151
220,2,0.112
220,3,0.112
220,4,0.16
220,5,0.106
220,6,0.108
220,7,0.425
220,8,0.108
220,9,0.107
220,10,0.147
220,11,0.113
220,12,0.107
220,13,0.117
220,14,0.157
220,15,0.408
220,16,0.831
220,17,0.926
220,18,1.74
220,19,0.907
220,20,0.237
220,21,0.188
220,22,0.184
220,23,1.298
220,24,0.211
220,25,0.171
220,26,0.204
220,27,0.238
220,28,2.288
220,29,1.554
220,30,0.308
220,31,0.446
220,32,0.177
220,33,0.23
220,34,0.335
220,35,0.221
220,36,0.265
220,37,0.226
220,38,0.23
220,39,0.271
220,40,0.496
220,41,0.172
220,42,0.195
220,43,0.193
220,44,0.173
220,45,0.182
220,46,0.367
220,47,0.413
220,48,0.231
221,1,0.245
221,2,0.174
221,3,0.126
221,4,0.17
221,5,0.117
221,6,0.118
221,7,0.144
221,8,0.142
221,9,0.102
221,10,0.102
221,11,0.154
221,12,0.102
221,13,0.114
221,14,0.169
221,15,0.116
221,16,0.43
221,17,1.504
221,18,0.289
221,19,1.892
221,20,1.217
221,21,0.818
221,22,0.81
221,23,0.49
221,24,0.292
221,25,1.667
221,26,0.995
221,27,1.279
221,28,0.756
221,29,0.226
221,30,0.244
221,31,0.254
221,32,0.196
221,33,0.182
221,34,0.833
221,35,0.851
221,36,0.29
221,37,0.264
221,38,0.161
221,39,1.188
221,40,1.159
221,41,0.24
221,42,0.255
221,43,0.315
221,44,0.65
221,45,0.247
221,46,0.143
221,47,0.18
221,48,0.107
222,1,0.107
222,2,0.171
222,3,0.134
222,4,0.11
222,5,0.155
222,6,0.11
222,7,0.133
222,8,0.183
222,9,0.106
222,10,0.102
222,11,0.16
222,12,0.127
222,13,0.125
222,14,0.17
222,15,0.568
222,16,0.148
222,17,0.179
222,18,0.121
222,19,0.12
222,20,0.163
222,21,0.104
222,22,0.102
222,23,0.154
222,24,0.116
222,25,0.117
222,26,0.159
222,27,0.125
222,28,0.102
222,29,0.124
222,30,0.131
222,31,0.106
222,32,0.116
222,33,0.168
222,34,0.129
222,35,0.383
222,36,1.116
222,37,1.222
222,38,0.215
222,39,0.998
222,40,0.21
222,41,0.198
222,42,0.868
222,43,0.227
222,44,0.306
222,45,0.33
222,46,0.437
222,47,0.235
222,48,0.203
223,1,0.25
223,2,0.195
223,3,0.181
223,4,0.162
223,5,0.11
223,6,0.109
223,7,0.136
223,8,0.134
223,9,0.108
223,10,0.108
223,11,0.157
223,12,0.109
223,13,0.106
223,14,0.143
223,15,0.832
223,16,0.458
223,17,0.218
223,18,0.442
223,19,0.144
223,20,0.113
223,21,0.161
223,22,0.11
223,23,0.109
223,24,0.158
223,25,0.106
223,26,0.104
223,27,0.163
223,28,0.114
223,29,0.112
223,30,0.147
223,31,0.135
223,32,0.115
223,33,0.108
223,34,0.441
223,35,0.596
223,36,0.208
223,37,0.838
223,38,0.238
223,39,1.558
223,40,0.287
223,41,0.22
223,42,1.169
223,43,0.297
223,44,0.482
223,45,0.425
223,46,0.463
223,47,0.214
223,48,0.185
224,1,0.197
224,2,0.226
224,3,0.202
224,4,0.195
224,5,0.244
224,6,0.194
224,7,0.19
224,8,0.212
224,9,0.104
224,10,0.107
224,11,0.135
224,12,0.146
224,13,0.523
224,14,0.237
224,15,0.151
224,16,0.101
224,17,0.116
224,18,0.145
224,19,0.106
224,20,0.111
224,21,0.165
224,22,0.114
224,23,0.113
224,24,0.165
224,25,0.114
224,26,0.114
224,27,0.161
224,28,0.104
224,29,0.102
224,30,0.137
224,31,0.118
224,32,0.114
224,33,0.124
224,34,0.158
224,35,0.115
224,36,1.207
224,37,0.498
224,38,0.232
224,39,1.718
224,40,0.447
224,41,0.146
224,42,0.387
224,43,0.263
224,44,0.292
224,45,0.345
224,46,0.256
224,47,0.191
224,48,0.9
225,1,2.021
225,2,0.23
225,3,0.168
225,4,0.115
225,5,0.165
225,6,0.116
225,7,0.116
225,8,0.165
225,9,0.114
225,10,0.113
225,11,0.132
225,12,0.143
225,13,0.589
225,14,0.149
225,15,0.263
225,16,0.106
225,17,0.12
225,18,0.139
225,19,0.107
225,20,0.105
225,21,0.156
225,22,0.104
225,23,0.11
225,24,0.163
225,25,0.112
225,26,0.112
225,27,0.162
225,28,0.112
225,29,0.112
225,30,0.151
225,31,0.118
225,32,0.103
225,33,0.115
225,34,0.144
225,35,0.103
225,36,0.105
225,37,0.383
225,38,0.354
225,39,0.206
225,40,0.227
225,41,0.706
225,42,0.235
225,43,1.154
225,44,0.208
225,45,0.212
225,46,0.167
225,47,0.339
225,48,2.573
226,1,0.461
226,2,0.242
226,3,0.203
226,4,0.199
226,5,0.189
226,6,0.223
226,7,0.182
226,8,0.186
226,9,0.231
226,10,0.176
226,11,0.12
226,12,0.102
226,13,0.154
226,14,0.772
226,15,0.195
226,16,0.165
226,17,0.11
226,18,0.111
226,19,0.162
226,20,0.106
226,21,0.107
226,22,0.113
226,23,0.152
226,24,0.105
226,25,0.105
226,26,0.158
226,27,0.105
226,28,0.103
226,29,0.109
226,30,0.162
226,31,0.112
226,32,0.112
226,33,0.166
226,34,0.112
226,35,0.107
226,36,0.156
226,37,0.652
226,38,0.174
226,39,1.729
226,40,0.231
226,41,0.503
226,42,0.285
226,43,0.338
226,44,0.357
226,45,1.638
226,46,0.385
226,47,1.068
226,48,0.388
227,1,0.241
227,2,0.263
227,3,0.254
227,4,0.213
227,5,0.225
227,6,0.288
227,7,0.245
227,8,0.246
227,9,0.299
227,10,0.214
227,11,0.196
227,12,0.855
227,13,0.207
227,14,0.148
227,15,0.311
227,16,0.186
227,17,0.182
227,18,0.478
227,19,0.219
227,20,0.183
227,21,0.168
227,22,0.222
227,23,0.181
227,24,0.325
227,25,0.186
227,26,0.138
227,27,0.121
227,28,0.178
227,29,0.369
227,30,2.986
227,31,0.244
227,32,0.301
227,33,0.154
227,34,0.819
227,35,0.324
227,36,0.285
227,37,0.23
227,38,0.407
227,39,1.654
227,40,0.48
227,41,0.428
227,42,0.244
227,43,0.194
227,44,0.189
227,45,0.675
227,46,0.421
227,47,0.239
227,48,0.217
228,1,0.24
228,2,0.183
228,3,0.17
228,4,0.217
228,5,0.247
228,6,0.206
228,7,0.104
228,8,0.166
228,9,0.116
228,10,0.117
228,11,0.144
228,12,0.138
228,13,0.117
228,14,0.108
228,15,0.158
228,16,0.138
228,17,0.177
228,18,0.82
228,19,2.185
228,20,0.809
228,21,0.441
228,22,0.266
228,23,0.219
228,24,0.211
228,25,0.229
228,26,0.13
228,27,0.136
228,28,0.178
228,29,1.624
228,30,0.318
228,31,0.462
228,32,0.249
228,33,0.2
228,34,0.224
228,35,0.827
228,36,1.631
228,37,3.387
228,38,0.464
228,39,0.329
228,40,0.286
228,41,0.277
228,42,0.321
228,43,0.238
228,44,0.23
228,45,0.264
228,46,0.247
228,47,0.123
228,48,0.12
229,1,0.136
229,2,0.155
229,3,0.118
229,4,0.118
229,5,0.156
229,6,0.135
229,7,0.117
229,8,0.118
229,9,0.169
229,10,0.133
229,11,0.115
229,12,0.115
229,13,0.169
229,14,0.115
229,15,0.581
229,16,0.211
229,17,0.17
229,18,0.114
229,19,0.112
229,20,0.137
229,21,0.139
229,22,0.112
229,23,0.113
229,24,0.165
229,25,0.113
229,26,0.112
229,27,0.114
229,28,0.168
229,29,0.115
229,30,0.113
229,31,0.114
229,32,0.168
229,33,0.114
229,34,0.114
229,35,1.576
229,36,0.577
229,37,0.823
229,38,0.355
229,39,1.487
229,40,0.27
229,41,0.242
229,42,1.037
229,43,0.443
229,44,0.472
229,45,0.245
229,46,0.238
229,47,0.215
229,48,0.148
230,1,0.136
230,2,0.115
230,3,0.169
230,4,0.115
230,5,0.114
230,6,0.114
230,7,0.172
230,8,0.118
230,9,0.118
230,10,0.127
230,11,0.164
230,12,0.118
230,13,0.119
230,14,0.137
230,15,0.383
230,16,0.386
230,17,0.11
230,18,0.165
230,19,0.109
230,20,0.111
230,21,0.111
230,22,0.165
230,23,0.109
230,24,0.11
230,25,0.116
230,26,0.168
230,27,0.115
230,28,0.116
230,29,0.142
230,30,0.147
230,31,0.117
230,32,0.117
230,33,0.167
230,34,0.123
230,35,0.14
230,36,0.394
230,37,0.33
230,38,0.257
230,39,0.264
230,40,0.251
230,41,0.327
230,42,1.981
230,43,0.37
230,44,0.779
230,45,0.248
230,46,0.223
230,47,0.134
230,48,0.156
231,1,0.115
231,2,0.115
231,3,0.169
231,4,0.115
231,5,0.117
231,6,0.133
231,7,0.155
231,8,0.116
231,9,0.116
231,10,0.173
231,11,0.117
231,12,0.117
231,13,0.12
231,14,0.166
231,15,0.472
231,16,0.395
231,17,0.154
231,18,0.114
231,19,0.112
231,20,0.169
231,21,0.115
231,22,0.114
231,23,0.151
231,24,0.136
231,25,0.117
231,26,0.118
231,27,0.173
231,28,0.119
231,29,0.118
231,30,0.166
231,31,0.13
231,32,0.12
231,33,0.12
231,34,0.201
231,35,0.415
231,36,0.21
231,37,2.184
231,38,1.278
231,39,0.225
231,40,0.261
231,41,0.27
231,42,1.39
231,43,0.229
231,44,1.334
231,45,0.191
231,46,0.219
231,47,0.241
231,48,0.119
232,1,0.118
232,2,0.137
232,3,0.158
232,4,0.115
232,5,0.116
232,6,0.172
232,7,0.116
232,8,0.116
232,9,0.143
232,10,0.144
232,11,0.116
232,12,0.115
232,13,0.175
232,14,0.121
232,15,0.595
232,16,0.227
232,17,0.117
232,18,0.109
232,19,0.165
232,20,0.108
232,21,0.109
232,22,0.164
232,23,0.108
232,24,0.119
232,25,0.174
232,26,0.12
232,27,0.12
232,28,0.141
232,29,0.151
232,30,0.115
232,31,0.112
232,32,0.167
232,33,0.112
232,34,0.112
232,35,0.397
232,36,1.653
232,37,0.519
232,38,0.272
232,39,1.3
232,40,0.203
232,41,0.228
232,42,1.108
232,43,0.231
232,44,0.254
232,45,0.308
232,46,0.16
232,47,0.159
232,48,0.143
233,1,0.176
233,2,0.122
233,3,0.117
233,4,0.168
233,5,0.116
233,6,0.116
233,7,0.118
233,8,0.167
233,9,0.116
233,10,0.115
233,11,0.167
233,12,0.115
233,13,0.119
233,14,0.116
233,15,0.76
233,16,0.176
233,17,0.118
233,18,0.164
233,19,0.11
233,20,0.108
233,21,0.16
233,22,0.107
233,23,0.11
233,24,0.164
233,25,0.125
233,26,0.118
233,27,0.129
233,28,0.165
233,29,0.113
233,30,0.108
233,31,0.16
233,32,0.106
233,33,0.109
233,34,0.18
233,35,1.469
233,36,0.532
233,37,0.408
233,38,1.221
233,39,0.209
233,40,0.203
233,41,0.302
233,42,0.877
233,43,0.26
233,44,0.289
233,45,0.249
233,46,0.201
233,47,0.189
233,48,0.173
234,1,0.111
234,2,0.108
234,3,0.125
234,4,0.152
234,5,0.122
234,6,0.117
234,7,0.163
234,8,0.121
234,9,0.117
234,10,0.117
234,11,0.168
234,12,0.114
234,13,0.11
234,14,0.106
234,15,0.602
234,16,0.284
234,17,1.73
234,18,0.228
234,19,0.195
234,20,0.177
234,21,0.18
234,22,0.224
234,23,0.169
234,24,0.372
234,25,0.211
234,26,1.462
234,27,1.918
234,28,0.284
234,29,0.324
234,30,0.143
234,31,0.45
234,32,1.193
234,33,0.23
234,34,0.137
234,35,0.144
234,36,1.676
234,37,0.847
234,38,0.212
234,39,0.259
234,40,0.284
234,41,0.236
234,42,0.259
234,43,0.72
234,44,0.224
234,45,0.217
234,46,0.24
234,47,0.226
234,48,0.208
235,1,0.261
235,2,0.296
235,3,0.154
235,4,0.125
235,5,0.143
235,6,0.132
235,7,0.111
235,8,0.111
235,9,0.173
235,10,0.122
235,11,0.122
235,12,0.139
235,13,0.159
235,14,0.123
235,15,0.116
235,16,0.163
235,17,0.11
235,18,0.328
235,19,0.502
235,20,0.29
235,21,0.332
235,22,1.066
235,23,0.845
235,24,0.27
235,25,0.164
235,26,0.616
235,27,0.272
235,28,0.598
235,29,0.331
235,30,0.518
235,31,0.223
235,32,0.214
235,33,0.233
235,34,0.795
235,35,1.34
235,36,0.545
235,37,0.442
235,38,1.222
235,39,0.463
235,40,0.203
235,41,0.47
235,42,0.29
235,43,0.187
235,44,0.183
235,45,0.197
235,46,0.184
235,47,0.134
235,48,0.121
236,1,0.163
236,2,0.11
236,3,0.109
236,4,0.166
236,5,0.124
236,6,0.124
236,7,0.132
236,8,0.164
236,9,0.124
236,10,0.114
236,11,0.163
236,12,0.112
236,13,0.113
236,14,0.123
236,15,0.607
236,16,0.175
236,17,0.122
236,18,0.166
236,19,0.107
236,20,0.105
236,21,0.156
236,22,0.105
236,23,0.118
236,24,0.128
236,25,0.158
236,26,0.117
236,27,0.118
236,28,0.163
236,29,0.107
236,30,0.106
236,31,0.108
236,32,0.155
236,33,0.138
236,34,0.143
236,35,1.544
236,36,0.216
236,37,1.094
236,38,1.678
236,39,0.257
236,40,0.219
236,41,1.221
236,42,0.284
236,43,0.3
236,44,0.256
236,45,0.241
236,46,0.203
236,47,0.145
236,48,0.119
237,1,0.15
237,2,0.126
237,3,0.113
237,4,0.112
237,5,0.164
237,6,0.112
237,7,0.111
237,8,0.121
237,9,0.169
237,10,0.119
237,11,0.119
237,12,0.141
237,13,0.147
237,14,0.118
237,15,0.562
237,16,0.363
237,17,0.11
237,18,0.11
237,19,0.136
237,20,0.133
237,21,0.11
237,22,0.108
237,23,0.167
237,24,0.116
237,25,0.116
237,26,0.144
237,27,0.141
237,28,0.117
237,29,0.116
237,30,0.168
237,31,0.115
237,32,0.108
237,33,0.114
237,34,0.38
237,35,0.237
237,36,0.226
237,37,0.278
237,38,0.336
237,39,1.129
237,40,1.416
237,41,0.303
237,42,0.274
237,43,0.269
237,44,0.265
237,45,0.177
237,46,0.185
237,47,0.177
237,48,0.152
238,1,0.113
238,2,0.113
238,3,0.165
238,4,0.115
238,5,0.113
238,6,0.114
238,7,0.162
238,8,0.112
238,9,0.112
238,10,0.164
238,11,0.12
238,12,0.116
238,13,0.118
238,14,0.171
238,15,0.622
238,16,0.163
238,17,0.161
238,18,0.109
238,19,0.109
238,20,0.108
238,21,0.158
238,22,0.107
238,23,0.108
238,24,0.138
238,25,0.141
238,26,0.118
238,27,0.117
238,28,0.169
238,29,0.118
238,30,0.119
238,31,0.12
238,32,0.162
238,33,0.124
238,34,0.92
238,35,0.532
238,36,0.221
238,37,0.212
238,38,1.624
238,39,2.712
238,40,0.843
238,41,0.228
238,42,0.252
238,43,0.606
238,44,0.325
238,45,0.224
238,46,0.167
238,47,0.115
238,48,0.116
239,1,0.12
239,2,0.161
239,3,0.114
239,4,0.116
239,5,0.159
239,6,0.128
239,7,0.117
239,8,0.117
239,9,0.167
239,10,0.118
239,11,0.116
239,12,0.124
239,13,0.157
239,14,0.106
239,15,0.533
239,16,0.208
239,17,0.104
239,18,0.107
239,19,0.137
239,20,0.147
239,21,0.119
239,22,0.117
239,23,0.168
239,24,0.11
239,25,0.104
239,26,0.104
239,27,0.154
239,28,0.113
239,29,0.115
239,30,0.149
239,31,0.135
239,32,0.118
239,33,0.106
239,34,1.297
239,35,0.608
239,36,0.206
239,37,0.251
239,38,0.259
239,39,1.685
239,40,0.232
239,41,1.171
239,42,1.252
239,43,0.976
239,44,0.316
239,45,0.227
239,46,0.204
239,47,0.119
239,48,0.167
240,1,0.107
240,2,0.108
240,3,0.107
240,4,0.156
240,5,0.116
240,6,0.119
240,7,0.128
240,8,0.159
240,9,0.121
240,10,0.12
240,11,0.143
240,12,0.125
240,13,0.106
240,14,0.274
240,15,0.517
240,16,0.177
240,17,0.118
240,18,0.121
240,19,0.162
240,20,0.106
240,21,0.105
240,22,0.126
240,23,0.144
240,24,0.117
240,25,0.118
240,26,0.156
240,27,0.127
240,28,0.108
240,29,0.103
240,30,0.149
240,31,0.105
240,32,0.112
240,33,0.115
240,34,0.219
240,35,1.202
240,36,0.2
240,37,0.425
240,38,0.283
240,39,0.187
240,40,0.517
240,41,0.571
240,42,0.3
240,43,0.372
240,44,0.269
240,45,0.265
240,46,0.152
240,47,0.117
240,48,0.118
388,1,0.206
388,2,0.21
388,3,0.081
388,4,0.16
388,5,0.139
388,6,0.259
388,7,0.26
388,8,0.261
388,9,0.185
388,10,0.149
388,11,0.154
388,12,0.153
388,13,0.138
388,14,0.083
388,15,0.864
388,16,0.165
388,17,0.123
388,18,0.106
388,19,0.103
388,20,0.109
388,21,0.097
388,22,0.078
388,23,0.091
388,24,0.109
388,25,0.111
388,26,0.093
388,27,0.104
388,28,0.712
388,29,1.006
388,30,0.284
388,31,0.287
388,32,1.093
388,33,0.464
388,34,0.183
388,35,1.371
388,36,0.633
388,37,0.261
388,38,0.387
388,39,0.335
388,40,0.327
388,41,0.305
388,42,0.322
388,43,0.32
388,44,0.275
388,45,0.279
388,46,0.216
388,47,0.2
388,48,0.176
389,1,0.122
389,2,0.127
389,3,0.226
389,4,0.184
389,5,0.143
389,6,0.218
389,7,0.216
389,8,0.209
389,9,0.13
389,10,0.086
389,11,0.096
389,12,0.114
389,13,0.114
389,14,0.112
389,15,0.101
389,16,0.155
389,17,0.162
389,18,0.298
389,19,0.326
389,20,0.457
389,21,0.273
389,22,0.722
389,23,0.954
389,24,0.217
389,25,0.323
389,26,0.301
389,27,1.36
389,28,0.335
389,29,0.582
389,30,0.342
389,31,0.406
389,32,0.333
389,33,0.311
389,34,1.219
389,35,0.508
389,36,0.443
389,37,0.494
389,38,0.456
389,39,0.744
389,40,0.965
389,41,0.395
389,42,0.461
389,43,0.412
389,44,0.3
389,45,0.339
389,46,0.197
389,47,0.118
389,48,0.093
390,1,0.072
390,2,0.106
390,3,0.113
390,4,0.096
390,5,0.105
390,6,0.178
390,7,0.107
390,8,0.187
390,9,0.146
390,10,0.095
390,11,0.11
390,12,0.091
390,13,0.071
390,14,0.516
390,15,0.488
390,16,0.123
390,17,0.087
390,18,0.09
390,19,0.086
390,20,0.092
390,21,0.11
390,22,0.11
390,23,0.086
390,24,0.088
390,25,0.081
390,26,0.098
390,27,0.109
390,28,0.093
390,29,0.105
390,30,0.089
390,31,0.069
390,32,0.108
390,33,0.097
390,34,0.103
390,35,0.106
390,36,1.119
390,37,0.637
390,38,0.706
390,39,1.87
390,40,0.6
390,41,0.517
390,42,1.44
390,43,0.39
390,44,0.325
390,45,0.265
390,46,0.295
390,47,0.194
390,48,0.079
391,1,0.091
391,2,0.081
391,3,0.11
391,4,0.111
391,5,0.094
391,6,0.153
391,7,0.115
391,8,0.168
391,9,0.125
391,10,0.104
391,11,0.111
391,12,0.093
391,13,0.105
391,14,0.08
391,15,0.628
391,16,0.191
391,17,0.092
391,18,0.109
391,19,0.107
391,20,0.087
391,21,0.089
391,22,0.072
391,23,0.111
391,24,0.111
391,25,0.092
391,26,0.106
391,27,0.077
391,28,0.086
391,29,0.105
391,30,0.091
391,31,0.109
391,32,0.1
391,33,0.092
391,34,0.089
391,35,0.071
391,36,1.36
391,37,2.126
391,38,1.259
391,39,0.36
391,40,0.69
391,41,0.377
391,42,1.85
391,43,0.822
391,44,0.488
391,45,0.432
391,46,0.386
391,47,0.175
391,48,0.139
392,1,0.14
392,2,0.109
392,3,0.093
392,4,0.111
392,5,0.094
392,6,0.153
392,7,0.138
392,8,0.166
392,9,0.134
392,10,0.094
392,11,0.112
392,12,0.1
392,13,0.105
392,14,0.307
392,15,0.557
392,16,0.091
392,17,0.111
392,18,0.097
392,19,0.113
392,20,0.112
392,21,0.086
392,22,0.094
392,23,0.092
392,24,0.087
392,25,0.112
392,26,0.102
392,27,0.104
392,28,0.111
392,29,0.078
392,30,0.094
392,31,0.095
392,32,0.094
392,33,0.11
392,34,0.108
392,35,0.094
392,36,0.126
392,37,1.516
392,38,0.166
392,39,0.789
392,40,0.802
392,41,0.422
392,42,0.358
392,43,1.641
392,44,0.863
392,45,0.357
392,46,0.212
392,47,0.14
392,48,0.134
393,1,0.089
393,2,0.094
393,3,0.096
393,4,0.086
393,5,0.112
393,6,0.15
393,7,0.153
393,8,0.204
393,9,0.123
393,10,0.096
393,11,0.097
393,12,0.087
393,13,0.112
393,14,0.194
393,15,0.658
393,16,0.127
393,17,0.093
393,18,0.073
393,19,0.105
393,20,0.111
393,21,0.093
393,22,0.109
393,23,0.095
393,24,0.073
393,25,0.097
393,26,0.113
393,27,0.095
393,28,0.112
393,29,0.101
393,30,0.075
393,31,0.093
393,32,0.097
393,33,0.108
393,34,0.123
393,35,0.575
393,36,1.74
393,37,0.53
393,38,1.032
393,39,0.46
393,40,0.299
393,41,0.676
393,42,1.261
393,43,0.618
393,44,0.5
393,45,0.508
393,46,0.385
393,47,0.215
393,48,0.197
394,1,0.225
394,2,0.181
394,3,0.094
394,4,0.094
394,5,0.096
394,6,0.148
394,7,0.161
394,8,0.198
394,9,0.121
394,10,0.094
394,11,0.1
394,12,0.106
394,13,0.108
394,14,0.34
394,15,0.661
394,16,0.097
394,17,0.108
394,18,0.116
394,19,0.097
394,20,0.103
394,21,0.092
394,22,0.077
394,23,0.114
394,24,0.113
394,25,0.101
394,26,0.097
394,27,0.093
394,28,0.079
394,29,0.113
394,30,0.113
394,31,0.095
394,32,0.11
394,33,0.096
394,34,0.074
394,35,0.097
394,36,0.146
394,37,0.738
394,38,1.915
394,39,0.322
394,40,0.319
394,41,1.157
394,42,0.98
394,43,0.459
394,44,0.39
394,45,0.355
394,46,0.308
394,47,0.208
394,48,0.152
395,1,0.128
395,2,0.08
395,3,0.094
395,4,0.106
395,5,0.101
395,6,0.162
395,7,0.174
395,8,0.187
395,9,0.128
395,10,0.107
395,11,0.118
395,12,0.1
395,13,0.115
395,14,0.107
395,15,0.744
395,16,0.396
395,17,0.094
395,18,0.112
395,19,0.111
395,20,0.093
395,21,0.093
395,22,0.092
395,23,0.094
395,24,0.107
395,25,0.112
395,26,0.1
395,27,0.092
395,28,0.093
395,29,0.089
395,30,0.102
395,31,0.111
395,32,0.104
395,33,0.121
395,34,0.199
395,35,1.318
395,36,2.078
395,37,0.929
395,38,0.476
395,39,0.518
395,40,0.562
395,41,1.59
395,42,0.496
395,43,0.431
395,44,0.496
395,45,0.525
395,46,1.511
395,47,0.524
395,48,0.37
396,1,0.406
396,2,0.434
396,3,0.267
396,4,0.248
396,5,0.202
396,6,0.181
396,7,0.21
396,8,0.222
396,9,0.215
396,10,0.226
396,11,0.22
396,12,0.194
396,13,0.204
396,14,0.245
396,15,0.29
396,16,0.603
396,17,1.321
396,18,1.024
396,19,1.156
396,20,0.425
396,21,0.449
396,22,0.949
396,23,1.676
396,24,0.707
396,25,0.437
396,26,0.493
396,27,0.48
396,28,2.176
396,29,1.588
396,30,0.428
396,31,0.595
396,32,0.431
396,33,0.506
396,34,0.736
396,35,1.83
396,36,0.331
396,37,0.361
396,38,0.384
396,39,0.356
396,40,0.488
396,41,0.521
396,42,0.863
396,43,0.483
396,44,0.826
396,45,0.374
396,46,0.317
396,47,0.244
396,48,0.133
397,1,0.151
397,2,0.266
397,3,0.191
397,4,0.235
397,5,0.22
397,6,0.156
397,7,0.238
397,8,0.134
397,9,0.159
397,10,0.205
397,11,0.086
397,12,0.112
397,13,0.129
397,14,0.132
397,15,0.756
397,16,0.398
397,17,0.102
397,18,0.122
397,19,0.123
397,20,0.098
397,21,0.096
397,22,0.095
397,23,0.112
397,24,0.101
397,25,0.119
397,26,0.105
397,27,0.095
397,28,0.081
397,29,0.118
397,30,0.118
397,31,0.107
397,32,0.091
397,33,0.093
397,34,0.1
397,35,0.099
397,36,1.43
397,37,2.654
397,38,0.413
397,39,0.691
397,40,0.384
397,41,0.542
397,42,0.4
397,43,0.33
397,44,0.43
397,45,0.257
397,46,0.233
397,47,0.179
397,48,0.101
398,1,0.162
398,2,0.213
398,3,0.153
398,4,0.181
398,5,0.189
398,6,0.139
398,7,0.207
398,8,0.129
398,9,0.139
398,10,0.186
398,11,0.094
398,12,0.128
398,13,0.127
398,14,0.157
398,15,0.673
398,16,0.119
398,17,0.122
398,18,0.123
398,19,0.117
398,20,0.079
398,21,0.097
398,22,0.119
398,23,0.121
398,24,0.102
398,25,0.102
398,26,0.098
398,27,0.101
398,28,0.107
398,29,0.115
398,30,0.121
398,31,0.101
398,32,0.084
398,33,0.094
398,34,0.119
398,35,1.108
398,36,1.056
398,37,2.384
398,38,1.521
398,39,0.312
398,40,0.375
398,41,0.417
398,42,0.333
398,43,0.715
398,44,1.354
398,45,0.309
398,46,0.297
398,47,0.299
398,48,0.206
399,1,0.134
399,2,0.218
399,3,0.136
399,4,0.207
399,5,0.2
399,6,0.136
399,7,0.173
399,8,0.125
399,9,0.164
399,10,0.208
399,11,0.099
399,12,0.089
399,13,0.116
399,14,0.138
399,15,0.704
399,16,0.142
399,17,0.083
399,18,0.1
399,19,0.121
399,20,0.121
399,21,0.102
399,22,0.107
399,23,0.102
399,24,0.099
399,25,0.095
399,26,0.118
399,27,0.12
399,28,0.107
399,29,0.092
399,30,0.099
399,31,0.102
399,32,0.1
399,33,0.119
399,34,0.117
399,35,0.095
399,36,0.093
399,37,0.123
399,38,0.949
399,39,0.5
399,40,0.469
399,41,0.432
399,42,0.431
399,43,0.412
399,44,1.036
399,45,0.422
399,46,0.378
399,47,0.397
399,48,0.456
400,1,0.178
400,2,0.199
400,3,0.157
400,4,0.217
400,5,0.206
400,6,0.143
400,7,0.179
400,8,0.16
400,9,0.203
400,10,0.209
400,11,0.122
400,12,0.201
400,13,0.116
400,14,0.251
400,15,0.699
400,16,0.128
400,17,0.101
400,18,0.113
400,19,0.122
400,20,0.103
400,21,0.115
400,22,0.099
400,23,0.091
400,24,0.105
400,25,0.121
400,26,0.123
400,27,0.093
400,28,0.103
400,29,0.1
400,30,0.094
400,31,0.12
400,32,0.122
400,33,0.092
400,34,0.097
400,35,0.134
400,36,0.451
400,37,1.81
400,38,0.832
400,39,0.473
400,40,0.978
400,41,1.249
400,42,1.222
400,43,1.412
400,44,0.874
400,45,0.475
400,46,0.332
400,47,0.349
400,48,0.32
401,1,0.241
401,2,0.26
401,3,0.193
401,4,0.222
401,5,0.247
401,6,0.192
401,7,0.225
401,8,0.193
401,9,0.228
401,10,0.219
401,11,0.192
401,12,0.245
401,13,0.152
401,14,0.395
401,15,0.507
401,16,0.205
401,17,0.069
401,18,0.15
401,19,0.111
401,20,0.11
401,21,0.104
401,22,0.104
401,23,0.124
401,24,0.124
401,25,0.108
401,26,0.092
401,27,0.105
401,28,0.117
401,29,0.105
401,30,0.125
401,31,0.115
401,32,0.095
401,33,0.087
401,34,0.125
401,35,0.123
401,36,0.102
401,37,1.4
401,38,2.151
401,39,0.661
401,40,0.441
401,41,0.396
401,42,0.38
401,43,0.374
401,44,0.312
401,45,0.265
401,46,0.282
401,47,0.305
401,48,0.196
402,1,0.143
402,2,0.202
402,3,0.158
402,4,0.199
402,5,0.204
402,6,0.141
402,7,0.198
402,8,0.161
402,9,0.196
402,10,0.191
402,11,0.142
402,12,0.2
402,13,0.123
402,14,0.144
402,15,0.628
402,16,0.165
402,17,0.134
402,18,0.1
402,19,0.106
402,20,0.11
402,21,0.117
402,22,0.119
402,23,0.122
402,24,0.106
402,25,0.084
402,26,0.111
402,27,0.12
402,28,0.109
402,29,0.116
402,30,0.135
402,31,1.752
402,32,0.677
402,33,0.321
402,34,0.332
402,35,0.317
402,36,1.038
402,37,3.85
402,38,0.525
402,39,0.448
402,40,0.505
402,41,0.732
402,42,0.317
402,43,0.781
402,44,1.765
402,45,1.151
402,46,0.858
402,47,0.399
402,48,0.3
403,1,0.232
403,2,0.261
403,3,0.207
403,4,0.278
403,5,0.176
403,6,0.244
403,7,0.313
403,8,0.123
403,9,0.154
403,10,0.202
403,11,0.11
403,12,0.091
403,13,0.131
403,14,0.13
403,15,0.185
403,16,0.176
403,17,0.324
403,18,0.526
403,19,0.317
403,20,0.85
403,21,0.315
403,22,0.888
403,23,0.431
403,24,0.304
403,25,0.309
403,26,0.289
403,27,0.261
403,28,1.187
403,29,0.92
403,30,0.818
403,31,2.022
403,32,0.782
403,33,1.204
403,34,2.699
403,35,1.526
403,36,0.458
403,37,0.43
403,38,0.441
403,39,0.455
403,40,0.612
403,41,0.505
403,42,0.441
403,43,0.521
403,44,0.475
403,45,0.425
403,46,0.3
403,47,0.279
403,48,0.142
404,1,0.163
404,2,0.163
404,3,0.127
404,4,0.112
404,5,0.124
404,6,0.204
404,7,0.212
404,8,0.145
404,9,0.176
404,10,0.178
404,11,0.104
404,12,0.124
404,13,0.112
404,14,0.126
404,15,0.733
404,16,0.13
404,17,0.085
404,18,0.123
404,19,0.123
404,20,0.1
404,21,0.106
404,22,0.101
404,23,0.086
404,24,0.112
404,25,0.118
404,26,0.106
404,27,0.117
404,28,0.104
404,29,0.084
404,30,0.103
404,31,0.106
404,32,0.098
404,33,0.117
404,34,0.118
404,35,1.182
404,36,1.429
404,37,1.722
404,38,0.59
404,39,0.43
404,40,0.405
404,41,1.069
404,42,0.885
404,43,0.334
404,44,0.375
404,45,0.244
404,46,0.17
404,47,0.245
404,48,0.164
405,1,0.132
405,2,0.152
405,3,0.15
405,4,0.261
405,5,0.14
405,6,0.123
405,7,0.115
405,8,0.102
405,9,0.176
405,10,0.221
405,11,0.089
405,12,0.106
405,13,0.102
405,14,0.11
405,15,0.668
405,16,0.144
405,17,0.092
405,18,0.09
405,19,0.097
405,20,0.098
405,21,0.117
405,22,0.119
405,23,0.092
405,24,0.098
405,25,0.087
405,26,0.096
405,27,0.116
405,28,0.097
405,29,0.115
405,30,0.11
405,31,0.082
405,32,0.1
405,33,0.088
405,34,0.107
405,35,0.599
405,36,1.13
405,37,1.558
405,38,2.251
405,39,0.386
405,40,0.333
405,41,0.285
405,42,0.351
405,43,0.317
405,44,0.295
405,45,0.188
405,46,0.187
405,47,0.28
405,48,0.15
406,1,0.148
406,2,0.15
406,3,0.111
406,4,0.189
406,5,0.135
406,6,0.105
406,7,0.099
406,8,0.12
406,9,0.175
406,10,0.189
406,11,0.115
406,12,0.103
406,13,0.083
406,14,0.1
406,15,0.708
406,16,1.404
406,17,0.418
406,18,0.196
406,19,0.151
406,20,0.231
406,21,0.079
406,22,0.11
406,23,0.118
406,24,0.095
406,25,0.133
406,26,0.15
406,27,0.159
406,28,1.215
406,29,0.877
406,30,0.146
406,31,0.151
406,32,0.137
406,33,0.141
406,34,0.142
406,35,0.397
406,36,1.384
406,37,0.929
406,38,2.233
406,39,0.556
406,40,0.825
406,41,1.5
406,42,0.375
406,43,0.91
406,44,0.474
406,45,0.435
406,46,0.432
406,47,0.311
406,48,0.221
407,1,0.208
407,2,0.212
407,3,0.204
407,4,0.23
407,5,0.227
407,6,0.186
407,7,0.205
407,8,0.229
407,9,0.176
407,10,0.204
407,11,0.108
407,12,0.085
407,13,0.106
407,14,0.242
407,15,0.647
407,16,0.27
407,17,0.108
407,18,0.087
407,19,0.102
407,20,0.102
407,21,0.085
407,22,0.109
407,23,0.112
407,24,0.096
407,25,0.112
407,26,0.113
407,27,0.094
407,28,0.111
407,29,0.1
407,30,0.096
407,31,0.106
407,32,0.086
407,33,0.103
407,34,0.104
407,35,0.084
407,36,0.224
407,37,0.476
407,38,1.126
407,39,0.599
407,40,0.968
407,41,0.746
407,42,0.367
407,43,0.354
407,44,0.414
407,45,0.518
407,46,0.308
407,47,0.264
407,48,0.25
408,1,0.219
408,2,0.213
408,3,0.209
408,4,0.192
408,5,0.207
408,6,0.224
408,7,0.214
408,8,0.208
408,9,0.182
408,10,0.196
408,11,0.097
408,12,0.114
408,13,0.113
408,14,0.113
408,15,0.667
408,16,0.15
408,17,0.095
408,18,0.1
408,19,0.115
408,20,0.101
408,21,0.108
408,22,0.115
408,23,0.093
408,24,0.113
408,25,0.112
408,26,0.093
408,27,0.108
408,28,0.131
408,29,0.128
408,30,0.137
408,31,0.143
408,32,0.122
408,33,0.139
408,34,0.134
408,35,0.329
408,36,0.323
408,37,0.66
408,38,0.353
408,39,0.402
408,40,1.518
408,41,0.534
408,42,0.393
408,43,0.439
408,44,0.333
408,45,0.375
408,46,0.25
408,47,0.285
408,48,0.207
409,1,0.258
409,2,0.177
409,3,0.238
409,4,0.141
409,5,0.229
409,6,0.131
409,7,0.203
409,8,0.171
409,9,0.153
409,10,0.187
409,11,0.096
409,12,0.114
409,13,0.115
409,14,0.095
409,15,0.729
409,16,0.344
409,17,0.128
409,18,0.103
409,19,0.103
409,20,0.082
409,21,0.109
409,22,0.094
409,23,0.114
409,24,0.115
409,25,0.092
409,26,0.15
409,27,1.356
409,28,0.346
409,29,0.563
409,30,0.229
409,31,0.269
409,32,0.941
409,33,2.291
409,34,0.643
409,35,0.338
409,36,0.365
409,37,0.357
409,38,0.849
409,39,0.414
409,40,0.425
409,41,0.387
409,42,0.238
409,43,0.294
409,44,0.234
409,45,0.267
409,46,0.222
409,47,0.3
409,48,0.235
410,1,0.319
410,2,0.188
410,3,0.217
410,4,0.151
410,5,0.221
410,6,0.126
410,7,0.21
410,8,0.173
410,9,0.155
410,10,0.182
410,11,0.189
410,12,0.203
410,13,0.2
410,14,0.174
410,15,0.19
410,16,0.182
410,17,0.571
410,18,0.605
410,19,1.225
410,20,0.548
410,21,1.353
410,22,0.272
410,23,0.234
410,24,0.253
410,25,0.585
410,26,0.369
410,27,0.339
410,28,0.323
410,29,0.311
410,30,0.582
410,31,1.88
410,32,0.483
410,33,0.494
410,34,1.23
410,35,1.395
410,36,0.469
410,37,0.531
410,38,0.498
410,39,0.507
410,40,1.791
410,41,1.32
410,42,0.604
410,43,0.413
410,44,0.291
410,45,0.298
410,46,0.332
410,47,0.245
410,48,0.233
411,1,0.233
411,2,0.2
411,3,0.21
411,4,0.231
411,5,0.217
411,6,0.186
411,7,0.205
411,8,0.224
411,9,0.21
411,10,0.22
411,11,0.204
411,12,0.18
411,13,0.229
411,14,0.261
411,15,0.594
411,16,0.106
411,17,0.113
411,18,0.134
411,19,0.11
411,20,0.106
411,21,0.1
411,22,0.1
411,23,0.131
411,24,0.114
411,25,0.095
411,26,0.104
411,27,0.099
411,28,0.129
411,29,0.129
411,30,0.081
411,31,0.099
411,32,0.115
411,33,0.107
411,34,0.128
411,35,0.083
411,36,0.456
411,37,1.302
411,38,2.488
411,39,0.405
411,40,0.37
411,41,0.341
411,42,0.349
411,43,0.316
411,44,0.291
411,45,0.255
411,46,0.251
411,47,0.248
411,48,0.224
412,1,0.202
412,2,0.201
412,3,0.218
412,4,0.228
412,5,0.218
412,6,0.177
412,7,0.218
412,8,0.238
412,9,0.21
412,10,0.214
412,11,0.201
412,12,0.218
412,13,0.227
412,14,0.385
412,15,0.468
412,16,0.138
412,17,0.144
412,18,0.083
412,19,0.1
412,20,0.134
412,21,0.112
412,22,0.105
412,23,0.101
412,24,0.103
412,25,0.135
412,26,0.107
412,27,0.084
412,28,0.115
412,29,0.109
412,30,0.125
412,31,0.1
412,32,0.079
412,33,0.129
412,34,0.223
412,35,0.324
412,36,1.37
412,37,2.575
412,38,1.22
412,39,0.4
412,40,0.627
412,41,1.296
412,42,0.337
412,43,0.284
412,44,0.314
412,45,0.336
412,46,0.286
412,47,0.209
412,48,0.174
413,1,0.235
413,2,0.223
413,3,0.172
413,4,0.201
413,5,0.227
413,6,0.21
413,7,0.195
413,8,0.179
413,9,0.226
413,10,0.234
413,11,0.178
413,12,0.185
413,13,0.195
413,14,0.379
413,15,0.522
413,16,0.129
413,17,0.09
413,18,0.13
413,19,0.1
413,20,0.096
413,21,0.106
413,22,0.105
413,23,0.127
413,24,0.096
413,25,0.076
413,26,0.127
413,27,0.107
413,28,0.111
413,29,0.093
413,30,0.093
413,31,0.127
413,32,0.105
413,33,0.098
413,34,0.083
413,35,0.182
413,36,1.59
413,37,0.875
413,38,0.327
413,39,0.327
413,40,0.367
413,41,0.379
413,42,1.434
413,43,0.727
413,44,0.413
413,45,0.286
413,46,0.204
413,47,0.119
413,48,0.122
414,1,0.098
414,2,0.102
414,3,0.078
414,4,0.113
414,5,0.099
414,6,0.12
414,7,0.1
414,8,0.105
414,9,0.091
414,10,0.088
414,11,0.117
414,12,0.098
414,13,0.114
414,14,0.103
414,15,0.995
414,16,0.19
414,17,0.098
414,18,0.088
414,19,0.119
414,20,0.096
414,21,0.119
414,22,0.098
414,23,0.09
414,24,0.099
414,25,0.086
414,26,0.116
414,27,0.094
414,28,0.119
414,29,0.091
414,30,0.099
414,31,0.077
414,32,0.107
414,33,0.097
414,34,0.116
414,35,0.096
414,36,1.555
414,37,1.067
414,38,1.576
414,39,0.924
414,40,0.439
414,41,0.377
414,42,1.238
414,43,0.335
414,44,0.305
414,45,0.269
414,46,0.282
414,47,0.242
414,48,0.205
415,1,0.19
415,2,0.214
415,3,0.173
415,4,0.2
415,5,0.172
415,6,0.199
415,7,0.189
415,8,0.212
415,9,0.186
415,10,0.215
415,11,0.176
415,12,0.195
415,13,0.173
415,14,0.232
415,15,0.757
415,16,0.153
415,17,0.103
415,18,0.085
415,19,0.1
415,20,0.087
415,21,0.119
415,22,0.096
415,23,0.118
415,24,0.079
415,25,0.1
415,26,0.081
415,27,0.121
415,28,0.501
415,29,0.918
415,30,0.547
415,31,2.688
415,32,0.168
415,33,0.126
415,34,0.154
415,35,0.13
415,36,0.954
415,37,0.392
415,38,1.239
415,39,0.73
415,40,0.6
415,41,0.388
415,42,0.361
415,43,0.409
415,44,0.306
415,45,0.297
415,46,0.27
415,47,0.315
415,48,0.29
