213,1,0.208
213,2,0.139
213,3,0.067
213,4,0.071
213,5,0.051
213,6,0.109
213,7,0.123
213,8,0.119
213,9,0.118
213,10,0.117
213,11,0.129
213,12,0.195
213,13,0.409
213,14,0.477
213,15,0.197
213,16,0.345
213,17,0.18
213,18,0.309
213,19,0.124
213,20,0.152
213,21,0.191
213,22,0.291
213,23,0.255
213,24,0.25
213,25,0.26
213,26,0.247
213,27,0.253
213,28,0.267
213,29,0.248
213,30,0.246
213,31,0.452
213,32,0.313
213,33,0.31
213,34,0.322
213,35,0.314
213,36,0.319
213,37,0.313
213,38,0.319
213,39,0.31
213,40,0.276
213,41,0.246
213,42,0.207
213,43,0.218
213,44,0.212
213,45,0.129
213,46,0.186
213,47,0.184
213,48,0.193
214,1,0.183
214,2,0.177
214,3,0.19
214,4,0.238
214,5,0.218
214,6,0.178
214,7,0.178
214,8,0.176
214,9,0.175
214,10,0.175
214,11,0.175
214,12,0.128
214,13,0.109
214,14,0.108
214,15,0.108
214,16,0.128
214,17,0.184
214,18,0.179
214,19,0.37
214,20,0.138
214,21,0.283
214,22,0.185
214,23,0.184
214,24,0.278
214,25,0.271
214,26,0.243
214,27,0.24
214,28,0.277
214,29,0.315
214,30,0.312
214,31,0.312
214,32,0.313
214,33,0.315
214,34,0.316
214,35,0.316
214,36,0.195
214,37,0.197
214,38,0.196
214,39,0.158
214,40,0.132
214,41,0.12
214,42,0.106
214,43,0.115
214,44,0.153
214,45,0.136
214,46,1.377
214,47,0.189
214,48,0.279
215,1,0.285
215,2,0.248
215,3,0.224
215,4,0.225
215,5,0.226
215,6,0.187
215,7,0.16
215,8,0.156
215,9,0.132
215,10,0.119
215,11,0.119
215,12,0.143
215,13,0.362
215,14,0.37
215,15,0.209
215,16,0.178
215,17,0.215
215,18,0.196
215,19,0.381
215,20,0.199
215,21,0.214
215,22,0.302
215,23,0.309
215,24,0.31
215,25,0.309
215,26,0.309
215,27,0.326
215,28,0.306
215,29,0.305
215,30,0.321
215,31,0.306
215,32,0.311
215,33,0.423
215,34,0.277
215,35,0.281
215,36,0.201
215,37,0.192
215,38,0.191
215,39,0.203
215,40,0.241
215,41,0.242
215,42,0.225
215,43,0.197
215,44,0.5
215,45,0.282
215,46,0.282
215,47,0.283
215,48,0.48
216,1,0.285
216,2,0.285
216,3,0.278
216,4,0.156
216,5,0.152
216,6,0.152
216,7,0.125
216,8,0.168
216,9,0.158
216,10,0.156
216,11,0.154
216,12,0.215
216,13,0.508
216,14,0.444
216,15,0.274
216,16,0.246
216,17,0.245
216,18,0.247
216,19,0.424
216,20,0.169
216,21,0.123
216,22,0.062
216,23,0.243
216,24,0.161
216,25,0.261
216,26,0.45
216,27,0.258
216,28,0.242
216,29,0.282
216,30,0.344
216,31,0.322
216,32,0.311
216,33,0.327
216,34,1.195
216,35,0.259
216,36,0.232
216,37,0.239
216,38,0.245
216,39,0.23
216,40,0.23
216,41,0.511
216,42,0.242
216,43,0.252
216,44,0.287
216,45,0.214
216,46,0.215
216,47,0.447
216,48,0.249
217,1,0.296
217,2,0.288
217,3,0.288
217,4,0.225
217,5,0.224
217,6,0.233
217,7,0.226
217,8,0.225
217,9,0.224
217,10,0.162
217,11,0.113
217,12,0.126
217,13,0.397
217,14,0.379
217,15,0.215
217,16,0.344
217,17,0.229
217,18,0.318
217,19,0.157
217,20,0.184
217,21,0.284
217,22,0.131
217,23,0.128
217,24,1.442
217,25,0.352
217,26,0.342
217,27,0.218
217,28,0.191
217,29,0.189
217,30,0.356
217,31,1.059
217,32,0.436
217,33,0.244
217,34,0.117
217,35,0.123
217,36,0.194
217,37,0.189
217,38,0.429
217,39,0.333
217,40,0.311
217,41,0.313
217,42,0.246
217,43,0.241
217,44,0.271
217,45,0.296
217,46,0.444
217,47,0.256
217,48,0.501
218,1,0.295
218,2,0.293
218,3,0.239
218,4,0.231
218,5,0.213
218,6,0.213
218,7,0.158
218,8,0.156
218,9,0.11
218,10,0.09
218,11,0.092
218,12,0.162
218,13,0.445
218,14,0.412
218,15,0.229
218,16,0.355
218,17,0.223
218,18,0.284
218,19,0.308
218,20,0.267
218,21,0.267
218,22,0.298
218,23,0.343
218,24,0.287
218,25,0.258
218,26,0.25
218,27,0.248
218,28,0.462
218,29,0.247
218,30,0.25
218,31,0.477
218,32,0.266
218,33,0.245
218,34,0.265
218,35,0.251
218,36,0.742
218,37,1.086
218,38,1.63
218,39,0.323
218,40,0.194
218,41,0.327
218,42,0.228
218,43,0.137
218,44,0.13
218,45,0.124
218,46,0.124
218,47,0.123
218,48,0.122
219,1,0.123
219,2,0.123
219,3,0.123
219,4,0.103
219,5,0.059
219,6,0.059
219,7,0.059
219,8,0.082
219,9,0.137
219,10,0.129
219,11,0.133
219,12,0.239
219,13,0.506
219,14,0.411
219,15,0.214
219,16,0.213
219,17,0.203
219,18,0.178
219,19,0.17
219,20,0.146
219,21,0.162
219,22,0.241
219,23,0.211
219,24,0.475
219,25,1.328
219,26,0.517
219,27,0.66
219,28,0.383
219,29,0.367
219,30,0.362
219,31,0.382
219,32,0.366
219,33,0.36
219,34,0.866
219,35,0.318
219,36,0.408
219,37,0.259
219,38,1.019
219,39,0.575
219,40,0.354
219,41,0.301
219,42,0.245
219,43,0.107
219,44,0.139
219,45,0.155
219,46,0.152
219,47,0.148
219,48,0.147
220,1,0.149
220,2,0.149
220,3,0.15
220,4,0.148
220,5,0.142
220,6,0.085
220,7,0.086
220,8,0.086
220,9,0.095
220,10,0.164
220,11,0.167
220,12,0.223
220,13,0.428
220,14,0.361
220,15,0.182
220,16,0.215
220,17,0.225
220,18,0.201
220,19,0.179
220,20,0.151
220,21,0.115
220,22,0.114
220,23,0.138
220,24,0.192
220,25,0.359
220,26,0.888
220,27,0.303
220,28,0.417
220,29,0.797
220,30,0.111
220,31,0.12
220,32,0.119
220,33,1.044
220,34,0.193
220,35,0.278
220,36,0.099
220,37,0.097
220,38,0.65
220,39,1.064
220,40,0.252
220,41,0.315
220,42,0.373
220,43,0.332
220,44,0.256
220,45,0.511
220,46,0.358
220,47,0.605
220,48,0.289
221,1,0.217
221,2,0.466
221,3,0.613
221,4,0.774
221,5,0.266
221,6,0.222
221,7,0.222
221,8,0.22
221,9,0.177
221,10,0.136
221,11,0.117
221,12,0.117
221,13,0.118
221,14,0.055
221,15,0.055
221,16,0.063
221,17,0.094
221,18,0.404
221,19,0.154
221,20,0.458
221,21,0.146
221,22,0.565
221,23,0.359
221,24,0.345
221,25,0.298
221,26,0.383
221,27,0.208
221,28,0.225
221,29,0.259
221,30,0.223
221,31,0.221
221,32,0.22
221,33,0.364
221,34,0.385
221,35,0.377
221,36,0.379
221,37,0.389
221,38,0.37
221,39,0.4
221,40,0.273
221,41,0.472
221,42,0.176
221,43,0.305
221,44,0.325
221,45,0.504
221,46,0.494
221,47,0.554
221,48,0.921
222,1,0.344
222,2,0.211
222,3,0.434
222,4,0.322
222,5,0.428
222,6,0.245
222,7,0.057
222,8,0.058
222,9,0.117
222,10,0.131
222,11,0.124
222,12,0.134
222,13,0.437
222,14,0.63
222,15,0.094
222,16,0.358
222,17,0.148
222,18,0.142
222,19,0.117
222,20,0.331
222,21,0.054
222,22,0.364
222,23,0.332
222,24,0.22
222,25,0.221
222,26,0.4
222,27,0.19
222,28,0.123
222,29,0.134
222,30,0.41
222,31,0.272
222,32,0.304
222,33,0.28
222,34,0.228
222,35,0.267
222,36,0.301
222,37,0.296
222,38,0.314
222,39,0.295
222,40,0.322
222,41,0.347
222,42,0.232
222,43,0.11
222,44,0.09
222,45,0.136
222,46,0.165
222,47,0.279
222,48,0.73
223,1,0.33
223,2,0.52
223,3,0.24
223,4,0.181
223,5,0.183
223,6,0.218
223,7,0.257
223,8,0.23
223,9,0.222
223,10,0.222
223,11,0.208
223,12,0.235
223,13,0.461
223,14,0.517
223,15,0.308
223,16,0.251
223,17,0.28
223,18,0.186
223,19,0.179
223,20,0.467
223,21,0.172
223,22,0.14
223,23,0.138
223,24,0.113
223,25,0.054
223,26,0.052
223,27,0.114
223,28,0.131
223,29,0.373
223,30,0.217
223,31,0.215
223,32,0.155
223,33,0.153
223,34,0.194
223,35,0.503
223,36,0.326
223,37,0.3
223,38,0.303
223,39,0.299
223,40,0.421
223,41,0.238
223,42,0.315
223,43,0.336
223,44,0.386
223,45,0.398
223,46,0.409
223,47,0.313
223,48,0.18
224,1,0.206
224,2,0.23
224,3,0.218
224,4,0.164
224,5,0.158
224,6,0.152
224,7,0.152
224,8,0.143
224,9,0.06
224,10,0.053
224,11,0.092
224,12,0.254
224,13,0.472
224,14,0.368
224,15,0.236
224,16,0.202
224,17,0.149
224,18,0.127
224,19,0.18
224,20,0.467
224,21,0.256
224,22,0.197
224,23,0.352
224,24,0.171
224,25,0.265
224,26,0.299
224,27,0.294
224,28,0.294
224,29,0.295
224,30,0.292
224,31,0.208
224,32,0.158
224,33,0.365
224,34,0.329
224,35,0.247
224,36,0.496
224,37,0.247
224,38,0.28
224,39,0.319
224,40,0.302
224,41,0.5
224,42,0.244
224,43,0.281
224,44,0.598
224,45,0.376
224,46,0.55
224,47,2.013
224,48,0.457
225,1,0.561
225,2,0.349
225,3,0.209
225,4,0.185
225,5,0.312
225,6,0.242
225,7,0.234
225,8,0.233
225,9,0.233
225,10,0.232
225,11,0.162
225,12,0.209
225,13,0.439
225,14,0.4
225,15,0.3
225,16,0.249
225,17,0.244
225,18,0.214
225,19,0.196
225,20,0.14
225,21,0.392
225,22,0.17
225,23,0.204
225,24,0.432
225,25,0.185
225,26,0.246
225,27,0.241
225,28,0.463
225,29,0.429
225,30,1.529
225,31,0.881
225,32,0.437
225,33,0.239
225,34,0.621
225,35,0.233
225,36,0.24
225,37,0.269
225,38,0.483
225,39,0.449
225,40,0.339
225,41,0.402
225,42,0.404
225,43,0.354
225,44,0.622
225,45,0.444
225,46,0.4
225,47,0.646
225,48,0.412
226,1,0.747
226,2,0.309
226,3,1.282
226,4,0.165
226,5,0.168
226,6,0.237
226,7,0.224
226,8,0.221
226,9,0.187
226,10,0.128
226,11,0.082
226,12,0.061
226,13,0.061
226,14,0.068
226,15,0.211
226,16,0.365
226,17,0.156
226,18,0.108
226,19,0.398
226,20,0.07
226,21,0.32
226,22,0.292
226,23,0.401
226,24,0.451
226,25,0.315
226,26,0.228
226,27,0.224
226,28,0.262
226,29,0.303
226,30,0.297
226,31,0.406
226,32,0.312
226,33,0.468
226,34,0.194
226,35,0.145
226,36,0.124
226,37,0.154
226,38,1.185
226,39,0.225
226,40,0.245
226,41,0.321
226,42,0.293
226,43,0.256
226,44,0.317
226,45,0.339
226,46,0.852
226,47,0.431
226,48,0.74
227,1,0.655
227,2,0.361
227,3,0.264
227,4,0.231
227,5,0.166
227,6,0.165
227,7,0.159
227,8,0.164
227,9,0.16
227,10,0.158
227,11,0.165
227,12,0.231
227,13,0.325
227,14,0.493
227,15,0.257
227,16,0.211
227,17,0.515
227,18,0.194
227,19,0.157
227,20,0.057
227,21,0.064
227,22,0.103
227,23,0.342
227,24,0.175
227,25,0.393
227,26,0.885
227,27,0.275
227,28,0.316
227,29,0.367
227,30,0.843
227,31,0.764
227,32,0.459
227,33,0.306
227,34,0.43
227,35,1.253
227,36,0.3
227,37,1.142
227,38,0.524
227,39,0.303
227,40,0.257
227,41,0.226
227,42,0.229
227,43,0.132
227,44,0.112
227,45,0.08
227,46,0.045
227,47,0.045
227,48,0.095
228,1,0.119
228,2,0.116
228,3,0.47
228,4,0.239
228,5,0.481
228,6,0.279
228,7,0.24
228,8,0.16
228,9,0.154
228,10,0.184
228,11,0.213
228,12,0.158
228,13,0.17
228,14,0.154
228,15,0.14
228,16,0.35
228,17,0.159
228,18,0.145
228,19,0.145
228,20,0.218
228,21,0.194
228,22,0.17
228,23,0.143
228,24,0.13
228,25,0.402
228,26,0.299
228,27,0.622
228,28,0.293
228,29,0.301
228,30,0.242
228,31,0.24
228,32,0.245
228,33,0.304
228,34,0.298
228,35,0.297
228,36,0.297
228,37,0.296
228,38,0.294
228,39,0.294
228,40,0.699
228,41,0.388
228,42,0.37
228,43,0.355
228,44,0.573
228,45,0.47
228,46,0.451
228,47,0.409
228,48,0.321
229,1,0.402
229,2,0.421
229,3,0.412
229,4,0.368
229,5,0.324
229,6,0.307
229,7,0.274
229,8,0.221
229,9,0.22
229,10,0.165
229,11,0.135
229,12,0.154
229,13,0.36
229,14,0.443
229,15,0.219
229,16,0.2
229,17,0.241
229,18,0.225
229,19,0.193
229,20,0.19
229,21,0.144
229,22,0.126
229,23,0.434
229,24,0.319
229,25,0.392
229,26,0.275
229,27,0.204
229,28,0.193
229,29,0.19
229,30,0.737
229,31,0.303
229,32,0.155
229,33,0.247
229,34,0.224
229,35,0.355
229,36,0.534
229,37,0.231
229,38,0.201
229,39,0.209
229,40,0.229
229,41,0.305
229,42,0.291
229,43,0.17
229,44,0.218
229,45,0.652
229,46,0.385
229,47,0.929
229,48,1.203
230,1,0.372
230,2,0.266
230,3,0.457
230,4,0.224
230,5,0.423
230,6,0.207
230,7,0.148
230,8,0.154
230,9,0.152
230,10,0.231
230,11,0.258
230,12,0.281
230,13,0.498
230,14,0.44
230,15,0.249
230,16,0.241
230,17,0.213
230,18,0.186
230,19,0.149
230,20,0.126
230,21,0.146
230,22,0.22
230,23,0.417
230,24,0.219
230,25,0.262
230,26,0.299
230,27,0.482
230,28,0.276
230,29,0.489
230,30,0.456
230,31,0.415
230,32,0.416
230,33,0.466
230,34,0.484
230,35,0.433
230,36,0.4
230,37,0.402
230,38,0.395
230,39,0.306
230,40,0.287
230,41,0.208
230,42,0.213
230,43,0.254
230,44,0.426
230,45,0.814
230,46,0.303
230,47,0.302
230,48,0.289
231,1,0.233
231,2,0.232
231,3,0.174
231,4,0.165
231,5,0.176
231,6,0.189
231,7,0.248
231,8,0.24
231,9,0.238
231,10,0.236
231,11,0.259
231,12,0.351
231,13,0.462
231,14,0.368
231,15,0.217
231,16,0.248
231,17,0.304
231,18,0.518
231,19,0.326
231,20,0.556
231,21,0.146
231,22,0.226
231,23,0.302
231,24,0.318
231,25,0.312
231,26,0.312
231,27,0.541
231,28,0.486
231,29,0.269
231,30,0.134
231,31,0.329
231,32,0.223
231,33,0.51
231,34,0.285
231,35,0.873
231,36,0.324
231,37,0.319
231,38,0.487
231,39,0.276
231,40,0.247
231,41,0.746
231,42,0.323
231,43,0.354
231,44,0.585
231,45,0.424
231,46,1.072
231,47,0.616
231,48,0.343
232,1,0.165
232,2,0.387
232,3,0.23
232,4,0.221
232,5,0.22
232,6,0.224
232,7,0.223
232,8,0.16
232,9,0.159
232,10,0.134
232,11,0.164
232,12,0.267
232,13,0.498
232,14,0.497
232,15,0.298
232,16,0.239
232,17,0.234
232,18,0.192
232,19,0.366
232,20,0.166
232,21,0.209
232,22,0.41
232,23,0.308
232,24,0.312
232,25,0.313
232,26,0.313
232,27,0.308
232,28,0.326
232,29,0.311
232,30,0.311
232,31,0.247
232,32,0.248
232,33,0.409
232,34,0.258
232,35,0.25
232,36,0.239
232,37,0.247
232,38,0.247
232,39,0.251
232,40,0.468
232,41,0.155
232,42,0.119
232,43,0.159
232,44,0.18
232,45,0.176
232,46,0.263
232,47,0.334
232,48,0.271
233,1,0.245
233,2,0.186
233,3,0.152
233,4,0.184
233,5,0.177
233,6,0.194
233,7,0.141
233,8,0.111
233,9,0.112
233,10,0.111
233,11,0.201
233,12,0.228
233,13,0.478
233,14,0.433
233,15,0.331
233,16,0.247
233,17,0.291
233,18,0.259
233,19,0.331
233,20,0.335
233,21,0.302
233,22,0.306
233,23,0.311
233,24,0.33
233,25,0.295
233,26,0.245
233,27,0.246
233,28,0.299
233,29,0.317
233,30,0.315
233,31,0.315
233,32,0.335
233,33,0.315
233,34,0.309
233,35,0.309
233,36,0.32
233,37,0.248
233,38,0.188
233,39,0.189
233,40,0.207
233,41,0.268
233,42,0.327
233,43,0.197
233,44,0.183
233,45,0.183
233,46,0.177
233,47,0.119
233,48,0.111
234,1,0.113
234,2,0.154
234,3,0.2
234,4,0.182
234,5,0.177
234,6,0.166
234,7,0.109
234,8,0.112
234,9,0.112
234,10,0.176
234,11,0.201
234,12,0.236
234,13,0.43
234,14,0.321
234,15,0.134
234,16,0.135
234,17,0.23
234,18,0.192
234,19,0.283
234,20,0.289
234,21,0.299
234,22,0.258
234,23,0.193
234,24,0.486
234,25,0.322
234,26,0.395
234,27,0.85
234,28,0.572
234,29,0.253
234,30,0.236
234,31,0.243
234,32,0.249
234,33,0.242
234,34,0.277
234,35,0.332
234,36,0.351
234,37,0.366
234,38,0.321
234,39,0.313
234,40,0.339
234,41,0.606
234,42,0.331
234,43,0.386
234,44,0.353
234,45,0.404
234,46,0.688
234,47,0.426
234,48,0.4
235,1,0.368
235,2,0.354
235,3,0.549
235,4,0.22
235,5,0.118
235,6,0.117
235,7,0.085
235,8,0.049
235,9,0.049
235,10,0.073
235,11,0.124
235,12,0.117
235,13,0.115
235,14,0.114
235,15,0.114
235,16,0.43
235,17,0.247
235,18,0.168
235,19,0.201
235,20,0.062
235,21,0.176
235,22,0.466
235,23,0.343
235,24,0.614
235,25,0.313
235,26,0.311
235,27,0.307
235,28,0.252
235,29,0.244
235,30,0.258
235,31,0.289
235,32,0.249
235,33,0.25
235,34,0.24
235,35,0.245
235,36,0.451
235,37,0.246
235,38,0.249
235,39,0.181
235,40,0.192
235,41,0.202
235,42,0.375
235,43,0.377
235,44,0.668
235,45,0.398
235,46,0.374
235,47,1.153
235,48,0.344
236,1,1.016
236,2,0.338
236,3,0.248
236,4,0.222
236,5,0.223
236,6,0.21
236,7,0.157
236,8,0.155
236,9,0.098
236,10,0.169
236,11,0.179
236,12,0.277
236,13,0.472
236,14,0.415
236,15,0.157
236,16,0.158
236,17,0.219
236,18,0.238
236,19,0.383
236,20,0.394
236,21,0.385
236,22,0.499
236,23,0.173
236,24,0.231
236,25,0.248
236,26,0.271
236,27,0.317
236,28,0.313
236,29,0.328
236,30,0.312
236,31,0.312
236,32,0.31
236,33,0.474
236,34,0.33
236,35,0.568
236,36,0.314
236,37,0.267
236,38,0.116
236,39,0.321
236,40,0.233
236,41,0.81
236,42,0.566
236,43,0.626
236,44,0.44
236,45,0.441
236,46,0.469
236,47,0.47
236,48,0.619
237,1,0.324
237,2,0.312
237,3,0.379
237,4,0.24
237,5,0.234
237,6,0.229
237,7,0.232
237,8,0.166
237,9,0.09
237,10,0.09
237,11,0.121
237,12,0.225
237,13,0.46
237,14,0.407
237,15,0.23
237,16,0.15
237,17,0.135
237,18,0.42
237,19,0.326
237,20,0.281
237,21,0.299
237,22,0.293
237,23,0.27
237,24,0.222
237,25,0.16
237,26,0.402
237,27,0.356
237,28,0.255
237,29,0.243
237,30,0.351
237,31,0.269
237,32,0.279
237,33,0.273
237,34,0.459
237,35,0.243
237,36,1.17
237,37,0.338
237,38,0.314
237,39,0.314
237,40,0.362
237,41,0.316
237,42,0.363
237,43,0.413
237,44,0.36
237,45,0.62
237,46,0.356
237,47,0.362
237,48,1.047
238,1,0.292
238,2,0.186
238,3,0.153
238,4,0.237
238,5,0.223
238,6,0.228
238,7,0.226
238,8,0.225
238,9,0.226
238,10,0.189
238,11,0.124
238,12,0.155
238,13,0.366
238,14,0.361
238,15,0.268
238,16,0.268
238,17,0.242
238,18,0.206
238,19,0.209
238,20,0.147
238,21,0.342
238,22,0.075
238,23,0.366
238,24,0.258
238,25,0.516
238,26,1.146
238,27,0.421
238,28,0.395
238,29,0.211
238,30,0.205
238,31,0.198
238,32,0.367
238,33,0.43
238,34,0.372
238,35,0.681
238,36,0.398
238,37,0.341
238,38,0.408
238,39,0.246
238,40,0.259
238,41,0.33
238,42,0.319
238,43,0.66
238,44,0.359
238,45,0.309
238,46,0.234
238,47,0.234
238,48,0.295
239,1,0.265
239,2,0.236
239,3,0.226
239,4,0.231
239,5,0.225
239,6,0.202
239,7,0.158
239,8,0.164
239,9,0.13
239,10,0.162
239,11,0.158
239,12,0.159
239,13,0.448
239,14,0.605
239,15,0.261
239,16,0.192
239,17,0.197
239,18,0.133
239,19,0.229
239,20,0.218
239,21,0.197
239,22,0.195
239,23,0.518
239,24,0.303
239,25,0.501
239,26,0.331
239,27,0.273
239,28,0.246
239,29,0.246
239,30,0.583
239,31,1.238
239,32,0.384
239,33,0.432
239,34,0.363
239,35,0.3
239,36,0.415
239,37,0.284
239,38,0.691
239,39,0.328
239,40,0.574
239,41,0.324
239,42,0.783
239,43,0.435
239,44,0.44
239,45,0.387
239,46,0.644
239,47,0.396
239,48,0.418
240,1,1.435
240,2,0.184
240,3,0.221
240,4,0.259
240,5,0.485
240,6,0.212
240,7,0.233
240,8,0.158
240,9,0.092
240,10,0.158
240,11,0.121
240,12,0.157
240,13,0.421
240,14,0.467
240,15,0.183
240,16,0.173
240,17,0.372
240,18,0.263
240,19,0.077
240,20,0.181
240,21,0.168
240,22,0.14
240,23,0.161
240,24,0.202
240,25,0.391
240,26,0.171
240,27,0.427
240,28,0.155
240,29,0.145
240,30,0.142
240,31,0.484
240,32,0.059
240,33,1.034
240,34,0.196
240,35,0.191
240,36,0.198
240,37,0.232
240,38,0.251
240,39,0.18
240,40,0.166
240,41,0.241
240,42,0.15
240,43,0.107
240,44,0.134
240,45,0.185
240,46,0.115
240,47,0.11
240,48,0.214
388,1,0.346
388,2,0.358
388,3,0.498
388,4,0.218
388,5,0.25
388,6,0.238
388,7,0.168
388,8,0.212
388,9,0.185
388,10,0.153
388,11,0.202
388,12,0.25
388,13,0.556
388,14,0.672
388,15,0.356
388,16,0.321
388,17,0.629
388,18,0.338
388,19,0.328
388,20,0.383
388,21,0.311
388,22,0.37
388,23,0.339
388,24,0.504
388,25,0.295
388,26,0.123
388,27,0.243
388,28,0.307
388,29,0.24
388,30,0.297
388,31,0.3
388,32,0.373
388,33,0.416
388,34,0.335
388,35,0.428
388,36,0.456
388,37,0.404
388,38,0.458
388,39,0.442
388,40,0.431
388,41,0.516
388,42,0.52
388,43,0.499
388,44,0.645
388,45,0.436
388,46,0.627
388,47,0.495
388,48,0.419
389,1,0.434
389,2,0.7
389,3,0.253
389,4,0.266
389,5,0.282
389,6,0.218
389,7,0.254
389,8,0.267
389,9,0.174
389,10,0.175
389,11,0.168
389,12,0.13
389,13,0.135
389,14,0.102
389,15,0.063
389,16,0.145
389,17,0.499
389,18,0.236
389,19,0.285
389,20,0.222
389,21,0.442
389,22,0.507
389,23,0.317
389,24,0.17
389,25,0.315
389,26,0.289
389,27,0.306
389,28,0.351
389,29,0.237
389,30,0.266
389,31,0.29
389,32,0.237
389,33,0.295
389,34,0.274
389,35,0.268
389,36,0.32
389,37,0.302
389,38,0.277
389,39,0.346
389,40,0.329
389,41,1.093
389,42,0.669
389,43,0.444
389,44,0.438
389,45,0.469
389,46,0.608
389,47,0.458
389,48,0.441
390,1,0.624
390,2,0.32
390,3,0.221
390,4,0.236
390,5,0.279
390,6,0.181
390,7,0.179
390,8,0.213
390,9,0.221
390,10,0.262
390,11,0.256
390,12,0.363
390,13,0.637
390,14,0.633
390,15,0.318
390,16,0.324
390,17,0.26
390,18,0.217
390,19,0.32
390,20,0.217
390,21,0.145
390,22,0.18
390,23,0.13
390,24,0.317
390,25,0.165
390,26,0.186
390,27,0.162
390,28,0.183
390,29,0.13
390,30,0.401
390,31,0.127
390,32,0.211
390,33,0.201
390,34,0.218
390,35,0.488
390,36,0.457
390,37,0.479
390,38,0.531
390,39,0.441
390,40,0.498
390,41,0.585
390,42,0.492
390,43,1.31
390,44,0.473
390,45,0.488
390,46,0.446
390,47,0.699
390,48,0.471
391,1,0.45
391,2,0.532
391,3,0.464
391,4,0.648
391,5,0.227
391,6,0.156
391,7,0.179
391,8,0.178
391,9,0.139
391,10,0.19
391,11,0.156
391,12,0.27
391,13,0.626
391,14,0.482
391,15,0.308
391,16,0.368
391,17,0.33
391,18,0.314
391,19,0.381
391,20,0.302
391,21,0.328
391,22,0.186
391,23,0.131
391,24,0.165
391,25,0.232
391,26,0.118
391,27,0.174
391,28,0.121
391,29,0.18
391,30,0.142
391,31,0.156
391,32,0.271
391,33,0.228
391,34,0.389
391,35,0.38
391,36,0.486
391,37,0.539
391,38,0.45
391,39,0.491
391,40,0.429
391,41,0.468
391,42,0.451
391,43,0.416
391,44,0.471
391,45,0.406
391,46,0.476
391,47,0.413
391,48,0.46
392,1,0.412
392,2,0.192
392,3,0.2
392,4,0.138
392,5,0.193
392,6,0.153
392,7,0.14
392,8,0.135
392,9,0.049
392,10,0.07
392,11,0.097
392,12,0.157
392,13,0.525
392,14,0.376
392,15,0.22
392,16,0.296
392,17,0.252
392,18,0.233
392,19,0.291
392,20,0.215
392,21,0.256
392,22,0.203
392,23,0.146
392,24,0.178
392,25,0.141
392,26,0.198
392,27,0.285
392,28,0.225
392,29,0.27
392,30,0.263
392,31,0.231
392,32,0.284
392,33,0.208
392,34,0.28
392,35,0.946
392,36,0.416
392,37,0.487
392,38,0.46
392,39,0.54
392,40,0.486
392,41,0.511
392,42,0.526
392,43,0.734
392,44,0.569
392,45,0.49
392,46,0.557
392,47,0.505
392,48,0.525
393,1,0.483
393,2,0.483
393,3,0.251
393,4,0.189
393,5,0.187
393,6,0.244
393,7,0.172
393,8,0.201
393,9,0.199
393,10,0.138
393,11,0.195
393,12,0.321
393,13,0.519
393,14,0.608
393,15,0.318
393,16,0.312
393,17,0.414
393,18,0.309
393,19,0.322
393,20,0.383
393,21,0.242
393,22,0.196
393,23,0.236
393,24,0.213
393,25,0.271
393,26,0.15
393,27,0.116
393,28,0.544
393,29,0.116
393,30,0.136
393,31,0.167
393,32,0.137
393,33,0.174
393,34,0.186
393,35,0.221
393,36,0.291
393,37,0.254
393,38,0.333
393,39,0.298
393,40,0.315
393,41,0.321
393,42,0.561
393,43,0.433
393,44,0.301
393,45,0.342
393,46,0.338
393,47,0.298
393,48,0.376
394,1,0.308
394,2,0.332
394,3,0.337
394,4,0.238
394,5,0.299
394,6,0.188
394,7,0.189
394,8,0.263
394,9,0.276
394,10,0.291
394,11,0.379
394,12,0.35
394,13,0.628
394,14,0.521
394,15,0.219
394,16,0.325
394,17,0.284
394,18,0.223
394,19,0.412
394,20,0.25
394,21,0.224
394,22,0.139
394,23,0.115
394,24,0.214
394,25,0.116
394,26,0.154
394,27,0.169
394,28,0.115
394,29,0.183
394,30,0.123
394,31,0.155
394,32,0.15
394,33,0.114
394,34,0.188
394,35,1.089
394,36,0.36
394,37,0.256
394,38,0.389
394,39,0.538
394,40,0.576
394,41,0.505
394,42,0.776
394,43,0.563
394,44,0.629
394,45,0.426
394,46,0.624
394,47,0.847
394,48,0.49
395,1,0.5
395,2,0.572
395,3,0.436
395,4,0.319
395,5,0.413
395,6,0.348
395,7,0.33
395,8,0.393
395,9,0.321
395,10,0.321
395,11,0.389
395,12,0.317
395,13,0.587
395,14,0.521
395,15,0.245
395,16,0.209
395,17,0.282
395,18,0.517
395,19,0.223
395,20,0.267
395,21,0.172
395,22,0.108
395,23,0.167
395,24,0.13
395,25,0.265
395,26,0.176
395,27,0.363
395,28,0.115
395,29,0.184
395,30,0.121
395,31,0.271
395,32,0.292
395,33,0.224
395,34,0.7
395,35,0.346
395,36,0.29
395,37,0.418
395,38,0.249
395,39,0.12
395,40,0.175
395,41,0.14
395,42,0.042
395,43,0.101
395,44,0.063
395,45,0.042
395,46,0.152
395,47,0.152
395,48,0.123
396,1,0.152
396,2,0.174
396,3,0.126
396,4,0.125
396,5,0.197
396,6,0.123
396,7,0.124
396,8,0.159
396,9,0.165
396,10,0.123
396,11,0.123
396,12,0.18
396,13,0.142
396,14,0.126
396,15,0.433
396,16,0.377
396,17,0.294
396,18,0.105
396,19,0.06
396,20,0.253
396,21,0.108
396,22,0.105
396,23,0.148
396,24,0.137
396,25,0.104
396,26,0.218
396,27,0.178
396,28,0.105
396,29,0.106
396,30,0.171
396,31,0.119
396,32,0.109
396,33,0.152
396,34,0.346
396,35,0.215
396,36,0.15
396,37,0.15
396,38,0.114
396,39,0.375
396,40,0.309
396,41,0.163
396,42,0.071
396,43,0.102
396,44,0.038
396,45,0.038
396,46,0.106
396,47,0.038
396,48,0.038
397,1,0.083
397,2,0.138
397,3,0.126
397,4,0.123
397,5,0.193
397,6,0.122
397,7,0.122
397,8,0.135
397,9,0.181
397,10,0.125
397,11,0.18
397,12,0.302
397,13,0.609
397,14,0.365
397,15,0.198
397,16,0.241
397,17,0.261
397,18,0.21
397,19,0.154
397,20,0.429
397,21,0.109
397,22,0.111
397,23,0.189
397,24,0.132
397,25,0.117
397,26,0.212
397,27,0.109
397,28,0.129
397,29,0.177
397,30,0.156
397,31,0.237
397,32,0.229
397,33,0.117
397,34,0.16
397,35,0.438
397,36,0.365
397,37,0.469
397,38,0.469
397,39,0.475
397,40,0.758
397,41,0.501
397,42,1.233
397,43,0.649
397,44,0.497
397,45,0.817
397,46,0.581
397,47,0.847
397,48,0.458
398,1,0.463
398,2,0.344
398,3,0.553
398,4,0.234
398,5,0.153
398,6,0.164
398,7,0.212
398,8,0.147
398,9,0.149
398,10,0.163
398,11,0.053
398,12,0.053
398,13,0.517
398,14,0.376
398,15,0.229
398,16,0.278
398,17,0.507
398,18,0.22
398,19,0.291
398,20,0.488
398,21,0.324
398,22,0.337
398,23,0.221
398,24,0.187
398,25,0.459
398,26,0.132
398,27,0.146
398,28,0.307
398,29,0.121
398,30,0.234
398,31,0.331
398,32,0.298
398,33,0.414
398,34,0.369
398,35,0.569
398,36,0.479
398,37,0.438
398,38,0.678
398,39,0.521
398,40,0.467
398,41,0.976
398,42,0.509
398,43,0.467
398,44,0.511
398,45,0.486
398,46,0.464
398,47,0.889
398,48,0.444
399,1,0.43
399,2,0.304
399,3,0.238
399,4,0.23
399,5,0.289
399,6,0.17
399,7,0.153
399,8,0.224
399,9,0.147
399,10,0.147
399,11,0.219
399,12,0.282
399,13,0.564
399,14,0.516
399,15,0.316
399,16,0.317
399,17,0.407
399,18,0.312
399,19,0.327
399,20,0.279
399,21,0.222
399,22,0.233
399,23,0.201
399,24,0.118
399,25,0.151
399,26,0.369
399,27,0.205
399,28,0.308
399,29,0.222
399,30,0.15
399,31,0.212
399,32,0.168
399,33,0.159
399,34,0.506
399,35,0.221
399,36,0.221
399,37,0.301
399,38,0.224
399,39,0.211
399,40,0.377
399,41,0.464
399,42,0.485
399,43,0.571
399,44,0.686
399,45,0.459
399,46,0.51
399,47,0.442
399,48,0.606
400,1,1.335
400,2,0.621
400,3,0.571
400,4,0.288
400,5,0.252
400,6,0.317
400,7,0.272
400,8,0.229
400,9,0.29
400,10,0.239
400,11,0.228
400,12,0.428
400,13,0.669
400,14,0.495
400,15,0.421
400,16,0.343
400,17,0.31
400,18,0.412
400,19,0.316
400,20,0.277
400,21,0.541
400,22,0.214
400,23,0.232
400,24,0.201
400,25,0.12
400,26,0.151
400,27,0.184
400,28,0.309
400,29,0.186
400,30,0.202
400,31,0.244
400,32,0.297
400,33,0.238
400,34,0.222
400,35,0.562
400,36,0.216
400,37,0.444
400,38,0.516
400,39,0.46
400,40,0.496
400,41,0.538
400,42,0.498
400,43,0.584
400,44,0.454
400,45,0.486
400,46,0.506
400,47,0.446
400,48,0.516
401,1,0.499
401,2,0.464
401,3,0.452
401,4,0.415
401,5,0.262
401,6,0.232
401,7,0.142
401,8,0.135
401,9,0.214
401,10,0.14
401,11,0.137
401,12,0.32
401,13,0.542
401,14,0.385
401,15,0.324
401,16,0.231
401,17,0.257
401,18,0.232
401,19,0.107
401,20,0.177
401,21,0.153
401,22,0.129
401,23,0.177
401,24,0.211
401,25,0.231
401,26,0.3
401,27,0.18
401,28,0.146
401,29,0.185
401,30,0.117
401,31,0.186
401,32,0.352
401,33,0.122
401,34,0.173
401,35,0.493
401,36,0.212
401,37,0.28
401,38,0.395
401,39,0.579
401,40,0.596
401,41,0.645
401,42,0.756
401,43,0.578
401,44,0.43
401,45,0.459
401,46,0.423
401,47,0.595
401,48,0.451
402,1,0.367
402,2,0.36
402,3,0.261
402,4,0.238
402,5,0.312
402,6,0.318
402,7,0.134
402,8,0.14
402,9,0.203
402,10,0.133
402,11,0.139
402,12,0.345
402,13,0.383
402,14,0.616
402,15,0.313
402,16,0.226
402,17,0.244
402,18,0.575
402,19,0.327
402,20,0.254
402,21,0.282
402,22,0.227
402,23,0.157
402,24,0.168
402,25,0.121
402,26,0.163
402,27,0.249
402,28,0.119
402,29,0.537
402,30,0.765
402,31,0.126
402,32,0.218
402,33,0.122
402,34,0.228
402,35,0.261
402,36,0.333
402,37,0.373
402,38,0.329
402,39,0.398
402,40,0.402
402,41,0.828
402,42,0.571
402,43,0.751
402,44,0.504
402,45,0.63
402,46,0.457
402,47,0.704
402,48,0.394
403,1,0.577
403,2,0.743
403,3,0.218
403,4,0.457
403,5,0.265
403,6,0.149
403,7,0.074
403,8,0.139
403,9,0.074
403,10,0.348
403,11,0.23
403,12,0.122
403,13,0.083
403,14,0.095
403,15,0.299
403,16,0.544
403,17,0.314
403,18,0.207
403,19,0.297
403,20,0.204
403,21,0.171
403,22,0.156
403,23,0.238
403,24,0.341
403,25,0.27
403,26,0.35
403,27,0.323
403,28,0.173
403,29,0.154
403,30,0.152
403,31,0.12
403,32,0.192
403,33,0.188
403,34,0.501
403,35,0.406
403,36,0.411
403,37,0.464
403,38,0.454
403,39,0.416
403,40,0.799
403,41,0.954
403,42,0.452
403,43,0.481
403,44,0.462
403,45,0.426
403,46,0.51
403,47,0.69
403,48,0.471
404,1,0.277
404,2,0.226
404,3,0.28
404,4,0.257
404,5,0.227
404,6,0.292
404,7,0.247
404,8,0.23
404,9,0.299
404,10,0.24
404,11,0.232
404,12,0.443
404,13,0.657
404,14,0.472
404,15,0.397
404,16,0.323
404,17,0.354
404,18,0.386
404,19,0.317
404,20,0.338
404,21,0.18
404,22,0.127
404,23,0.16
404,24,0.171
404,25,0.145
404,26,0.227
404,27,0.155
404,28,0.121
404,29,0.204
404,30,0.14
404,31,0.122
404,32,0.214
404,33,0.187
404,34,0.245
404,35,0.397
404,36,0.642
404,37,0.451
404,38,0.469
404,39,0.419
404,40,0.618
404,41,1.023
404,42,0.528
404,43,0.468
404,44,0.492
404,45,0.433
404,46,0.472
404,47,0.589
404,48,0.564
405,1,0.287
405,2,0.202
405,3,0.192
405,4,0.257
405,5,0.199
405,6,0.186
405,7,0.194
405,8,0.149
405,9,0.13
405,10,0.17
405,11,0.166
405,12,0.267
405,13,0.512
405,14,0.565
405,15,0.212
405,16,0.228
405,17,0.296
405,18,0.154
405,19,0.121
405,20,0.33
405,21,0.117
405,22,0.125
405,23,0.453
405,24,0.351
405,25,0.126
405,26,0.191
405,27,0.116
405,28,0.121
405,29,0.19
405,30,0.375
405,31,0.145
405,32,0.185
405,33,0.131
405,34,0.166
405,35,0.266
405,36,0.22
405,37,0.344
405,38,0.606
405,39,0.496
405,40,0.534
405,41,0.482
405,42,0.598
405,43,0.504
405,44,0.497
405,45,0.554
405,46,0.439
405,47,0.716
405,48,0.956
406,1,0.432
406,2,0.502
406,3,0.447
406,4,0.414
406,5,0.307
406,6,0.233
406,7,0.237
406,8,0.299
406,9,0.229
406,10,0.234
406,11,0.304
406,12,0.357
406,13,0.585
406,14,0.469
406,15,0.219
406,16,0.224
406,17,0.307
406,18,0.222
406,19,0.253
406,20,0.205
406,21,0.124
406,22,0.128
406,23,0.192
406,24,0.126
406,25,0.135
406,26,0.2
406,27,0.123
406,28,0.209
406,29,0.164
406,30,0.123
406,31,0.178
406,32,0.138
406,33,0.133
406,34,0.185
406,35,0.122
406,36,0.172
406,37,1.258
406,38,0.379
406,39,0.438
406,40,0.764
406,41,0.522
406,42,0.493
406,43,0.537
406,44,0.738
406,45,0.523
406,46,0.503
406,47,0.698
406,48,0.567
407,1,0.863
407,2,0.566
407,3,0.491
407,4,0.283
407,5,0.276
407,6,0.26
407,7,0.232
407,8,0.279
407,9,0.247
407,10,0.228
407,11,0.281
407,12,0.415
407,13,0.636
407,14,0.504
407,15,0.331
407,16,0.226
407,17,0.276
407,18,0.172
407,19,0.126
407,20,0.158
407,21,0.155
407,22,0.367
407,23,0.165
407,24,0.27
407,25,0.128
407,26,0.174
407,27,0.214
407,28,0.144
407,29,0.253
407,30,0.122
407,31,0.137
407,32,0.194
407,33,0.119
407,34,0.147
407,35,0.435
407,36,0.282
407,37,0.534
407,38,0.742
407,39,0.466
407,40,0.667
407,41,0.39
407,42,0.181
407,43,0.207
407,44,0.616
407,45,0.473
407,46,0.773
407,47,0.516
407,48,0.7
408,1,0.469
408,2,0.486
408,3,0.737
408,4,0.456
408,5,0.487
408,6,0.418
408,7,0.261
408,8,0.497
408,9,0.234
408,10,0.233
408,11,0.276
408,12,0.385
408,13,0.667
408,14,0.484
408,15,0.352
408,16,0.308
408,17,0.348
408,18,0.291
408,19,0.493
408,20,0.234
408,21,0.268
408,22,0.156
408,23,0.196
408,24,0.182
408,25,0.129
408,26,0.135
408,27,0.193
408,28,0.127
408,29,0.151
408,30,0.385
408,31,0.135
408,32,0.317
408,33,0.409
408,34,0.247
408,35,0.638
408,36,0.586
408,37,0.451
408,38,0.466
408,39,0.465
408,40,0.534
408,41,0.697
408,42,0.451
408,43,0.45
408,44,1.272
408,45,0.503
408,46,0.424
408,47,0.438
408,48,1.859
409,1,0.456
409,2,0.383
409,3,0.349
409,4,0.153
409,5,0.22
409,6,0.153
409,7,0.147
409,8,0.221
409,9,0.147
409,10,0.147
409,11,0.219
409,12,0.274
409,13,0.561
409,14,0.555
409,15,0.321
409,16,0.317
409,17,0.414
409,18,0.263
409,19,0.394
409,20,0.203
409,21,0.139
409,22,0.139
409,23,0.196
409,24,0.127
409,25,0.295
409,26,0.175
409,27,0.128
409,28,0.282
409,29,0.329
409,30,0.13
409,31,0.366
409,32,0.125
409,33,0.197
409,34,0.258
409,35,0.29
409,36,0.39
409,37,0.447
409,38,0.6
409,39,0.509
409,40,0.483
409,41,1.142
409,42,1.241
409,43,0.457
409,44,0.462
409,45,0.433
409,46,0.889
409,47,0.518
409,48,0.451
410,1,0.693
410,2,0.338
410,3,0.394
410,4,0.172
410,5,0.292
410,6,0.209
410,7,0.164
410,8,0.528
410,9,0.381
410,10,0.25
410,11,0.13
410,12,0.078
410,13,0.069
410,14,0.193
410,15,0.192
410,16,0.382
410,17,0.287
410,18,0.48
410,19,0.243
410,20,0.277
410,21,0.363
410,22,0.339
410,23,0.314
410,24,0.475
410,25,0.386
410,26,0.251
410,27,0.152
410,28,0.197
410,29,0.125
410,30,0.177
410,31,0.172
410,32,0.124
410,33,0.203
410,34,0.144
410,35,0.149
410,36,0.322
410,37,0.302
410,38,0.326
410,39,0.352
410,40,0.293
410,41,0.668
410,42,0.539
410,43,0.622
410,44,0.662
410,45,0.729
410,46,0.467
410,47,0.473
410,48,0.43
411,1,0.533
411,2,0.365
411,3,0.364
411,4,0.397
411,5,0.336
411,6,0.369
411,7,0.377
411,8,0.334
411,9,0.375
411,10,0.37
411,11,0.347
411,12,0.436
411,13,0.661
411,14,0.477
411,15,0.37
411,16,0.347
411,17,0.319
411,18,0.376
411,19,0.267
411,20,0.218
411,21,0.2
411,22,0.395
411,23,0.224
411,24,0.283
411,25,0.405
411,26,0.192
411,27,0.406
411,28,0.139
411,29,0.515
411,30,0.234
411,31,0.269
411,32,0.287
411,33,0.562
411,34,0.322
411,35,0.36
411,36,0.38
411,37,0.515
411,38,0.493
411,39,0.536
411,40,0.579
411,41,0.476
411,42,0.55
411,43,0.561
411,44,0.471
411,45,0.572
411,46,0.5
411,47,0.477
411,48,0.581
412,1,0.667
412,2,0.238
412,3,0.202
412,4,0.115
412,5,0.107
412,6,0.088
412,7,0.056
412,8,0.111
412,9,0.072
412,10,0.046
412,11,0.1
412,12,0.312
412,13,0.579
412,14,0.426
412,15,0.24
412,16,0.218
412,17,0.295
412,18,0.26
412,19,0.215
412,20,0.285
412,21,0.336
412,22,0.128
412,23,0.432
412,24,0.218
412,25,0.239
412,26,0.286
412,27,0.216
412,28,0.575
412,29,0.257
412,30,0.122
412,31,0.172
412,32,0.142
412,33,0.128
412,34,0.2
412,35,0.123
412,36,0.26
412,37,0.267
412,38,0.368
412,39,0.555
412,40,0.479
412,41,0.492
412,42,0.743
412,43,0.48
412,44,0.51
412,45,0.538
412,46,0.483
412,47,0.461
412,48,0.432
413,1,0.163
413,2,0.181
413,3,0.218
413,4,0.151
413,5,0.164
413,6,0.222
413,7,0.151
413,8,0.15
413,9,0.222
413,10,0.153
413,11,0.142
413,12,0.328
413,13,0.609
413,14,0.464
413,15,0.353
413,16,0.327
413,17,0.233
413,18,0.28
413,19,0.474
413,20,0.193
413,21,0.159
413,22,0.177
413,23,0.422
413,24,0.244
413,25,0.271
413,26,0.326
413,27,0.377
413,28,0.171
413,29,0.125
413,30,0.177
413,31,0.145
413,32,0.314
413,33,0.195
413,34,0.135
413,35,0.125
413,36,1.102
413,37,0.269
413,38,0.415
413,39,0.563
413,40,0.49
413,41,0.488
413,42,0.477
413,43,0.43
413,44,0.727
413,45,0.579
413,46,0.206
413,47,0.259
413,48,0.415
414,1,0.312
414,2,0.3
414,3,0.227
414,4,0.24
414,5,0.259
414,6,0.153
414,7,0.155
414,8,0.221
414,9,0.146
414,10,0.146
414,11,0.232
414,12,0.313
414,13,0.633
414,14,0.512
414,15,0.338
414,16,0.315
414,17,0.383
414,18,0.362
414,19,0.316
414,20,0.362
414,21,0.41
414,22,0.149
414,23,0.415
414,24,0.514
414,25,0.216
414,26,0.259
414,27,0.256
414,28,0.215
414,29,0.258
414,30,0.259
414,31,0.34
414,32,0.16
414,33,0.416
414,34,0.2
414,35,0.321
414,36,0.84
414,37,0.368
414,38,0.472
414,39,0.518
414,40,0.528
414,41,0.434
414,42,0.408
414,43,0.707
414,44,0.456
414,45,0.448
414,46,0.466
414,47,0.466
414,48,0.388
415,1,0.32
415,2,0.368
415,3,0.281
415,4,0.193
415,5,0.231
415,6,0.151
415,7,0.146
415,8,0.196
415,9,0.19
415,10,0.23
415,11,0.23
415,12,0.424
415,13,0.671
415,14,0.595
415,15,0.372
415,16,0.366
415,17,0.314
415,18,0.316
415,19,0.347
415,20,0.127
415,21,0.199
415,22,0.259
415,23,0.138
415,24,0.274
415,25,0.222
415,26,0.334
415,27,0.194
415,28,0.138
415,29,0.295
415,30,0.159
415,31,0.211
415,32,0.207
415,33,0.157
415,34,0.249
415,35,0.545
415,36,0.239
415,37,0.29
415,38,0.557
415,39,0.52
415,40,0.509
415,41,0.744
415,42,0.432
415,43,0.488
415,44,0.655
415,45,0.509
415,46,0.567
415,47,0.805
415,48,0.518
