213,1,0.916
213,2,1.07
213,3,0.863
213,4,0.67
213,5,0.787
213,6,0.685
213,7,0.669
213,8,0.779
213,9,0.703
213,10,0.674
213,11,0.759
213,12,0.734
213,13,0.67
213,14,0.83
213,15,0.729
213,16,0.642
213,17,1.038
213,18,3.196
213,19,4.422
213,20,5.42
213,21,1.908
213,22,0.763
213,23,1.246
213,24,1.022
213,25,1.6
213,26,1.993
213,27,0.758
213,28,0.677
213,29,0.78
213,30,1.059
213,31,0.726
213,32,0.875
213,33,1.199
213,34,1.001
213,35,1.671
213,36,2.09
213,37,1.897
213,38,2.042
213,39,1.118
213,40,1.681
213,41,2.02
213,42,1.427
213,43,1.497
213,44,1.482
213,45,1.484
213,46,1.495
213,47,1.338
213,48,1.335
214,1,1.301
214,2,1.334
214,3,1.375
214,4,1.007
214,5,0.97
214,6,0.949
214,7,0.953
214,8,1.056
214,9,0.868
214,10,0.887
214,11,0.787
214,12,0.752
214,13,0.767
214,14,0.83
214,15,0.751
214,16,0.783
214,17,2.511
214,18,3.84
214,19,4.102
214,20,4.024
214,21,2.258
214,22,1.386
214,23,1.382
214,24,2.234
214,25,2.095
214,26,2.884
214,27,1.223
214,28,1.27
214,29,1.148
214,30,1.276
214,31,1.712
214,32,1.239
214,33,1.301
214,34,1.065
214,35,1.666
214,36,1.373
214,37,1.2
214,38,1.244
214,39,1.3
214,40,1.603
214,41,1.332
214,42,1.301
214,43,1.136
214,44,1.103
214,45,1.212
214,46,1.155
214,47,1.11
214,48,1.21
215,1,1.156
215,2,1.121
215,3,1.188
215,4,1.458
215,5,0.904
215,6,0.908
215,7,0.929
215,8,0.918
215,9,0.991
215,10,0.988
215,11,0.956
215,12,1.043
215,13,1.016
215,14,1.361
215,15,0.945
215,16,1.032
215,17,1.263
215,18,3.98
215,19,3.856
215,20,4.09
215,21,2.542
215,22,1.499
215,23,1.318
215,24,0.998
215,25,1.063
215,26,1.344
215,27,1.56
215,28,1.523
215,29,0.769
215,30,1.1
215,31,0.97
215,32,1.303
215,33,1.557
215,34,1.128
215,35,0.876
215,36,0.727
215,37,0.889
215,38,0.919
215,39,0.722
215,40,0.711
215,41,1.171
215,42,0.84
215,43,0.96
215,44,1.069
215,45,0.934
215,46,0.759
215,47,0.721
215,48,0.697
216,1,0.677
216,2,0.707
216,3,0.706
216,4,0.651
216,5,0.755
216,6,0.734
216,7,0.656
216,8,0.689
216,9,0.759
216,10,0.673
216,11,0.692
216,12,0.763
216,13,0.679
216,14,0.765
216,15,0.764
216,16,0.672
216,17,0.778
216,18,0.748
216,19,1.122
216,20,1.065
216,21,0.66
216,22,0.636
216,23,2.03
216,24,0.989
216,25,0.906
216,26,1.106
216,27,1.274
216,28,0.74
216,29,0.779
216,30,0.739
216,31,0.781
216,32,0.965
216,33,0.72
216,34,0.766
216,35,0.981
216,36,0.815
216,37,0.844
216,38,0.664
216,39,1.022
216,40,0.824
216,41,0.731
216,42,0.858
216,43,0.606
216,44,0.7
216,45,1.012
216,46,0.656
216,47,0.618
216,48,0.952
217,1,0.745
217,2,0.853
217,3,0.56
217,4,0.647
217,5,0.567
217,6,0.646
217,7,0.759
217,8,0.66
217,9,0.643
217,10,0.729
217,11,0.709
217,12,0.64
217,13,0.76
217,14,1.135
217,15,0.774
217,16,1.034
217,17,1.367
217,18,4.023
217,19,4.108
217,20,3.493
217,21,2.96
217,22,2.198
217,23,1.55
217,24,1.454
217,25,0.899
217,26,0.973
217,27,0.671
217,28,0.614
217,29,1.188
217,30,0.808
217,31,0.753
217,32,0.898
217,33,0.797
217,34,0.947
217,35,0.818
217,36,0.916
217,37,0.772
217,38,0.967
217,39,0.707
217,40,0.563
217,41,0.572
217,42,0.642
217,43,0.736
217,44,0.579
217,45,0.653
217,46,0.546
217,47,0.574
217,48,0.65
218,1,0.552
218,2,0.587
218,3,0.73
218,4,0.857
218,5,1.027
218,6,0.78
218,7,0.672
218,8,0.652
218,9,0.726
218,10,0.693
218,11,0.641
218,12,0.713
218,13,0.706
218,14,0.713
218,15,0.687
218,16,0.707
218,17,0.654
218,18,0.682
218,19,0.736
218,20,1.02
218,21,0.871
218,22,0.659
218,23,0.538
218,24,0.938
218,25,1.091
218,26,0.796
218,27,0.654
218,28,0.786
218,29,0.612
218,30,0.663
218,31,0.94
218,32,1.113
218,33,0.69
218,34,2.163
218,35,1.201
218,36,0.974
218,37,0.82
218,38,0.876
218,39,0.748
218,40,1.309
218,41,1.053
218,42,0.541
218,43,0.564
218,44,0.756
218,45,0.769
218,46,0.627
218,47,0.778
218,48,0.566
219,1,0.568
219,2,0.74
219,3,0.57
219,4,0.583
219,5,0.658
219,6,0.569
219,7,0.558
219,8,0.861
219,9,0.936
219,10,0.652
219,11,0.72
219,12,0.751
219,13,0.665
219,14,0.697
219,15,0.739
219,16,0.674
219,17,0.646
219,18,3.343
219,19,3.781
219,20,0.938
219,21,0.678
219,22,0.633
219,23,0.546
219,24,1.073
219,25,0.999
219,26,2.097
219,27,1.284
219,28,0.998
219,29,1.664
219,30,1.555
219,31,0.907
219,32,0.844
219,33,0.947
219,34,0.92
219,35,1.355
219,36,0.951
219,37,0.818
219,38,0.722
219,39,0.901
219,40,1.73
219,41,0.91
219,42,0.935
219,43,0.833
219,44,0.981
219,45,1.381
219,46,1.2
219,47,1.101
219,48,1.029
220,1,0.939
220,2,0.8
220,3,0.858
220,4,0.881
220,5,0.756
220,6,0.89
220,7,0.824
220,8,0.904
220,9,0.901
220,10,0.824
220,11,0.871
220,12,1.079
220,13,0.739
220,14,0.872
220,15,0.789
220,16,0.774
220,17,0.906
220,18,2.374
220,19,5.289
220,20,4.643
220,21,2.62
220,22,0.973
220,23,1.14
220,24,1.761
220,25,1.748
220,26,1.278
220,27,0.945
220,28,0.729
220,29,1.02
220,30,1.425
220,31,0.782
220,32,1.023
220,33,1.151
220,34,1.278
220,35,1.087
220,36,1.065
220,37,1.534
220,38,1.349
220,39,1.315
220,40,1.174
220,41,0.949
220,42,0.822
220,43,0.641
220,44,0.711
220,45,0.827
220,46,1.037
220,47,1.266
220,48,1.098
221,1,0.838
221,2,0.808
221,3,0.745
221,4,0.651
221,5,0.724
221,6,0.76
221,7,0.67
221,8,0.722
221,9,0.689
221,10,0.67
221,11,0.716
221,12,0.671
221,13,0.661
221,14,0.939
221,15,0.679
221,16,0.651
221,17,1.071
221,18,5.679
221,19,4.978
221,20,5.059
221,21,2.607
221,22,1.113
221,23,1.435
221,24,2.099
221,25,1.021
221,26,1.171
221,27,1.379
221,28,1.002
221,29,1.221
221,30,0.615
221,31,0.657
221,32,0.718
221,33,0.732
221,34,1.335
221,35,2.173
221,36,2.003
221,37,2.094
221,38,2.289
221,39,1.577
221,40,1.852
221,41,1.208
221,42,0.849
221,43,0.897
221,44,0.877
221,45,1.068
221,46,2.682
221,47,0.895
221,48,0.728
222,1,0.865
222,2,1.004
222,3,0.747
222,4,0.788
222,5,0.736
222,6,0.72
222,7,0.767
222,8,0.805
222,9,0.782
222,10,0.866
222,11,0.94
222,12,0.941
222,13,0.883
222,14,0.776
222,15,0.775
222,16,0.968
222,17,0.971
222,18,4.201
222,19,3.895
222,20,2.016
222,21,1.416
222,22,0.944
222,23,0.805
222,24,0.973
222,25,1.742
222,26,1.558
222,27,0.633
222,28,2.118
222,29,0.663
222,30,0.936
222,31,1.662
222,32,1.838
222,33,0.82
222,34,1.154
222,35,0.974
222,36,0.844
222,37,1.372
222,38,2.169
222,39,0.928
222,40,0.849
222,41,0.575
222,42,0.71
222,43,1.005
222,44,0.838
222,45,1.103
222,46,0.731
222,47,0.953
222,48,0.692
223,1,0.612
223,2,0.563
223,3,0.631
223,4,0.68
223,5,0.67
223,6,0.708
223,7,0.734
223,8,0.666
223,9,0.71
223,10,0.711
223,11,0.651
223,12,1.162
223,13,0.712
223,14,0.748
223,15,0.73
223,16,1.072
223,17,0.677
223,18,1.035
223,19,0.787
223,20,0.799
223,21,0.655
223,22,0.625
223,23,0.543
223,24,0.604
223,25,0.601
223,26,0.54
223,27,0.593
223,28,0.801
223,29,0.577
223,30,0.631
223,31,0.816
223,32,0.992
223,33,0.662
223,34,0.875
223,35,0.691
223,36,0.906
223,37,0.814
223,38,1.034
223,39,0.79
223,40,0.661
223,41,0.62
223,42,0.696
223,43,0.788
223,44,1.229
223,45,1.087
223,46,0.79
223,47,0.96
223,48,0.725
224,1,0.783
224,2,0.688
224,3,0.738
224,4,0.794
224,5,0.692
224,6,0.725
224,7,0.772
224,8,0.675
224,9,0.704
224,10,0.771
224,11,0.667
224,12,0.786
224,13,0.758
224,14,0.72
224,15,0.923
224,16,0.804
224,17,0.724
224,18,0.691
224,19,0.783
224,20,0.64
224,21,1.187
224,22,0.735
224,23,0.629
224,24,0.602
224,25,0.692
224,26,0.604
224,27,0.879
224,28,0.84
224,29,0.676
224,30,0.646
224,31,0.899
224,32,0.69
224,33,1.84
224,34,0.938
224,35,1.067
224,36,0.936
224,37,1.284
224,38,1.031
224,39,0.857
224,40,0.858
224,41,0.63
224,42,0.617
224,43,0.758
224,44,0.953
224,45,0.923
224,46,0.983
224,47,1.159
224,48,0.926
225,1,0.853
225,2,0.723
225,3,0.722
225,4,0.82
225,5,0.814
225,6,0.789
225,7,1.153
225,8,0.763
225,9,0.74
225,10,0.826
225,11,0.76
225,12,0.922
225,13,0.804
225,14,0.748
225,15,0.738
225,16,0.854
225,17,0.773
225,18,3.037
225,19,3.468
225,20,0.934
225,21,0.653
225,22,0.686
225,23,0.7
225,24,0.661
225,25,0.764
225,26,1.604
225,27,1.764
225,28,0.753
225,29,0.706
225,30,0.637
225,31,0.728
225,32,0.714
225,33,0.791
225,34,0.86
225,35,1.183
225,36,0.842
225,37,1.211
225,38,1.257
225,39,1.13
225,40,0.854
225,41,1.728
225,42,0.747
225,43,0.829
225,44,0.697
225,45,0.944
225,46,1.14
225,47,0.887
225,48,0.963
226,1,1.19
226,2,1.161
226,3,0.923
226,4,1.01
226,5,0.908
226,6,1.065
226,7,0.934
226,8,0.788
226,9,0.808
226,10,0.891
226,11,0.745
226,12,0.922
226,13,0.849
226,14,0.974
226,15,0.759
226,16,0.924
226,17,0.928
226,18,1.962
226,19,2.891
226,20,2.638
226,21,1.136
226,22,0.744
226,23,0.588
226,24,0.636
226,25,0.665
226,26,0.719
226,27,1.052
226,28,1.25
226,29,1.638
226,30,1.961
226,31,1.768
226,32,0.885
226,33,0.703
226,34,1.191
226,35,1.151
226,36,1.47
226,37,1.049
226,38,1.38
226,39,2.166
226,40,1.334
226,41,1.035
226,42,1.04
226,43,0.834
226,44,0.783
226,45,0.859
226,46,0.832
226,47,0.915
226,48,0.904
227,1,0.787
227,2,1.254
227,3,1.046
227,4,0.917
227,5,0.844
227,6,0.888
227,7,0.732
227,8,0.708
227,9,0.826
227,10,0.775
227,11,0.9
227,12,0.892
227,13,0.795
227,14,0.833
227,15,1.073
227,16,0.91
227,17,0.861
227,18,3.51
227,19,4.704
227,20,3.852
227,21,1.688
227,22,0.966
227,23,1.373
227,24,1.436
227,25,1.91
227,26,0.87
227,27,1.133
227,28,1.291
227,29,1.146
227,30,0.915
227,31,1.24
227,32,1.047
227,33,0.969
227,34,1.094
227,35,1.488
227,36,1.616
227,37,1.264
227,38,1.443
227,39,1.333
227,40,1.161
227,41,0.969
227,42,1.096
227,43,1.377
227,44,1.118
227,45,1.277
227,46,1.157
227,47,1.043
227,48,1.194
228,1,1.163
228,2,1.086
228,3,1.091
228,4,1.089
228,5,1.025
228,6,0.903
228,7,0.97
228,8,0.962
228,9,0.909
228,10,0.981
228,11,0.9
228,12,0.97
228,13,0.945
228,14,0.936
228,15,1.0
228,16,4.789
228,17,4.746
228,18,4.85
228,19,4.988
228,20,4.071
228,21,1.882
228,22,1.523
228,23,2.685
228,24,2.766
228,25,1.768
228,26,1.585
228,27,1.018
228,28,1.01
228,29,1.033
228,30,0.784
228,31,0.788
228,32,0.732
228,33,0.89
228,34,1.078
228,35,1.721
228,36,1.121
228,37,0.89
228,38,1.087
228,39,1.65
228,40,0.933
228,41,1.088
228,42,0.926
228,43,0.826
228,44,0.883
228,45,0.925
228,46,1.021
228,47,1.141
228,48,0.833
229,1,1.133
229,2,0.775
229,3,0.754
229,4,0.702
229,5,0.753
229,6,0.729
229,7,0.686
229,8,1.186
229,9,0.759
229,10,0.691
229,11,0.79
229,12,1.015
229,13,1.127
229,14,0.988
229,15,0.813
229,16,0.818
229,17,0.932
229,18,2.933
229,19,3.759
229,20,3.526
229,21,2.495
229,22,1.08
229,23,0.81
229,24,0.695
229,25,0.784
229,26,0.904
229,27,1.15
229,28,0.833
229,29,1.304
229,30,1.402
229,31,2.12
229,32,0.99
229,33,0.781
229,34,0.872
229,35,0.744
229,36,0.72
229,37,0.816
229,38,0.755
229,39,0.749
229,40,0.779
229,41,0.729
229,42,0.735
229,43,0.721
229,44,0.661
229,45,0.696
229,46,0.756
229,47,0.818
229,48,0.816
230,1,0.727
230,2,0.655
230,3,0.745
230,4,0.763
230,5,0.665
230,6,0.713
230,7,0.701
230,8,0.639
230,9,0.717
230,10,0.698
230,11,0.636
230,12,0.717
230,13,0.757
230,14,2.817
230,15,1.78
230,16,1.082
230,17,0.945
230,18,0.836
230,19,2.771
230,20,1.68
230,21,1.122
230,22,0.552
230,23,0.585
230,24,0.628
230,25,0.823
230,26,0.773
230,27,0.806
230,28,0.68
230,29,0.721
230,30,0.746
230,31,0.889
230,32,0.838
230,33,1.572
230,34,1.69
230,35,1.323
230,36,1.628
230,37,0.761
230,38,1.009
230,39,0.827
230,40,0.66
230,41,0.668
230,42,0.647
230,43,0.688
230,44,0.987
230,45,0.728
230,46,0.571
230,47,1.332
230,48,1.682
231,1,0.581
231,2,0.63
231,3,0.647
231,4,0.567
231,5,0.65
231,6,0.613
231,7,0.578
231,8,0.661
231,9,0.686
231,10,0.668
231,11,0.756
231,12,0.683
231,13,0.669
231,14,0.81
231,15,0.702
231,16,0.74
231,17,1.404
231,18,3.64
231,19,5.022
231,20,4.26
231,21,1.195
231,22,0.824
231,23,0.826
231,24,0.747
231,25,0.811
231,26,0.819
231,27,0.797
231,28,0.786
231,29,0.783
231,30,0.725
231,31,0.884
231,32,1.588
231,33,1.693
231,34,1.414
231,35,0.813
231,36,0.75
231,37,0.834
231,38,0.741
231,39,0.669
231,40,0.68
231,41,0.916
231,42,0.782
231,43,0.873
231,44,0.699
231,45,0.65
231,46,0.748
231,47,0.621
231,48,0.657
232,1,0.715
232,2,0.629
232,3,0.659
232,4,0.712
232,5,0.611
232,6,0.653
232,7,0.711
232,8,0.614
232,9,0.699
232,10,0.804
232,11,0.711
232,12,0.764
232,13,0.788
232,14,0.836
232,15,0.983
232,16,0.7
232,17,0.637
232,18,0.693
232,19,0.717
232,20,0.551
232,21,0.609
232,22,0.637
232,23,0.547
232,24,0.591
232,25,0.897
232,26,0.677
232,27,0.674
232,28,0.84
232,29,0.816
232,30,0.669
232,31,0.664
232,32,0.768
232,33,0.72
232,34,0.767
232,35,1.104
232,36,0.898
232,37,0.765
232,38,0.772
232,39,0.879
232,40,0.749
232,41,0.712
232,42,0.74
232,43,0.724
232,44,1.298
232,45,1.052
232,46,0.734
232,47,0.731
232,48,0.721
233,1,0.667
233,2,0.738
233,3,0.711
233,4,0.665
233,5,0.754
233,6,0.714
233,7,0.662
233,8,0.722
233,9,0.664
233,10,0.64
233,11,0.725
233,12,0.658
233,13,0.648
233,14,0.803
233,15,0.651
233,16,0.664
233,17,0.742
233,18,0.809
233,19,0.825
233,20,5.137
233,21,3.338
233,22,0.909
233,23,0.678
233,24,0.861
233,25,0.621
233,26,0.712
233,27,0.979
233,28,0.616
233,29,1.494
233,30,1.795
233,31,2.65
233,32,1.779
233,33,1.007
233,34,1.247
233,35,1.295
233,36,0.74
233,37,0.812
233,38,1.1
233,39,0.834
233,40,0.876
233,41,0.787
233,42,0.923
233,43,0.839
233,44,0.771
233,45,0.924
233,46,0.755
233,47,0.714
233,48,0.676
234,1,0.757
234,2,0.694
234,3,0.651
234,4,0.752
234,5,0.681
234,6,0.663
234,7,0.767
234,8,0.693
234,9,0.667
234,10,0.815
234,11,0.708
234,12,0.733
234,13,0.802
234,14,0.799
234,15,0.702
234,16,0.748
234,17,0.852
234,18,2.834
234,19,4.427
234,20,1.686
234,21,1.723
234,22,1.709
234,23,2.141
234,24,1.781
234,25,1.622
234,26,1.057
234,27,1.188
234,28,1.231
234,29,1.037
234,30,1.251
234,31,1.169
234,32,1.122
234,33,1.186
234,34,1.366
234,35,1.583
234,36,1.304
234,37,1.236
234,38,1.439
234,39,1.513
234,40,1.412
234,41,1.45
234,42,1.285
234,43,1.338
234,44,1.604
234,45,1.976
234,46,1.388
234,47,1.002
234,48,0.87
235,1,1.051
235,2,0.953
235,3,0.872
235,4,1.026
235,5,0.901
235,6,0.855
235,7,0.953
235,8,0.955
235,9,1.058
235,10,1.097
235,11,1.094
235,12,1.054
235,13,1.139
235,14,1.221
235,15,1.017
235,16,1.057
235,17,1.101
235,18,1.35
235,19,5.382
235,20,5.663
235,21,1.971
235,22,1.42
235,23,1.517
235,24,1.761
235,25,1.173
235,26,1.294
235,27,1.185
235,28,1.921
235,29,2.128
235,30,1.029
235,31,1.012
235,32,0.936
235,33,0.974
235,34,1.127
235,35,0.937
235,36,1.003
235,37,1.036
235,38,0.971
235,39,1.006
235,40,0.926
235,41,1.232
235,42,0.991
235,43,0.825
235,44,0.862
235,45,0.934
235,46,0.825
235,47,0.87
235,48,0.919
236,1,0.836
236,2,0.87
236,3,0.891
236,4,0.829
236,5,0.86
236,6,0.895
236,7,0.829
236,8,0.948
236,9,1.004
236,10,0.922
236,11,0.959
236,12,0.99
236,13,0.926
236,14,1.017
236,15,0.983
236,16,0.901
236,17,0.965
236,18,0.972
236,19,0.904
236,20,0.851
236,21,0.866
236,22,0.786
236,23,0.817
236,24,0.909
236,25,1.1
236,26,0.886
236,27,0.684
236,28,0.591
236,29,0.624
236,30,0.729
236,31,0.614
236,32,0.645
236,33,0.721
236,34,0.779
236,35,0.767
236,36,0.826
236,37,0.764
236,38,0.802
236,39,0.835
236,40,0.926
236,41,0.776
236,42,0.76
236,43,0.693
236,44,0.744
236,45,0.763
236,46,0.683
236,47,0.728
236,48,0.767
237,1,0.706
237,2,0.734
237,3,0.742
237,4,0.694
237,5,0.742
237,6,0.746
237,7,0.676
237,8,0.742
237,9,0.753
237,10,0.705
237,11,0.746
237,12,0.748
237,13,0.693
237,14,0.806
237,15,0.734
237,16,0.688
237,17,0.732
237,18,0.751
237,19,0.688
237,20,0.639
237,21,0.65
237,22,0.575
237,23,0.633
237,24,0.628
237,25,0.575
237,26,1.22
237,27,0.677
237,28,1.426
237,29,1.499
237,30,1.497
237,31,1.632
237,32,1.558
237,33,1.477
237,34,1.637
237,35,0.99
237,36,0.849
237,37,1.081
237,38,1.459
237,39,0.975
237,40,0.812
237,41,0.715
237,42,0.65
237,43,0.622
237,44,0.994
237,45,1.404
237,46,1.373
237,47,1.445
237,48,1.36
238,1,0.595
238,2,0.681
238,3,0.594
238,4,0.573
238,5,0.677
238,6,0.577
238,7,0.585
238,8,0.706
238,9,0.745
238,10,1.176
238,11,0.824
238,12,0.733
238,13,0.738
238,14,0.886
238,15,0.736
238,16,0.726
238,17,1.452
238,18,1.174
238,19,1.134
238,20,1.101
238,21,0.738
238,22,0.622
238,23,0.693
238,24,0.64
238,25,0.682
238,26,1.785
238,27,1.318
238,28,1.133
238,29,0.685
238,30,0.689
238,31,0.733
238,32,0.785
238,33,0.818
238,34,0.793
238,35,1.133
238,36,0.812
238,37,0.858
238,38,1.17
238,39,0.974
238,40,0.616
238,41,0.675
238,42,0.578
238,43,0.572
238,44,0.68
238,45,0.586
238,46,0.576
238,47,0.685
238,48,0.587
239,1,0.576
239,2,0.673
239,3,0.584
239,4,0.569
239,5,0.678
239,6,0.587
239,7,0.577
239,8,0.658
239,9,0.565
239,10,0.587
239,11,0.655
239,12,0.566
239,13,0.574
239,14,0.764
239,15,0.656
239,16,0.668
239,17,0.756
239,18,0.653
239,19,0.653
239,20,0.662
239,21,0.569
239,22,0.562
239,23,0.654
239,24,0.553
239,25,0.555
239,26,0.908
239,27,0.593
239,28,0.636
239,29,1.507
239,30,0.716
239,31,0.662
239,32,1.613
239,33,1.373
239,34,0.802
239,35,0.792
239,36,0.724
239,37,0.978
239,38,0.846
239,39,0.745
239,40,0.7
239,41,0.661
239,42,0.571
239,43,0.624
239,44,0.629
239,45,0.583
239,46,0.646
239,47,0.623
239,48,0.581
240,1,0.64
240,2,0.831
240,3,0.694
240,4,0.654
240,5,0.612
240,6,0.561
240,7,0.627
240,8,0.588
240,9,0.562
240,10,0.635
240,11,0.585
240,12,0.559
240,13,0.664
240,14,0.688
240,15,0.668
240,16,0.751
240,17,0.718
240,18,0.679
240,19,0.755
240,20,1.0
240,21,1.067
240,22,1.508
240,23,1.277
240,24,0.767
240,25,0.805
240,26,0.664
240,27,0.938
240,28,0.722
240,29,0.638
240,30,0.804
240,31,0.713
240,32,0.666
240,33,0.685
240,34,0.803
240,35,0.923
240,36,0.779
240,37,0.889
240,38,0.767
240,39,0.857
240,40,0.787
240,41,0.583
240,42,0.666
240,43,0.583
240,44,0.586
240,45,0.665
240,46,0.578
240,47,0.695
240,48,0.664
388,1,0.378
388,2,0.401
388,3,0.453
388,4,0.378
388,5,0.369
388,6,0.428
388,7,0.41
388,8,0.374
388,9,0.412
388,10,0.56
388,11,0.455
388,12,0.467
388,13,0.505
388,14,0.514
388,15,0.449
388,16,0.548
388,17,0.573
388,18,0.513
388,19,0.465
388,20,0.475
388,21,0.435
388,22,0.365
388,23,0.584
388,24,1.914
388,25,2.435
388,26,2.337
388,27,2.701
388,28,2.492
388,29,3.558
388,30,2.414
388,31,2.469
388,32,2.466
388,33,2.821
388,34,2.454
388,35,2.591
388,36,2.534
388,37,3.22
388,38,2.536
388,39,1.666
388,40,0.867
388,41,1.134
388,42,1.743
388,43,0.954
388,44,0.931
388,45,1.0
388,46,0.926
388,47,0.69
388,48,0.687
389,1,0.768
389,2,0.706
389,3,0.67
389,4,0.735
389,5,0.784
389,6,1.066
389,7,0.755
389,8,0.842
389,9,0.776
389,10,0.753
389,11,0.743
389,12,0.861
389,13,0.741
389,14,0.749
389,15,0.769
389,16,0.905
389,17,0.841
389,18,0.791
389,19,1.204
389,20,0.898
389,21,3.225
389,22,1.564
389,23,1.452
389,24,0.974
389,25,0.733
389,26,0.758
389,27,0.847
389,28,1.059
389,29,0.716
389,30,0.676
389,31,0.78
389,32,0.727
389,33,0.725
389,34,0.802
389,35,0.777
389,36,0.744
389,37,0.767
389,38,0.956
389,39,0.894
389,40,1.423
389,41,0.866
389,42,0.863
389,43,0.8
389,44,0.81
389,45,0.833
389,46,0.712
389,47,0.675
389,48,0.711
390,1,0.762
390,2,0.749
390,3,0.785
390,4,0.848
390,5,0.867
390,6,0.784
390,7,0.794
390,8,0.883
390,9,0.797
390,10,0.784
390,11,0.799
390,12,0.846
390,13,0.786
390,14,0.78
390,15,0.806
390,16,0.93
390,17,0.888
390,18,0.793
390,19,0.834
390,20,0.884
390,21,0.78
390,22,0.646
390,23,0.71
390,24,0.661
390,25,0.635
390,26,0.639
390,27,0.73
390,28,0.841
390,29,0.626
390,30,0.805
390,31,0.829
390,32,0.715
390,33,0.715
390,34,0.766
390,35,0.766
390,36,0.748
390,37,0.748
390,38,0.91
390,39,0.913
390,40,0.799
390,41,0.787
390,42,0.894
390,43,1.365
390,44,1.562
390,45,1.858
390,46,0.788
390,47,0.665
390,48,0.656
391,1,0.72
391,2,0.72
391,3,0.654
391,4,0.723
391,5,0.839
391,6,0.756
391,7,0.741
391,8,0.767
391,9,0.818
391,10,0.759
391,11,0.74
391,12,0.77
391,13,0.802
391,14,0.741
391,15,0.76
391,16,0.878
391,17,0.896
391,18,0.747
391,19,0.75
391,20,0.837
391,21,0.903
391,22,0.634
391,23,0.655
391,24,0.705
391,25,0.636
391,26,2.005
391,27,2.537
391,28,2.682
391,29,2.449
391,30,2.602
391,31,2.65
391,32,1.881
391,33,1.016
391,34,0.727
391,35,1.235
391,36,1.039
391,37,0.951
391,38,0.717
391,39,0.792
391,40,0.648
391,41,0.628
391,42,0.701
391,43,0.672
391,44,0.63
391,45,0.579
391,46,0.645
391,47,0.547
391,48,0.52
392,1,0.557
392,2,0.59
392,3,0.528
392,4,0.513
392,5,0.579
392,6,0.647
392,7,0.598
392,8,0.596
392,9,0.66
392,10,0.634
392,11,0.602
392,12,0.594
392,13,0.667
392,14,0.616
392,15,0.597
392,16,0.705
392,17,0.797
392,18,0.772
392,19,3.008
392,20,2.677
392,21,2.698
392,22,2.408
392,23,2.539
392,24,2.611
392,25,2.441
392,26,2.452
392,27,2.401
392,28,2.47
392,29,3.282
392,30,2.414
392,31,2.452
392,32,2.571
392,33,2.445
392,34,2.502
392,35,2.52
392,36,2.695
392,37,2.782
392,38,0.713
392,39,0.74
392,40,1.12
392,41,0.79
392,42,1.27
392,43,0.91
392,44,0.711
392,45,0.669
392,46,0.713
392,47,0.591
392,48,0.601
393,1,0.63
393,2,0.977
393,3,0.724
393,4,0.803
393,5,0.731
393,6,0.672
393,7,0.726
393,8,0.752
393,9,0.8
393,10,0.732
393,11,0.713
393,12,0.753
393,13,0.759
393,14,0.724
393,15,0.659
393,16,0.834
393,17,0.798
393,18,2.89
393,19,3.51
393,20,1.225
393,21,0.579
393,22,1.839
393,23,2.675
393,24,3.109
393,25,3.334
393,26,2.391
393,27,2.631
393,28,3.523
393,29,2.584
393,30,2.495
393,31,2.777
393,32,2.831
393,33,2.608
393,34,2.69
393,35,4.287
393,36,2.821
393,37,1.858
393,38,0.662
393,39,0.655
393,40,1.632
393,41,1.244
393,42,0.912
393,43,0.854
393,44,0.98
393,45,1.102
393,46,1.079
393,47,1.058
393,48,1.066
394,1,1.051
394,2,0.911
394,3,0.852
394,4,1.366
394,5,1.106
394,6,0.845
394,7,0.836
394,8,0.836
394,9,0.835
394,10,0.837
394,11,0.838
394,12,0.823
394,13,0.794
394,14,0.821
394,15,0.896
394,16,0.988
394,17,1.059
394,18,1.504
394,19,2.428
394,20,0.878
394,21,0.791
394,22,1.203
394,23,0.86
394,24,1.828
394,25,3.095
394,26,2.542
394,27,2.524
394,28,2.476
394,29,2.475
394,30,2.492
394,31,2.587
394,32,2.591
394,33,2.651
394,34,2.618
394,35,2.633
394,36,2.71
394,37,2.74
394,38,1.362
394,39,0.601
394,40,0.603
394,41,0.607
394,42,0.541
394,43,0.482
394,44,0.707
394,45,0.778
394,46,0.549
394,47,0.521
394,48,0.517
395,1,0.579
395,2,0.657
395,3,0.752
395,4,0.618
395,5,0.625
395,6,0.598
395,7,0.573
395,8,0.572
395,9,0.567
395,10,0.57
395,11,0.563
395,12,0.563
395,13,0.564
395,14,0.554
395,15,0.646
395,16,0.62
395,17,0.576
395,18,0.574
395,19,0.579
395,20,0.517
395,21,0.581
395,22,0.702
395,23,0.472
395,24,2.151
395,25,2.752
395,26,2.908
395,27,2.785
395,28,2.781
395,29,2.898
395,30,2.813
395,31,3.432
395,32,3.062
395,33,2.956
395,34,2.971
395,35,3.212
395,36,3.216
395,37,3.476
395,38,3.166
395,39,1.231
395,40,0.872
395,41,0.89
395,42,1.307
395,43,0.819
395,44,0.807
395,45,0.855
395,46,0.788
395,47,0.888
395,48,1.382
396,1,1.378
396,2,1.184
396,3,1.148
396,4,1.044
396,5,0.977
396,6,1.0
396,7,0.949
396,8,1.006
396,9,1.245
396,10,0.941
396,11,0.837
396,12,0.821
396,13,0.93
396,14,0.828
396,15,0.902
396,16,1.083
396,17,1.077
396,18,0.958
396,19,2.781
396,20,2.883
396,21,2.46
396,22,1.445
396,23,2.062
396,24,3.189
396,25,0.82
396,26,0.789
396,27,0.774
396,28,0.732
396,29,0.749
396,30,1.142
396,31,0.85
396,32,0.82
396,33,1.377
396,34,0.978
396,35,0.828
396,36,0.844
396,37,0.913
396,38,0.836
396,39,0.837
396,40,0.904
396,41,0.877
396,42,0.831
396,43,0.832
396,44,0.883
396,45,1.18
396,46,0.874
396,47,0.851
396,48,0.787
397,1,0.71
397,2,0.725
397,3,0.894
397,4,0.789
397,5,0.795
397,6,0.83
397,7,0.845
397,8,0.796
397,9,0.79
397,10,0.895
397,11,0.794
397,12,0.743
397,13,0.762
397,14,0.833
397,15,0.841
397,16,0.85
397,17,0.794
397,18,0.813
397,19,0.744
397,20,0.705
397,21,0.968
397,22,0.731
397,23,0.636
397,24,0.641
397,25,0.727
397,26,0.722
397,27,0.828
397,28,0.651
397,29,0.703
397,30,0.834
397,31,0.762
397,32,1.305
397,33,1.054
397,34,0.892
397,35,0.94
397,36,1.206
397,37,0.962
397,38,0.817
397,39,4.486
397,40,1.377
397,41,1.922
397,42,1.792
397,43,1.208
397,44,1.463
397,45,1.357
397,46,1.545
397,47,2.004
397,48,1.142
398,1,1.034
398,2,1.118
398,3,0.947
398,4,0.907
398,5,0.847
398,6,0.849
398,7,0.946
398,8,0.754
398,9,0.754
398,10,0.799
398,11,0.796
398,12,0.743
398,13,0.75
398,14,0.829
398,15,0.871
398,16,0.864
398,17,0.792
398,18,1.096
398,19,3.326
398,20,2.019
398,21,0.889
398,22,0.991
398,23,1.057
398,24,1.611
398,25,2.142
398,26,3.135
398,27,2.636
398,28,2.485
398,29,2.398
398,30,2.389
398,31,2.365
398,32,2.537
398,33,2.493
398,34,2.75
398,35,2.542
398,36,2.618
398,37,2.684
398,38,2.344
398,39,0.55
398,40,0.535
398,41,0.498
398,42,0.507
398,43,1.566
398,44,0.455
398,45,0.383
398,46,0.429
398,47,0.474
398,48,0.38
399,1,0.375
399,2,0.441
399,3,0.459
399,4,0.476
399,5,0.473
399,6,0.559
399,7,0.47
399,8,0.467
399,9,0.503
399,10,0.539
399,11,0.46
399,12,0.466
399,13,0.515
399,14,0.497
399,15,0.549
399,16,0.513
399,17,0.567
399,18,0.48
399,19,0.689
399,20,0.496
399,21,0.452
399,22,0.37
399,23,0.506
399,24,0.421
399,25,0.413
399,26,0.723
399,27,1.841
399,28,2.385
399,29,2.506
399,30,2.649
399,31,2.333
399,32,2.617
399,33,2.474
399,34,2.058
399,35,2.926
399,36,2.077
399,37,2.371
399,38,1.584
399,39,0.66
399,40,2.487
399,41,0.887
399,42,0.989
399,43,0.798
399,44,0.774
399,45,0.853
399,46,0.768
399,47,0.759
399,48,0.803
400,1,0.81
400,2,0.76
400,3,0.73
400,4,0.748
400,5,0.743
400,6,0.785
400,7,0.75
400,8,0.744
400,9,0.715
400,10,0.709
400,11,0.985
400,12,0.764
400,13,0.688
400,14,0.982
400,15,0.869
400,16,0.756
400,17,0.676
400,18,0.708
400,19,1.965
400,20,3.839
400,21,1.232
400,22,1.352
400,23,1.287
400,24,0.594
400,25,0.591
400,26,0.684
400,27,0.688
400,28,0.658
400,29,0.67
400,30,0.689
400,31,0.712
400,32,0.543
400,33,1.405
400,34,2.656
400,35,3.077
400,36,1.693
400,37,0.802
400,38,2.434
400,39,0.809
400,40,0.848
400,41,0.819
400,42,0.751
400,43,0.821
400,44,0.807
400,45,0.657
400,46,0.677
400,47,0.745
400,48,0.755
401,1,0.642
401,2,0.579
401,3,0.702
401,4,0.552
401,5,0.524
401,6,0.532
401,7,0.608
401,8,0.53
401,9,0.527
401,10,0.56
401,11,0.593
401,12,0.525
401,13,0.514
401,14,0.589
401,15,0.649
401,16,0.563
401,17,0.541
401,18,0.633
401,19,0.515
401,20,0.522
401,21,0.964
401,22,0.503
401,23,0.422
401,24,0.593
401,25,2.484
401,26,2.648
401,27,2.62
401,28,2.951
401,29,2.891
401,30,2.684
401,31,2.717
401,32,2.736
401,33,2.857
401,34,2.735
401,35,2.806
401,36,3.076
401,37,2.809
401,38,0.965
401,39,0.956
401,40,1.102
401,41,1.017
401,42,1.795
401,43,2.462
401,44,0.997
401,45,0.708
401,46,0.804
401,47,0.78
401,48,0.839
402,1,0.724
402,2,0.721
402,3,0.743
402,4,0.809
402,5,0.771
402,6,0.758
402,7,0.854
402,8,0.691
402,9,0.686
402,10,0.68
402,11,0.768
402,12,0.676
402,13,0.662
402,14,0.666
402,15,0.848
402,16,0.722
402,17,0.677
402,18,2.31
402,19,3.975
402,20,1.734
402,21,1.687
402,22,2.294
402,23,0.867
402,24,0.988
402,25,1.972
402,26,2.994
402,27,2.964
402,28,3.848
402,29,3.065
402,30,3.148
402,31,2.763
402,32,2.761
402,33,2.867
402,34,3.163
402,35,2.999
402,36,3.441
402,37,3.77
402,38,3.991
402,39,2.81
402,40,1.42
402,41,2.766
402,42,1.227
402,43,1.188
402,44,1.186
402,45,1.071
402,46,1.329
402,47,1.101
402,48,1.019
403,1,1.034
403,2,1.155
403,3,1.148
403,4,1.261
403,5,1.062
403,6,1.173
403,7,1.173
403,8,0.875
403,9,0.961
403,10,0.888
403,11,0.842
403,12,0.839
403,13,0.933
403,14,0.836
403,15,1.125
403,16,1.319
403,17,1.051
403,18,0.987
403,19,1.097
403,20,5.332
403,21,1.813
403,22,1.53
403,23,1.656
403,24,2.07
403,25,2.347
403,26,1.438
403,27,1.275
403,28,1.217
403,29,1.204
403,30,1.288
403,31,1.354
403,32,1.369
403,33,1.246
403,34,1.288
403,35,1.202
403,36,1.241
403,37,1.206
403,38,1.307
403,39,1.212
403,40,1.163
403,41,1.26
403,42,1.274
403,43,1.216
403,44,1.175
403,45,1.186
403,46,1.105
403,47,1.077
403,48,1.108
404,1,1.188
404,2,1.453
404,3,1.028
404,4,1.035
404,5,0.993
404,6,0.957
404,7,1.022
404,8,1.153
404,9,1.05
404,10,1.065
404,11,1.094
404,12,1.097
404,13,1.035
404,14,1.028
404,15,1.191
404,16,1.123
404,17,1.034
404,18,1.041
404,19,1.13
404,20,0.996
404,21,0.943
404,22,0.964
404,23,1.356
404,24,0.911
404,25,1.875
404,26,1.125
404,27,0.928
404,28,0.891
404,29,0.915
404,30,0.971
404,31,0.933
404,32,0.989
404,33,1.302
404,34,1.118
404,35,1.03
404,36,1.043
404,37,1.557
404,38,1.351
404,39,1.89
404,40,1.288
404,41,1.386
404,42,1.255
404,43,1.408
404,44,1.232
404,45,1.431
404,46,1.379
404,47,1.287
404,48,1.318
405,1,1.249
405,2,1.242
405,3,1.253
405,4,1.327
405,5,1.249
405,6,1.244
405,7,1.313
405,8,1.207
405,9,1.107
405,10,1.038
405,11,1.096
405,12,1.022
405,13,1.007
405,14,1.045
405,15,1.175
405,16,1.127
405,17,1.032
405,18,1.067
405,19,1.445
405,20,1.375
405,21,1.504
405,22,1.469
405,23,1.324
405,24,0.943
405,25,1.919
405,26,2.548
405,27,2.687
405,28,2.692
405,29,2.719
405,30,2.603
405,31,3.284
405,32,3.154
405,33,2.75
405,34,2.844
405,35,2.857
405,36,3.04
405,37,2.855
405,38,1.151
405,39,0.605
405,40,0.636
405,41,0.706
405,42,0.783
405,43,0.773
405,44,0.738
405,45,0.548
405,46,0.546
405,47,0.541
405,48,0.594
406,1,0.512
406,2,0.49
406,3,0.594
406,4,0.597
406,5,0.593
406,6,0.596
406,7,0.714
406,8,0.508
406,9,0.517
406,10,0.515
406,11,0.6
406,12,0.499
406,13,0.508
406,14,0.548
406,15,0.665
406,16,0.57
406,17,0.527
406,18,0.578
406,19,0.948
406,20,0.658
406,21,0.579
406,22,0.766
406,23,2.911
406,24,2.438
406,25,2.653
406,26,2.659
406,27,2.471
406,28,2.578
406,29,2.556
406,30,2.439
406,31,2.433
406,32,2.634
406,33,2.629
406,34,2.635
406,35,2.587
406,36,2.57
406,37,2.01
406,38,0.767
406,39,0.713
406,40,0.722
406,41,0.827
406,42,1.319
406,43,0.717
406,44,0.708
406,45,0.663
406,46,0.602
406,47,0.588
406,48,0.695
407,1,0.588
407,2,0.631
407,3,0.554
407,4,0.594
407,5,0.533
407,6,0.519
407,7,0.563
407,8,0.535
407,9,0.506
407,10,0.491
407,11,0.577
407,12,0.504
407,13,0.48
407,14,0.476
407,15,0.672
407,16,0.528
407,17,0.494
407,18,0.5
407,19,0.578
407,20,0.844
407,21,0.808
407,22,0.602
407,23,0.925
407,24,3.047
407,25,3.382
407,26,2.716
407,27,2.436
407,28,2.557
407,29,2.315
407,30,2.398
407,31,2.326
407,32,2.706
407,33,2.589
407,34,2.676
407,35,2.793
407,36,1.745
407,37,0.694
407,38,1.364
407,39,0.756
407,40,0.809
407,41,0.88
407,42,0.812
407,43,0.878
407,44,0.722
407,45,0.661
407,46,0.613
407,47,1.268
407,48,0.68
408,1,0.545
408,2,0.503
408,3,0.582
408,4,0.673
408,5,0.608
408,6,0.597
408,7,0.621
408,8,0.645
408,9,0.573
408,10,0.572
408,11,0.623
408,12,0.605
408,13,0.552
408,14,0.558
408,15,0.742
408,16,0.624
408,17,0.567
408,18,0.632
408,19,0.556
408,20,0.917
408,21,0.591
408,22,0.508
408,23,1.397
408,24,2.325
408,25,2.323
408,26,2.426
408,27,2.386
408,28,2.67
408,29,2.627
408,30,2.493
408,31,2.539
408,32,2.48
408,33,2.702
408,34,2.593
408,35,2.817
408,36,2.457
408,37,2.64
408,38,1.042
408,39,0.918
408,40,0.675
408,41,1.739
408,42,1.304
408,43,1.204
408,44,0.617
408,45,0.656
408,46,0.577
408,47,0.568
408,48,0.609
409,1,0.607
409,2,0.428
409,3,0.511
409,4,0.602
409,5,0.593
409,6,0.533
409,7,0.525
409,8,0.616
409,9,0.53
409,10,0.533
409,11,0.529
409,12,0.612
409,13,0.531
409,14,0.509
409,15,0.627
409,16,0.655
409,17,0.553
409,18,0.583
409,19,0.656
409,20,0.551
409,21,0.43
409,22,0.421
409,23,0.481
409,24,0.49
409,25,0.444
409,26,1.078
409,27,2.946
409,28,2.62
409,29,2.505
409,30,2.418
409,31,2.657
409,32,2.699
409,33,2.661
409,34,2.705
409,35,2.837
409,36,2.657
409,37,3.032
409,38,2.045
409,39,1.684
409,40,1.481
409,41,1.601
409,42,1.692
409,43,1.62
409,44,1.601
409,45,1.424
409,46,1.613
409,47,1.644
409,48,1.496
410,1,1.293
410,2,1.608
410,3,1.429
410,4,1.478
410,5,1.554
410,6,1.524
410,7,1.653
410,8,1.567
410,9,1.615
410,10,1.616
410,11,1.574
410,12,1.41
410,13,1.649
410,14,1.536
410,15,1.543
410,16,1.43
410,17,1.565
410,18,1.347
410,19,1.665
410,20,2.504
410,21,3.8
410,22,2.98
410,23,2.251
410,24,1.861
410,25,1.706
410,26,1.665
410,27,1.587
410,28,1.819
410,29,1.669
410,30,1.695
410,31,1.925
410,32,2.454
410,33,2.36
410,34,1.548
410,35,1.364
410,36,1.517
410,37,1.402
410,38,1.957
410,39,1.425
410,40,1.3
410,41,1.476
410,42,1.387
410,43,1.643
410,44,1.325
410,45,1.509
410,46,1.281
410,47,1.451
410,48,1.206
411,1,1.372
411,2,1.322
411,3,1.554
411,4,1.328
411,5,1.454
411,6,1.477
411,7,1.403
411,8,1.462
411,9,1.379
411,10,1.542
411,11,1.491
411,12,1.394
411,13,1.587
411,14,1.557
411,15,1.423
411,16,1.413
411,17,1.492
411,18,1.423
411,19,1.751
411,20,1.341
411,21,0.831
411,22,0.903
411,23,0.706
411,24,0.799
411,25,0.73
411,26,0.653
411,27,0.655
411,28,0.723
411,29,0.693
411,30,0.75
411,31,0.749
411,32,0.834
411,33,0.792
411,34,0.765
411,35,0.795
411,36,0.903
411,37,0.785
411,38,0.728
411,39,0.718
411,40,0.82
411,41,0.677
411,42,0.766
411,43,0.877
411,44,0.892
411,45,1.197
411,46,0.746
411,47,0.824
411,48,0.72
412,1,0.697
412,2,0.732
412,3,0.811
412,4,0.791
412,5,0.79
412,6,0.859
412,7,0.791
412,8,0.737
412,9,0.66
412,10,0.824
412,11,0.671
412,12,0.649
412,13,0.678
412,14,0.718
412,15,0.734
412,16,0.701
412,17,0.712
412,18,0.714
412,19,0.669
412,20,0.606
412,21,0.796
412,22,0.667
412,23,0.665
412,24,0.517
412,25,0.599
412,26,0.534
412,27,0.524
412,28,2.556
412,29,2.675
412,30,2.648
412,31,2.73
412,32,2.747
412,33,2.773
412,34,2.138
412,35,2.773
412,36,3.168
412,37,2.382
412,38,0.45
412,39,0.683
412,40,0.664
412,41,0.63
412,42,0.595
412,43,0.638
412,44,0.599
412,45,0.912
412,46,1.075
412,47,0.747
412,48,0.584
413,1,0.582
413,2,0.682
413,3,0.722
413,4,0.652
413,5,0.642
413,6,0.697
413,7,0.718
413,8,0.616
413,9,0.579
413,10,0.652
413,11,0.593
413,12,0.581
413,13,0.563
413,14,0.703
413,15,0.558
413,16,0.583
413,17,0.568
413,18,1.093
413,19,0.85
413,20,1.429
413,21,2.026
413,22,0.741
413,23,0.609
413,24,1.23
413,25,2.853
413,26,2.699
413,27,2.646
413,28,2.704
413,29,2.702
413,30,2.561
413,31,2.786
413,32,2.576
413,33,2.76
413,34,2.579
413,35,2.618
413,36,2.981
413,37,3.114
413,38,1.41
413,39,1.743
413,40,1.179
413,41,0.982
413,42,0.783
413,43,0.94
413,44,0.818
413,45,0.849
413,46,0.719
413,47,0.675
413,48,0.745
414,1,0.72
414,2,1.023
414,3,0.748
414,4,0.753
414,5,0.706
414,6,0.675
414,7,0.676
414,8,0.775
414,9,0.669
414,10,0.674
414,11,0.664
414,12,0.77
414,13,0.718
414,14,0.823
414,15,0.721
414,16,0.769
414,17,0.749
414,18,0.825
414,19,1.084
414,20,0.692
414,21,0.562
414,22,0.633
414,23,0.9
414,24,1.101
414,25,2.484
414,26,2.492
414,27,2.593
414,28,3.098
414,29,2.489
414,30,2.544
414,31,2.822
414,32,2.768
414,33,2.646
414,34,2.682
414,35,3.076
414,36,2.988
414,37,2.881
414,38,1.052
414,39,0.936
414,40,1.196
414,41,2.222
414,42,1.173
414,43,1.137
414,44,1.884
414,45,1.644
414,46,2.084
414,47,1.932
414,48,1.951
415,1,1.654
415,2,1.847
415,3,1.683
415,4,1.579
415,5,1.081
415,6,0.823
415,7,0.835
415,8,0.841
415,9,0.892
415,10,0.892
415,11,0.854
415,12,0.832
415,13,0.914
415,14,1.147
415,15,0.911
415,16,1.699
415,17,2.411
415,18,4.876
415,19,1.535
415,20,1.611
415,21,1.931
415,22,1.797
415,23,2.178
415,24,3.253
415,25,3.076
415,26,2.751
415,27,2.781
415,28,2.716
415,29,2.639
415,30,2.625
415,31,3.136
415,32,2.664
415,33,2.544
415,34,2.746
415,35,2.644
415,36,2.741
415,37,2.924
415,38,1.507
415,39,1.191
415,40,1.009
415,41,1.214
415,42,0.969
415,43,1.571
415,44,1.187
415,45,1.047
415,46,0.97
415,47,1.098
415,48,0.941
