213,1,1.286
213,2,0.931
213,3,0.772
213,4,1.097
213,5,1.443
213,6,1.379
213,7,1.3
213,8,1.271
213,9,1.193
213,10,1.286
213,11,0.988
213,12,1.332
213,13,1.102
213,14,1.037
213,15,1.231
213,16,1.023
213,17,1.087
213,18,1.028
213,19,0.734
213,20,0.729
213,21,0.725
213,22,1.216
213,23,0.863
213,24,1.431
213,25,1.419
213,26,0.949
213,27,1.11
213,28,0.908
213,29,0.938
213,30,1.146
213,31,0.965
213,32,1.652
213,33,2.032
213,34,4.564
213,35,5.671
213,36,4.335
213,37,4.878
213,38,6.756
213,39,5.942
213,40,5.912
213,41,6.613
213,42,6.008
213,43,7.837
213,44,6.335
213,45,4.228
213,46,4.655
213,47,4.645
213,48,1.58
214,1,1.115
214,2,0.964
214,3,0.746
214,4,1.047
214,5,1.486
214,6,1.214
214,7,1.153
214,8,1.312
214,9,1.046
214,10,1.244
214,11,1.001
214,12,1.217
214,13,1.078
214,14,1.055
214,15,1.118
214,16,1.082
214,17,1.086
214,18,0.867
214,19,0.745
214,20,0.635
214,21,0.588
214,22,1.099
214,23,0.922
214,24,3.575
214,25,3.855
214,26,2.515
214,27,2.217
214,28,2.986
214,29,4.847
214,30,5.159
214,31,3.624
214,32,4.837
214,33,3.638
214,34,5.597
214,35,6.317
214,36,4.27
214,37,3.25
214,38,3.931
214,39,7.48
214,40,6.747
214,41,5.905
214,42,7.027
214,43,4.567
214,44,4.721
214,45,4.707
214,46,4.716
214,47,1.366
214,48,1.27
215,1,1.201
215,2,0.936
215,3,0.708
215,4,1.015
215,5,1.457
215,6,1.238
215,7,1.132
215,8,1.301
215,9,1.064
215,10,1.228
215,11,1.026
215,12,1.232
215,13,1.022
215,14,1.086
215,15,1.122
215,16,1.047
215,17,1.167
215,18,0.891
215,19,0.793
215,20,0.839
215,21,1.275
215,22,1.257
215,23,0.987
215,24,1.014
215,25,1.106
215,26,1.031
215,27,1.066
215,28,0.912
215,29,1.069
215,30,1.098
215,31,1.105
215,32,2.93
215,33,3.488
215,34,4.976
215,35,4.386
215,36,5.131
215,37,5.111
215,38,4.707
215,39,8.006
215,40,7.424
215,41,7.108
215,42,5.111
215,43,5.728
215,44,4.47
215,45,4.756
215,46,5.047
215,47,1.667
215,48,1.423
216,1,1.283
216,2,0.921
216,3,0.778
216,4,1.07
216,5,1.441
216,6,1.371
216,7,1.258
216,8,1.262
216,9,1.155
216,10,1.813
216,11,1.094
216,12,1.251
216,13,1.061
216,14,1.134
216,15,1.149
216,16,0.987
216,17,1.212
216,18,0.884
216,19,0.772
216,20,0.814
216,21,0.66
216,22,1.225
216,23,1.549
216,24,0.954
216,25,1.179
216,26,1.307
216,27,1.156
216,28,1.005
216,29,1.054
216,30,1.134
216,31,1.024
216,32,1.738
216,33,1.819
216,34,2.329
216,35,1.621
216,36,2.098
216,37,1.738
216,38,3.184
216,39,5.286
216,40,4.869
216,41,6.954
216,42,6.66
216,43,5.571
216,44,3.608
216,45,5.71
216,46,4.852
216,47,2.346
216,48,1.351
217,1,1.31
217,2,1.006
217,3,0.729
217,4,1.023
217,5,1.521
217,6,1.361
217,7,1.174
217,8,1.341
217,9,1.199
217,10,1.251
217,11,1.122
217,12,1.264
217,13,1.066
217,14,1.142
217,15,1.188
217,16,1.049
217,17,1.14
217,18,1.038
217,19,1.264
217,20,0.856
217,21,0.739
217,22,1.199
217,23,0.955
217,24,1.11
217,25,1.119
217,26,0.98
217,27,1.132
217,28,0.961
217,29,0.962
217,30,1.168
217,31,1.012
217,32,1.714
217,33,1.782
217,34,1.856
217,35,1.567
217,36,2.397
217,37,3.539
217,38,3.033
217,39,2.584
217,40,2.841
217,41,2.462
217,42,2.207
217,43,3.088
217,44,2.882
217,45,3.049
217,46,3.459
217,47,1.089
217,48,1.307
218,1,1.136
218,2,0.852
218,3,0.707
218,4,1.076
218,5,1.186
218,6,1.119
218,7,1.119
218,8,1.061
218,9,1.093
218,10,1.081
218,11,0.966
218,12,1.069
218,13,0.993
218,14,1.074
218,15,1.152
218,16,1.042
218,17,1.16
218,18,0.935
218,19,0.776
218,20,0.762
218,21,0.691
218,22,1.953
218,23,0.927
218,24,1.322
218,25,1.213
218,26,0.949
218,27,1.081
218,28,0.928
218,29,0.998
218,30,1.074
218,31,1.018
218,32,1.114
218,33,1.809
218,34,1.858
218,35,3.845
218,36,2.305
218,37,4.82
218,38,4.784
218,39,3.662
218,40,3.254
218,41,6.516
218,42,4.344
218,43,5.358
218,44,4.155
218,45,3.262
218,46,2.212
218,47,1.174
218,48,1.299
219,1,1.157
219,2,0.956
219,3,0.756
219,4,1.025
219,5,1.492
219,6,1.301
219,7,1.203
219,8,1.309
219,9,1.148
219,10,1.244
219,11,1.126
219,12,1.889
219,13,1.069
219,14,1.104
219,15,1.154
219,16,1.017
219,17,1.155
219,18,0.951
219,19,0.74
219,20,0.795
219,21,0.708
219,22,1.209
219,23,0.9
219,24,1.073
219,25,1.094
219,26,1.094
219,27,1.139
219,28,0.981
219,29,0.968
219,30,1.138
219,31,1.084
219,32,2.004
219,33,1.644
219,34,1.851
219,35,2.518
219,36,2.223
219,37,3.549
219,38,4.417
219,39,5.211
219,40,7.217
219,41,7.032
219,42,6.54
219,43,6.271
219,44,6.251
219,45,6.003
219,46,4.263
219,47,3.128
219,48,3.146
220,1,1.414
220,2,1.036
220,3,0.775
220,4,1.108
220,5,1.538
220,6,1.339
220,7,1.247
220,8,1.308
220,9,1.138
220,10,1.331
220,11,1.079
220,12,1.258
220,13,1.106
220,14,1.109
220,15,1.16
220,16,1.08
220,17,1.175
220,18,0.935
220,19,0.821
220,20,0.79
220,21,0.662
220,22,1.298
220,23,0.978
220,24,1.021
220,25,1.751
220,26,1.041
220,27,1.033
220,28,1.039
220,29,0.972
220,30,1.095
220,31,1.017
220,32,1.956
220,33,1.905
220,34,2.156
220,35,3.71
220,36,3.813
220,37,2.841
220,38,3.294
220,39,4.058
220,40,4.764
220,41,7.848
220,42,9.19
220,43,5.664
220,44,7.25
220,45,5.131
220,46,5.906
220,47,6.614
220,48,3.911
221,1,2.746
221,2,0.808
221,3,0.758
221,4,1.048
221,5,1.556
221,6,1.492
221,7,1.247
221,8,1.434
221,9,1.236
221,10,1.343
221,11,1.173
221,12,1.36
221,13,1.107
221,14,1.189
221,15,1.257
221,16,1.105
221,17,1.266
221,18,1.02
221,19,0.796
221,20,0.867
221,21,0.743
221,22,1.237
221,23,1.117
221,24,3.134
221,25,5.008
221,26,3.162
221,27,2.786
221,28,3.581
221,29,5.319
221,30,6.219
221,31,3.494
221,32,3.763
221,33,3.476
221,34,2.718
221,35,1.815
221,36,4.385
221,37,4.114
221,38,5.473
221,39,4.727
221,40,6.179
221,41,4.417
221,42,4.184
221,43,5.664
221,44,4.731
221,45,6.278
221,46,3.913
221,47,1.484
221,48,1.358
222,1,1.31
222,2,0.973
222,3,0.774
222,4,1.058
222,5,1.488
222,6,1.477
222,7,1.233
222,8,1.289
222,9,1.839
222,10,1.313
222,11,1.05
222,12,1.344
222,13,1.155
222,14,1.064
222,15,1.225
222,16,1.131
222,17,1.109
222,18,1.044
222,19,0.787
222,20,0.769
222,21,0.706
222,22,1.258
222,23,1.006
222,24,1.077
222,25,1.183
222,26,1.018
222,27,1.113
222,28,1.025
222,29,0.986
222,30,1.9
222,31,1.063
222,32,1.375
222,33,1.585
222,34,2.715
222,35,4.792
222,36,2.829
222,37,4.836
222,38,3.378
222,39,3.892
222,40,2.359
222,41,3.279
222,42,4.68
222,43,6.094
222,44,4.902
222,45,6.146
222,46,4.705
222,47,1.212
222,48,1.243
223,1,1.148
223,2,0.921
223,3,0.762
223,4,1.034
223,5,1.447
223,6,1.374
223,7,1.208
223,8,1.272
223,9,1.207
223,10,1.251
223,11,1.062
223,12,1.284
223,13,1.053
223,14,1.114
223,15,1.238
223,16,1.032
223,17,1.725
223,18,0.98
223,19,0.772
223,20,0.756
223,21,0.702
223,22,1.256
223,23,1.017
223,24,1.505
223,25,1.337
223,26,1.168
223,27,1.172
223,28,1.002
223,29,1.071
223,30,1.202
223,31,1.08
223,32,2.043
223,33,3.986
223,34,4.276
223,35,3.836
223,36,4.427
223,37,4.427
223,38,4.199
223,39,4.6
223,40,3.375
223,41,5.874
223,42,5.702
223,43,3.87
223,44,5.308
223,45,4.633
223,46,3.596
223,47,1.626
223,48,1.9
224,1,1.102
224,2,0.792
224,3,0.799
224,4,1.075
224,5,1.492
224,6,1.499
224,7,1.271
224,8,1.318
224,9,1.259
224,10,1.416
224,11,1.073
224,12,1.35
224,13,1.203
224,14,1.168
224,15,1.228
224,16,1.206
224,17,1.241
224,18,1.009
224,19,0.822
224,20,0.87
224,21,0.679
224,22,1.273
224,23,1.144
224,24,1.12
224,25,1.809
224,26,1.208
224,27,1.289
224,28,1.039
224,29,1.11
224,30,1.298
224,31,1.066
224,32,1.822
224,33,1.893
224,34,2.28
224,35,1.622
224,36,3.156
224,37,4.986
224,38,4.065
224,39,4.034
224,40,5.538
224,41,7.698
224,42,6.535
224,43,4.67
224,44,3.343
224,45,4.496
224,46,2.665
224,47,1.399
224,48,1.397
225,1,1.377
225,2,1.0
225,3,0.745
225,4,1.082
225,5,1.561
225,6,1.402
225,7,1.275
225,8,1.376
225,9,1.254
225,10,1.32
225,11,1.179
225,12,1.322
225,13,1.13
225,14,1.176
225,15,1.239
225,16,1.096
225,17,1.817
225,18,1.078
225,19,0.731
225,20,0.801
225,21,0.753
225,22,1.286
225,23,1.063
225,24,1.099
225,25,1.24
225,26,1.056
225,27,1.154
225,28,1.079
225,29,1.054
225,30,1.219
225,31,1.037
225,32,2.059
225,33,1.807
225,34,1.767
225,35,1.983
225,36,1.597
225,37,4.891
225,38,3.991
225,39,4.426
225,40,3.735
225,41,2.525
225,42,3.3
225,43,8.294
225,44,8.998
225,45,5.68
225,46,5.822
225,47,2.07
225,48,1.326
226,1,1.332
226,2,0.873
226,3,0.804
226,4,1.124
226,5,1.502
226,6,1.394
226,7,1.22
226,8,1.36
226,9,1.194
226,10,1.243
226,11,1.154
226,12,1.327
226,13,1.104
226,14,1.18
226,15,1.284
226,16,1.037
226,17,1.156
226,18,1.079
226,19,0.719
226,20,0.751
226,21,0.754
226,22,1.256
226,23,1.201
226,24,1.568
226,25,1.192
226,26,0.973
226,27,1.136
226,28,1.049
226,29,0.995
226,30,1.176
226,31,1.03
226,32,2.009
226,33,2.254
226,34,1.854
226,35,2.369
226,36,3.722
226,37,3.95
226,38,6.605
226,39,6.117
226,40,7.675
226,41,8.488
226,42,5.14
226,43,3.944
226,44,4.34
226,45,5.468
226,46,3.732
226,47,2.1
226,48,1.522
227,1,1.393
227,2,0.982
227,3,0.799
227,4,1.181
227,5,1.573
227,6,1.484
227,7,1.288
227,8,1.535
227,9,1.334
227,10,1.368
227,11,1.219
227,12,1.447
227,13,1.158
227,14,1.177
227,15,1.35
227,16,1.168
227,17,1.204
227,18,1.079
227,19,0.851
227,20,0.788
227,21,0.703
227,22,1.938
227,23,1.091
227,24,1.108
227,25,1.31
227,26,1.138
227,27,1.184
227,28,1.034
227,29,1.187
227,30,1.217
227,31,1.01
227,32,2.033
227,33,1.927
227,34,2.73
227,35,2.598
227,36,2.835
227,37,2.536
227,38,3.364
227,39,2.335
227,40,4.265
227,41,7.27
227,42,7.558
227,43,8.145
227,44,6.483
227,45,3.607
227,46,6.563
227,47,3.733
227,48,1.505
228,1,1.229
228,2,0.926
228,3,0.84
228,4,1.144
228,5,1.506
228,6,1.347
228,7,1.32
228,8,1.336
228,9,1.176
228,10,1.334
228,11,1.156
228,12,1.317
228,13,1.156
228,14,1.238
228,15,1.238
228,16,1.065
228,17,1.294
228,18,1.037
228,19,0.75
228,20,0.89
228,21,1.272
228,22,1.272
228,23,1.163
228,24,2.706
228,25,4.208
228,26,3.119
228,27,2.413
228,28,2.168
228,29,3.26
228,30,6.183
228,31,5.065
228,32,4.326
228,33,3.218
228,34,4.042
228,35,5.125
228,36,3.476
228,37,4.422
228,38,6.177
228,39,6.487
228,40,7.181
228,41,5.91
228,42,4.623
228,43,3.875
228,44,3.66
228,45,4.565
228,46,3.162
228,47,1.833
228,48,1.277
229,1,1.953
229,2,0.921
229,3,0.787
229,4,1.105
229,5,1.459
229,6,1.395
229,7,1.264
229,8,1.274
229,9,1.229
229,10,1.363
229,11,1.029
229,12,1.322
229,13,1.183
229,14,1.097
229,15,1.189
229,16,1.149
229,17,1.143
229,18,0.984
229,19,0.791
229,20,0.814
229,21,0.665
229,22,1.287
229,23,1.079
229,24,1.011
229,25,1.216
229,26,1.136
229,27,1.695
229,28,1.008
229,29,1.131
229,30,1.161
229,31,1.004
229,32,1.696
229,33,2.463
229,34,2.237
229,35,1.981
229,36,3.62
229,37,3.306
229,38,3.314
229,39,3.906
229,40,3.095
229,41,5.269
229,42,5.395
229,43,5.689
229,44,4.936
229,45,6.058
229,46,6.606
229,47,2.144
229,48,1.345
230,1,1.288
230,2,0.912
230,3,0.785
230,4,1.149
230,5,1.482
230,6,1.398
230,7,1.303
230,8,1.305
230,9,1.19
230,10,1.367
230,11,1.101
230,12,1.282
230,13,1.175
230,14,1.182
230,15,1.192
230,16,1.089
230,17,1.246
230,18,0.999
230,19,0.756
230,20,0.844
230,21,1.22
230,22,1.321
230,23,1.141
230,24,1.345
230,25,1.765
230,26,1.499
230,27,1.346
230,28,1.05
230,29,1.22
230,30,1.312
230,31,1.084
230,32,1.702
230,33,1.787
230,34,2.17
230,35,4.346
230,36,4.336
230,37,1.654
230,38,2.69
230,39,3.577
230,40,3.364
230,41,3.193
230,42,3.114
230,43,3.258
230,44,3.094
230,45,3.105
230,46,1.65
230,47,1.391
230,48,1.435
231,1,2.03
231,2,0.987
231,3,0.795
231,4,1.19
231,5,1.571
231,6,1.491
231,7,1.365
231,8,1.486
231,9,1.2
231,10,1.481
231,11,1.169
231,12,1.376
231,13,1.169
231,14,1.264
231,15,1.237
231,16,1.167
231,17,1.328
231,18,1.054
231,19,0.789
231,20,0.895
231,21,0.74
231,22,1.281
231,23,1.15
231,24,1.212
231,25,1.206
231,26,1.118
231,27,1.872
231,28,1.0
231,29,1.124
231,30,1.314
231,31,1.107
231,32,1.188
231,33,2.154
231,34,1.924
231,35,3.218
231,36,2.695
231,37,4.651
231,38,3.644
231,39,4.272
231,40,5.843
231,41,7.748
231,42,6.177
231,43,7.056
231,44,5.732
231,45,4.581
231,46,5.459
231,47,1.941
231,48,1.452
232,1,1.292
232,2,1.022
232,3,0.826
232,4,1.104
232,5,1.501
232,6,1.518
232,7,1.309
232,8,1.412
232,9,1.221
232,10,1.44
232,11,1.12
232,12,1.329
232,13,1.179
232,14,1.162
232,15,1.242
232,16,1.183
232,17,1.258
232,18,0.966
232,19,0.811
232,20,0.858
232,21,0.688
232,22,1.252
232,23,1.811
232,24,1.114
232,25,1.391
232,26,1.598
232,27,1.687
232,28,0.991
232,29,1.077
232,30,1.242
232,31,1.063
232,32,1.951
232,33,2.144
232,34,2.183
232,35,4.158
232,36,3.698
232,37,2.736
232,38,2.288
232,39,5.036
232,40,5.184
232,41,7.512
232,42,6.714
232,43,6.262
232,44,5.734
232,45,6.481
232,46,6.815
232,47,2.062
232,48,1.309
233,1,1.948
233,2,0.971
233,3,0.804
233,4,1.057
233,5,1.506
233,6,1.4
233,7,1.216
233,8,1.269
233,9,1.227
233,10,1.325
233,11,1.022
233,12,1.338
233,13,1.112
233,14,1.031
233,15,1.258
233,16,1.082
233,17,1.144
233,18,1.058
233,19,0.741
233,20,0.812
233,21,0.739
233,22,1.304
233,23,0.976
233,24,1.026
233,25,3.575
233,26,3.742
233,27,2.636
233,28,2.25
233,29,1.399
233,30,1.237
233,31,1.175
233,32,2.127
233,33,1.797
233,34,3.13
233,35,4.556
233,36,4.438
233,37,2.952
233,38,5.062
233,39,3.691
233,40,4.995
233,41,6.158
233,42,4.99
233,43,5.328
233,44,6.527
233,45,6.606
233,46,5.595
233,47,1.704
233,48,1.376
234,1,1.341
234,2,0.955
234,3,0.814
234,4,1.151
234,5,1.48
234,6,1.399
234,7,1.287
234,8,1.299
234,9,1.226
234,10,1.373
234,11,1.045
234,12,1.308
234,13,1.173
234,14,1.084
234,15,1.148
234,16,1.149
234,17,1.15
234,18,0.944
234,19,0.834
234,20,0.831
234,21,0.67
234,22,1.277
234,23,1.522
234,24,1.128
234,25,1.155
234,26,1.107
234,27,1.11
234,28,0.933
234,29,1.095
234,30,1.138
234,31,1.095
234,32,1.719
234,33,2.583
234,34,2.83
234,35,4.916
234,36,4.204
234,37,2.366
234,38,2.549
234,39,4.93
234,40,4.175
234,41,6.342
234,42,6.71
234,43,8.208
234,44,8.377
234,45,9.214
234,46,4.866
234,47,4.026
234,48,4.64
235,1,1.733
235,2,1.021
235,3,0.842
235,4,1.09
235,5,1.48
235,6,1.419
235,7,1.202
235,8,1.286
235,9,1.232
235,10,1.275
235,11,1.071
235,12,1.358
235,13,1.104
235,14,1.067
235,15,1.268
235,16,1.117
235,17,1.113
235,18,1.099
235,19,0.776
235,20,0.803
235,21,0.76
235,22,1.294
235,23,1.649
235,24,3.491
235,25,5.224
235,26,3.481
235,27,4.857
235,28,4.978
235,29,6.677
235,30,3.851
235,31,5.396
235,32,8.246
235,33,5.812
235,34,4.322
235,35,3.316
235,36,3.468
235,37,5.111
235,38,6.748
235,39,6.395
235,40,6.419
235,41,7.806
235,42,6.218
235,43,5.541
235,44,4.61
235,45,5.766
235,46,4.616
235,47,2.304
235,48,1.232
236,1,1.217
236,2,0.983
236,3,0.713
236,4,1.09
236,5,1.442
236,6,1.264
236,7,1.205
236,8,1.287
236,9,1.041
236,10,1.295
236,11,0.991
236,12,1.189
236,13,1.084
236,14,1.039
236,15,1.075
236,16,1.004
236,17,1.191
236,18,0.864
236,19,0.734
236,20,0.843
236,21,1.228
236,22,1.23
236,23,0.974
236,24,1.036
236,25,1.067
236,26,1.008
236,27,1.15
236,28,0.877
236,29,0.944
236,30,1.107
236,31,2.04
236,32,1.883
236,33,2.649
236,34,3.921
236,35,5.043
236,36,3.622
236,37,3.628
236,38,3.755
236,39,2.669
236,40,4.127
236,41,4.463
236,42,4.685
236,43,3.651
236,44,3.886
236,45,4.103
236,46,1.817
236,47,1.068
236,48,1.211
237,1,1.203
237,2,0.867
237,3,1.349
237,4,1.064
237,5,1.362
237,6,1.263
237,7,1.132
237,8,1.219
237,9,1.068
237,10,1.28
237,11,0.939
237,12,1.199
237,13,1.112
237,14,0.972
237,15,1.109
237,16,1.032
237,17,1.121
237,18,0.909
237,19,0.743
237,20,0.789
237,21,0.639
237,22,1.248
237,23,0.964
237,24,0.997
237,25,1.054
237,26,1.036
237,27,1.107
237,28,1.506
237,29,0.969
237,30,1.128
237,31,0.933
237,32,1.27
237,33,2.696
237,34,3.853
237,35,3.776
237,36,2.28
237,37,1.94
237,38,2.842
237,39,2.607
237,40,4.811
237,41,4.84
237,42,5.117
237,43,5.07
237,44,4.067
237,45,3.221
237,46,2.634
237,47,1.313
237,48,1.255
238,1,1.223
238,2,0.969
238,3,0.734
238,4,1.077
238,5,1.522
238,6,1.346
238,7,1.189
238,8,1.342
238,9,1.172
238,10,1.252
238,11,1.144
238,12,1.328
238,13,1.016
238,14,1.136
238,15,1.184
238,16,1.053
238,17,1.141
238,18,1.084
238,19,0.714
238,20,0.777
238,21,0.748
238,22,1.806
238,23,0.967
238,24,1.084
238,25,1.167
238,26,1.034
238,27,1.091
238,28,1.063
238,29,0.989
238,30,1.09
238,31,1.062
238,32,1.437
238,33,1.597
238,34,1.686
238,35,2.149
238,36,3.572
238,37,3.241
238,38,4.157
238,39,4.624
238,40,6.624
238,41,7.975
238,42,5.733
238,43,3.623
238,44,6.892
238,45,4.596
238,46,3.067
238,47,3.561
238,48,1.807
239,1,1.355
239,2,1.046
239,3,0.863
239,4,1.118
239,5,1.534
239,6,1.43
239,7,1.216
239,8,1.336
239,9,1.173
239,10,1.263
239,11,1.094
239,12,1.29
239,13,1.048
239,14,1.11
239,15,1.225
239,16,1.022
239,17,1.205
239,18,0.99
239,19,0.734
239,20,0.807
239,21,0.747
239,22,1.226
239,23,1.523
239,24,1.091
239,25,1.121
239,26,0.982
239,27,1.228
239,28,0.979
239,29,1.013
239,30,1.173
239,31,1.325
239,32,1.924
239,33,1.951
239,34,1.954
239,35,2.085
239,36,5.214
239,37,4.995
239,38,4.329
239,39,4.386
239,40,3.805
239,41,4.478
239,42,5.902
239,43,6.76
239,44,6.687
239,45,4.399
239,46,5.398
239,47,1.244
239,48,1.158
240,1,1.134
240,2,0.966
240,3,0.797
240,4,1.041
240,5,1.365
240,6,1.299
240,7,1.206
240,8,1.193
240,9,1.102
240,10,1.262
240,11,1.028
240,12,1.249
240,13,0.18
240,14,0.095
240,15,0.091
240,16,0.093
240,17,0.094
240,18,0.094
240,19,0.094
240,20,0.091
240,21,0.091
240,22,0.091
240,23,0.092
240,24,0.09
240,25,0.12
240,26,0.089
240,27,0.094
240,28,0.086
240,29,0.086
240,30,0.088
240,31,0.087
240,32,2.335
240,33,2.166
240,34,2.184
240,35,4.289
240,36,5.163
240,37,4.533
240,38,3.067
240,39,2.451
240,40,3.656
240,41,5.058
240,42,5.207
240,43,5.599
240,44,5.892
240,45,4.83
240,46,3.513
240,47,1.59
240,48,1.781
388,1,2.22
388,2,2.078
388,3,2.293
388,4,2.088
388,5,2.219
388,6,2.121
388,7,2.197
388,8,2.1
388,9,2.003
388,10,2.118
388,11,1.322
388,12,0.926
388,13,1.049
388,14,1.438
388,15,0.943
388,16,1.458
388,17,0.795
388,18,0.88
388,19,0.752
388,20,0.842
388,21,0.699
388,22,0.911
388,23,0.73
388,24,0.766
388,25,0.818
388,26,0.727
388,27,0.873
388,28,0.668
388,29,0.724
388,30,0.807
388,31,0.777
388,32,2.996
388,33,2.184
388,34,4.408
388,35,9.323
388,36,7.214
388,37,9.114
388,38,9.93
388,39,9.417
388,40,10.571
388,41,11.671
388,42,10.582
388,43,9.638
388,44,6.016
388,45,5.101
388,46,4.244
388,47,3.501
388,48,1.668
389,1,2.272
389,2,2.062
389,3,2.222
389,4,2.088
389,5,2.211
389,6,2.053
389,7,2.151
389,8,2.58
389,9,1.958
389,10,2.018
389,11,1.248
389,12,0.897
389,13,1.059
389,14,1.46
389,15,0.885
389,16,0.885
389,17,0.716
389,18,0.9
389,19,0.713
389,20,0.823
389,21,0.704
389,22,0.857
389,23,0.923
389,24,3.375
389,25,6.34
389,26,3.476
389,27,5.525
389,28,6.611
389,29,7.584
389,30,5.133
389,31,5.585
389,32,5.545
389,33,6.71
389,34,5.013
389,35,4.349
389,36,6.146
389,37,9.901
389,38,8.363
389,39,8.563
389,40,8.931
389,41,4.884
389,42,3.352
389,43,4.341
389,44,3.736
389,45,4.958
389,46,2.664
389,47,1.082
389,48,1.624
390,1,2.283
390,2,2.068
390,3,2.199
390,4,2.082
390,5,2.748
390,6,2.096
390,7,2.166
390,8,2.069
390,9,1.983
390,10,2.016
390,11,1.199
390,12,0.931
390,13,1.046
390,14,1.39
390,15,0.909
390,16,0.847
390,17,0.768
390,18,0.875
390,19,0.746
390,20,0.872
390,21,0.624
390,22,0.884
390,23,0.715
390,24,0.877
390,25,1.424
390,26,0.683
390,27,0.835
390,28,0.665
390,29,0.682
390,30,0.823
390,31,0.695
390,32,1.717
390,33,2.209
390,34,1.81
390,35,2.118
390,36,4.767
390,37,7.974
390,38,8.319
390,39,5.787
390,40,6.222
390,41,4.25
390,42,4.733
390,43,2.672
390,44,2.987
390,45,2.864
390,46,2.26
390,47,0.966
390,48,1.524
391,1,2.191
391,2,2.732
391,3,2.168
391,4,2.014
391,5,2.059
391,6,1.944
391,7,2.09
391,8,2.028
391,9,1.903
391,10,1.967
391,11,1.169
391,12,0.878
391,13,1.017
391,14,1.419
391,15,0.88
391,16,0.842
391,17,0.719
391,18,0.895
391,19,0.676
391,20,0.844
391,21,0.682
391,22,1.27
391,23,1.179
391,24,1.05
391,25,1.136
391,26,0.977
391,27,1.206
391,28,0.978
391,29,0.987
391,30,1.186
391,31,0.998
391,32,2.283
391,33,3.349
391,34,2.922
391,35,2.59
391,36,6.784
391,37,6.622
391,38,6.946
391,39,8.126
391,40,6.398
391,41,4.45
391,42,4.901
391,43,4.922
391,44,2.978
391,45,2.936
391,46,2.156
391,47,1.476
391,48,1.471
392,1,2.129
392,2,2.002
392,3,2.134
392,4,2.041
392,5,2.081
392,6,2.02
392,7,2.111
392,8,2.05
392,9,1.96
392,10,1.985
392,11,1.236
392,12,0.864
392,13,1.01
392,14,1.441
392,15,0.832
392,16,0.864
392,17,1.346
392,18,0.853
392,19,0.725
392,20,0.837
392,21,0.627
392,22,0.834
392,23,0.723
392,24,0.665
392,25,0.793
392,26,0.705
392,27,0.811
392,28,0.615
392,29,0.815
392,30,0.838
392,31,0.691
392,32,1.735
392,33,2.428
392,34,5.54
392,35,7.672
392,36,6.88
392,37,8.447
392,38,7.62
392,39,5.295
392,40,7.697
392,41,6.605
392,42,5.852
392,43,5.502
392,44,4.366
392,45,3.084
392,46,2.641
392,47,0.94
392,48,1.558
393,1,2.133
393,2,2.131
393,3,2.139
393,4,2.126
393,5,2.074
393,6,2.038
393,7,2.019
393,8,2.042
393,9,2.002
393,10,2.06
393,11,1.084
393,12,0.838
393,13,0.968
393,14,1.478
393,15,0.777
393,16,1.392
393,17,0.766
393,18,0.736
393,19,0.765
393,20,0.718
393,21,0.702
393,22,0.763
393,23,0.667
393,24,0.681
393,25,0.72
393,26,0.674
393,27,0.75
393,28,0.664
393,29,0.64
393,30,0.7
393,31,0.697
393,32,0.906
393,33,3.371
393,34,4.778
393,35,6.268
393,36,5.279
393,37,5.567
393,38,5.586
393,39,7.464
393,40,5.161
393,41,8.051
393,42,6.57
393,43,6.395
393,44,7.889
393,45,6.232
393,46,3.774
393,47,1.043
393,48,1.638
394,1,2.19
394,2,2.151
394,3,2.154
394,4,2.122
394,5,2.17
394,6,2.138
394,7,2.065
394,8,2.078
394,9,2.08
394,10,1.99
394,11,1.115
394,12,0.816
394,13,0.991
394,14,1.492
394,15,0.953
394,16,1.02
394,17,1.42
394,18,0.961
394,19,0.766
394,20,0.952
394,21,0.727
394,22,0.958
394,23,0.75
394,24,0.776
394,25,0.865
394,26,0.741
394,27,0.858
394,28,0.731
394,29,0.804
394,30,1.032
394,31,0.714
394,32,1.903
394,33,1.781
394,34,3.684
394,35,6.601
394,36,6.152
394,37,8.061
394,38,6.986
394,39,7.654
394,40,8.307
394,41,8.527
394,42,6.809
394,43,8.156
394,44,7.098
394,45,4.902
394,46,6.207
394,47,2.631
394,48,1.758
395,1,2.368
395,2,2.151
395,3,2.329
395,4,2.201
395,5,2.162
395,6,2.077
395,7,2.223
395,8,2.12
395,9,2.043
395,10,2.06
395,11,1.293
395,12,0.95
395,13,1.053
395,14,1.505
395,15,0.907
395,16,0.973
395,17,0.737
395,18,0.907
395,19,1.316
395,20,0.927
395,21,0.677
395,22,0.9
395,23,0.713
395,24,0.754
395,25,0.864
395,26,0.739
395,27,1.184
395,28,0.942
395,29,1.105
395,30,1.205
395,31,1.291
395,32,2.151
395,33,1.422
395,34,6.915
395,35,8.006
395,36,8.614
395,37,10.257
395,38,10.226
395,39,10.856
395,40,10.735
395,41,7.75
395,42,8.815
395,43,10.219
395,44,9.457
395,45,6.397
395,46,6.189
395,47,3.34
395,48,2.21
396,1,2.269
396,2,2.028
396,3,2.225
396,4,2.088
396,5,2.122
396,6,2.041
396,7,2.158
396,8,2.037
396,9,1.971
396,10,1.987
396,11,1.275
396,12,0.882
396,13,1.083
396,14,1.425
396,15,0.948
396,16,0.89
396,17,0.755
396,18,0.867
396,19,1.301
396,20,0.887
396,21,0.666
396,22,0.892
396,23,1.424
396,24,3.526
396,25,4.172
396,26,4.617
396,27,7.719
396,28,6.037
396,29,4.361
396,30,7.02
396,31,5.045
396,32,5.239
396,33,4.528
396,34,4.603
396,35,6.502
396,36,6.867
396,37,9.398
396,38,7.918
396,39,8.046
396,40,8.914
396,41,9.172
396,42,6.627
396,43,7.138
396,44,6.174
396,45,6.785
396,46,5.989
396,47,3.814
396,48,2.391
397,1,2.294
397,2,2.042
397,3,2.212
397,4,2.081
397,5,2.818
397,6,1.807
397,7,0.921
397,8,0.822
397,9,1.551
397,10,0.927
397,11,0.939
397,12,0.925
397,13,0.779
397,14,0.708
397,15,0.87
397,16,0.832
397,17,0.763
397,18,0.843
397,19,0.743
397,20,0.797
397,21,0.608
397,22,0.834
397,23,0.669
397,24,0.653
397,25,0.866
397,26,1.299
397,27,0.834
397,28,0.603
397,29,0.651
397,30,0.824
397,31,0.634
397,32,1.11
397,33,2.412
397,34,1.987
397,35,4.022
397,36,5.861
397,37,9.726
397,38,9.325
397,39,6.181
397,40,8.568
397,41,8.498
397,42,5.834
397,43,3.723
397,44,4.026
397,45,4.394
397,46,2.35
397,47,0.857
397,48,1.475
398,1,1.024
398,2,0.796
398,3,0.972
398,4,0.81
398,5,0.931
398,6,0.812
398,7,0.985
398,8,0.821
398,9,0.763
398,10,0.764
398,11,0.97
398,12,0.897
398,13,0.82
398,14,0.713
398,15,0.893
398,16,0.826
398,17,0.774
398,18,0.844
398,19,1.315
398,20,0.851
398,21,0.614
398,22,0.865
398,23,0.705
398,24,0.687
398,25,0.819
398,26,0.677
398,27,0.892
398,28,0.608
398,29,0.657
398,30,0.85
398,31,0.666
398,32,2.208
398,33,4.554
398,34,3.854
398,35,5.12
398,36,5.991
398,37,7.146
398,38,6.444
398,39,4.231
398,40,5.468
398,41,4.461
398,42,5.183
398,43,4.225
398,44,4.697
398,45,5.428
398,46,4.361
398,47,1.957
398,48,0.906
399,1,1.016
399,2,0.871
399,3,1.006
399,4,0.88
399,5,0.984
399,6,0.827
399,7,1.012
399,8,0.845
399,9,0.822
399,10,0.789
399,11,0.972
399,12,1.444
399,13,0.849
399,14,0.729
399,15,0.945
399,16,0.905
399,17,0.744
399,18,0.888
399,19,0.733
399,20,0.92
399,21,0.665
399,22,0.86
399,23,0.718
399,24,0.74
399,25,0.914
399,26,0.712
399,27,0.891
399,28,1.022
399,29,0.751
399,30,0.919
399,31,1.372
399,32,1.78
399,33,1.954
399,34,1.54
399,35,1.768
399,36,2.825
399,37,5.186
399,38,5.885
399,39,8.246
399,40,8.67
399,41,6.531
399,42,6.052
399,43,4.798
399,44,3.624
399,45,3.935
399,46,3.454
399,47,1.027
399,48,0.935
400,1,1.056
400,2,0.77
400,3,1.029
400,4,0.881
400,5,0.978
400,6,0.811
400,7,0.946
400,8,0.846
400,9,0.796
400,10,1.215
400,11,1.265
400,12,0.91
400,13,0.819
400,14,0.738
400,15,0.921
400,16,0.914
400,17,0.743
400,18,0.95
400,19,0.73
400,20,0.848
400,21,0.701
400,22,0.863
400,23,0.802
400,24,0.673
400,25,0.844
400,26,0.759
400,27,0.843
400,28,0.696
400,29,0.729
400,30,0.847
400,31,0.716
400,32,2.408
400,33,2.189
400,34,3.012
400,35,5.929
400,36,7.989
400,37,8.548
400,38,8.128
400,39,8.038
400,40,8.407
400,41,8.842
400,42,7.496
400,43,6.265
400,44,6.432
400,45,5.756
400,46,4.113
400,47,1.895
400,48,1.02
401,1,1.2
401,2,0.985
401,3,1.121
401,4,0.941
401,5,1.077
401,6,0.93
401,7,1.06
401,8,0.912
401,9,0.845
401,10,0.907
401,11,1.015
401,12,0.995
401,13,0.822
401,14,0.801
401,15,0.95
401,16,0.981
401,17,0.816
401,18,0.923
401,19,0.862
401,20,1.452
401,21,0.716
401,22,0.921
401,23,0.775
401,24,0.764
401,25,0.86
401,26,0.783
401,27,0.883
401,28,0.731
401,29,0.745
401,30,0.858
401,31,0.757
401,32,2.2
401,33,1.945
401,34,4.156
401,35,6.124
401,36,8.497
401,37,7.199
401,38,6.736
401,39,8.104
401,40,6.991
401,41,9.836
401,42,9.315
401,43,8.455
401,44,4.448
401,45,4.558
401,46,3.545
401,47,3.182
401,48,1.0
402,1,1.195
402,2,0.993
402,3,1.048
402,4,0.928
402,5,1.061
402,6,0.919
402,7,1.064
402,8,0.918
402,9,0.832
402,10,0.892
402,11,0.992
402,12,0.998
402,13,0.835
402,14,0.801
402,15,0.949
402,16,0.933
402,17,0.797
402,18,0.917
402,19,0.925
402,20,1.332
402,21,0.721
402,22,0.866
402,23,0.757
402,24,0.752
402,25,0.872
402,26,0.765
402,27,0.876
402,28,0.733
402,29,0.716
402,30,0.856
402,31,0.725
402,32,1.753
402,33,2.365
402,34,5.737
402,35,8.546
402,36,7.773
402,37,8.173
402,38,7.986
402,39,8.986
402,40,9.057
402,41,10.348
402,42,9.817
402,43,9.618
402,44,6.996
402,45,4.24
402,46,4.777
402,47,2.337
402,48,0.998
403,1,1.117
403,2,0.897
403,3,1.038
403,4,0.894
403,5,1.044
403,6,0.863
403,7,1.004
403,8,0.871
403,9,0.794
403,10,0.872
403,11,0.932
403,12,0.95
403,13,0.796
403,14,0.757
403,15,0.925
403,16,0.953
403,17,0.757
403,18,1.536
403,19,0.748
403,20,0.919
403,21,0.695
403,22,0.891
403,23,1.498
403,24,2.465
403,25,5.121
403,26,3.557
403,27,4.36
403,28,3.716
403,29,10.232
403,30,8.434
403,31,5.567
403,32,2.72
403,33,5.459
403,34,5.363
403,35,7.063
403,36,9.952
403,37,9.42
403,38,7.196
403,39,9.07
403,40,6.776
403,41,3.842
403,42,3.453
403,43,2.934
403,44,4.738
403,45,3.572
403,46,3.976
403,47,1.3
403,48,0.955
404,1,1.1
404,2,0.858
404,3,1.018
404,4,0.958
404,5,1.024
404,6,0.852
404,7,1.002
404,8,0.843
404,9,0.787
404,10,0.816
404,11,0.978
404,12,1.006
404,13,0.829
404,14,0.777
404,15,0.898
404,16,0.957
404,17,0.769
404,18,0.926
404,19,0.749
404,20,1.533
404,21,0.673
404,22,0.833
404,23,0.774
404,24,0.719
404,25,0.911
404,26,0.708
404,27,0.846
404,28,0.714
404,29,0.734
404,30,0.901
404,31,0.861
404,32,1.945
404,33,1.64
404,34,1.588
404,35,1.684
404,36,3.608
404,37,7.561
404,38,7.795
404,39,7.301
404,40,6.792
404,41,7.457
404,42,5.262
404,43,3.552
404,44,2.755
404,45,3.82
404,46,5.939
404,47,1.857
404,48,0.919
405,1,1.027
405,2,0.823
405,3,1.056
405,4,0.893
405,5,1.586
405,6,0.814
405,7,0.997
405,8,0.835
405,9,0.82
405,10,0.804
405,11,1.007
405,12,0.975
405,13,0.825
405,14,0.753
405,15,0.88
405,16,0.966
405,17,0.808
405,18,0.865
405,19,0.792
405,20,0.839
405,21,0.732
405,22,0.802
405,23,0.707
405,24,1.316
405,25,0.846
405,26,0.703
405,27,0.866
405,28,0.668
405,29,0.656
405,30,0.86
405,31,0.667
405,32,1.401
405,33,1.806
405,34,2.186
405,35,5.084
405,36,7.543
405,37,6.56
405,38,7.894
405,39,9.731
405,40,10.218
405,41,9.494
405,42,6.327
405,43,3.631
405,44,2.798
405,45,2.976
405,46,2.84
405,47,1.064
405,48,0.879
406,1,1.067
406,2,0.834
406,3,0.978
406,4,0.9
406,5,0.93
406,6,0.862
406,7,0.946
406,8,0.84
406,9,0.769
406,10,0.802
406,11,1.152
406,12,1.261
406,13,0.832
406,14,0.695
406,15,0.899
406,16,0.907
406,17,0.672
406,18,0.859
406,19,0.718
406,20,0.813
406,21,0.647
406,22,0.807
406,23,0.703
406,24,0.709
406,25,0.778
406,26,0.688
406,27,0.865
406,28,0.636
406,29,0.692
406,30,0.86
406,31,0.655
406,32,2.3
406,33,2.347
406,34,3.773
406,35,3.807
406,36,4.186
406,37,3.543
406,38,6.51
406,39,6.216
406,40,8.576
406,41,10.381
406,42,9.746
406,43,6.613
406,44,5.464
406,45,6.227
406,46,2.924
406,47,0.94
406,48,0.902
407,1,1.039
407,2,1.405
407,3,0.945
407,4,0.903
407,5,0.91
407,6,0.843
407,7,0.901
407,8,0.817
407,9,0.742
407,10,0.752
407,11,0.971
407,12,0.881
407,13,0.745
407,14,0.703
407,15,0.832
407,16,0.874
407,17,0.734
407,18,0.807
407,19,0.68
407,20,1.406
407,21,0.591
407,22,0.783
407,23,0.691
407,24,0.649
407,25,0.745
407,26,0.71
407,27,0.79
407,28,0.759
407,29,0.703
407,30,0.814
407,31,0.68
407,32,2.132
407,33,1.829
407,34,2.41
407,35,6.194
407,36,6.037
407,37,7.524
407,38,5.422
407,39,6.192
407,40,6.572
407,41,5.318
407,42,4.354
407,43,3.505
407,44,2.919
407,45,2.934
407,46,2.378
407,47,0.909
407,48,0.835
408,1,0.934
408,2,0.756
408,3,0.914
408,4,0.857
408,5,0.893
408,6,0.793
408,7,0.841
408,8,0.786
408,9,0.717
408,10,0.777
408,11,0.846
408,12,0.954
408,13,0.747
408,14,0.647
408,15,0.874
408,16,1.541
408,17,0.754
408,18,0.767
408,19,0.69
408,20,0.847
408,21,0.608
408,22,0.771
408,23,0.714
408,24,0.647
408,25,0.779
408,26,0.756
408,27,0.807
408,28,0.664
408,29,0.718
408,30,0.822
408,31,0.83
408,32,2.339
408,33,4.57
408,34,5.128
408,35,7.947
408,36,4.694
408,37,8.146
408,38,8.494
408,39,8.963
408,40,11.127
408,41,9.568
408,42,9.083
408,43,6.227
408,44,5.547
408,45,4.982
408,46,5.179
408,47,3.328
408,48,1.07
409,1,1.078
409,2,0.823
409,3,1.012
409,4,0.875
409,5,0.953
409,6,0.847
409,7,0.9
409,8,0.841
409,9,0.712
409,10,0.804
409,11,0.895
409,12,1.586
409,13,0.762
409,14,0.677
409,15,0.892
409,16,0.847
409,17,0.763
409,18,0.839
409,19,0.71
409,20,0.831
409,21,0.63
409,22,0.849
409,23,0.688
409,24,0.624
409,25,0.857
409,26,0.667
409,27,0.854
409,28,0.713
409,29,0.712
409,30,1.348
409,31,2.082
409,32,2.163
409,33,3.654
409,34,5.087
409,35,8.478
409,36,10.375
409,37,9.586
409,38,11.691
409,39,10.389
409,40,10.71
409,41,8.975
409,42,9.859
409,43,8.249
409,44,10.505
409,45,8.624
409,46,7.216
409,47,4.578
409,48,4.344
410,1,1.224
410,2,0.868
410,3,1.034
410,4,0.924
410,5,0.987
410,6,0.878
410,7,0.953
410,8,0.874
410,9,0.776
410,10,0.804
410,11,0.964
410,12,0.923
410,13,0.877
410,14,0.741
410,15,0.924
410,16,0.868
410,17,0.717
410,18,0.895
410,19,0.726
410,20,1.474
410,21,0.658
410,22,0.867
410,23,1.124
410,24,3.458
410,25,4.98
410,26,3.399
410,27,4.39
410,28,5.877
410,29,7.218
410,30,8.896
410,31,7.581
410,32,8.227
410,33,7.719
410,34,9.324
410,35,7.353
410,36,8.484
410,37,8.156
410,38,9.504
410,39,10.586
410,40,8.99
410,41,7.205
410,42,8.833
410,43,8.082
410,44,6.395
410,45,3.862
410,46,3.77
410,47,1.695
410,48,1.0
411,1,1.035
411,2,0.861
411,3,1.007
411,4,0.896
411,5,0.976
411,6,0.816
411,7,0.951
411,8,0.799
411,9,0.779
411,10,0.768
411,11,0.976
411,12,0.961
411,13,0.803
411,14,0.702
411,15,0.869
411,16,0.889
411,17,0.716
411,18,1.23
411,19,1.148
411,20,0.822
411,21,0.702
411,22,0.843
411,23,0.747
411,24,0.678
411,25,1.187
411,26,1.102
411,27,1.318
411,28,2.184
411,29,1.039
411,30,0.863
411,31,0.687
411,32,1.667
411,33,1.727
411,34,1.812
411,35,3.544
411,36,5.829
411,37,4.284
411,38,5.656
411,39,5.959
411,40,2.648
411,41,4.962
411,42,4.94
411,43,2.397
411,44,2.332
411,45,3.1
411,46,2.439
411,47,0.9
411,48,0.894
412,1,1.818
412,2,0.826
412,3,1.006
412,4,0.887
412,5,0.97
412,6,0.806
412,7,0.93
412,8,0.813
412,9,0.773
412,10,0.833
412,11,0.934
412,12,0.984
412,13,0.775
412,14,0.746
412,15,0.853
412,16,0.899
412,17,0.789
412,18,0.873
412,19,0.748
412,20,0.799
412,21,0.66
412,22,0.883
412,23,0.7
412,24,0.687
412,25,1.48
412,26,0.691
412,27,0.869
412,28,0.684
412,29,0.696
412,30,0.886
412,31,0.667
412,32,1.516
412,33,2.143
412,34,3.449
412,35,4.359
412,36,3.492
412,37,4.143
412,38,5.769
412,39,8.98
412,40,9.511
412,41,8.952
412,42,7.38
412,43,4.125
412,44,4.532
412,45,2.822
412,46,2.368
412,47,0.958
412,48,0.922
413,1,1.021
413,2,0.845
413,3,0.947
413,4,0.842
413,5,0.965
413,6,0.826
413,7,0.98
413,8,0.822
413,9,0.781
413,10,0.786
413,11,0.975
413,12,0.923
413,13,0.846
413,14,1.302
413,15,0.929
413,16,0.898
413,17,0.677
413,18,0.901
413,19,0.73
413,20,0.855
413,21,0.666
413,22,0.793
413,23,0.766
413,24,0.657
413,25,0.792
413,26,0.715
413,27,0.825
413,28,0.657
413,29,0.73
413,30,0.793
413,31,0.686
413,32,1.141
413,33,2.08
413,34,2.069
413,35,1.664
413,36,3.316
413,37,8.47
413,38,7.671
413,39,7.215
413,40,5.496
413,41,6.514
413,42,3.128
413,43,2.524
413,44,2.509
413,45,2.906
413,46,2.468
413,47,0.888
413,48,0.81
414,1,0.997
414,2,0.765
414,3,0.945
414,4,0.847
414,5,0.961
414,6,0.77
414,7,0.944
414,8,0.774
414,9,0.771
414,10,0.782
414,11,0.908
414,12,0.891
414,13,0.773
414,14,1.362
414,15,0.819
414,16,0.86
414,17,0.714
414,18,0.802
414,19,0.75
414,20,0.835
414,21,0.614
414,22,0.856
414,23,0.649
414,24,0.669
414,25,0.822
414,26,0.665
414,27,0.788
414,28,0.731
414,29,0.651
414,30,0.782
414,31,0.709
414,32,1.518
414,33,2.522
414,34,3.878
414,35,4.991
414,36,7.49
414,37,7.819
414,38,6.521
414,39,7.53
414,40,4.984
414,41,5.559
414,42,5.413
414,43,7.789
414,44,8.079
414,45,5.504
414,46,2.946
414,47,0.92
414,48,0.859
415,1,1.028
415,2,0.808
415,3,0.985
415,4,0.832
415,5,0.914
415,6,0.785
415,7,0.944
415,8,0.787
415,9,0.772
415,10,0.725
415,11,0.959
415,12,0.936
415,13,0.759
415,14,1.333
415,15,0.848
415,16,0.851
415,17,0.71
415,18,0.847
415,19,0.714
415,20,0.825
415,21,0.637
415,22,0.799
415,23,0.719
415,24,0.644
415,25,0.851
415,26,0.645
415,27,0.821
415,28,0.656
415,29,0.736
415,30,0.773
415,31,0.638
415,32,1.948
415,33,1.577
415,34,2.345
415,35,4.865
415,36,6.777
415,37,7.727
415,38,7.591
415,39,8.916
415,40,10.025
415,41,8.971
415,42,9.501
415,43,9.986
415,44,6.559
415,45,5.436
415,46,4.834
415,47,2.556
415,48,0.895
