213,1,0.344
213,2,0.305
213,3,0.567
213,4,0.424
213,5,0.089
213,6,0.03
213,7,0.087
213,8,0.011
213,9,0.011
213,10,0.08
213,11,0.04
213,12,0.011
213,13,0.045
213,14,0.073
213,15,0.01
213,16,0.012
213,17,0.089
213,18,0.026
213,19,0.01
213,20,0.061
213,21,2.104
213,22,1.912
213,23,0.101
213,24,0.121
213,25,0.084
213,26,0.019
213,27,0.011
213,28,0.062
213,29,0.085
213,30,0.01
213,31,0.011
213,32,0.295
213,33,0.116
213,34,0.242
213,35,0.212
213,36,0.206
213,37,0.269
213,38,0.325
213,39,0.273
213,40,0.216
213,41,0.23
213,42,0.4
213,43,0.413
213,44,0.468
213,45,0.333
213,46,0.414
213,47,0.268
213,48,0.151
214,1,0.086
214,2,0.014
214,3,0.011
214,4,0.075
214,5,0.048
214,6,0.011
214,7,0.039
214,8,0.082
214,9,0.011
214,10,0.011
214,11,0.078
214,12,0.046
214,13,0.011
214,14,0.036
214,15,0.085
214,16,0.022
214,17,0.013
214,18,2.205
214,19,1.184
214,20,0.046
214,21,0.17
214,22,0.483
214,23,0.061
214,24,0.028
214,25,0.086
214,26,0.027
214,27,0.011
214,28,0.072
214,29,0.053
214,30,0.011
214,31,0.046
214,32,0.164
214,33,0.128
214,34,0.126
214,35,0.196
214,36,0.29
214,37,0.079
214,38,0.088
214,39,0.027
214,40,0.01
214,41,0.122
214,42,0.423
214,43,0.322
214,44,0.315
214,45,0.219
214,46,0.146
214,47,0.078
214,48,0.025
215,1,0.089
215,2,0.025
215,3,0.011
215,4,0.058
215,5,0.073
215,6,0.011
215,7,0.011
215,8,0.089
215,9,0.04
215,10,0.011
215,11,0.04
215,12,0.088
215,13,0.011
215,14,0.011
215,15,0.072
215,16,0.055
215,17,0.011
215,18,1.243
215,19,2.302
215,20,0.194
215,21,0.192
215,22,0.577
215,23,0.776
215,24,0.258
215,25,0.213
215,26,0.166
215,27,0.013
215,28,0.046
215,29,0.084
215,30,0.006
215,31,0.006
215,32,0.06
215,33,0.323
215,34,0.131
215,35,0.123
215,36,0.199
215,37,0.143
215,38,0.12
215,39,0.176
215,40,0.351
215,41,1.082
215,42,2.527
215,43,0.582
215,44,0.233
215,45,0.31
215,46,0.334
215,47,0.191
215,48,0.004
216,1,0.004
216,2,0.052
216,3,0.088
216,4,0.012
216,5,0.011
216,6,0.077
216,7,0.053
216,8,0.011
216,9,0.036
216,10,0.088
216,11,0.017
216,12,0.011
216,13,0.073
216,14,0.057
216,15,1.859
216,16,0.1
216,17,0.165
216,18,0.096
216,19,0.09
216,20,0.158
216,21,0.319
216,22,0.061
216,23,0.04
216,24,0.086
216,25,0.021
216,26,0.011
216,27,0.079
216,28,0.056
216,29,0.329
216,30,0.085
216,31,0.051
216,32,0.004
216,33,0.003
216,34,0.081
216,35,0.062
216,36,0.094
216,37,0.356
216,38,0.151
216,39,0.065
216,40,0.8
216,41,0.619
216,42,0.458
216,43,1.716
216,44,1.342
216,45,0.27
216,46,0.088
216,47,0.011
216,48,0.05
217,1,0.081
217,2,0.011
217,3,0.021
217,4,0.089
217,5,0.029
217,6,0.011
217,7,0.069
217,8,0.062
217,9,0.011
217,10,0.031
217,11,0.088
217,12,0.02
217,13,0.011
217,14,0.069
217,15,2.255
217,16,0.08
217,17,0.026
217,18,0.093
217,19,0.216
217,20,0.019
217,21,0.088
217,22,0.046
217,23,0.01
217,24,0.05
217,25,0.08
217,26,0.01
217,27,0.019
217,28,0.088
217,29,0.027
217,30,0.01
217,31,0.075
217,32,0.046
217,33,0.004
217,34,0.202
217,35,0.117
217,36,0.101
217,37,0.177
217,38,0.171
217,39,0.134
217,40,0.014
217,41,0.181
217,42,0.368
217,43,0.185
217,44,2.03
217,45,0.231
217,46,0.284
217,47,0.104
217,48,0.011
218,1,0.053
218,2,0.074
218,3,0.011
218,4,0.011
218,5,0.092
218,6,0.036
218,7,0.011
218,8,0.052
218,9,0.077
218,10,0.011
218,11,0.011
218,12,0.092
218,13,0.036
218,14,0.011
218,15,0.409
218,16,0.114
218,17,0.055
218,18,0.086
218,19,0.227
218,20,0.066
218,21,0.01
218,22,0.028
218,23,0.087
218,24,0.051
218,25,0.129
218,26,0.164
218,27,0.081
218,28,0.01
218,29,0.027
218,30,0.087
218,31,0.07
218,32,0.242
218,33,0.131
218,34,0.122
218,35,0.135
218,36,0.239
218,37,0.182
218,38,0.189
218,39,0.004
218,40,0.053
218,41,0.081
218,42,0.011
218,43,0.056
218,44,0.105
218,45,0.038
218,46,0.011
218,47,0.056
218,48,0.071
219,1,0.011
219,2,0.019
219,3,0.089
219,4,0.031
219,5,0.011
219,6,0.057
219,7,0.163
219,8,0.201
219,9,0.219
219,10,0.286
219,11,0.221
219,12,0.034
219,13,0.063
219,14,0.063
219,15,0.011
219,16,0.021
219,17,0.087
219,18,2.14
219,19,2.153
219,20,1.461
219,21,0.263
219,22,0.256
219,23,0.133
219,24,0.511
219,25,0.416
219,26,1.438
219,27,0.75
219,28,0.651
219,29,0.247
219,30,0.337
219,31,0.102
219,32,0.157
219,33,0.186
219,34,0.108
219,35,0.098
219,36,0.555
219,37,0.24
219,38,0.172
219,39,0.019
219,40,0.011
219,41,0.072
219,42,0.348
219,43,0.204
219,44,0.233
219,45,0.365
219,46,0.369
219,47,0.255
219,48,0.15
220,1,0.097
220,2,0.104
220,3,0.041
220,4,0.039
220,5,0.107
220,6,0.042
220,7,0.026
220,8,0.093
220,9,0.057
220,10,0.016
220,11,0.055
220,12,0.072
220,13,0.012
220,14,0.049
220,15,0.071
220,16,0.012
220,17,0.02
220,18,0.09
220,19,0.229
220,20,2.47
220,21,2.604
220,22,2.168
220,23,0.449
220,24,0.224
220,25,0.154
220,26,0.12
220,27,0.489
220,28,0.352
220,29,0.292
220,30,0.126
220,31,0.151
220,32,0.21
220,33,0.182
220,34,0.117
220,35,0.116
220,36,0.202
220,37,0.25
220,38,0.189
220,39,0.109
220,40,0.122
220,41,0.198
220,42,0.142
220,43,1.528
220,44,2.253
220,45,0.323
220,46,0.261
220,47,0.304
220,48,0.286
221,1,0.004
221,2,0.004
221,3,0.083
221,4,0.05
221,5,0.011
221,6,0.049
221,7,0.084
221,8,0.004
221,9,0.004
221,10,0.071
221,11,0.063
221,12,0.012
221,13,0.027
221,14,0.091
221,15,0.019
221,16,0.016
221,17,0.057
221,18,1.096
221,19,2.213
221,20,0.501
221,21,0.266
221,22,0.086
221,23,0.078
221,24,0.005
221,25,0.137
221,26,0.438
221,27,0.108
221,28,0.068
221,29,0.336
221,30,0.255
221,31,0.19
221,32,0.174
221,33,0.236
221,34,0.542
221,35,0.329
221,36,0.267
221,37,0.2
221,38,0.338
221,39,0.124
221,40,0.26
221,41,0.284
221,42,0.249
221,43,0.275
221,44,0.285
221,45,0.373
221,46,0.369
221,47,0.443
221,48,0.374
222,1,0.393
222,2,0.346
222,3,0.251
222,4,0.152
222,5,0.152
222,6,0.085
222,7,0.065
222,8,0.095
222,9,0.15
222,10,0.078
222,11,0.072
222,12,0.113
222,13,0.144
222,14,0.065
222,15,0.19
222,16,0.106
222,17,0.05
222,18,0.012
222,19,0.298
222,20,0.346
222,21,0.397
222,22,0.619
222,23,1.537
222,24,0.916
222,25,0.258
222,26,0.339
222,27,0.301
222,28,0.171
222,29,0.361
222,30,0.38
222,31,0.1
222,32,0.085
222,33,0.201
222,34,0.234
222,35,0.114
222,36,0.138
222,37,0.146
222,38,0.173
222,39,0.093
222,40,0.088
222,41,1.355
222,42,2.276
222,43,1.168
222,44,0.146
222,45,0.019
222,46,0.083
222,47,0.067
222,48,0.011
223,1,0.023
223,2,0.09
223,3,0.026
223,4,0.004
223,5,0.02
223,6,0.093
223,7,0.031
223,8,0.011
223,9,0.047
223,10,0.088
223,11,0.004
223,12,0.004
223,13,0.049
223,14,0.08
223,15,0.125
223,16,2.459
223,17,1.256
223,18,0.094
223,19,0.049
223,20,0.217
223,21,0.101
223,22,0.017
223,23,0.01
223,24,0.08
223,25,0.05
223,26,0.002
223,27,0.0
223,28,0.084
223,29,0.054
223,30,0.01
223,31,0.034
223,32,0.09
223,33,0.015
223,34,0.004
223,35,0.037
223,36,0.306
223,37,0.105
223,38,0.088
223,39,0.086
223,40,0.163
223,41,0.296
223,42,0.207
223,43,0.27
223,44,0.292
223,45,0.22
223,46,0.2
223,47,0.061
223,48,0.092
224,1,0.038
224,2,0.004
224,3,0.004
224,4,0.086
224,5,0.052
224,6,0.004
224,7,0.004
224,8,0.075
224,9,0.065
224,10,0.011
224,11,0.013
224,12,0.094
224,13,0.038
224,14,0.004
224,15,0.31
224,16,0.137
224,17,0.067
224,18,0.056
224,19,0.265
224,20,0.118
224,21,0.011
224,22,0.003
224,23,0.021
224,24,0.09
224,25,0.033
224,26,0.003
224,27,0.0
224,28,0.09
224,29,0.049
224,30,0.004
224,31,0.004
224,32,0.078
224,33,0.061
224,34,0.001
224,35,0.049
224,36,0.39
224,37,0.241
224,38,0.344
224,39,0.084
224,40,0.004
224,41,0.004
224,42,2.021
224,43,2.406
224,44,0.412
224,45,0.239
224,46,0.241
224,47,0.282
224,48,0.073
225,1,0.004
225,2,0.004
225,3,0.043
225,4,0.09
225,5,0.016
225,6,0.011
225,7,0.046
225,8,0.09
225,9,0.009
225,10,0.004
225,11,0.032
225,12,0.09
225,13,0.02
225,14,0.011
225,15,0.036
225,16,0.09
225,17,0.025
225,18,0.01
225,19,1.623
225,20,0.147
225,21,0.069
225,22,0.262
225,23,0.09
225,24,0.086
225,25,0.015
225,26,0.0
225,27,0.034
225,28,0.088
225,29,0.021
225,30,0.01
225,31,0.082
225,32,0.041
225,33,0.004
225,34,0.017
225,35,0.09
225,36,0.024
225,37,0.004
225,38,0.457
225,39,1.065
225,40,0.269
225,41,0.251
225,42,2.456
225,43,0.311
225,44,0.263
225,45,0.062
225,46,0.013
225,47,0.086
225,48,0.088
226,1,0.034
226,2,0.011
226,3,0.049
226,4,0.089
226,5,0.018
226,6,0.004
226,7,0.03
226,8,0.09
226,9,0.027
226,10,0.011
226,11,0.064
226,12,0.064
226,13,0.004
226,14,0.004
226,15,0.189
226,16,0.424
226,17,0.099
226,18,0.051
226,19,0.229
226,20,0.018
226,21,0.002
226,22,0.028
226,23,0.089
226,24,0.023
226,25,0.01
226,26,0.066
226,27,0.062
226,28,0.004
226,29,0.004
226,30,0.079
226,31,0.048
226,32,0.004
226,33,0.001
226,34,0.087
226,35,0.04
226,36,0.004
226,37,0.043
226,38,0.174
226,39,0.039
226,40,0.033
226,41,0.162
226,42,0.217
226,43,0.192
226,44,0.422
226,45,0.299
226,46,0.123
226,47,0.011
226,48,0.043
227,1,0.083
227,2,0.004
227,3,0.004
227,4,0.061
227,5,0.066
227,6,0.011
227,7,0.019
227,8,0.092
227,9,0.023
227,10,0.007
227,11,0.038
227,12,0.086
227,13,0.011
227,14,0.011
227,15,0.077
227,16,0.047
227,17,0.004
227,18,0.383
227,19,1.107
227,20,0.056
227,21,0.251
227,22,0.142
227,23,0.059
227,24,0.004
227,25,0.031
227,26,0.09
227,27,0.381
227,28,0.181
227,29,0.221
227,30,0.203
227,31,0.031
227,32,0.0
227,33,0.043
227,34,0.09
227,35,0.003
227,36,0.0
227,37,0.04
227,38,0.151
227,39,0.215
227,40,0.181
227,41,0.106
227,42,0.11
227,43,0.28
227,44,0.297
227,45,0.244
227,46,0.223
227,47,0.27
227,48,0.177
228,1,0.042
228,2,0.047
228,3,0.044
228,4,0.089
228,5,0.022
228,6,0.004
228,7,0.024
228,8,0.09
228,9,0.035
228,10,0.011
228,11,0.053
228,12,0.081
228,13,0.011
228,14,0.011
228,15,0.467
228,16,0.044
228,17,0.011
228,18,0.215
228,19,0.757
228,20,0.804
228,21,0.11
228,22,0.141
228,23,0.067
228,24,0.002
228,25,0.075
228,26,0.089
228,27,0.134
228,28,0.092
228,29,0.047
228,30,0.09
228,31,0.04
228,32,0.004
228,33,0.014
228,34,0.091
228,35,0.229
228,36,0.088
228,37,0.114
228,38,0.206
228,39,0.114
228,40,0.289
228,41,0.181
228,42,0.283
228,43,0.321
228,44,0.404
228,45,0.486
228,46,0.278
228,47,0.22
228,48,0.249
229,1,0.389
229,2,0.174
229,3,0.115
229,4,0.05
229,5,0.004
229,6,0.014
229,7,0.09
229,8,0.026
229,9,0.011
229,10,0.064
229,11,0.059
229,12,0.011
229,13,0.032
229,14,0.089
229,15,0.013
229,16,0.01
229,17,0.077
229,18,0.044
229,19,0.01
229,20,0.044
229,21,1.574
229,22,1.626
229,23,0.806
229,24,0.296
229,25,0.552
229,26,0.162
229,27,0.455
229,28,0.865
229,29,0.206
229,30,0.37
229,31,0.062
229,32,0.153
229,33,0.219
229,34,0.225
229,35,0.209
229,36,0.137
229,37,0.14
229,38,0.209
229,39,0.195
229,40,0.685
229,41,2.272
229,42,2.126
229,43,0.479
229,44,0.245
229,45,0.151
229,46,0.053
229,47,0.089
229,48,0.018
230,1,0.004
230,2,0.027
230,3,0.09
230,4,0.028
230,5,0.011
230,6,0.069
230,7,0.06
230,8,0.001
230,9,0.0
230,10,0.084
230,11,0.048
230,12,0.011
230,13,0.044
230,14,0.085
230,15,0.004
230,16,0.004
230,17,0.06
230,18,0.415
230,19,0.056
230,20,0.061
230,21,1.603
230,22,0.224
230,23,0.818
230,24,0.233
230,25,0.229
230,26,0.068
230,27,0.339
230,28,0.302
230,29,0.606
230,30,0.152
230,31,0.204
230,32,0.39
230,33,0.134
230,34,0.462
230,35,0.226
230,36,0.23
230,37,0.167
230,38,0.137
230,39,0.149
230,40,0.659
230,41,2.308
230,42,1.697
230,43,0.226
230,44,0.288
230,45,0.226
230,46,0.22
230,47,0.204
230,48,0.086
231,1,0.004
231,2,0.004
231,3,0.057
231,4,0.077
231,5,0.011
231,6,0.03
231,7,0.091
231,8,0.01
231,9,0.004
231,10,0.056
231,11,0.07
231,12,0.011
231,13,0.033
231,14,0.09
231,15,0.005
231,16,0.004
231,17,0.06
231,18,0.06
231,19,1.446
231,20,0.772
231,21,0.158
231,22,0.287
231,23,0.183
231,24,0.133
231,25,0.136
231,26,0.169
231,27,0.28
231,28,0.014
231,29,0.321
231,30,0.102
231,31,0.075
231,32,0.004
231,33,0.114
231,34,0.336
231,35,0.219
231,36,0.156
231,37,0.233
231,38,0.182
231,39,0.205
231,40,0.165
231,41,0.182
231,42,0.694
231,43,1.799
231,44,0.392
231,45,0.399
231,46,0.23
231,47,0.065
231,48,0.008
232,1,0.02
232,2,0.091
232,3,0.022
232,4,0.004
232,5,0.04
232,6,0.084
232,7,0.011
232,8,0.018
232,9,0.092
232,10,0.018
232,11,0.004
232,12,0.052
232,13,0.068
232,14,0.011
232,15,1.679
232,16,1.954
232,17,0.157
232,18,0.082
232,19,0.141
232,20,0.136
232,21,0.01
232,22,0.079
232,23,0.046
232,24,0.004
232,25,0.023
232,26,0.089
232,27,0.021
232,28,0.01
232,29,0.087
232,30,0.028
232,31,0.004
232,32,0.04
232,33,0.105
232,34,0.09
232,35,0.109
232,36,0.187
232,37,0.164
232,38,0.082
232,39,0.163
232,40,0.11
232,41,0.195
232,42,0.447
232,43,2.135
232,44,2.317
232,45,0.278
232,46,0.32
232,47,0.086
232,48,0.004
233,1,0.053
233,2,0.073
233,3,0.011
233,4,0.029
233,5,0.09
233,6,0.014
233,7,0.011
233,8,0.089
233,9,0.032
233,10,0.011
233,11,0.068
233,12,0.053
233,13,0.011
233,14,0.046
233,15,1.879
233,16,0.863
233,17,0.076
233,18,0.11
233,19,0.179
233,20,0.012
233,21,0.089
233,22,0.032
233,23,0.01
233,24,0.081
233,25,0.035
233,26,0.01
233,27,0.071
233,28,0.046
233,29,0.01
233,30,0.055
233,31,0.064
233,32,0.01
233,33,0.033
233,34,0.086
233,35,0.01
233,36,0.031
233,37,0.17
233,38,0.111
233,39,0.099
233,40,0.088
233,41,0.019
233,42,0.185
233,43,0.29
233,44,0.231
233,45,0.212
233,46,0.447
233,47,0.28
233,48,0.358
234,1,0.092
234,2,0.07
234,3,0.011
234,4,0.024
234,5,0.089
234,6,0.019
234,7,0.011
234,8,0.073
234,9,0.047
234,10,0.011
234,11,0.045
234,12,0.074
234,13,0.011
234,14,0.011
234,15,0.091
234,16,0.03
234,17,0.01
234,18,0.055
234,19,1.156
234,20,2.194
234,21,2.214
234,22,0.905
234,23,0.048
234,24,0.732
234,25,0.082
234,26,0.039
234,27,1.066
234,28,0.761
234,29,0.909
234,30,0.066
234,31,0.721
234,32,0.595
234,33,0.179
234,34,0.183
234,35,0.117
234,36,0.089
234,37,0.154
234,38,0.089
234,39,0.128
234,40,0.202
234,41,0.162
234,42,0.18
234,43,0.424
234,44,0.421
234,45,0.251
234,46,0.467
234,47,0.407
234,48,0.067
235,1,0.011
235,2,0.072
235,3,0.046
235,4,0.011
235,5,0.052
235,6,0.066
235,7,0.011
235,8,0.031
235,9,0.087
235,10,0.011
235,11,0.011
235,12,0.091
235,13,0.028
235,14,0.011
235,15,0.071
235,16,0.049
235,17,0.013
235,18,0.766
235,19,1.792
235,20,0.156
235,21,0.136
235,22,0.334
235,23,0.148
235,24,0.008
235,25,0.024
235,26,0.093
235,27,0.133
235,28,0.167
235,29,0.101
235,30,0.091
235,31,0.131
235,32,0.167
235,33,0.117
235,34,0.084
235,35,0.29
235,36,0.167
235,37,0.133
235,38,0.092
235,39,0.155
235,40,0.371
235,41,0.258
235,42,0.359
235,43,0.501
235,44,0.269
235,45,0.134
235,46,0.129
235,47,0.033
235,48,0.011
236,1,0.039
236,2,0.087
236,3,0.045
236,4,0.011
236,5,0.013
236,6,0.09
236,7,0.064
236,8,0.011
236,9,0.011
236,10,0.121
236,11,0.144
236,12,0.068
236,13,0.011
236,14,0.011
236,15,0.073
236,16,0.081
236,17,0.2
236,18,1.589
236,19,0.898
236,20,0.326
236,21,0.268
236,22,0.388
236,23,0.923
236,24,0.255
236,25,0.222
236,26,0.285
236,27,0.268
236,28,0.755
236,29,1.466
236,30,0.331
236,31,0.624
236,32,0.264
236,33,0.202
236,34,0.167
236,35,0.164
236,36,0.469
236,37,2.376
236,38,1.876
236,39,0.477
236,40,0.287
236,41,0.265
236,42,0.335
236,43,0.356
236,44,0.367
236,45,0.361
236,46,0.219
236,47,0.201
236,48,0.2
237,1,0.201
237,2,0.167
237,3,0.12
237,4,0.074
237,5,0.074
237,6,0.109
237,7,0.15
237,8,0.147
237,9,0.097
237,10,0.073
237,11,0.088
237,12,0.149
237,13,0.107
237,14,0.074
237,15,0.098
237,16,0.147
237,17,0.992
237,18,2.254
237,19,2.609
237,20,1.685
237,21,0.987
237,22,0.084
237,23,0.084
237,24,0.012
237,25,0.01
237,26,0.077
237,27,0.07
237,28,0.01
237,29,0.021
237,30,0.085
237,31,0.083
237,32,0.084
237,33,0.082
237,34,0.081
237,35,0.081
237,36,0.384
237,37,0.323
237,38,0.523
237,39,0.171
237,40,0.204
237,41,0.514
237,42,0.475
237,43,0.531
237,44,0.548
237,45,0.548
237,46,0.557
237,47,0.299
237,48,0.355
238,1,0.372
238,2,0.148
238,3,0.148
238,4,0.145
238,5,0.08
238,6,0.076
238,7,0.11
238,8,0.16
238,9,0.092
238,10,0.076
238,11,0.118
238,12,0.138
238,13,0.076
238,14,0.075
238,15,0.142
238,16,0.109
238,17,0.071
238,18,0.086
238,19,2.556
238,20,2.241
238,21,2.443
238,22,1.809
238,23,0.176
238,24,0.377
238,25,0.144
238,26,0.712
238,27,0.24
238,28,0.628
238,29,0.191
238,30,0.136
238,31,0.082
238,32,0.124
238,33,0.148
238,34,0.159
238,35,0.449
238,36,0.39
238,37,0.308
238,38,0.198
238,39,0.188
238,40,0.152
238,41,0.161
238,42,0.279
238,43,0.317
238,44,1.822
238,45,1.358
238,46,0.205
238,47,0.184
238,48,0.004
239,1,0.004
239,2,0.004
239,3,0.004
239,4,0.088
239,5,0.063
239,6,0.011
239,7,0.011
239,8,0.059
239,9,0.071
239,10,0.011
239,11,0.011
239,12,0.061
239,13,0.074
239,14,0.011
239,15,0.246
239,16,0.127
239,17,0.097
239,18,0.055
239,19,0.255
239,20,0.136
239,21,0.01
239,22,0.019
239,23,0.087
239,24,0.047
239,25,0.01
239,26,0.036
239,27,0.086
239,28,0.025
239,29,0.01
239,30,0.048
239,31,0.086
239,32,0.012
239,33,0.01
239,34,0.06
239,35,0.077
239,36,0.059
239,37,0.121
239,38,0.16
239,39,0.11
239,40,0.074
239,41,0.115
239,42,0.427
239,43,1.466
239,44,2.305
239,45,0.182
239,46,0.173
239,47,0.043
239,48,0.011
240,1,0.064
240,2,0.071
240,3,0.011
240,4,0.011
240,5,0.085
240,6,0.054
240,7,0.011
240,8,0.015
240,9,0.09
240,10,0.042
240,11,0.011
240,12,0.022
240,13,0.089
240,14,0.038
240,15,0.375
240,16,0.07
240,17,0.132
240,18,0.073
240,19,0.056
240,20,0.234
240,21,0.082
240,22,0.01
240,23,0.016
240,24,0.087
240,25,0.042
240,26,0.01
240,27,0.034
240,28,0.086
240,29,0.024
240,30,0.01
240,31,0.046
240,32,0.086
240,33,1.467
240,34,0.919
240,35,0.255
240,36,0.296
240,37,0.144
240,38,0.092
240,39,0.091
240,40,0.088
240,41,0.039
240,42,0.011
240,43,0.156
240,44,0.288
240,45,0.315
240,46,0.24
240,47,0.241
240,48,0.538
388,1,0.04
388,2,0.021
388,3,0.05
388,4,0.089
388,5,0.012
388,6,0.011
388,7,0.051
388,8,0.076
388,9,0.011
388,10,0.011
388,11,0.039
388,12,0.085
388,13,0.017
388,14,0.011
388,15,0.017
388,16,0.605
388,17,0.323
388,18,0.256
388,19,0.04
388,20,0.186
388,21,0.396
388,22,0.176
388,23,0.1
388,24,1.164
388,25,0.698
388,26,0.299
388,27,0.349
388,28,1.033
388,29,0.363
388,30,0.251
388,31,0.214
388,32,0.273
388,33,0.303
388,34,0.227
388,35,0.244
388,36,0.497
388,37,1.636
388,38,0.595
388,39,0.365
388,40,0.366
388,41,0.341
388,42,0.134
388,43,0.072
388,44,0.025
388,45,0.02
388,46,0.072
388,47,0.103
388,48,0.031
389,1,0.019
389,2,0.019
389,3,0.019
389,4,0.083
389,5,0.102
389,6,0.031
389,7,0.011
389,8,0.011
389,9,0.015
389,10,0.092
389,11,0.082
389,12,0.011
389,13,0.011
389,14,0.011
389,15,0.011
389,16,0.111
389,17,0.085
389,18,0.461
389,19,0.172
389,20,0.043
389,21,0.37
389,22,0.144
389,23,0.152
389,24,0.039
389,25,0.087
389,26,0.264
389,27,0.299
389,28,0.251
389,29,0.198
389,30,0.213
389,31,0.29
389,32,0.286
389,33,0.192
389,34,0.224
389,35,0.434
389,36,0.504
389,37,0.45
389,38,0.373
389,39,0.378
389,40,0.577
389,41,0.342
389,42,0.258
389,43,0.374
389,44,0.344
389,45,0.307
389,46,0.252
389,47,0.252
389,48,0.238
390,1,0.318
390,2,0.213
390,3,0.028
390,4,0.004
390,5,0.039
390,6,0.088
390,7,0.049
390,8,0.011
390,9,0.011
390,10,0.028
390,11,0.089
390,12,0.063
390,13,0.011
390,14,0.011
390,15,0.011
390,16,0.049
390,17,0.086
390,18,0.048
390,19,0.345
390,20,0.07
390,21,0.092
390,22,0.37
390,23,0.124
390,24,1.526
390,25,0.218
390,26,0.153
390,27,0.275
390,28,0.369
390,29,1.131
390,30,0.286
390,31,0.313
390,32,0.364
390,33,0.361
390,34,0.411
390,35,0.453
390,36,0.365
390,37,0.345
390,38,0.423
390,39,0.445
390,40,0.159
390,41,0.158
390,42,0.18
390,43,0.244
390,44,0.482
390,45,0.192
390,46,0.186
390,47,0.214
390,48,0.21
391,1,0.019
391,2,0.011
391,3,0.021
391,4,0.09
391,5,0.041
391,6,0.011
391,7,0.011
391,8,0.081
391,9,0.06
391,10,0.011
391,11,0.011
391,12,0.055
391,13,0.084
391,14,0.011
391,15,0.011
391,16,0.02
391,17,0.087
391,18,0.042
391,19,0.373
391,20,0.071
391,21,0.142
391,22,0.486
391,23,0.451
391,24,1.283
391,25,0.491
391,26,0.253
391,27,0.769
391,28,0.483
391,29,0.186
391,30,0.375
391,31,0.139
391,32,0.079
391,33,0.229
391,34,0.269
391,35,0.366
391,36,0.449
391,37,0.511
391,38,0.268
391,39,0.255
391,40,0.297
391,41,0.362
391,42,0.392
391,43,0.36
391,44,0.311
391,45,0.274
391,46,0.06
391,47,0.031
391,48,0.057
392,1,0.075
392,2,0.004
392,3,0.004
392,4,0.046
392,5,0.081
392,6,0.011
392,7,0.011
392,8,0.043
392,9,0.088
392,10,0.022
392,11,0.011
392,12,0.026
392,13,0.088
392,14,0.033
392,15,0.011
392,16,0.032
392,17,0.385
392,18,0.453
392,19,0.086
392,20,0.025
392,21,0.054
392,22,0.08
392,23,0.011
392,24,0.011
392,25,0.024
392,26,0.086
392,27,0.036
392,28,0.011
392,29,0.3
392,30,0.151
392,31,0.154
392,32,0.083
392,33,0.163
392,34,0.392
392,35,0.414
392,36,0.247
392,37,0.254
392,38,0.321
392,39,0.279
392,40,0.235
392,41,0.287
392,42,0.37
392,43,0.395
392,44,0.23
392,45,0.193
392,46,0.104
392,47,0.006
392,48,0.008
393,1,0.091
393,2,0.034
393,3,0.004
393,4,0.017
393,5,0.09
393,6,0.025
393,7,0.011
393,8,0.034
393,9,0.088
393,10,0.02
393,11,0.011
393,12,0.041
393,13,0.087
393,14,0.013
393,15,0.091
393,16,0.503
393,17,0.261
393,18,0.124
393,19,0.21
393,20,0.093
393,21,0.045
393,22,0.011
393,23,0.018
393,24,0.086
393,25,0.031
393,26,0.011
393,27,0.027
393,28,0.086
393,29,0.023
393,30,0.01
393,31,0.023
393,32,0.188
393,33,0.185
393,34,0.188
393,35,0.261
393,36,0.28
393,37,0.255
393,38,0.283
393,39,0.359
393,40,0.478
393,41,0.282
393,42,0.504
393,43,0.406
393,44,0.313
393,45,0.324
393,46,0.364
393,47,0.263
393,48,0.235
394,1,0.09
394,2,0.068
394,3,0.003
394,4,0.001
394,5,0.078
394,6,0.045
394,7,0.004
394,8,0.002
394,9,0.086
394,10,0.038
394,11,0.011
394,12,0.011
394,13,0.092
394,14,0.054
394,15,0.369
394,16,0.192
394,17,0.186
394,18,0.048
394,19,0.045
394,20,0.466
394,21,0.068
394,22,0.011
394,23,0.011
394,24,0.074
394,25,0.049
394,26,0.01
394,27,0.011
394,28,0.084
394,29,0.04
394,30,0.011
394,31,0.011
394,32,0.335
394,33,0.2
394,34,0.183
394,35,0.252
394,36,0.843
394,37,0.378
394,38,0.309
394,39,0.182
394,40,0.158
394,41,0.262
394,42,0.222
394,43,0.206
394,44,0.26
394,45,0.653
394,46,0.212
394,47,0.325
394,48,0.195
395,1,0.078
395,2,0.005
395,3,0.209
395,4,0.085
395,5,0.043
395,6,0.011
395,7,0.021
395,8,0.088
395,9,0.03
395,10,0.011
395,11,0.028
395,12,0.087
395,13,0.022
395,14,0.011
395,15,0.029
395,16,0.086
395,17,0.021
395,18,0.011
395,19,0.4
395,20,0.144
395,21,0.214
395,22,0.075
395,23,0.405
395,24,0.269
395,25,0.064
395,26,0.034
395,27,0.206
395,28,0.263
395,29,0.859
395,30,0.676
395,31,0.215
395,32,0.231
395,33,0.1
395,34,0.068
395,35,0.239
395,36,0.286
395,37,0.153
395,38,0.154
395,39,0.246
395,40,0.5
395,41,0.504
395,42,0.518
395,43,0.367
395,44,0.388
395,45,0.455
395,46,0.31
395,47,0.401
395,48,0.282
396,1,0.291
396,2,0.264
396,3,0.13
396,4,0.011
396,5,0.067
396,6,0.059
396,7,0.011
396,8,0.011
396,9,0.054
396,10,0.075
396,11,0.011
396,12,0.011
396,13,0.031
396,14,0.087
396,15,0.025
396,16,0.048
396,17,0.011
396,18,0.443
396,19,0.205
396,20,0.094
396,21,0.191
396,22,0.219
396,23,0.201
396,24,0.035
396,25,0.021
396,26,0.081
396,27,0.1
396,28,0.142
396,29,0.168
396,30,0.113
396,31,0.1
396,32,0.034
396,33,0.013
396,34,0.027
396,35,0.092
396,36,0.033
396,37,0.007
396,38,0.204
396,39,0.395
396,40,0.219
396,41,0.168
396,42,0.277
396,43,0.475
396,44,0.272
396,45,0.229
396,46,0.271
396,47,0.26
396,48,0.028
397,1,0.011
397,2,0.041
397,3,0.086
397,4,0.013
397,5,0.011
397,6,0.024
397,7,0.087
397,8,0.03
397,9,0.011
397,10,0.011
397,11,0.073
397,12,0.058
397,13,0.011
397,14,0.011
397,15,0.091
397,16,0.456
397,17,0.186
397,18,0.113
397,19,0.098
397,20,0.142
397,21,0.286
397,22,0.109
397,23,0.186
397,24,0.12
397,25,0.053
397,26,0.159
397,27,0.192
397,28,0.142
397,29,0.12
397,30,0.185
397,31,0.218
397,32,0.141
397,33,0.123
397,34,0.217
397,35,0.267
397,36,0.419
397,37,0.711
397,38,0.326
397,39,0.292
397,40,0.207
397,41,0.233
397,42,0.391
397,43,0.318
397,44,0.248
397,45,0.084
397,46,0.077
397,47,0.149
397,48,0.085
398,1,0.01
398,2,0.014
398,3,0.09
398,4,0.027
398,5,0.004
398,6,0.004
398,7,0.08
398,8,0.051
398,9,0.014
398,10,0.011
398,11,0.076
398,12,0.061
398,13,0.011
398,14,0.011
398,15,0.074
398,16,0.059
398,17,0.011
398,18,0.029
398,19,0.437
398,20,0.151
398,21,0.088
398,22,2.124
398,23,0.469
398,24,0.748
398,25,0.326
398,26,0.243
398,27,1.319
398,28,0.234
398,29,0.252
398,30,0.301
398,31,0.512
398,32,0.212
398,33,0.145
398,34,0.267
398,35,0.449
398,36,0.371
398,37,0.293
398,38,0.222
398,39,0.213
398,40,0.245
398,41,0.272
398,42,0.334
398,43,0.304
398,44,0.078
398,45,0.053
398,46,0.125
398,47,0.073
398,48,0.004
399,1,0.004
399,2,0.047
399,3,0.086
399,4,0.013
399,5,0.004
399,6,0.017
399,7,0.089
399,8,0.032
399,9,0.011
399,10,0.011
399,11,0.086
399,12,0.051
399,13,0.011
399,14,0.011
399,15,0.062
399,16,0.075
399,17,0.01
399,18,0.076
399,19,0.348
399,20,0.17
399,21,0.109
399,22,0.011
399,23,0.011
399,24,0.071
399,25,0.064
399,26,0.01
399,27,0.011
399,28,0.048
399,29,0.396
399,30,0.28
399,31,0.074
399,32,0.151
399,33,0.16
399,34,0.19
399,35,0.408
399,36,0.464
399,37,0.33
399,38,0.085
399,39,0.052
399,40,0.239
399,41,0.267
399,42,0.442
399,43,0.173
399,44,0.175
399,45,0.251
399,46,0.155
399,47,0.046
399,48,0.004
400,1,0.032
400,2,0.092
400,3,0.04
400,4,0.004
400,5,0.004
400,6,0.079
400,7,0.061
400,8,0.011
400,9,0.011
400,10,0.063
400,11,0.078
400,12,0.011
400,13,0.011
400,14,0.091
400,15,0.626
400,16,0.289
400,17,0.188
400,18,0.184
400,19,0.114
400,20,0.053
400,21,0.438
400,22,0.072
400,23,0.058
400,24,0.011
400,25,0.01
400,26,0.078
400,27,0.051
400,28,0.011
400,29,0.01
400,30,0.073
400,31,0.057
400,32,0.011
400,33,0.039
400,34,0.294
400,35,0.268
400,36,0.208
400,37,0.237
400,38,0.742
400,39,0.303
400,40,0.334
400,41,0.253
400,42,0.425
400,43,0.305
400,44,0.219
400,45,0.202
400,46,0.287
400,47,0.246
400,48,0.176
401,1,0.039
401,2,0.095
401,3,0.014
401,4,0.03
401,5,0.061
401,6,0.066
401,7,0.004
401,8,0.004
401,9,0.071
401,10,0.049
401,11,0.004
401,12,0.004
401,13,0.055
401,14,0.086
401,15,0.443
401,16,0.184
401,17,0.187
401,18,0.133
401,19,0.036
401,20,0.242
401,21,0.08
401,22,0.063
401,23,0.011
401,24,0.011
401,25,0.101
401,26,0.067
401,27,0.234
401,28,0.117
401,29,0.157
401,30,0.104
401,31,0.02
401,32,0.15
401,33,0.38
401,34,0.217
401,35,0.177
401,36,0.9
401,37,0.318
401,38,0.323
401,39,0.266
401,40,0.199
401,41,0.284
401,42,0.49
401,43,0.417
401,44,0.271
401,45,0.278
401,46,0.587
401,47,0.079
401,48,0.014
402,1,0.041
402,2,0.095
402,3,0.023
402,4,0.004
402,5,0.026
402,6,0.089
402,7,0.02
402,8,0.004
402,9,0.004
402,10,0.091
402,11,0.038
402,12,0.011
402,13,0.011
402,14,0.07
402,15,0.063
402,16,0.011
402,17,0.392
402,18,0.236
402,19,0.234
402,20,0.146
402,21,0.263
402,22,0.409
402,23,0.217
402,24,0.184
402,25,1.656
402,26,0.259
402,27,0.133
402,28,0.109
402,29,0.375
402,30,0.304
402,31,0.164
402,32,0.3
402,33,0.295
402,34,0.535
402,35,0.282
402,36,0.357
402,37,0.284
402,38,0.218
402,39,0.23
402,40,0.445
402,41,0.307
402,42,0.218
402,43,0.513
402,44,0.326
402,45,0.257
402,46,0.192
402,47,0.016
402,48,0.09
403,1,0.03
403,2,0.011
403,3,0.038
403,4,0.088
403,5,0.016
403,6,0.011
403,7,0.049
403,8,0.081
403,9,0.011
403,10,0.011
403,11,0.051
403,12,0.08
403,13,0.011
403,14,0.011
403,15,0.043
403,16,0.088
403,17,0.366
403,18,0.152
403,19,0.119
403,20,0.146
403,21,0.398
403,22,0.297
403,23,0.085
403,24,0.075
403,25,0.011
403,26,0.011
403,27,0.346
403,28,0.116
403,29,0.011
403,30,0.011
403,31,0.041
403,32,0.085
403,33,0.043
403,34,0.126
403,35,0.187
403,36,0.52
403,37,0.348
403,38,0.212
403,39,0.447
403,40,0.36
403,41,0.306
403,42,0.251
403,43,0.205
403,44,0.105
403,45,0.158
403,46,0.029
403,47,0.011
403,48,0.012
404,1,0.089
404,2,0.041
404,3,0.011
404,4,0.011
404,5,0.047
404,6,0.085
404,7,0.014
404,8,0.011
404,9,0.011
404,10,0.065
404,11,0.072
404,12,0.011
404,13,0.011
404,14,0.011
404,15,0.068
404,16,0.088
404,17,0.011
404,18,1.655
404,19,0.243
404,20,0.125
404,21,0.112
404,22,0.238
404,23,0.071
404,24,1.291
404,25,0.294
404,26,1.883
404,27,0.816
404,28,0.468
404,29,0.332
404,30,0.258
404,31,0.184
404,32,0.056
404,33,0.087
404,34,0.238
404,35,0.345
404,36,0.353
404,37,0.213
404,38,0.216
404,39,0.256
404,40,0.284
404,41,0.251
404,42,0.478
404,43,0.251
404,44,0.186
404,45,0.09
404,46,0.074
404,47,0.117
404,48,0.018
405,1,0.004
405,2,0.009
405,3,0.089
405,4,0.027
405,5,0.011
405,6,0.011
405,7,0.078
405,8,0.051
405,9,0.011
405,10,0.011
405,11,0.049
405,12,0.08
405,13,0.011
405,14,0.011
405,15,0.011
405,16,0.089
405,17,0.043
405,18,0.01
405,19,0.413
405,20,0.127
405,21,0.135
405,22,0.235
405,23,0.169
405,24,0.301
405,25,0.144
405,26,0.074
405,27,0.011
405,28,0.016
405,29,0.086
405,30,0.036
405,31,0.011
405,32,0.011
405,33,0.105
405,34,0.225
405,35,0.262
405,36,0.331
405,37,0.392
405,38,0.331
405,39,0.235
405,40,0.313
405,41,0.28
405,42,0.429
405,43,0.2
405,44,0.283
405,45,0.22
405,46,0.18
405,47,0.219
405,48,0.256
406,1,0.031
406,2,0.011
406,3,0.026
406,4,0.088
406,5,0.027
406,6,0.011
406,7,0.02
406,8,0.088
406,9,0.032
406,10,0.011
406,11,0.011
406,12,0.074
406,13,0.056
406,14,0.011
406,15,0.011
406,16,0.036
406,17,0.085
406,18,0.343
406,19,0.074
406,20,0.076
406,21,0.068
406,22,0.244
406,23,0.45
406,24,0.066
406,25,0.134
406,26,1.505
406,27,0.254
406,28,0.406
406,29,0.359
406,30,0.131
406,31,0.228
406,32,0.037
406,33,0.157
406,34,0.288
406,35,0.33
406,36,0.393
406,37,0.484
406,38,0.091
406,39,0.038
406,40,0.114
406,41,0.092
406,42,0.429
406,43,0.24
406,44,0.26
406,45,0.079
406,46,0.035
406,47,0.042
406,48,0.077
407,1,0.011
407,2,0.011
407,3,0.032
407,4,0.086
407,5,0.017
407,6,0.011
407,7,0.011
407,8,0.089
407,9,0.037
407,10,0.011
407,11,0.011
407,12,0.056
407,13,0.071
407,14,0.023
407,15,0.364
407,16,0.377
407,17,0.269
407,18,0.111
407,19,0.014
407,20,0.277
407,21,0.079
407,22,0.077
407,23,0.284
407,24,0.011
407,25,0.158
407,26,0.143
407,27,0.054
407,28,0.011
407,29,0.011
407,30,0.345
407,31,0.175
407,32,0.036
407,33,0.093
407,34,0.164
407,35,0.13
407,36,0.164
407,37,0.252
407,38,0.239
407,39,0.199
407,40,0.215
407,41,0.317
407,42,0.614
407,43,0.292
407,44,0.395
407,45,0.287
407,46,0.222
407,47,0.045
407,48,0.09
408,1,0.009
408,2,0.004
408,3,0.043
408,4,0.076
408,5,0.011
408,6,0.011
408,7,0.058
408,8,0.066
408,9,0.011
408,10,0.011
408,11,0.058
408,12,0.067
408,13,0.014
408,14,0.011
408,15,0.047
408,16,0.455
408,17,0.206
408,18,0.127
408,19,0.668
408,20,0.319
408,21,0.056
408,22,0.02
408,23,0.016
408,24,0.082
408,25,0.028
408,26,0.008
408,27,0.008
408,28,0.071
408,29,0.048
408,30,0.008
408,31,0.008
408,32,0.046
408,33,0.074
408,34,0.008
408,35,0.008
408,36,0.01
408,37,0.083
408,38,0.035
408,39,0.008
408,40,0.008
408,41,0.044
408,42,0.079
408,43,0.008
408,44,0.008
408,45,0.008
408,46,0.064
408,47,0.061
408,48,0.008
409,1,0.008
409,2,0.008
409,3,0.086
409,4,0.053
409,5,0.008
409,6,0.008
409,7,0.045
409,8,0.086
409,9,0.017
409,10,0.008
409,11,0.008
409,12,0.08
409,13,0.059
409,14,0.008
409,15,0.008
409,16,0.028
409,17,0.086
409,18,0.03
409,19,0.008
409,20,0.008
409,21,0.056
409,22,0.08
409,23,0.008
409,24,0.008
409,25,0.008
409,26,0.084
409,27,0.054
409,28,0.008
409,29,0.008
409,30,0.035
409,31,0.088
409,32,0.023
409,33,0.008
409,34,0.008
409,35,0.047
409,36,0.086
409,37,0.013
409,38,0.008
409,39,0.008
409,40,0.064
409,41,0.074
409,42,0.008
409,43,0.008
409,44,0.008
409,45,0.07
409,46,0.07
409,47,0.008
409,48,0.008
410,1,0.008
410,2,0.065
410,3,0.077
410,4,0.008
410,5,0.008
410,6,0.008
410,7,0.06
410,8,0.081
410,9,0.008
410,10,0.008
410,11,0.008
410,12,0.045
410,13,0.089
410,14,0.016
410,15,0.008
410,16,0.008
410,17,0.008
410,18,0.092
410,19,0.053
410,20,0.008
410,21,0.008
410,22,0.008
410,23,0.055
410,24,0.089
410,25,0.008
410,26,0.008
410,27,0.008
410,28,0.024
410,29,0.088
410,30,0.036
410,31,0.014
410,32,0.289
410,33,0.263
410,34,0.271
410,35,0.216
410,36,0.192
410,37,0.268
410,38,0.385
410,39,0.315
410,40,0.323
410,41,0.279
410,42,0.327
410,43,0.246
410,44,0.188
410,45,0.199
410,46,0.186
410,47,0.318
410,48,0.615
411,1,0.213
411,2,0.039
411,3,0.015
411,4,0.022
411,5,0.085
411,6,0.036
411,7,0.008
411,8,0.008
411,9,0.008
411,10,0.033
411,11,0.084
411,12,0.029
411,13,0.008
411,14,0.008
411,15,0.008
411,16,0.036
411,17,0.082
411,18,0.027
411,19,0.009
411,20,0.318
411,21,0.118
411,22,0.104
411,23,0.046
411,24,0.255
411,25,1.007
411,26,0.351
411,27,0.147
411,28,0.306
411,29,0.151
411,30,0.287
411,31,1.032
411,32,0.315
411,33,0.23
411,34,0.372
411,35,0.312
411,36,0.37
411,37,0.618
411,38,0.565
411,39,0.195
411,40,0.193
411,41,0.17
411,42,0.113
411,43,0.114
411,44,0.183
411,45,0.345
411,46,0.044
411,47,0.005
411,48,0.063
412,1,0.056
412,2,0.012
412,3,0.012
412,4,0.05
412,5,0.078
412,6,0.012
412,7,0.012
412,8,0.019
412,9,0.088
412,10,0.037
412,11,0.011
412,12,0.011
412,13,0.05
412,14,0.085
412,15,0.011
412,16,0.011
412,17,0.011
412,18,0.07
412,19,0.345
412,20,0.057
412,21,0.068
412,22,1.526
412,23,0.299
412,24,0.775
412,25,0.411
412,26,0.568
412,27,2.195
412,28,0.791
412,29,0.186
412,30,0.199
412,31,0.403
412,32,0.354
412,33,0.159
412,34,0.166
412,35,0.355
412,36,0.36
412,37,0.489
412,38,0.168
412,39,0.262
412,40,0.259
412,41,0.386
412,42,0.321
412,43,0.306
412,44,0.462
412,45,0.372
412,46,0.186
412,47,0.163
412,48,0.207
413,1,0.024
413,2,0.004
413,3,0.07
413,4,0.048
413,5,0.011
413,6,0.05
413,7,0.062
413,8,0.011
413,9,0.023
413,10,0.086
413,11,0.015
413,12,0.011
413,13,0.057
413,14,0.057
413,15,0.011
413,16,0.011
413,17,0.075
413,18,0.318
413,19,0.068
413,20,0.042
413,21,0.086
413,22,0.335
413,23,0.042
413,24,0.077
413,25,0.036
413,26,0.01
413,27,0.024
413,28,0.084
413,29,0.017
413,30,0.011
413,31,0.036
413,32,0.078
413,33,0.011
413,34,0.011
413,35,0.035
413,36,0.081
413,37,0.162
413,38,0.25
413,39,0.383
413,40,0.412
413,41,0.364
413,42,0.41
413,43,0.31
413,44,0.239
413,45,0.08
413,46,0.149
413,47,0.011
413,48,0.011
414,1,0.061
414,2,0.054
414,3,0.011
414,4,0.011
414,5,0.066
414,6,0.053
414,7,0.011
414,8,0.011
414,9,0.051
414,10,0.072
414,11,0.011
414,12,0.011
414,13,0.017
414,14,0.627
414,15,0.756
414,16,0.372
414,17,0.115
414,18,0.279
414,19,0.063
414,20,0.012
414,21,0.011
414,22,0.23
414,23,0.096
414,24,0.042
414,25,0.195
414,26,0.149
414,27,0.164
414,28,0.011
414,29,0.011
414,30,0.047
414,31,0.088
414,32,0.012
414,33,0.011
414,34,0.274
414,35,0.253
414,36,0.806
414,37,0.345
414,38,0.319
414,39,0.256
414,40,0.153
414,41,0.365
414,42,0.298
414,43,0.351
414,44,0.43
414,45,0.284
414,46,0.075
414,47,0.043
414,48,0.069
415,1,0.004
415,2,0.004
415,3,0.069
415,4,0.039
415,5,0.011
415,6,0.011
415,7,0.087
415,8,0.03
415,9,0.011
415,10,0.011
415,11,0.082
415,12,0.04
415,13,0.011
415,14,0.016
415,15,0.769
415,16,0.231
415,17,0.184
415,18,0.129
415,19,0.083
415,20,0.088
415,21,0.011
415,22,0.215
415,23,0.117
415,24,0.113
415,25,0.06
415,26,0.061
415,27,0.355
415,28,0.066
415,29,0.028
415,30,0.105
415,31,0.35
415,32,0.17
415,33,0.122
415,34,0.134
415,35,0.33
415,36,0.266
415,37,0.295
415,38,0.145
415,39,0.136
415,40,0.1
415,41,0.056
415,42,0.068
415,43,0.123
415,44,0.056
415,45,0.025
415,46,0.045
415,47,0.103
415,48,0.031
