213,1,0.317
213,2,0.313
213,3,0.316
213,4,0.301
213,5,0.328
213,6,0.093
213,7,0.324
213,8,0.315
213,9,0.303
213,10,0.335
213,11,0.106
213,12,0.325
213,13,0.297
213,14,0.307
213,15,0.326
213,16,0.323
213,17,0.087
213,18,0.329
213,19,0.308
213,20,0.348
213,21,0.321
213,22,0.085
213,23,0.301
213,24,0.306
213,25,0.316
213,26,0.335
213,27,0.333
213,28,0.069
213,29,0.324
213,30,0.324
213,31,0.321
213,32,0.298
213,33,0.213
213,34,0.169
213,35,0.313
213,36,0.322
213,37,0.295
213,38,0.299
213,39,0.331
213,40,0.328
213,41,0.078
213,42,0.303
213,43,0.316
213,44,0.328
213,45,0.371
213,46,0.111
213,47,0.283
213,48,0.323
214,1,0.33
214,2,0.324
214,3,0.13
214,4,0.301
214,5,0.311
214,6,0.327
214,7,0.321
214,8,0.158
214,9,0.246
214,10,0.316
214,11,0.339
214,12,0.345
214,13,0.089
214,14,0.309
214,15,0.315
214,16,0.32
214,17,0.096
214,18,0.32
214,19,0.304
214,20,0.301
214,21,0.33
214,22,0.113
214,23,0.314
214,24,0.319
214,25,0.306
214,26,0.317
214,27,0.093
214,28,0.325
214,29,0.316
214,30,0.309
214,31,0.333
214,32,0.093
214,33,0.331
214,34,0.313
214,35,0.309
214,36,0.093
214,37,0.335
214,38,0.329
214,39,0.301
214,40,0.301
214,41,0.093
214,42,0.344
214,43,0.322
214,44,0.313
214,45,0.122
214,46,0.287
214,47,0.383
214,48,0.321
215,1,0.3
215,2,0.072
215,3,0.329
215,4,0.333
215,5,0.333
215,6,0.303
215,7,0.083
215,8,0.323
215,9,0.339
215,10,0.326
215,11,0.102
215,12,0.291
215,13,0.308
215,14,0.339
215,15,0.324
215,16,0.078
215,17,0.307
215,18,0.3
215,19,0.333
215,20,0.324
215,21,0.083
215,22,0.311
215,23,0.322
215,24,0.325
215,25,0.338
215,26,0.077
215,27,0.307
215,28,0.33
215,29,0.33
215,30,0.093
215,31,0.3
215,32,0.303
215,33,0.335
215,34,0.326
215,35,0.078
215,36,0.308
215,37,0.33
215,38,0.342
215,39,0.286
215,40,0.117
215,41,0.3
215,42,0.296
215,43,0.322
215,44,0.41
215,45,0.129
215,46,0.297
215,47,0.344
215,48,0.331
216,1,0.112
216,2,0.273
216,3,0.322
216,4,0.341
216,5,0.335
216,6,0.076
216,7,0.313
216,8,0.381
216,9,0.332
216,10,0.093
216,11,0.311
216,12,0.308
216,13,0.391
216,14,0.092
216,15,0.324
216,16,0.291
216,17,0.282
216,18,0.326
216,19,0.091
216,20,0.331
216,21,0.317
216,22,0.333
216,23,0.086
216,24,0.328
216,25,0.328
216,26,0.308
216,27,0.253
216,28,0.126
216,29,0.34
216,30,0.332
216,31,0.289
216,32,0.18
216,33,0.222
216,34,0.32
216,35,0.305
216,36,0.32
216,37,0.098
216,38,0.341
216,39,0.326
216,40,0.31
216,41,0.096
216,42,0.369
216,43,0.328
216,44,0.282
216,45,0.111
216,46,0.322
216,47,0.336
216,48,0.308
217,1,0.073
217,2,0.327
217,3,0.328
217,4,0.31
217,5,0.303
217,6,0.079
217,7,0.333
217,8,0.33
217,9,0.312
217,10,0.071
217,11,0.328
217,12,0.334
217,13,0.382
217,14,0.074
217,15,0.295
217,16,0.291
217,17,0.312
217,18,0.313
217,19,0.078
217,20,0.296
217,21,0.271
217,22,0.323
217,23,0.314
217,24,0.301
217,25,0.067
217,26,0.334
217,27,0.326
217,28,0.312
217,29,0.068
217,30,0.324
217,31,0.321
217,32,0.47
217,33,2.982
217,34,1.614
217,35,0.52
217,36,0.993
217,37,1.124
217,38,1.048
217,39,0.571
217,40,0.435
217,41,3.021
217,42,2.851
217,43,1.176
217,44,4.119
217,45,3.8
217,46,2.5
217,47,1.122
217,48,1.329
218,1,1.314
218,2,0.935
218,3,0.895
218,4,0.314
218,5,0.653
218,6,0.737
218,7,0.16
218,8,0.77
218,9,0.094
218,10,0.786
218,11,0.138
218,12,0.096
218,13,0.784
218,14,0.132
218,15,1.017
218,16,0.744
218,17,1.602
218,18,0.638
218,19,1.343
218,20,0.16
218,21,0.066
218,22,0.921
218,23,0.47
218,24,0.176
218,25,0.137
218,26,0.995
218,27,1.653
218,28,1.01
218,29,0.356
218,30,0.461
218,31,0.473
218,32,0.423
218,33,0.417
218,34,0.456
218,35,0.74
218,36,0.567
218,37,0.551
218,38,1.609
218,39,1.587
218,40,0.897
218,41,0.741
218,42,0.468
218,43,0.388
218,44,0.732
218,45,1.886
218,46,3.73
218,47,2.768
218,48,0.346
219,1,0.175
219,2,0.109
219,3,0.089
219,4,0.162
219,5,0.158
219,6,0.066
219,7,0.134
219,8,0.135
219,9,0.073
219,10,0.126
219,11,0.135
219,12,0.091
219,13,0.104
219,14,0.136
219,15,0.095
219,16,0.099
219,17,0.136
219,18,0.655
219,19,0.48
219,20,1.276
219,21,0.328
219,22,0.068
219,23,0.14
219,24,0.133
219,25,0.25
219,26,0.661
219,27,1.112
219,28,1.166
219,29,3.572
219,30,0.982
219,31,1.217
219,32,0.363
219,33,0.06
219,34,0.346
219,35,0.339
219,36,0.121
219,37,0.333
219,38,0.326
219,39,0.062
219,40,0.322
219,41,0.124
219,42,0.35
219,43,0.12
219,44,0.29
219,45,0.169
219,46,0.279
219,47,0.302
219,48,0.129
220,1,0.301
220,2,0.128
220,3,0.183
220,4,0.269
220,5,0.104
220,6,0.266
220,7,0.4
220,8,0.108
220,9,0.054
220,10,0.353
220,11,0.123
220,12,0.303
220,13,0.088
220,14,0.348
220,15,0.105
220,16,0.286
220,17,0.128
220,18,0.342
220,19,0.061
220,20,0.105
220,21,0.344
220,22,0.084
220,23,0.295
220,24,0.125
220,25,0.328
220,26,0.048
220,27,0.333
220,28,0.127
220,29,0.086
220,30,0.296
220,31,0.124
220,32,0.339
220,33,0.056
220,34,0.171
220,35,0.287
220,36,0.12
220,37,0.278
220,38,0.12
220,39,0.169
220,40,0.264
220,41,0.055
220,42,0.338
220,43,0.119
220,44,0.276
220,45,0.099
220,46,0.122
220,47,0.308
220,48,0.075
221,1,0.35
221,2,0.111
221,3,0.05
221,4,0.345
221,5,0.121
221,6,0.293
221,7,0.111
221,8,0.336
221,9,0.121
221,10,0.104
221,11,0.342
221,12,0.078
221,13,0.299
221,14,0.123
221,15,0.089
221,16,0.293
221,17,0.124
221,18,0.336
221,19,0.067
221,20,0.125
221,21,0.317
221,22,0.066
221,23,0.347
221,24,0.105
221,25,0.055
221,26,0.341
221,27,0.119
221,28,0.263
221,29,0.113
221,30,0.121
221,31,0.281
221,32,0.098
221,33,0.373
221,34,0.107
221,35,0.053
221,36,0.351
221,37,0.121
221,38,0.07
221,39,0.314
221,40,0.123
221,41,0.383
221,42,1.022
221,43,0.686
221,44,0.67
221,45,0.645
221,46,0.587
221,47,0.599
221,48,0.278
222,1,0.192
222,2,0.075
222,3,0.143
222,4,0.194
222,5,0.126
222,6,0.076
222,7,0.147
222,8,0.14
222,9,0.097
222,10,0.117
222,11,0.143
222,12,0.134
222,13,0.067
222,14,0.143
222,15,1.106
222,16,0.743
222,17,0.109
222,18,0.136
222,19,0.352
222,20,0.521
222,21,1.273
222,22,0.865
222,23,1.072
222,24,2.787
222,25,0.88
222,26,1.028
222,27,0.42
222,28,0.776
222,29,0.533
222,30,0.642
222,31,1.016
222,32,0.438
222,33,0.34
222,34,1.375
222,35,1.558
222,36,0.448
222,37,0.927
222,38,2.117
222,39,1.001
222,40,2.083
222,41,0.903
222,42,1.718
222,43,1.681
222,44,2.29
222,45,1.78
222,46,0.886
222,47,0.931
222,48,0.741
223,1,0.354
223,2,0.38
223,3,0.385
223,4,0.384
223,5,0.321
223,6,0.396
223,7,0.383
223,8,0.34
223,9,0.352
223,10,0.421
223,11,0.4
223,12,0.315
223,13,0.397
223,14,0.43
223,15,1.442
223,16,2.624
223,17,1.91
223,18,0.78
223,19,0.654
223,20,0.589
223,21,0.402
223,22,0.647
223,23,0.321
223,24,0.24
223,25,0.382
223,26,0.353
223,27,0.16
223,28,0.39
223,29,0.327
223,30,1.542
223,31,0.517
223,32,0.734
223,33,0.567
223,34,0.562
223,35,0.338
223,36,0.487
223,37,0.403
223,38,1.295
223,39,2.869
223,40,0.878
223,41,0.851
223,42,0.627
223,43,0.474
223,44,0.939
223,45,2.413
223,46,1.79
223,47,0.62
223,48,0.351
224,1,0.19
224,2,0.26
224,3,0.252
224,4,0.218
224,5,0.155
224,6,0.171
224,7,0.202
224,8,0.172
224,9,0.113
224,10,0.094
224,11,0.146
224,12,0.14
224,13,0.11
224,14,0.115
224,15,1.012
224,16,0.985
224,17,0.329
224,18,0.68
224,19,0.395
224,20,0.208
224,21,0.314
224,22,0.341
224,23,0.583
224,24,0.364
224,25,0.302
224,26,0.234
224,27,0.489
224,28,0.483
224,29,0.88
224,30,0.679
224,31,0.436
224,32,0.443
224,33,0.417
224,34,0.218
224,35,0.428
224,36,0.663
224,37,0.451
224,38,0.805
224,39,2.87
224,40,1.863
224,41,0.887
224,42,1.61
224,43,1.693
224,44,1.346
224,45,2.586
224,46,0.871
224,47,0.985
224,48,0.61
225,1,0.372
225,2,0.36
225,3,0.375
225,4,0.35
225,5,0.333
225,6,0.091
225,7,0.359
225,8,0.362
225,9,0.101
225,10,0.327
225,11,0.325
225,12,0.186
225,13,0.301
225,14,0.118
225,15,0.365
225,16,0.118
225,17,0.297
225,18,1.275
225,19,1.604
225,20,0.689
225,21,0.652
225,22,0.4
225,23,0.357
225,24,0.263
225,25,0.582
225,26,1.353
225,27,1.568
225,28,0.876
225,29,0.184
225,30,0.408
225,31,0.142
225,32,0.354
225,33,0.367
225,34,0.708
225,35,0.368
225,36,0.715
225,37,0.362
225,38,2.748
225,39,1.98
225,40,0.706
225,41,0.696
225,42,2.777
225,43,2.964
225,44,0.96
225,45,1.022
225,46,0.733
225,47,0.94
225,48,0.828
226,1,0.881
226,2,0.455
226,3,0.369
226,4,0.417
226,5,0.131
226,6,0.283
226,7,0.338
226,8,0.349
226,9,0.137
226,10,0.335
226,11,0.38
226,12,0.149
226,13,0.364
226,14,0.109
226,15,0.316
226,16,0.41
226,17,1.202
226,18,1.332
226,19,0.599
226,20,1.418
226,21,0.985
226,22,1.295
226,23,0.799
226,24,1.91
226,25,0.793
226,26,0.917
226,27,2.558
226,28,2.248
226,29,1.641
226,30,0.985
226,31,0.689
226,32,0.669
226,33,0.387
226,34,0.366
226,35,0.323
226,36,0.37
226,37,0.368
226,38,0.13
226,39,0.351
226,40,0.322
226,41,0.136
226,42,0.368
226,43,0.346
226,44,0.132
226,45,0.331
226,46,0.182
226,47,0.364
226,48,0.335
227,1,0.087
227,2,0.365
227,3,0.13
227,4,0.33
227,5,0.097
227,6,0.37
227,7,0.131
227,8,0.294
227,9,0.128
227,10,0.366
227,11,0.113
227,12,0.299
227,13,0.136
227,14,0.375
227,15,0.085
227,16,0.334
227,17,0.132
227,18,0.332
227,19,0.078
227,20,0.365
227,21,0.129
227,22,0.296
227,23,0.119
227,24,0.377
227,25,0.105
227,26,0.301
227,27,0.135
227,28,0.354
227,29,0.082
227,30,0.323
227,31,0.133
227,32,0.337
227,33,0.083
227,34,0.315
227,35,0.133
227,36,0.344
227,37,0.092
227,38,0.332
227,39,0.135
227,40,0.328
227,41,0.09
227,42,0.306
227,43,0.133
227,44,0.401
227,45,0.059
227,46,0.352
227,47,0.131
227,48,0.152
228,1,0.239
228,2,0.204
228,3,0.267
228,4,0.107
228,5,0.341
228,6,0.129
228,7,0.298
228,8,0.136
228,9,0.349
228,10,0.089
228,11,0.321
228,12,0.133
228,13,0.313
228,14,0.088
228,15,0.332
228,16,0.103
228,17,0.309
228,18,0.134
228,19,0.336
228,20,0.062
228,21,0.139
228,22,0.343
228,23,0.063
228,24,0.332
228,25,0.13
228,26,0.299
228,27,0.117
228,28,0.35
228,29,0.097
228,30,0.314
228,31,0.134
228,32,0.335
228,33,0.059
228,34,0.366
228,35,0.132
228,36,0.092
228,37,0.318
228,38,0.134
228,39,0.339
228,40,0.059
228,41,0.345
228,42,0.551
228,43,1.091
228,44,1.078
228,45,0.871
228,46,0.87
228,47,0.497
228,48,0.55
229,1,0.558
229,2,0.289
229,3,0.153
229,4,0.126
229,5,0.145
229,6,0.141
229,7,0.161
229,8,0.09
229,9,0.124
229,10,0.142
229,11,0.139
229,12,0.081
229,13,0.127
229,14,0.14
229,15,0.498
229,16,1.8
229,17,0.278
229,18,0.25
229,19,0.095
229,20,0.162
229,21,0.444
229,22,0.135
229,23,0.489
229,24,0.481
229,25,1.442
229,26,0.623
229,27,0.875
229,28,0.513
229,29,0.224
229,30,0.537
229,31,1.728
229,32,0.917
229,33,1.676
229,34,3.543
229,35,1.567
229,36,1.969
229,37,1.922
229,38,1.249
229,39,0.977
229,40,0.478
229,41,0.495
229,42,0.73
229,43,0.991
229,44,2.466
229,45,0.932
229,46,0.721
229,47,0.822
229,48,0.742
230,1,0.689
230,2,0.64
230,3,0.608
230,4,0.887
230,5,0.621
230,6,0.633
230,7,0.687
230,8,0.717
230,9,0.344
230,10,0.476
230,11,0.437
230,12,0.473
230,13,0.573
230,14,0.278
230,15,0.552
230,16,1.826
230,17,2.054
230,18,1.106
230,19,0.889
230,20,1.499
230,21,1.578
230,22,0.96
230,23,0.858
230,24,0.626
230,25,0.681
230,26,0.893
230,27,0.534
230,28,0.633
230,29,0.744
230,30,0.885
230,31,1.41
230,32,0.926
230,33,0.625
230,34,0.75
230,35,1.914
230,36,1.503
230,37,1.453
230,38,2.121
230,39,1.075
230,40,0.99
230,41,1.314
230,42,2.988
230,43,2.468
230,44,1.016
230,45,0.647
230,46,0.549
230,47,0.96
230,48,0.676
231,1,0.611
231,2,0.586
231,3,0.639
231,4,0.587
231,5,0.333
231,6,0.553
231,7,0.513
231,8,0.341
231,9,0.571
231,10,0.559
231,11,0.293
231,12,0.521
231,13,0.355
231,14,0.54
231,15,0.535
231,16,1.737
231,17,2.294
231,18,1.256
231,19,0.96
231,20,0.875
231,21,0.913
231,22,0.507
231,23,0.0
231,24,0.0
231,25,0.0
231,26,0.0
231,27,0.88
231,28,2.4
231,29,0.861
231,30,0.639
231,31,0.744
231,32,0.639
231,33,0.669
231,34,0.585
231,35,1.601
231,36,1.787
231,37,1.652
231,38,0.885
231,39,2.089
231,40,0.855
231,41,0.341
231,42,0.408
231,43,0.704
231,44,0.833
231,45,0.633
231,46,0.724
231,47,0.529
231,48,0.522
232,1,0.294
232,2,0.207
232,3,0.239
232,4,0.181
232,5,0.128
232,6,0.159
232,7,0.189
232,8,0.455
232,9,0.182
232,10,0.437
232,11,0.178
232,12,0.397
232,13,0.321
232,14,0.141
232,15,0.401
232,16,2.092
232,17,1.046
232,18,0.902
232,19,2.094
232,20,1.148
232,21,2.836
232,22,3.65
232,23,3.342
232,24,2.651
232,25,1.771
232,26,1.58
232,27,1.642
232,28,0.766
232,29,0.455
232,30,0.194
232,31,0.466
232,32,0.675
232,33,0.66
232,34,0.77
232,35,0.745
232,36,0.732
232,37,0.999
232,38,1.855
232,39,2.513
232,40,2.408
232,41,2.103
232,42,0.932
232,43,0.512
232,44,1.692
232,45,0.663
232,46,0.423
232,47,0.792
232,48,0.923
233,1,1.09
233,2,0.849
233,3,0.36
233,4,0.657
233,5,0.501
233,6,0.612
233,7,0.667
233,8,0.367
233,9,0.7
233,10,0.672
233,11,0.561
233,12,0.442
233,13,0.649
233,14,0.662
233,15,0.646
233,16,2.602
233,17,2.449
233,18,1.218
233,19,0.634
233,20,1.443
233,21,1.583
233,22,0.963
233,23,1.638
233,24,0.954
233,25,0.545
233,26,1.269
233,27,1.218
233,28,0.54
233,29,0.629
233,30,0.336
233,31,0.316
233,32,0.347
233,33,0.348
233,34,0.352
233,35,0.132
233,36,0.301
233,37,0.332
233,38,0.135
233,39,0.362
233,40,0.32
233,41,0.154
233,42,0.529
233,43,0.373
233,44,0.167
233,45,0.325
233,46,0.296
233,47,0.319
233,48,0.09
234,1,0.331
234,2,0.131
234,3,0.252
234,4,0.361
234,5,0.138
234,6,0.315
234,7,0.138
234,8,0.348
234,9,0.07
234,10,0.436
234,11,0.138
234,12,0.293
234,13,0.134
234,14,0.356
234,15,0.068
234,16,0.34
234,17,0.13
234,18,0.288
234,19,0.146
234,20,0.317
234,21,0.069
234,22,0.335
234,23,0.197
234,24,0.21
234,25,0.18
234,26,0.294
234,27,0.281
234,28,0.128
234,29,0.346
234,30,0.089
234,31,0.304
234,32,0.147
234,33,0.297
234,34,0.096
234,35,0.348
234,36,0.111
234,37,0.298
234,38,0.142
234,39,0.204
234,40,0.196
234,41,0.144
234,42,0.335
234,43,0.066
234,44,0.275
234,45,0.321
234,46,0.069
234,47,0.307
234,48,0.139
235,1,0.253
235,2,0.139
235,3,0.329
235,4,0.066
235,5,0.35
235,6,0.136
235,7,0.266
235,8,0.139
235,9,0.342
235,10,0.074
235,11,0.34
235,12,0.139
235,13,0.285
235,14,0.123
235,15,0.362
235,16,0.092
235,17,0.106
235,18,0.367
235,19,0.104
235,20,0.296
235,21,0.141
235,22,0.303
235,23,0.071
235,24,0.341
235,25,0.137
235,26,0.269
235,27,0.133
235,28,0.332
235,29,0.083
235,30,0.269
235,31,0.203
235,32,0.097
235,33,0.299
235,34,0.141
235,35,0.312
235,36,0.077
235,37,0.383
235,38,0.126
235,39,0.183
235,40,0.241
235,41,0.134
235,42,0.284
235,43,1.315
235,44,1.24
235,45,3.425
235,46,2.248
235,47,2.135
235,48,0.345
236,1,0.53
236,2,0.416
236,3,0.395
236,4,0.155
236,5,0.34
236,6,0.357
236,7,0.1
236,8,0.36
236,9,0.14
236,10,0.368
236,11,0.103
236,12,0.386
236,13,0.142
236,14,0.362
236,15,0.079
236,16,1.46
236,17,0.669
236,18,1.07
236,19,1.599
236,20,1.772
236,21,0.816
236,22,1.066
236,23,0.88
236,24,0.565
236,25,0.667
236,26,1.376
236,27,1.475
236,28,1.31
236,29,2.345
236,30,0.965
236,31,1.323
236,32,2.562
236,33,0.672
236,34,0.867
236,35,2.17
236,36,3.379
236,37,3.278
236,38,3.329
236,39,2.581
236,40,2.721
236,41,0.693
236,42,1.113
236,43,1.347
236,44,0.608
236,45,1.104
236,46,0.324
236,47,0.876
236,48,0.162
237,1,0.792
237,2,0.856
237,3,0.191
237,4,0.79
237,5,0.189
237,6,0.685
237,7,0.309
237,8,0.109
237,9,0.789
237,10,0.104
237,11,0.742
237,12,0.141
237,13,0.808
237,14,0.09
237,15,0.851
237,16,1.574
237,17,0.5
237,18,0.159
237,19,0.108
237,20,0.144
237,21,0.482
237,22,0.116
237,23,0.305
237,24,0.303
237,25,0.267
237,26,0.264
237,27,0.435
237,28,0.365
237,29,0.314
237,30,0.139
237,31,0.384
237,32,0.321
237,33,0.41
237,34,0.402
237,35,0.351
237,36,0.196
237,37,0.924
237,38,1.262
237,39,1.4
237,40,1.394
237,41,0.954
237,42,1.736
237,43,0.639
237,44,0.447
237,45,0.559
237,46,0.422
237,47,0.142
237,48,0.201
238,1,0.15
238,2,0.155
238,3,0.138
238,4,0.142
238,5,0.138
238,6,0.082
238,7,0.126
238,8,0.14
238,9,0.113
238,10,0.088
238,11,0.143
238,12,0.138
238,13,0.085
238,14,0.118
238,15,0.159
238,16,1.591
238,17,0.592
238,18,0.673
238,19,2.427
238,20,1.625
238,21,2.035
238,22,1.031
238,23,1.184
238,24,1.117
238,25,0.874
238,26,1.252
238,27,0.431
238,28,0.465
238,29,0.709
238,30,0.334
238,31,0.733
238,32,0.405
238,33,0.659
238,34,0.708
238,35,0.408
238,36,0.396
238,37,1.682
238,38,1.644
238,39,1.236
238,40,0.757
238,41,0.525
238,42,1.148
238,43,0.927
238,44,0.534
238,45,0.563
238,46,0.601
238,47,0.918
238,48,0.377
239,1,0.307
239,2,0.142
239,3,0.175
239,4,0.193
239,5,0.186
239,6,0.122
239,7,0.201
239,8,0.139
239,9,0.142
239,10,0.121
239,11,0.188
239,12,0.319
239,13,0.124
239,14,0.142
239,15,0.139
239,16,1.594
239,17,0.686
239,18,0.725
239,19,0.776
239,20,0.625
239,21,0.538
239,22,0.397
239,23,0.317
239,24,0.658
239,25,0.391
239,26,0.372
239,27,0.988
239,28,0.518
239,29,0.554
239,30,0.565
239,31,0.432
239,32,2.53
239,33,1.18
239,34,2.025
239,35,0.41
239,36,1.282
239,37,1.289
239,38,0.339
239,39,0.797
239,40,2.098
239,41,0.917
239,42,0.505
239,43,0.98
239,44,0.482
239,45,0.632
239,46,0.685
239,47,0.484
239,48,0.739
240,1,0.549
240,2,0.364
240,3,0.383
240,4,0.367
240,5,0.29
240,6,0.145
240,7,0.364
240,8,0.314
240,9,0.129
240,10,0.257
240,11,0.273
240,12,0.286
240,13,0.33
240,14,0.089
240,15,0.297
240,16,1.645
240,17,0.706
240,18,0.909
240,19,3.072
240,20,2.459
240,21,1.531
240,22,0.836
240,23,0.755
240,24,0.405
240,25,0.408
240,26,0.394
240,27,0.369
240,28,0.373
240,29,0.335
240,30,0.084
240,31,0.384
240,32,0.371
240,33,0.384
240,34,0.142
240,35,0.311
240,36,0.157
240,37,0.387
240,38,0.384
240,39,0.093
240,40,0.368
240,41,0.153
240,42,0.369
240,43,0.081
240,44,0.384
240,45,0.422
240,46,0.084
240,47,0.144
240,48,0.371
388,1,0.5
388,2,0.519
388,3,0.368
388,4,0.272
388,5,0.152
388,6,0.06
388,7,0.136
388,8,0.113
388,9,0.075
388,10,0.138
388,11,0.092
388,12,0.102
388,13,0.135
388,14,0.064
388,15,0.128
388,16,0.112
388,17,0.081
388,18,0.144
388,19,0.276
388,20,0.908
388,21,0.42
388,22,0.796
388,23,3.105
388,24,2.128
388,25,2.369
388,26,1.919
388,27,3.787
388,28,0.879
388,29,0.971
388,30,1.703
388,31,5.217
388,32,1.66
388,33,2.12
388,34,1.07
388,35,0.472
388,36,0.76
388,37,0.767
388,38,1.569
388,39,2.256
388,40,1.166
388,41,1.07
388,42,1.029
388,43,0.87
388,44,0.708
388,45,0.666
388,46,0.7
388,47,0.484
388,48,0.423
389,1,0.533
389,2,0.285
389,3,0.108
389,4,0.12
389,5,0.152
389,6,0.103
389,7,0.127
389,8,0.152
389,9,0.086
389,10,0.145
389,11,0.13
389,12,0.1
389,13,0.375
389,14,0.306
389,15,0.156
389,16,0.353
389,17,0.854
389,18,1.328
389,19,0.776
389,20,0.486
389,21,0.527
389,22,0.885
389,23,0.622
389,24,2.469
389,25,1.677
389,26,1.012
389,27,0.315
389,28,0.72
389,29,0.567
389,30,0.351
389,31,0.192
389,32,0.166
389,33,0.127
389,34,0.423
389,35,0.355
389,36,0.532
389,37,0.597
389,38,1.336
389,39,2.286
389,40,1.505
389,41,1.5
389,42,1.206
389,43,1.342
389,44,0.782
389,45,0.632
389,46,0.357
389,47,0.386
389,48,0.36
390,1,0.358
390,2,0.249
390,3,0.127
390,4,0.062
390,5,0.142
390,6,0.127
390,7,0.062
390,8,0.141
390,9,0.12
390,10,0.069
390,11,0.142
390,12,0.318
390,13,0.084
390,14,0.137
390,15,0.079
390,16,0.309
390,17,0.135
390,18,1.005
390,19,1.115
390,20,0.718
390,21,2.965
390,22,1.869
390,23,3.19
390,24,1.806
390,25,1.469
390,26,1.003
390,27,0.98
390,28,3.485
390,29,1.176
390,30,0.82
390,31,0.866
390,32,1.719
390,33,0.401
390,34,0.491
390,35,0.489
390,36,0.631
390,37,1.554
390,38,1.514
390,39,0.796
390,40,0.517
390,41,0.431
390,42,0.352
390,43,0.366
390,44,0.378
390,45,0.41
390,46,0.407
390,47,0.35
390,48,0.279
391,1,0.116
391,2,0.107
391,3,0.122
391,4,0.069
391,5,0.14
391,6,0.074
391,7,0.321
391,8,0.095
391,9,0.098
391,10,0.122
391,11,0.264
391,12,0.139
391,13,0.066
391,14,0.327
391,15,0.085
391,16,0.311
391,17,0.103
391,18,0.383
391,19,0.998
391,20,1.249
391,21,1.154
391,22,2.286
391,23,2.962
391,24,0.672
391,25,0.763
391,26,0.391
391,27,0.607
391,28,0.483
391,29,0.912
391,30,0.678
391,31,0.62
391,32,0.644
391,33,0.389
391,34,0.597
391,35,3.204
391,36,2.305
391,37,1.798
391,38,1.32
391,39,1.018
391,40,2.747
391,41,1.845
391,42,1.31
391,43,0.682
391,44,0.429
391,45,0.409
391,46,0.494
391,47,0.476
391,48,0.425
392,1,0.4
392,2,0.23
392,3,0.122
392,4,0.106
392,5,0.094
392,6,0.133
392,7,0.064
392,8,0.141
392,9,0.08
392,10,0.12
392,11,0.117
392,12,0.156
392,13,0.125
392,14,0.276
392,15,0.138
392,16,0.073
392,17,0.311
392,18,0.387
392,19,1.252
392,20,0.414
392,21,1.034
392,22,1.18
392,23,0.635
392,24,0.577
392,25,1.309
392,26,0.322
392,27,0.392
392,28,0.574
392,29,0.738
392,30,0.442
392,31,0.408
392,32,0.685
392,33,1.037
392,34,0.402
392,35,0.521
392,36,1.089
392,37,1.252
392,38,1.769
392,39,2.233
392,40,1.03
392,41,0.865
392,42,0.854
392,43,0.5
392,44,0.357
392,45,0.749
392,46,0.667
392,47,0.499
392,48,0.382
393,1,0.144
393,2,0.092
393,3,0.175
393,4,0.077
393,5,0.114
393,6,0.124
393,7,0.059
393,8,0.135
393,9,0.087
393,10,0.101
393,11,0.121
393,12,0.061
393,13,0.135
393,14,0.293
393,15,0.11
393,16,0.109
393,17,0.077
393,18,0.399
393,19,1.442
393,20,0.626
393,21,0.76
393,22,0.76
393,23,0.671
393,24,1.345
393,25,1.084
393,26,4.179
393,27,1.986
393,28,1.194
393,29,1.2
393,30,1.588
393,31,0.255
393,32,0.309
393,33,0.307
393,34,0.31
393,35,0.46
393,36,2.559
393,37,2.599
393,38,1.149
393,39,0.92
393,40,0.892
393,41,0.747
393,42,0.553
393,43,0.596
393,44,0.597
393,45,0.575
393,46,0.602
393,47,0.73
393,48,0.608
394,1,0.478
394,2,0.148
394,3,0.106
394,4,0.114
394,5,0.147
394,6,0.106
394,7,0.111
394,8,0.145
394,9,0.116
394,10,0.098
394,11,0.147
394,12,0.118
394,13,0.096
394,14,0.147
394,15,0.101
394,16,0.116
394,17,0.399
394,18,0.925
394,19,0.32
394,20,0.377
394,21,0.711
394,22,1.498
394,23,1.61
394,24,1.686
394,25,1.586
394,26,0.24
394,27,0.375
394,28,1.028
394,29,0.525
394,30,0.232
394,31,0.492
394,32,0.369
394,33,0.344
394,34,0.198
394,35,0.438
394,36,0.599
394,37,0.73
394,38,1.956
394,39,1.442
394,40,0.697
394,41,0.518
394,42,0.507
394,43,0.472
394,44,0.773
394,45,0.513
394,46,0.513
394,47,0.509
394,48,0.319
395,1,0.151
395,2,0.092
395,3,0.097
395,4,0.136
395,5,0.092
395,6,0.157
395,7,0.149
395,8,0.08
395,9,0.115
395,10,0.129
395,11,0.063
395,12,0.142
395,13,0.105
395,14,0.088
395,15,0.333
395,16,0.108
395,17,0.126
395,18,0.518
395,19,0.698
395,20,0.786
395,21,0.874
395,22,1.354
395,23,1.344
395,24,0.443
395,25,0.587
395,26,1.001
395,27,0.412
395,28,1.264
395,29,1.632
395,30,1.32
395,31,0.797
395,32,0.735
395,33,0.472
395,34,0.582
395,35,0.492
395,36,1.259
395,37,2.265
395,38,2.575
395,39,1.669
395,40,1.348
395,41,2.18
395,42,0.976
395,43,0.457
395,44,0.434
395,45,0.383
395,46,0.442
395,47,0.424
395,48,0.417
396,1,0.43
396,2,0.422
396,3,0.337
396,4,0.171
396,5,0.179
396,6,0.111
396,7,0.081
396,8,0.138
396,9,0.085
396,10,0.109
396,11,0.127
396,12,0.062
396,13,0.338
396,14,0.087
396,15,0.105
396,16,0.159
396,17,0.29
396,18,0.378
396,19,1.26
396,20,0.844
396,21,1.48
396,22,1.721
396,23,3.395
396,24,1.515
396,25,2.21
396,26,1.074
396,27,1.489
396,28,1.123
396,29,0.49
396,30,0.915
396,31,1.18
396,32,1.1
396,33,1.102
396,34,1.094
396,35,1.067
396,36,1.18
396,37,1.287
396,38,3.585
396,39,2.652
396,40,0.531
396,41,0.595
396,42,0.525
396,43,0.569
396,44,0.562
396,45,0.586
396,46,0.383
396,47,0.37
396,48,0.38
397,1,0.311
397,2,0.369
397,3,0.136
397,4,0.117
397,5,0.131
397,6,0.061
397,7,0.136
397,8,0.105
397,9,0.089
397,10,0.137
397,11,0.07
397,12,0.13
397,13,0.331
397,14,0.092
397,15,0.36
397,16,0.301
397,17,0.138
397,18,1.071
397,19,2.686
397,20,1.99
397,21,1.463
397,22,2.673
397,23,5.376
397,24,1.889
397,25,0.744
397,26,1.049
397,27,0.872
397,28,0.654
397,29,1.665
397,30,1.523
397,31,1.242
397,32,0.699
397,33,1.784
397,34,2.385
397,35,1.793
397,36,1.485
397,37,0.937
397,38,0.904
397,39,0.846
397,40,0.957
397,41,1.222
397,42,0.879
397,43,0.702
397,44,0.732
397,45,0.73
397,46,0.725
397,47,0.649
397,48,0.578
398,1,0.517
398,2,0.24
398,3,0.131
398,4,0.13
398,5,0.066
398,6,0.124
398,7,0.134
398,8,0.092
398,9,0.105
398,10,0.136
398,11,0.116
398,12,0.079
398,13,0.138
398,14,0.107
398,15,0.086
398,16,0.136
398,17,0.725
398,18,1.6
398,19,0.683
398,20,0.805
398,21,1.458
398,22,0.989
398,23,1.13
398,24,1.857
398,25,1.811
398,26,0.45
398,27,0.283
398,28,0.522
398,29,0.693
398,30,0.997
398,31,0.989
398,32,0.63
398,33,0.538
398,34,1.563
398,35,1.664
398,36,1.766
398,37,2.665
398,38,0.933
398,39,0.912
398,40,0.953
398,41,0.901
398,42,0.703
398,43,0.679
398,44,0.61
398,45,0.507
398,46,0.563
398,47,0.574
398,48,0.585
399,1,0.286
399,2,0.105
399,3,0.105
399,4,0.136
399,5,0.132
399,6,0.093
399,7,0.101
399,8,0.134
399,9,0.108
399,10,0.086
399,11,0.136
399,12,0.106
399,13,0.091
399,14,0.135
399,15,0.089
399,16,0.108
399,17,0.383
399,18,0.91
399,19,0.526
399,20,1.17
399,21,0.472
399,22,0.464
399,23,1.75
399,24,0.325
399,25,0.623
399,26,0.39
399,27,0.341
399,28,1.409
399,29,0.831
399,30,1.113
399,31,0.948
399,32,0.862
399,33,0.464
399,34,0.838
399,35,0.579
399,36,0.999
399,37,1.156
399,38,1.02
399,39,1.226
399,40,1.04
399,41,0.693
399,42,0.708
399,43,0.841
399,44,0.648
399,45,0.737
399,46,0.502
399,47,0.452
399,48,0.593
400,1,0.547
400,2,0.184
400,3,0.13
400,4,0.092
400,5,0.104
400,6,0.135
400,7,0.131
400,8,0.062
400,9,0.208
400,10,0.133
400,11,0.083
400,12,0.117
400,13,0.35
400,14,0.09
400,15,0.295
400,16,0.371
400,17,0.648
400,18,1.354
400,19,0.947
400,20,1.398
400,21,1.309
400,22,0.658
400,23,2.078
400,24,0.564
400,25,0.401
400,26,3.005
400,27,1.618
400,28,3.575
400,29,2.514
400,30,1.902
400,31,1.131
400,32,1.104
400,33,0.566
400,34,0.67
400,35,0.91
400,36,2.03
400,37,1.692
400,38,1.248
400,39,0.925
400,40,0.766
400,41,0.914
400,42,0.641
400,43,0.639
400,44,0.699
400,45,0.713
400,46,0.913
400,47,0.549
400,48,0.548
401,1,0.402
401,2,0.228
401,3,0.143
401,4,0.131
401,5,0.085
401,6,0.105
401,7,0.136
401,8,0.133
401,9,0.095
401,10,0.102
401,11,0.136
401,12,0.131
401,13,0.067
401,14,0.15
401,15,0.133
401,16,0.099
401,17,0.365
401,18,1.031
401,19,0.585
401,20,1.23
401,21,0.643
401,22,0.44
401,23,1.96
401,24,0.355
401,25,0.468
401,26,0.431
401,27,0.366
401,28,2.468
401,29,0.613
401,30,0.658
401,31,0.637
401,32,0.389
401,33,0.59
401,34,0.431
401,35,0.581
401,36,0.564
401,37,2.059
401,38,2.762
401,39,1.223
401,40,1.059
401,41,0.893
401,42,0.955
401,43,0.883
401,44,0.947
401,45,0.916
401,46,0.707
401,47,0.624
401,48,0.614
402,1,0.697
402,2,0.349
402,3,0.179
402,4,0.134
402,5,0.133
402,6,0.133
402,7,0.133
402,8,0.131
402,9,0.069
402,10,0.114
402,11,0.137
402,12,0.134
402,13,0.132
402,14,0.152
402,15,0.311
402,16,0.136
402,17,0.916
402,18,1.545
402,19,1.529
402,20,1.422
402,21,0.996
402,22,1.147
402,23,0.991
402,24,1.852
402,25,3.056
402,26,3.033
402,27,3.857
402,28,2.381
402,29,1.416
402,30,1.156
402,31,1.176
402,32,1.473
402,33,1.132
402,34,2.434
402,35,1.11
402,36,0.722
402,37,0.658
402,38,1.469
402,39,2.511
402,40,1.136
402,41,1.218
402,42,1.01
402,43,0.944
402,44,1.065
402,45,0.867
402,46,1.384
402,47,1.884
402,48,1.677
403,1,0.37
403,2,0.203
403,3,0.2
403,4,0.409
403,5,0.43
403,6,0.703
403,7,0.468
403,8,0.742
403,9,0.526
403,10,0.632
403,11,0.736
403,12,0.815
403,13,0.664
403,14,0.712
403,15,0.735
403,16,0.889
403,17,0.698
403,18,1.718
403,19,2.326
403,20,2.349
403,21,1.194
403,22,2.414
403,23,0.934
403,24,1.185
403,25,2.55
403,26,1.357
403,27,0.911
403,28,1.324
403,29,1.534
403,30,0.818
403,31,0.925
403,32,0.609
403,33,0.476
403,34,0.475
403,35,0.642
403,36,1.453
403,37,1.37
403,38,1.327
403,39,1.822
403,40,0.83
403,41,0.629
403,42,0.689
403,43,0.392
403,44,0.368
403,45,0.426
403,46,0.428
403,47,0.42
403,48,0.556
404,1,0.424
404,2,0.309
404,3,0.241
404,4,0.131
404,5,0.131
404,6,0.077
404,7,0.121
404,8,0.133
404,9,0.084
404,10,0.114
404,11,0.133
404,12,0.074
404,13,0.121
404,14,0.129
404,15,0.061
404,16,0.141
404,17,0.222
404,18,0.678
404,19,0.581
404,20,0.441
404,21,2.871
404,22,2.673
404,23,3.718
404,24,1.315
404,25,1.094
404,26,1.959
404,27,0.696
404,28,0.66
404,29,0.577
404,30,1.271
404,31,1.314
404,32,1.39
404,33,0.704
404,34,1.587
404,35,1.914
404,36,1.492
404,37,3.018
404,38,1.77
404,39,0.795
404,40,0.62
404,41,0.529
404,42,0.747
404,43,0.514
404,44,0.503
404,45,0.586
404,46,0.512
404,47,0.46
404,48,0.757
405,1,0.547
405,2,0.193
405,3,0.135
405,4,0.134
405,5,0.134
405,6,0.133
405,7,0.133
405,8,0.063
405,9,0.124
405,10,0.136
405,11,0.133
405,12,0.1
405,13,0.089
405,14,0.138
405,15,0.121
405,16,0.068
405,17,0.177
405,18,0.684
405,19,0.485
405,20,0.308
405,21,1.043
405,22,0.778
405,23,0.581
405,24,1.734
405,25,0.592
405,26,0.257
405,27,1.692
405,28,0.983
405,29,0.718
405,30,0.373
405,31,0.634
405,32,0.356
405,33,0.306
405,34,0.359
405,35,0.263
405,36,0.185
405,37,0.315
405,38,0.358
405,39,0.279
405,40,0.417
405,41,0.536
405,42,0.248
405,43,0.3
405,44,0.286
405,45,0.514
405,46,1.512
405,47,1.018
405,48,0.572
406,1,0.362
406,2,0.276
406,3,0.084
406,4,0.179
406,5,0.097
406,6,0.129
406,7,0.126
406,8,0.098
406,9,0.152
406,10,0.292
406,11,0.148
406,12,0.288
406,13,0.13
406,14,0.305
406,15,0.115
406,16,0.331
406,17,0.107
406,18,1.032
406,19,0.431
406,20,0.564
406,21,0.65
406,22,0.474
406,23,0.534
406,24,0.331
406,25,0.366
406,26,0.314
406,27,0.318
406,28,0.449
406,29,0.665
406,30,0.739
406,31,0.43
406,32,0.341
406,33,0.454
406,34,0.395
406,35,0.264
406,36,0.203
406,37,1.412
406,38,1.233
406,39,1.082
406,40,2.22
406,41,2.262
406,42,2.599
406,43,0.978
406,44,0.614
406,45,0.668
406,46,0.695
406,47,0.691
406,48,0.669
407,1,0.327
407,2,0.121
407,3,0.086
407,4,0.136
407,5,0.089
407,6,0.111
407,7,0.106
407,8,0.094
407,9,0.125
407,10,0.072
407,11,0.139
407,12,0.065
407,13,0.133
407,14,0.077
407,15,0.129
407,16,0.129
407,17,0.175
407,18,0.813
407,19,0.371
407,20,0.333
407,21,0.977
407,22,0.679
407,23,0.353
407,24,1.76
407,25,0.377
407,26,0.319
407,27,0.316
407,28,0.32
407,29,0.766
407,30,0.858
407,31,0.498
407,32,0.484
407,33,0.674
407,34,0.501
407,35,0.975
407,36,1.986
407,37,3.029
407,38,0.84
407,39,0.703
407,40,0.588
407,41,0.654
407,42,0.588
407,43,0.685
407,44,0.734
407,45,0.918
407,46,0.716
407,47,0.925
407,48,0.546
408,1,0.689
408,2,0.469
408,3,0.154
408,4,0.133
408,5,0.106
408,6,0.099
408,7,0.127
408,8,0.078
408,9,0.143
408,10,0.069
408,11,0.141
408,12,0.079
408,13,0.129
408,14,0.09
408,15,0.115
408,16,0.102
408,17,0.22
408,18,0.936
408,19,0.316
408,20,0.387
408,21,0.459
408,22,0.699
408,23,0.591
408,24,0.671
408,25,0.702
408,26,0.364
408,27,2.241
408,28,3.481
408,29,1.605
408,30,1.959
408,31,2.131
408,32,2.025
408,33,0.691
408,34,0.395
408,35,0.364
408,36,0.471
408,37,1.257
408,38,0.921
408,39,0.38
408,40,0.419
408,41,0.367
408,42,0.393
408,43,0.417
408,44,0.352
408,45,0.484
408,46,0.5
408,47,0.435
408,48,0.478
409,1,0.296
409,2,0.128
409,3,0.13
409,4,0.116
409,5,0.092
409,6,0.146
409,7,0.073
409,8,0.133
409,9,0.101
409,10,0.105
409,11,0.126
409,12,0.081
409,13,0.144
409,14,0.071
409,15,0.137
409,16,0.086
409,17,0.13
409,18,0.546
409,19,0.314
409,20,1.7
409,21,1.379
409,22,0.58
409,23,0.303
409,24,0.363
409,25,0.319
409,26,0.601
409,27,0.38
409,28,0.738
409,29,0.564
409,30,0.542
409,31,0.712
409,32,1.115
409,33,0.997
409,34,0.187
409,35,0.983
409,36,1.617
409,37,1.765
409,38,1.422
409,39,0.704
409,40,1.08
409,41,0.801
409,42,0.796
409,43,0.98
409,44,0.771
409,45,0.705
409,46,0.786
409,47,0.797
409,48,0.642
410,1,0.382
410,2,0.185
410,3,0.135
410,4,0.136
410,5,0.128
410,6,0.061
410,7,0.139
410,8,0.133
410,9,0.062
410,10,0.136
410,11,0.113
410,12,0.079
410,13,0.138
410,14,0.088
410,15,0.11
410,16,0.129
410,17,0.068
410,18,0.14
410,19,0.191
410,20,0.762
410,21,0.155
410,22,0.082
410,23,0.157
410,24,0.313
410,25,0.325
410,26,0.415
410,27,0.832
410,28,0.444
410,29,0.617
410,30,0.779
410,31,1.752
410,32,1.459
410,33,1.098
410,34,1.186
410,35,0.721
410,36,1.77
410,37,2.355
410,38,2.415
410,39,2.032
410,40,0.741
410,41,0.944
410,42,0.726
410,43,0.728
410,44,0.88
410,45,0.93
410,46,0.619
410,47,0.611
410,48,0.63
411,1,0.267
411,2,0.182
411,3,0.112
411,4,0.094
411,5,0.136
411,6,0.131
411,7,0.061
411,8,0.134
411,9,0.133
411,10,0.062
411,11,0.137
411,12,0.122
411,13,0.065
411,14,0.14
411,15,0.107
411,16,0.079
411,17,0.137
411,18,0.148
411,19,0.762
411,20,0.414
411,21,2.998
411,22,2.182
411,23,2.481
411,24,0.684
411,25,0.386
411,26,0.365
411,27,0.861
411,28,2.709
411,29,1.033
411,30,1.194
411,31,0.84
411,32,0.697
411,33,0.612
411,34,0.431
411,35,0.606
411,36,0.561
411,37,0.863
411,38,1.106
411,39,1.986
411,40,0.904
411,41,0.778
411,42,0.928
411,43,0.778
411,44,0.778
411,45,0.658
411,46,0.494
411,47,0.492
411,48,0.645
412,1,0.366
412,2,0.227
412,3,0.149
412,4,0.147
412,5,0.127
412,6,0.075
412,7,0.149
412,8,0.15
412,9,0.148
412,10,0.147
412,11,0.102
412,12,0.11
412,13,0.152
412,14,0.137
412,15,0.076
412,16,0.154
412,17,0.149
412,18,0.283
412,19,0.651
412,20,2.059
412,21,1.147
412,22,0.634
412,23,0.622
412,24,0.382
412,25,0.326
412,26,0.461
412,27,0.365
412,28,0.441
412,29,0.458
412,30,0.502
412,31,0.427
412,32,0.351
412,33,0.388
412,34,0.534
412,35,1.28
412,36,3.122
412,37,1.427
412,38,1.238
412,39,1.027
412,40,0.767
412,41,0.639
412,42,0.663
412,43,0.737
412,44,0.802
412,45,0.957
412,46,0.679
412,47,0.586
412,48,0.345
413,1,0.49
413,2,0.283
413,3,0.173
413,4,0.061
413,5,0.139
413,6,0.134
413,7,0.115
413,8,0.069
413,9,0.141
413,10,0.123
413,11,0.064
413,12,0.142
413,13,0.114
413,14,0.074
413,15,0.139
413,16,0.104
413,17,0.252
413,18,3.128
413,19,0.603
413,20,0.354
413,21,0.376
413,22,0.336
413,23,0.323
413,24,0.178
413,25,0.412
413,26,0.453
413,27,1.012
413,28,0.822
413,29,0.479
413,30,0.508
413,31,0.337
413,32,0.701
413,33,2.334
413,34,0.882
413,35,1.582
413,36,0.499
413,37,1.25
413,38,2.505
413,39,1.061
413,40,0.517
413,41,0.609
413,42,0.787
413,43,1.303
413,44,0.78
413,45,0.663
413,46,0.458
413,47,0.754
413,48,0.52
414,1,0.439
414,2,0.231
414,3,0.084
414,4,0.155
414,5,0.147
414,6,0.117
414,7,0.099
414,8,0.151
414,9,0.123
414,10,0.097
414,11,0.153
414,12,0.114
414,13,0.106
414,14,0.15
414,15,0.098
414,16,0.124
414,17,0.368
414,18,3.224
414,19,1.006
414,20,0.995
414,21,0.624
414,22,0.654
414,23,0.494
414,24,0.351
414,25,1.877
414,26,1.204
414,27,0.912
414,28,1.409
414,29,1.994
414,30,0.488
414,31,0.467
414,32,0.566
414,33,0.641
414,34,0.874
414,35,0.53
414,36,0.33
414,37,1.054
414,38,0.748
414,39,1.131
414,40,0.882
414,41,0.766
414,42,0.734
414,43,0.734
414,44,0.84
414,45,0.834
414,46,0.558
414,47,0.507
414,48,0.53
415,1,0.677
415,2,0.213
415,3,0.124
415,4,0.09
415,5,0.2
415,6,0.138
415,7,0.075
415,8,0.152
415,9,0.129
415,10,0.085
415,11,0.154
415,12,0.111
415,13,0.108
415,14,0.15
415,15,0.152
415,16,0.129
415,17,0.152
415,18,0.243
415,19,1.244
415,20,1.131
415,21,0.794
415,22,2.108
415,23,0.667
415,24,0.347
415,25,0.468
415,26,0.375
415,27,0.331
415,28,1.03
415,29,0.608
415,30,0.73
415,31,2.376
415,32,1.101
415,33,1.836
415,34,0.364
415,35,0.349
415,36,0.35
415,37,0.308
415,38,2.383
415,39,1.486
415,40,0.828
415,41,0.817
415,42,1.166
415,43,1.314
415,44,1.188
415,45,0.796
415,46,0.623
415,47,0.605
415,48,0.629
