213,1,0.024
213,2,0.024
213,3,0.024
213,4,0.14
213,5,0.124
213,6,0.12
213,7,0.066
213,8,0.024
213,9,0.024
213,10,0.066
213,11,0.129
213,12,0.123
213,13,0.119
213,14,0.051
213,15,0.024
213,16,0.023
213,17,0.074
213,18,0.127
213,19,0.122
213,20,0.319
213,21,0.159
213,22,0.076
213,23,0.163
213,24,0.403
213,25,0.316
213,26,0.294
213,27,0.295
213,28,0.293
213,29,0.517
213,30,0.825
213,31,1.218
213,32,0.453
213,33,0.468
213,34,0.326
213,35,0.118
213,36,0.117
213,37,0.117
213,38,0.043
213,39,0.023
213,40,0.024
213,41,0.088
213,42,0.128
213,43,0.122
213,44,0.118
213,45,0.092
213,46,0.024
213,47,0.024
213,48,0.036
214,1,0.132
214,2,0.124
214,3,0.12
214,4,0.073
214,5,0.025
214,6,0.025
214,7,0.06
214,8,0.13
214,9,0.123
214,10,0.12
214,11,0.038
214,12,0.024
214,13,0.024
214,14,0.076
214,15,0.128
214,16,0.122
214,17,0.12
214,18,0.083
214,19,0.024
214,20,0.024
214,21,0.049
214,22,0.13
214,23,0.123
214,24,0.119
214,25,0.093
214,26,0.024
214,27,0.024
214,28,0.057
214,29,0.131
214,30,0.122
214,31,0.119
214,32,0.067
214,33,0.024
214,34,0.024
214,35,0.084
214,36,0.127
214,37,0.122
214,38,0.119
214,39,0.064
214,40,0.024
214,41,0.024
214,42,0.083
214,43,0.127
214,44,0.121
214,45,0.118
214,46,0.06
214,47,0.024
214,48,0.024
215,1,0.07
215,2,0.129
215,3,0.123
215,4,0.121
215,5,0.058
215,6,0.024
215,7,0.024
215,8,0.044
215,9,0.132
215,10,0.124
215,11,0.12
215,12,0.069
215,13,0.024
215,14,0.024
215,15,0.047
215,16,0.131
215,17,0.123
215,18,0.119
215,19,0.094
215,20,0.024
215,21,0.024
215,22,0.032
215,23,0.132
215,24,0.123
215,25,0.119
215,26,0.074
215,27,0.024
215,28,0.023
215,29,0.054
215,30,0.13
215,31,0.123
215,32,0.12
215,33,0.118
215,34,0.037
215,35,0.024
215,36,0.024
215,37,0.098
215,38,0.127
215,39,0.122
215,40,0.12
215,41,0.162
215,42,0.185
215,43,0.262
215,44,0.142
215,45,0.136
215,46,0.129
215,47,0.116
215,48,0.106
216,1,0.024
216,2,0.024
216,3,0.06
216,4,0.128
216,5,0.122
216,6,0.121
216,7,0.114
216,8,0.024
216,9,0.024
216,10,0.034
216,11,0.131
216,12,0.123
216,13,0.119
216,14,0.117
216,15,0.475
216,16,0.029
216,17,0.123
216,18,0.122
216,19,0.12
216,20,0.119
216,21,0.117
216,22,0.057
216,23,0.025
216,24,0.025
216,25,0.084
216,26,0.128
216,27,0.122
216,28,0.12
216,29,0.119
216,30,0.094
216,31,0.026
216,32,0.026
216,33,0.056
216,34,0.131
216,35,0.125
216,36,0.123
216,37,0.125
216,38,0.147
216,39,0.285
216,40,0.231
216,41,0.19
216,42,0.191
216,43,0.83
216,44,1.036
216,45,0.285
216,46,0.226
216,47,0.136
216,48,0.024
217,1,0.024
217,2,0.026
217,3,0.135
217,4,0.125
217,5,0.129
217,6,0.12
217,7,0.028
217,8,0.025
217,9,0.025
217,10,0.121
217,11,0.126
217,12,0.122
217,13,0.12
217,14,0.066
217,15,0.182
217,16,0.053
217,17,0.13
217,18,0.124
217,19,0.121
217,20,0.12
217,21,0.095
217,22,0.025
217,23,0.025
217,24,0.065
217,25,0.13
217,26,0.124
217,27,0.121
217,28,0.12
217,29,0.119
217,30,0.029
217,31,0.025
217,32,0.025
217,33,0.133
217,34,0.126
217,35,0.122
217,36,0.121
217,37,0.472
217,38,1.416
217,39,0.635
217,40,0.28
217,41,0.25
217,42,0.183
217,43,0.454
217,44,1.53
217,45,0.21
217,46,0.183
217,47,0.122
217,48,0.119
218,1,0.118
218,2,0.118
218,3,0.034
218,4,0.024
218,5,0.024
218,6,0.1
218,7,0.127
218,8,0.122
218,9,0.12
218,10,0.118
218,11,0.091
218,12,0.024
218,13,0.024
218,14,0.026
218,15,0.292
218,16,0.131
218,17,0.124
218,18,0.121
218,19,0.119
218,20,0.114
218,21,0.025
218,22,0.025
218,23,0.025
218,24,0.12
218,25,0.127
218,26,0.122
218,27,0.12
218,28,0.119
218,29,0.059
218,30,0.025
218,31,0.025
218,32,0.077
218,33,0.129
218,34,0.124
218,35,0.122
218,36,0.12
218,37,0.034
218,38,0.025
218,39,0.025
218,40,0.107
218,41,0.128
218,42,0.123
218,43,0.12
218,44,0.114
218,45,0.025
218,46,0.026
218,47,0.026
218,48,0.114
219,1,0.128
219,2,0.124
219,3,0.122
219,4,0.071
219,5,0.053
219,6,0.025
219,7,0.051
219,8,0.132
219,9,0.125
219,10,0.122
219,11,0.12
219,12,0.039
219,13,0.025
219,14,0.025
219,15,0.071
219,16,0.129
219,17,0.376
219,18,0.125
219,19,0.119
219,20,0.118
219,21,0.117
219,22,0.027
219,23,0.025
219,24,0.025
219,25,0.096
219,26,0.127
219,27,0.122
219,28,0.12
219,29,0.119
219,30,0.084
219,31,0.025
219,32,0.025
219,33,0.034
219,34,0.134
219,35,0.125
219,36,0.271
219,37,0.24
219,38,0.137
219,39,0.135
219,40,0.267
219,41,0.436
219,42,0.552
219,43,0.43
219,44,0.126
219,45,0.145
219,46,0.15
219,47,0.12
219,48,0.118
220,1,0.118
220,2,0.047
220,3,0.025
220,4,0.025
220,5,0.077
220,6,0.13
220,7,0.124
220,8,0.121
220,9,0.12
220,10,0.088
220,11,0.026
220,12,0.026
220,13,0.025
220,14,0.121
220,15,0.126
220,16,0.121
220,17,0.119
220,18,0.279
220,19,0.053
220,20,0.032
220,21,2.643
220,22,0.337
220,23,0.236
220,24,0.207
220,25,0.126
220,26,0.126
220,27,0.303
220,28,0.338
220,29,0.34
220,30,0.207
220,31,0.194
220,32,0.245
220,33,0.484
220,34,0.594
220,35,0.357
220,36,0.283
220,37,0.262
220,38,0.215
220,39,0.248
220,40,0.403
220,41,0.129
220,42,0.128
220,43,1.417
220,44,1.41
220,45,0.154
220,46,0.137
220,47,0.167
220,48,0.124
221,1,0.118
221,2,0.119
221,3,0.083
221,4,0.025
221,5,0.025
221,6,0.025
221,7,0.122
221,8,0.129
221,9,0.125
221,10,0.123
221,11,0.122
221,12,0.12
221,13,0.119
221,14,0.118
221,15,0.054
221,16,0.025
221,17,0.025
221,18,0.211
221,19,0.157
221,20,0.131
221,21,0.535
221,22,0.233
221,23,0.12
221,24,0.118
221,25,0.118
221,26,0.117
221,27,0.08
221,28,0.025
221,29,0.025
221,30,0.047
221,31,0.132
221,32,0.125
221,33,0.122
221,34,0.12
221,35,0.119
221,36,0.031
221,37,0.026
221,38,0.025
221,39,0.911
221,40,1.243
221,41,0.785
221,42,0.138
221,43,0.503
221,44,0.148
221,45,0.133
221,46,0.159
221,47,0.121
221,48,0.117
222,1,0.038
222,2,0.027
222,3,0.025
222,4,0.099
222,5,0.128
222,6,0.124
222,7,0.122
222,8,0.12
222,9,0.03
222,10,0.026
222,11,0.026
222,12,0.118
222,13,0.127
222,14,0.345
222,15,0.333
222,16,0.127
222,17,0.117
222,18,0.026
222,19,0.026
222,20,0.053
222,21,0.13
222,22,0.124
222,23,0.121
222,24,0.12
222,25,0.118
222,26,0.057
222,27,0.025
222,28,0.025
222,29,0.101
222,30,0.127
222,31,0.122
222,32,0.12
222,33,0.119
222,34,0.057
222,35,0.025
222,36,0.342
222,37,0.253
222,38,0.289
222,39,0.285
222,40,0.277
222,41,0.137
222,42,0.095
222,43,0.216
222,44,0.218
222,45,0.244
222,46,0.303
222,47,0.155
222,48,0.121
223,1,0.12
223,2,0.119
223,3,0.035
223,4,0.025
223,5,0.025
223,6,0.095
223,7,0.127
223,8,0.122
223,9,0.119
223,10,0.118
223,11,0.047
223,12,0.024
223,13,0.024
223,14,0.058
223,15,0.558
223,16,0.132
223,17,0.124
223,18,0.119
223,19,0.119
223,20,0.065
223,21,0.025
223,22,0.025
223,23,0.045
223,24,0.132
223,25,0.124
223,26,0.121
223,27,0.12
223,28,0.119
223,29,0.068
223,30,0.025
223,31,0.025
223,32,0.054
223,33,0.132
223,34,0.125
223,35,0.122
223,36,0.182
223,37,0.453
223,38,0.276
223,39,0.28
223,40,0.164
223,41,0.199
223,42,0.25
223,43,0.336
223,44,0.328
223,45,0.32
223,46,0.193
223,47,0.122
223,48,0.079
224,1,0.025
224,2,0.025
224,3,0.058
224,4,0.131
224,5,0.127
224,6,0.122
224,7,0.121
224,8,0.12
224,9,0.111
224,10,0.025
224,11,0.025
224,12,0.025
224,13,0.108
224,14,0.331
224,15,0.416
224,16,0.127
224,17,0.12
224,18,0.118
224,19,0.052
224,20,0.025
224,21,0.025
224,22,0.101
224,23,0.127
224,24,0.122
224,25,0.12
224,26,0.119
224,27,0.118
224,28,0.032
224,29,0.025
224,30,0.025
224,31,0.117
224,32,0.127
224,33,0.123
224,34,0.121
224,35,0.12
224,36,1.072
224,37,1.239
224,38,0.266
224,39,0.254
224,40,0.217
224,41,0.209
224,42,0.253
224,43,0.332
224,44,0.331
224,45,0.314
224,46,0.25
224,47,0.067
224,48,0.026
225,1,0.026
225,2,0.084
225,3,0.129
225,4,0.124
225,5,0.121
225,6,0.119
225,7,0.039
225,8,0.025
225,9,0.025
225,10,0.092
225,11,0.128
225,12,0.123
225,13,0.12
225,14,0.406
225,15,0.323
225,16,0.168
225,17,0.092
225,18,0.025
225,19,0.026
225,20,0.025
225,21,0.13
225,22,0.126
225,23,0.122
225,24,0.12
225,25,0.058
225,26,0.025
225,27,0.025
225,28,0.05
225,29,0.133
225,30,0.125
225,31,0.122
225,32,0.12
225,33,0.119
225,34,0.028
225,35,0.025
225,36,0.066
225,37,0.257
225,38,0.284
225,39,0.283
225,40,0.28
225,41,0.201
225,42,0.279
225,43,0.229
225,44,0.161
225,45,0.059
225,46,0.144
225,47,0.125
225,48,0.121
226,1,0.119
226,2,0.088
226,3,0.025
226,4,0.025
226,5,0.026
226,6,0.13
226,7,0.127
226,8,0.123
226,9,0.121
226,10,0.082
226,11,0.028
226,12,0.026
226,13,0.025
226,14,0.349
226,15,0.133
226,16,0.398
226,17,0.12
226,18,0.119
226,19,0.07
226,20,0.025
226,21,0.025
226,22,0.044
226,23,0.132
226,24,0.124
226,25,0.121
226,26,0.119
226,27,0.118
226,28,0.069
226,29,0.025
226,30,0.025
226,31,0.046
226,32,0.132
226,33,0.125
226,34,0.121
226,35,0.119
226,36,0.252
226,37,0.336
226,38,0.065
226,39,0.092
226,40,0.319
226,41,0.259
226,42,0.248
226,43,0.278
226,44,0.156
226,45,0.024
226,46,0.024
226,47,0.081
226,48,0.128
227,1,0.123
227,2,0.12
227,3,0.119
227,4,0.107
227,5,0.024
227,6,0.024
227,7,0.028
227,8,0.135
227,9,0.125
227,10,0.121
227,11,0.119
227,12,0.118
227,13,0.033
227,14,0.024
227,15,0.024
227,16,0.087
227,17,0.127
227,18,0.372
227,19,0.125
227,20,0.124
227,21,0.119
227,22,0.094
227,23,0.101
227,24,0.039
227,25,0.058
227,26,0.146
227,27,0.139
227,28,0.137
227,29,0.135
227,30,0.134
227,31,0.133
227,32,0.061
227,33,0.04
227,34,0.04
227,35,0.11
227,36,0.142
227,37,0.136
227,38,0.133
227,39,0.133
227,40,0.088
227,41,0.039
227,42,0.039
227,43,0.066
227,44,0.144
227,45,0.138
227,46,0.134
227,47,0.133
227,48,0.118
228,1,0.039
228,2,0.039
228,3,0.039
228,4,0.135
228,5,0.141
228,6,0.137
228,7,0.135
228,8,0.134
228,9,0.07
228,10,0.04
228,11,0.04
228,12,0.084
228,13,0.145
228,14,0.138
228,15,0.135
228,16,0.133
228,17,0.048
228,18,0.039
228,19,0.039
228,20,0.106
228,21,0.141
228,22,0.137
228,23,0.135
228,24,0.133
228,25,0.132
228,26,0.05
228,27,0.038
228,28,0.039
228,29,0.097
228,30,0.142
228,31,0.136
228,32,0.134
228,33,0.134
228,34,0.133
228,35,0.055
228,36,0.039
228,37,0.039
228,38,0.102
228,39,0.142
228,40,0.138
228,41,0.135
228,42,0.133
228,43,0.069
228,44,0.213
228,45,0.199
228,46,0.22
228,47,0.126
228,48,0.121
229,1,0.119
229,2,0.119
229,3,0.095
229,4,0.025
229,5,0.025
229,6,0.025
229,7,0.109
229,8,0.128
229,9,0.123
229,10,0.121
229,11,0.073
229,12,0.026
229,13,0.025
229,14,0.192
229,15,0.519
229,16,1.875
229,17,0.616
229,18,0.206
229,19,0.235
229,20,0.118
229,21,0.118
229,22,0.117
229,23,0.116
229,24,0.066
229,25,0.025
229,26,0.025
229,27,0.08
229,28,0.127
229,29,0.123
229,30,0.121
229,31,0.12
229,32,0.086
229,33,0.026
229,34,0.026
229,35,0.061
229,36,0.178
229,37,0.284
229,38,0.176
229,39,0.141
229,40,0.201
229,41,0.224
229,42,0.146
229,43,0.138
229,44,0.24
229,45,0.261
229,46,0.137
229,47,0.141
229,48,0.129
230,1,0.118
230,2,0.117
230,3,0.078
230,4,0.024
230,5,0.024
230,6,0.024
230,7,0.102
230,8,0.126
230,9,0.12
230,10,0.118
230,11,0.116
230,12,0.115
230,13,0.116
230,14,0.272
230,15,0.031
230,16,0.034
230,17,0.132
230,18,0.123
230,19,0.12
230,20,0.119
230,21,0.119
230,22,0.118
230,23,0.117
230,24,0.037
230,25,0.026
230,26,0.026
230,27,0.026
230,28,0.137
230,29,0.127
230,30,0.123
230,31,0.121
230,32,0.12
230,33,0.119
230,34,0.118
230,35,0.093
230,36,0.461
230,37,0.821
230,38,0.132
230,39,1.497
230,40,1.632
230,41,0.295
230,42,0.292
230,43,0.191
230,44,0.235
230,45,0.044
230,46,0.025
230,47,0.087
230,48,0.128
231,1,0.122
231,2,0.12
231,3,0.119
231,4,0.118
231,5,0.118
231,6,0.117
231,7,0.043
231,8,0.027
231,9,0.025
231,10,0.042
231,11,0.133
231,12,0.125
231,13,0.121
231,14,0.318
231,15,0.142
231,16,0.121
231,17,0.115
231,18,0.095
231,19,0.024
231,20,0.024
231,21,0.024
231,22,0.101
231,23,0.126
231,24,0.121
231,25,0.118
231,26,0.117
231,27,0.116
231,28,0.116
231,29,0.035
231,30,0.024
231,31,0.024
231,32,0.068
231,33,0.13
231,34,0.123
231,35,0.12
231,36,0.119
231,37,0.37
231,38,0.125
231,39,0.122
231,40,1.59
231,41,1.82
231,42,0.353
231,43,0.222
231,44,0.135
231,45,0.132
231,46,0.101
231,47,0.023
231,48,0.023
232,1,0.025
232,2,0.12
232,3,0.124
232,4,0.121
232,5,0.119
232,6,0.118
232,7,0.117
232,8,0.119
232,9,0.116
232,10,0.068
232,11,0.024
232,12,0.024
232,13,0.024
232,14,0.341
232,15,0.161
232,16,0.126
232,17,0.119
232,18,0.118
232,19,0.118
232,20,0.118
232,21,0.118
232,22,0.031
232,23,0.026
232,24,0.026
232,25,0.07
232,26,0.13
232,27,0.124
232,28,0.122
232,29,0.121
232,30,0.12
232,31,0.118
232,32,0.118
232,33,0.095
232,34,0.026
232,35,0.025
232,36,0.354
232,37,0.386
232,38,0.558
232,39,2.179
232,40,0.303
232,41,0.257
232,42,0.263
232,43,0.253
232,44,0.083
232,45,0.042
232,46,0.03
232,47,0.092
232,48,0.128
233,1,0.123
233,2,0.12
233,3,0.119
233,4,0.118
233,5,0.053
233,6,0.025
233,7,0.026
233,8,0.026
233,9,0.115
233,10,0.128
233,11,0.123
233,12,0.12
233,13,0.119
233,14,0.318
233,15,0.124
233,16,0.192
233,17,0.026
233,18,0.104
233,19,0.128
233,20,0.122
233,21,0.119
233,22,0.119
233,23,0.118
233,24,0.117
233,25,0.057
233,26,0.025
233,27,0.025
233,28,0.025
233,29,0.1
233,30,0.129
233,31,0.124
233,32,0.122
233,33,0.12
233,34,0.117
233,35,0.061
233,36,0.057
233,37,0.284
233,38,0.33
233,39,0.286
233,40,0.136
233,41,0.134
233,42,0.216
233,43,0.271
233,44,0.112
233,45,0.067
233,46,0.041
233,47,0.03
233,48,0.087
234,1,0.129
234,2,0.124
234,3,0.121
234,4,0.12
234,5,0.062
234,6,0.025
234,7,0.025
234,8,0.025
234,9,0.113
234,10,0.128
234,11,0.122
234,12,0.12
234,13,0.119
234,14,0.096
234,15,0.025
234,16,0.025
234,17,0.322
234,18,0.132
234,19,0.138
234,20,0.454
234,21,0.126
234,22,0.122
234,23,0.031
234,24,0.025
234,25,0.025
234,26,0.133
234,27,0.124
234,28,0.121
234,29,0.119
234,30,0.118
234,31,0.123
234,32,0.266
234,33,0.123
234,34,0.117
234,35,0.118
234,36,0.108
234,37,0.172
234,38,0.05
234,39,0.132
234,40,0.124
234,41,0.197
234,42,0.275
234,43,0.3
234,44,0.329
234,45,0.328
234,46,0.143
234,47,0.133
234,48,0.123
235,1,0.062
235,2,0.026
235,3,0.025
235,4,0.025
235,5,0.088
235,6,0.128
235,7,0.122
235,8,0.119
235,9,0.118
235,10,0.117
235,11,0.091
235,12,0.025
235,13,0.025
235,14,0.025
235,15,0.056
235,16,0.131
235,17,0.124
235,18,0.357
235,19,0.134
235,20,0.124
235,21,0.661
235,22,0.159
235,23,0.119
235,24,0.087
235,25,0.025
235,26,0.025
235,27,0.025
235,28,0.094
235,29,0.128
235,30,0.122
235,31,0.12
235,32,0.119
235,33,0.118
235,34,0.117
235,35,0.048
235,36,0.025
235,37,0.025
235,38,0.025
235,39,0.126
235,40,0.127
235,41,0.122
235,42,0.174
235,43,0.186
235,44,0.14
235,45,0.131
235,46,0.03
235,47,0.025
235,48,0.025
236,1,0.025
236,2,0.108
236,3,0.128
236,4,0.123
236,5,0.12
236,6,0.119
236,7,0.118
236,8,0.077
236,9,0.025
236,10,0.025
236,11,0.025
236,12,0.043
236,13,0.134
236,14,0.33
236,15,0.432
236,16,0.127
236,17,0.122
236,18,0.121
236,19,0.095
236,20,0.029
236,21,0.029
236,22,0.029
236,23,0.109
236,24,0.131
236,25,0.126
236,26,0.123
236,27,0.122
236,28,0.121
236,29,0.121
236,30,0.068
236,31,0.029
236,32,0.029
236,33,0.029
236,34,0.081
236,35,0.135
236,36,0.134
236,37,1.531
236,38,0.731
236,39,0.142
236,40,0.126
236,41,0.08
236,42,1.98
236,43,0.251
236,44,0.179
236,45,0.162
236,46,0.134
236,47,0.125
236,48,0.12
237,1,0.112
237,2,0.027
237,3,0.027
237,4,0.027
237,5,0.113
237,6,0.129
237,7,0.126
237,8,0.122
237,9,0.068
237,10,0.027
237,11,0.027
237,12,0.043
237,13,0.135
237,14,0.23
237,15,0.236
237,16,0.318
237,17,0.101
237,18,0.026
237,19,0.026
237,20,0.05
237,21,0.132
237,22,0.125
237,23,0.121
237,24,0.12
237,25,0.07
237,26,0.025
237,27,0.025
237,28,0.067
237,29,0.131
237,30,0.125
237,31,0.122
237,32,0.12
237,33,0.119
237,34,0.083
237,35,0.026
237,36,0.026
237,37,0.029
237,38,0.248
237,39,0.29
237,40,0.288
237,41,0.369
237,42,0.469
237,43,0.149
237,44,0.065
237,45,0.03
237,46,0.024
237,47,0.039
237,48,0.133
238,1,0.124
238,2,0.12
238,3,0.118
238,4,0.027
238,5,0.024
238,6,0.024
238,7,0.05
238,8,0.132
238,9,0.123
238,10,0.119
238,11,0.118
238,12,0.116
238,13,0.082
238,14,0.143
238,15,0.112
238,16,0.264
238,17,1.041
238,18,0.345
238,19,0.231
238,20,0.17
238,21,0.113
238,22,0.025
238,23,0.025
238,24,0.025
238,25,0.23
238,26,0.394
238,27,0.124
238,28,0.121
238,29,0.119
238,30,0.118
238,31,0.081
238,32,0.025
238,33,0.025
238,34,0.032
238,35,0.135
238,36,0.308
238,37,0.129
238,38,0.248
238,39,0.286
238,40,0.624
238,41,0.284
238,42,0.282
238,43,0.178
238,44,0.225
238,45,0.843
238,46,0.217
238,47,0.048
238,48,0.025
239,1,0.025
239,2,0.026
239,3,0.121
239,4,0.127
239,5,0.121
239,6,0.119
239,7,0.118
239,8,0.038
239,9,0.025
239,10,0.026
239,11,0.026
239,12,0.136
239,13,0.127
239,14,0.294
239,15,0.16
239,16,0.12
239,17,0.032
239,18,0.025
239,19,0.026
239,20,0.049
239,21,0.134
239,22,0.126
239,23,0.122
239,24,0.12
239,25,0.119
239,26,0.118
239,27,0.057
239,28,0.025
239,29,0.025
239,30,0.025
239,31,0.11
239,32,0.128
239,33,0.123
239,34,0.121
239,35,0.137
239,36,0.972
239,37,0.872
239,38,0.128
239,39,0.387
239,40,0.031
239,41,0.03
239,42,0.103
239,43,0.221
239,44,0.286
239,45,0.161
239,46,0.115
239,47,0.025
239,48,0.025
240,1,0.025
240,2,0.054
240,3,0.133
240,4,0.128
240,5,0.122
240,6,0.12
240,7,0.034
240,8,0.025
240,9,0.025
240,10,0.038
240,11,0.134
240,12,0.125
240,13,0.121
240,14,0.214
240,15,0.351
240,16,0.33
240,17,0.029
240,18,0.025
240,19,0.063
240,20,0.13
240,21,0.123
240,22,0.121
240,23,0.119
240,24,0.026
240,25,0.026
240,26,0.026
240,27,0.072
240,28,0.132
240,29,0.125
240,30,0.122
240,31,0.12
240,32,0.055
240,33,0.025
240,34,0.025
240,35,0.026
240,36,0.44
240,37,0.195
240,38,0.13
240,39,0.126
240,40,0.125
240,41,1.779
240,42,0.143
240,43,0.107
240,44,0.146
240,45,0.138
240,46,0.136
240,47,0.071
240,48,0.042
388,1,0.106
388,2,0.035
388,3,0.035
388,4,0.036
388,5,0.035
388,6,0.138
388,7,0.118
388,8,0.035
388,9,0.035
388,10,0.035
388,11,0.035
388,12,0.073
388,13,0.141
388,14,0.087
388,15,0.034
388,16,0.034
388,17,0.035
388,18,0.035
388,19,0.068
388,20,0.14
388,21,0.09
388,22,0.034
388,23,0.034
388,24,0.034
388,25,0.034
388,26,0.033
388,27,0.117
388,28,0.136
388,29,0.058
388,30,0.034
388,31,0.116
388,32,0.324
388,33,0.293
388,34,0.614
388,35,0.355
388,36,0.21
388,37,0.139
388,38,0.14
388,39,0.18
388,40,0.246
388,41,0.549
388,42,0.409
388,43,0.325
388,44,0.24
388,45,0.17
388,46,0.136
388,47,0.125
388,48,0.032
389,1,0.023
389,2,0.024
389,3,0.085
389,4,0.128
389,5,0.048
389,6,0.024
389,7,0.026
389,8,0.025
389,9,0.128
389,10,0.107
389,11,0.024
389,12,0.024
389,13,0.024
389,14,0.024
389,15,0.121
389,16,0.121
389,17,0.024
389,18,0.117
389,19,0.187
389,20,0.029
389,21,0.119
389,22,0.129
389,23,0.044
389,24,0.457
389,25,1.255
389,26,0.154
389,27,0.236
389,28,0.155
389,29,0.028
389,30,0.024
389,31,0.024
389,32,0.024
389,33,0.053
389,34,0.13
389,35,1.47
389,36,0.991
389,37,1.284
389,38,0.224
389,39,0.266
389,40,0.482
389,41,0.334
389,42,0.481
389,43,0.477
389,44,0.367
389,45,0.206
389,46,0.209
389,47,0.224
389,48,0.127
390,1,0.128
390,2,0.156
390,3,0.231
390,4,0.158
390,5,0.139
390,6,0.163
390,7,0.205
390,8,0.128
390,9,0.036
390,10,0.024
390,11,0.024
390,12,0.024
390,13,0.134
390,14,0.091
390,15,0.023
390,16,0.172
390,17,0.162
390,18,0.074
390,19,0.128
390,20,0.049
390,21,0.024
390,22,0.024
390,23,0.024
390,24,0.044
390,25,0.132
390,26,0.084
390,27,0.024
390,28,0.024
390,29,0.025
390,30,0.024
390,31,0.116
390,32,0.124
390,33,0.024
390,34,0.024
390,35,0.023
390,36,0.031
390,37,0.334
390,38,0.178
390,39,0.726
390,40,0.423
390,41,0.208
390,42,0.516
390,43,0.366
390,44,0.266
390,45,0.24
390,46,0.084
390,47,0.024
390,48,0.024
391,1,0.024
391,2,0.111
391,3,0.125
391,4,0.052
391,5,0.024
391,6,0.033
391,7,0.024
391,8,0.072
391,9,0.129
391,10,0.083
391,11,0.024
391,12,0.024
391,13,0.023
391,14,0.024
391,15,0.087
391,16,0.843
391,17,0.124
391,18,0.024
391,19,0.024
391,20,0.024
391,21,0.024
391,22,0.068
391,23,0.129
391,24,0.082
391,25,0.024
391,26,0.024
391,27,0.025
391,28,0.024
391,29,0.085
391,30,0.128
391,31,0.074
391,32,0.024
391,33,0.024
391,34,0.024
391,35,0.024
391,36,0.056
391,37,0.196
391,38,0.217
391,39,0.238
391,40,0.657
391,41,0.134
391,42,0.05
391,43,0.123
391,44,0.152
391,45,0.103
391,46,0.049
391,47,0.049
391,48,0.045
392,1,0.024
392,2,0.107
392,3,0.128
392,4,0.064
392,5,0.024
392,6,0.023
392,7,0.023
392,8,0.023
392,9,0.067
392,10,0.129
392,11,0.1
392,12,0.025
392,13,0.024
392,14,0.024
392,15,0.392
392,16,0.672
392,17,0.139
392,18,0.059
392,19,0.032
392,20,0.032
392,21,0.032
392,22,0.032
392,23,0.135
392,24,0.133
392,25,0.073
392,26,0.033
392,27,0.033
392,28,0.033
392,29,0.033
392,30,0.098
392,31,0.136
392,32,1.325
392,33,0.719
392,34,0.486
392,35,0.032
392,36,0.082
392,37,0.172
392,38,0.2
392,39,0.266
392,40,0.242
392,41,0.233
392,42,0.251
392,43,0.296
392,44,0.38
392,45,0.158
392,46,0.122
392,47,0.065
392,48,0.024
393,1,0.024
393,2,0.024
393,3,0.089
393,4,0.127
393,5,0.098
393,6,0.024
393,7,0.023
393,8,0.023
393,9,0.023
393,10,0.087
393,11,0.126
393,12,0.116
393,13,0.024
393,14,0.278
393,15,0.111
393,16,0.024
393,17,0.111
393,18,0.125
393,19,0.074
393,20,0.024
393,21,0.024
393,22,0.024
393,23,0.024
393,24,0.058
393,25,0.13
393,26,0.121
393,27,0.051
393,28,0.024
393,29,0.024
393,30,0.024
393,31,0.024
393,32,0.076
393,33,0.127
393,34,0.12
393,35,0.035
393,36,0.035
393,37,0.297
393,38,0.277
393,39,0.36
393,40,0.406
393,41,0.446
393,42,0.423
393,43,0.379
393,44,0.339
393,45,0.246
393,46,0.156
393,47,0.137
393,48,0.126
394,1,0.116
394,2,0.028
394,3,0.027
394,4,0.027
394,5,0.073
394,6,0.132
394,7,0.125
394,8,0.06
394,9,0.03
394,10,0.028
394,11,0.027
394,12,0.065
394,13,0.131
394,14,0.166
394,15,0.767
394,16,0.371
394,17,0.027
394,18,0.027
394,19,0.085
394,20,0.127
394,21,0.105
394,22,0.027
394,23,0.027
394,24,0.027
394,25,0.028
394,26,0.115
394,27,0.127
394,28,0.111
394,29,0.025
394,30,0.025
394,31,0.025
394,32,0.025
394,33,0.025
394,34,0.108
394,35,0.128
394,36,0.121
394,37,0.041
394,38,0.489
394,39,0.357
394,40,0.368
394,41,0.445
394,42,0.466
394,43,0.576
394,44,0.375
394,45,0.638
394,46,0.483
394,47,0.376
394,48,0.364
395,1,0.373
395,2,0.477
395,3,0.339
395,4,0.326
395,5,0.11
395,6,0.039
395,7,0.046
395,8,0.045
395,9,0.151
395,10,0.138
395,11,0.098
395,12,0.041
395,13,0.039
395,14,0.039
395,15,0.109
395,16,0.139
395,17,0.124
395,18,0.038
395,19,0.303
395,20,0.029
395,21,0.065
395,22,0.131
395,23,0.119
395,24,0.046
395,25,0.024
395,26,0.024
395,27,0.024
395,28,0.063
395,29,0.128
395,30,0.121
395,31,0.05
395,32,0.024
395,33,0.024
395,34,0.024
395,35,0.046
395,36,0.13
395,37,0.12
395,38,0.062
395,39,0.024
395,40,0.024
395,41,0.024
395,42,0.024
395,43,0.07
395,44,0.129
395,45,0.121
395,46,0.056
395,47,0.024
395,48,0.024
396,1,0.024
396,2,0.024
396,3,0.024
396,4,0.122
396,5,0.126
396,6,0.111
396,7,0.025
396,8,0.025
396,9,0.024
396,10,0.024
396,11,0.024
396,12,0.024
396,13,0.113
396,14,0.125
396,15,0.11
396,16,0.025
396,17,0.025
396,18,0.025
396,19,0.025
396,20,0.024
396,21,0.024
396,22,0.043
396,23,0.132
396,24,0.123
396,25,0.085
396,26,0.023
396,27,0.023
396,28,0.023
396,29,0.024
396,30,0.024
396,31,0.024
396,32,0.107
396,33,0.127
396,34,0.12
396,35,0.03
396,36,0.024
396,37,0.023
396,38,0.023
396,39,0.024
396,40,0.024
396,41,0.043
396,42,0.133
396,43,0.124
396,44,0.075
396,45,0.024
396,46,0.024
396,47,0.024
396,48,0.024
397,1,0.025
397,2,0.024
397,3,0.125
397,4,0.127
397,5,0.092
397,6,0.025
397,7,0.025
397,8,0.025
397,9,0.025
397,10,0.025
397,11,0.025
397,12,0.121
397,13,0.126
397,14,0.088
397,15,0.024
397,16,0.024
397,17,0.024
397,18,0.024
397,19,0.024
397,20,0.024
397,21,0.046
397,22,0.132
397,23,0.122
397,24,0.067
397,25,0.024
397,26,0.024
397,27,0.024
397,28,0.024
397,29,0.024
397,30,0.024
397,31,0.125
397,32,0.125
397,33,0.104
397,34,0.023
397,35,0.024
397,36,0.054
397,37,0.355
397,38,0.094
397,39,0.308
397,40,0.334
397,41,0.386
397,42,0.351
397,43,0.396
397,44,0.3
397,45,0.236
397,46,0.168
397,47,0.122
397,48,0.055
398,1,0.024
398,2,0.024
398,3,0.036
398,4,0.132
398,5,0.122
398,6,0.048
398,7,0.024
398,8,0.024
398,9,0.024
398,10,0.089
398,11,0.127
398,12,0.113
398,13,0.024
398,14,0.024
398,15,0.286
398,16,0.241
398,17,1.398
398,18,0.33
398,19,0.156
398,20,0.074
398,21,0.024
398,22,0.024
398,23,0.051
398,24,0.13
398,25,0.121
398,26,0.059
398,27,0.024
398,28,0.024
398,29,0.024
398,30,0.024
398,31,0.132
398,32,0.123
398,33,0.078
398,34,0.024
398,35,0.024
398,36,0.024
398,37,0.048
398,38,0.168
398,39,0.219
398,40,0.417
398,41,0.339
398,42,0.307
398,43,0.344
398,44,0.344
398,45,0.215
398,46,0.123
398,47,0.116
398,48,0.024
399,1,0.023
399,2,0.024
399,3,0.103
399,4,0.125
399,5,0.096
399,6,0.032
399,7,0.028
399,8,0.024
399,9,0.079
399,10,0.127
399,11,0.113
399,12,0.024
399,13,0.024
399,14,0.024
399,15,0.3
399,16,0.591
399,17,0.127
399,18,0.051
399,19,0.025
399,20,0.024
399,21,0.024
399,22,0.083
399,23,0.126
399,24,0.112
399,25,0.024
399,26,0.024
399,27,0.024
399,28,0.024
399,29,0.059
399,30,0.129
399,31,0.121
399,32,0.053
399,33,0.024
399,34,0.024
399,35,0.024
399,36,0.024
399,37,0.097
399,38,0.125
399,39,0.119
399,40,0.026
399,41,0.024
399,42,0.024
399,43,0.024
399,44,0.024
399,45,0.114
399,46,0.126
399,47,0.108
399,48,0.025
400,1,0.025
400,2,0.025
400,3,0.025
400,4,0.025
400,5,0.136
400,6,0.123
400,7,0.079
400,8,0.024
400,9,0.024
400,10,0.024
400,11,0.024
400,12,0.024
400,13,0.133
400,14,0.124
400,15,0.081
400,16,0.024
400,17,0.024
400,18,0.024
400,19,0.024
400,20,0.023
400,21,0.103
400,22,0.126
400,23,0.12
400,24,0.033
400,25,0.024
400,26,0.024
400,27,0.024
400,28,0.024
400,29,0.069
400,30,0.129
400,31,0.121
400,32,0.053
400,33,0.023
400,34,0.024
400,35,0.024
400,36,0.15
400,37,0.316
400,38,0.181
400,39,0.119
400,40,0.041
400,41,0.04
400,42,0.118
400,43,0.161
400,44,0.214
400,45,0.247
400,46,0.14
400,47,0.109
400,48,0.042
401,1,0.041
401,2,0.041
401,3,0.101
401,4,0.126
401,5,0.105
401,6,0.024
401,7,0.024
401,8,0.024
401,9,0.045
401,10,0.13
401,11,0.122
401,12,0.049
401,13,0.024
401,14,0.024
401,15,0.024
401,16,0.268
401,17,0.132
401,18,0.122
401,19,0.056
401,20,0.024
401,21,0.024
401,22,0.024
401,23,0.024
401,24,0.111
401,25,0.124
401,26,0.097
401,27,0.024
401,28,0.024
401,29,0.024
401,30,0.024
401,31,0.08
401,32,0.127
401,33,0.12
401,34,0.03
401,35,0.023
401,36,0.023
401,37,0.34
401,38,0.331
401,39,0.497
401,40,0.491
401,41,0.37
401,42,0.248
401,43,0.15
401,44,0.189
401,45,0.252
401,46,0.185
401,47,0.135
401,48,0.126
402,1,0.251
402,2,0.078
402,3,0.132
402,4,0.122
402,5,0.089
402,6,0.024
402,7,0.024
402,8,0.054
402,9,0.13
402,10,0.121
402,11,0.034
402,12,0.024
402,13,0.024
402,14,0.065
402,15,0.126
402,16,0.12
402,17,0.027
402,18,0.024
402,19,0.302
402,20,0.41
402,21,0.161
402,22,0.073
402,23,0.029
402,24,0.029
402,25,0.165
402,26,0.29
402,27,0.271
402,28,0.187
402,29,0.125
402,30,0.112
402,31,0.204
402,32,0.235
402,33,0.334
402,34,1.006
402,35,0.208
402,36,0.323
402,37,0.333
402,38,0.571
402,39,0.552
402,40,0.499
402,41,0.398
402,42,0.391
402,43,0.315
402,44,0.17
402,45,0.122
402,46,0.12
402,47,0.122
402,48,0.096
403,1,0.023
403,2,0.024
403,3,0.034
403,4,0.133
403,5,0.122
403,6,0.079
403,7,0.024
403,8,0.024
403,9,0.024
403,10,0.113
403,11,0.124
403,12,0.09
403,13,0.024
403,14,0.04
403,15,0.36
403,16,0.568
403,17,0.175
403,18,0.113
403,19,0.024
403,20,0.023
403,21,0.024
403,22,0.024
403,23,0.071
403,24,0.13
403,25,0.122
403,26,0.115
403,27,0.024
403,28,0.024
403,29,0.023
403,30,0.023
403,31,0.023
403,32,0.063
403,33,0.132
403,34,0.123
403,35,0.109
403,36,0.024
403,37,0.023
403,38,0.023
403,39,0.024
403,40,0.038
403,41,0.22
403,42,0.486
403,43,0.551
403,44,0.362
403,45,0.262
403,46,0.024
403,47,0.024
403,48,0.024
404,1,0.073
404,2,0.129
404,3,0.122
404,4,0.083
404,5,0.024
404,6,0.024
404,7,0.024
404,8,0.024
404,9,0.114
404,10,0.126
404,11,0.12
404,12,0.04
404,13,0.026
404,14,0.3
404,15,0.989
404,16,0.264
404,17,0.228
404,18,0.204
404,19,0.104
404,20,0.024
404,21,0.025
404,22,0.025
404,23,0.025
404,24,0.025
404,25,0.124
404,26,0.127
404,27,0.121
404,28,0.027
404,29,0.024
404,30,0.024
404,31,0.024
404,32,0.024
404,33,0.03
404,34,0.135
404,35,0.124
404,36,0.108
404,37,0.032
404,38,0.261
404,39,0.336
404,40,0.721
404,41,0.92
404,42,0.435
404,43,0.42
404,44,0.353
404,45,0.152
404,46,0.023
404,47,0.024
404,48,0.024
405,1,0.121
405,2,0.124
405,3,0.093
405,4,0.024
405,5,0.024
405,6,0.024
405,7,0.044
405,8,0.132
405,9,0.123
405,10,0.049
405,11,0.024
405,12,0.024
405,13,0.024
405,14,0.024
405,15,0.404
405,16,0.29
405,17,0.125
405,18,0.041
405,19,0.024
405,20,0.024
405,21,0.024
405,22,0.052
405,23,0.131
405,24,0.123
405,25,0.04
405,26,0.024
405,27,0.024
405,28,0.024
405,29,0.024
405,30,0.133
405,31,0.124
405,32,0.064
405,33,0.024
405,34,0.024
405,35,0.024
405,36,0.03
405,37,0.903
405,38,0.314
405,39,0.337
405,40,0.509
405,41,0.286
405,42,0.339
405,43,0.304
405,44,0.206
405,45,0.144
405,46,0.121
405,47,0.064
405,48,0.024
406,1,0.024
406,2,0.041
406,3,0.132
406,4,0.122
406,5,0.038
406,6,0.024
406,7,0.026
406,8,0.024
406,9,0.115
406,10,0.125
406,11,0.076
406,12,0.024
406,13,0.024
406,14,0.024
406,15,0.423
406,16,0.137
406,17,0.116
406,18,0.024
406,19,0.024
406,20,0.024
406,21,0.024
406,22,0.023
406,23,0.1
406,24,0.127
406,25,0.118
406,26,0.023
406,27,0.023
406,28,0.024
406,29,0.024
406,30,0.024
406,31,0.061
406,32,0.13
406,33,0.122
406,34,0.059
406,35,0.023
406,36,0.254
406,37,0.22
406,38,0.233
406,39,0.455
406,40,0.515
406,41,0.451
406,42,0.277
406,43,0.166
406,44,0.112
406,45,0.024
406,46,0.135
406,47,0.124
406,48,0.085
407,1,0.024
407,2,0.024
407,3,0.024
407,4,0.054
407,5,0.131
407,6,0.125
407,7,0.043
407,8,0.025
407,9,0.024
407,10,0.024
407,11,0.024
407,12,0.132
407,13,0.123
407,14,0.079
407,15,0.333
407,16,0.681
407,17,0.789
407,18,0.118
407,19,0.229
407,20,0.123
407,21,0.056
407,22,0.024
407,23,0.024
407,24,0.024
407,25,0.024
407,26,0.043
407,27,0.133
407,28,0.124
407,29,0.07
407,30,0.024
407,31,0.024
407,32,0.024
407,33,0.024
407,34,0.024
407,35,0.098
407,36,0.128
407,37,0.42
407,38,0.225
407,39,0.075
407,40,0.149
407,41,0.161
407,42,0.148
407,43,0.284
407,44,0.261
407,45,0.242
407,46,0.07
407,47,0.049
407,48,0.036
408,1,0.024
408,2,0.079
408,3,0.128
408,4,0.122
408,5,0.03
408,6,0.024
408,7,0.024
408,8,0.024
408,9,0.024
408,10,0.129
408,11,0.125
408,12,0.081
408,13,0.024
408,14,0.024
408,15,0.023
408,16,0.247
408,17,0.101
408,18,0.126
408,19,0.099
408,20,0.025
408,21,0.025
408,22,0.024
408,23,0.024
408,24,0.024
408,25,0.094
408,26,0.128
408,27,0.122
408,28,0.028
408,29,0.025
408,30,0.024
408,31,0.024
408,32,0.024
408,33,0.056
408,34,0.132
408,35,0.125
408,36,0.05
408,37,0.877
408,38,0.119
408,39,0.167
408,40,0.407
408,41,0.279
408,42,0.272
408,43,0.27
408,44,0.173
408,45,0.173
408,46,0.044
408,47,0.119
408,48,0.124
409,1,0.097
409,2,0.024
409,3,0.026
409,4,0.024
409,5,0.058
409,6,0.13
409,7,0.122
409,8,0.036
409,9,0.024
409,10,0.025
409,11,0.025
409,12,0.085
409,13,0.128
409,14,0.11
409,15,0.024
409,16,0.024
409,17,0.345
409,18,0.324
409,19,0.131
409,20,0.099
409,21,0.024
409,22,0.024
409,23,0.024
409,24,0.023
409,25,0.064
409,26,0.131
409,27,0.122
409,28,0.045
409,29,0.024
409,30,0.024
409,31,0.024
409,32,0.024
409,33,0.117
409,34,0.126
409,35,0.091
409,36,0.024
409,37,0.023
409,38,0.023
409,39,0.024
409,40,0.024
409,41,0.124
409,42,0.124
409,43,0.084
409,44,0.024
409,45,0.024
409,46,0.024
409,47,0.024
409,48,0.024
410,1,0.131
410,2,0.126
410,3,0.082
410,4,0.024
410,5,0.024
410,6,0.024
410,7,0.024
410,8,0.024
410,9,0.097
410,10,0.128
410,11,0.114
410,12,0.024
410,13,0.024
410,14,0.024
410,15,0.024
410,16,0.024
410,17,0.044
410,18,0.133
410,19,0.123
410,20,0.059
410,21,0.023
410,22,0.024
410,23,0.025
410,24,0.024
410,25,0.024
410,26,0.082
410,27,0.129
410,28,0.122
410,29,0.03
410,30,0.024
410,31,0.024
410,32,0.024
410,33,0.024
410,34,0.024
410,35,0.136
410,36,0.124
410,37,0.079
410,38,0.024
410,39,0.165
410,40,0.405
410,41,0.34
410,42,0.249
410,43,0.278
410,44,0.278
410,45,0.198
410,46,0.024
410,47,0.024
410,48,0.024
411,1,0.062
411,2,0.132
411,3,0.122
411,4,0.034
411,5,0.024
411,6,0.024
411,7,0.024
411,8,0.1
411,9,0.126
411,10,0.096
411,11,0.024
411,12,0.024
411,13,0.024
411,14,0.298
411,15,0.213
411,16,0.13
411,17,0.108
411,18,0.024
411,19,0.024
411,20,0.024
411,21,0.032
411,22,0.132
411,23,0.122
411,24,0.055
411,25,0.024
411,26,0.024
411,27,0.163
411,28,0.058
411,29,0.129
411,30,0.12
411,31,0.05
411,32,0.024
411,33,0.024
411,34,0.024
411,35,0.024
411,36,0.129
411,37,0.16
411,38,0.523
411,39,0.365
411,40,0.355
411,41,0.437
411,42,0.317
411,43,0.298
411,44,0.376
411,45,0.195
411,46,0.5
411,47,0.462
411,48,0.424
412,1,0.219
412,2,0.113
412,3,0.151
412,4,0.024
412,5,0.151
412,6,0.142
412,7,0.095
412,8,0.042
412,9,0.028
412,10,0.057
412,11,0.128
412,12,0.113
412,13,0.023
412,14,0.024
412,15,0.024
412,16,0.05
412,17,0.128
412,18,0.311
412,19,0.083
412,20,0.025
412,21,0.024
412,22,0.024
412,23,0.072
412,24,0.127
412,25,0.112
412,26,0.024
412,27,0.024
412,28,0.024
412,29,0.024
412,30,0.106
412,31,0.124
412,32,0.096
412,33,0.024
412,34,0.024
412,35,0.024
412,36,0.024
412,37,0.355
412,38,0.426
412,39,0.35
412,40,0.858
412,41,0.086
412,42,0.045
412,43,0.04
412,44,0.067
412,45,0.145
412,46,0.137
412,47,0.068
412,48,0.033
413,1,0.024
413,2,0.025
413,3,0.038
413,4,0.132
413,5,0.122
413,6,0.061
413,7,0.024
413,8,0.024
413,9,0.024
413,10,0.024
413,11,0.081
413,12,0.127
413,13,0.119
413,14,0.031
413,15,0.282
413,16,0.025
413,17,0.024
413,18,0.024
413,19,0.101
413,20,0.125
413,21,0.11
413,22,0.024
413,23,0.024
413,24,0.024
413,25,0.024
413,26,0.024
413,27,0.056
413,28,0.13
413,29,0.122
413,30,0.058
413,31,0.024
413,32,0.024
413,33,0.024
413,34,0.024
413,35,0.023
413,36,0.121
413,37,0.124
413,38,0.102
413,39,0.024
413,40,0.024
413,41,1.242
413,42,0.445
413,43,0.407
413,44,0.275
413,45,0.242
413,46,0.121
413,47,0.024
413,48,0.024
414,1,0.024
414,2,0.059
414,3,0.129
414,4,0.126
414,5,0.036
414,6,0.024
414,7,0.024
414,8,0.024
414,9,0.047
414,10,0.13
414,11,0.121
414,12,0.048
414,13,0.024
414,14,0.563
414,15,0.092
414,16,0.039
414,17,0.132
414,18,0.121
414,19,0.038
414,20,0.023
414,21,0.024
414,22,0.024
414,23,0.024
414,24,0.096
414,25,0.126
414,26,0.1
414,27,0.024
414,28,0.024
414,29,0.024
414,30,0.024
414,31,0.024
414,32,0.133
414,33,0.123
414,34,0.075
414,35,0.024
414,36,0.024
414,37,0.024
414,38,0.039
414,39,0.443
414,40,0.184
414,41,0.14
414,42,0.057
414,43,0.12
414,44,0.169
414,45,0.101
414,46,0.083
414,47,0.128
414,48,0.113
415,1,0.024
415,2,0.024
415,3,0.024
415,4,0.024
415,5,0.09
415,6,0.126
415,7,0.093
415,8,0.024
415,9,0.026
415,10,0.024
415,11,0.024
415,12,0.049
415,13,0.132
415,14,0.42
415,15,0.21
415,16,0.024
415,17,0.023
415,18,0.024
415,19,0.024
415,20,0.045
415,21,0.131
415,22,0.121
415,23,0.046
415,24,0.024
415,25,0.024
415,26,0.024
415,27,0.024
415,28,0.09
415,29,0.127
415,30,0.098
415,31,0.024
415,32,0.024
415,33,0.024
415,34,0.024
415,35,0.023
415,36,0.086
415,37,0.389
415,38,0.347
415,39,0.589
415,40,0.451
415,41,0.35
415,42,0.533
415,43,0.29
415,44,0.342
415,45,0.35
415,46,0.215
415,47,0.201
415,48,0.27
