213,1,0.228
213,2,0.188
213,3,0.192
213,4,0.224
213,5,0.171
213,6,0.214
213,7,0.194
213,8,0.193
213,9,0.222
213,10,0.171
213,11,0.205
213,12,0.212
213,13,0.171
213,14,0.218
213,15,0.184
213,16,0.198
213,17,0.213
213,18,0.165
213,19,0.211
213,20,0.198
213,21,0.174
213,22,0.232
213,23,0.166
213,24,0.204
213,25,0.206
213,26,0.168
213,27,0.225
213,28,0.187
213,29,0.185
213,30,0.215
213,31,0.17
213,32,0.229
213,33,0.177
213,34,0.199
213,35,0.212
213,36,0.167
213,37,0.229
213,38,0.167
213,39,0.228
213,40,0.185
213,41,0.197
213,42,0.219
213,43,0.173
213,44,0.24
213,45,0.171
213,46,0.25
213,47,0.188
213,48,0.219
214,1,0.193
214,2,0.193
214,3,0.225
214,4,0.173
214,5,0.215
214,6,0.21
214,7,0.174
214,8,0.231
214,9,0.166
214,10,0.223
214,11,0.196
214,12,0.182
214,13,0.23
214,14,0.179
214,15,0.201
214,16,0.215
214,17,0.166
214,18,0.223
214,19,0.173
214,20,0.211
214,21,0.207
214,22,0.173
214,23,0.226
214,24,0.165
214,25,0.23
214,26,0.182
214,27,0.196
214,28,0.215
214,29,0.167
214,30,0.229
214,31,0.168
214,32,0.226
214,33,0.186
214,34,0.195
214,35,0.216
214,36,0.163
214,37,0.235
214,38,0.172
214,39,0.204
214,40,0.207
214,41,0.174
214,42,0.218
214,43,0.164
214,44,0.239
214,45,0.188
214,46,0.215
214,47,0.222
214,48,0.183
215,1,0.231
215,2,0.17
215,3,0.221
215,4,0.195
215,5,0.186
215,6,0.23
215,7,0.167
215,8,0.22
215,9,0.198
215,10,0.188
215,11,0.216
215,12,0.176
215,13,0.235
215,14,0.178
215,15,0.203
215,16,0.214
215,17,0.169
215,18,0.229
215,19,0.168
215,20,0.224
215,21,0.187
215,22,0.188
215,23,0.22
215,24,0.153
215,25,0.24
215,26,0.163
215,27,0.215
215,28,0.195
215,29,0.18
215,30,0.229
215,31,0.166
215,32,0.215
215,33,0.197
215,34,0.179
215,35,0.218
215,36,0.171
215,37,0.234
215,38,0.167
215,39,0.212
215,40,0.2
215,41,0.177
215,42,0.231
215,43,0.161
215,44,0.235
215,45,0.198
215,46,0.211
215,47,0.215
215,48,0.197
216,1,0.224
216,2,0.166
216,3,0.244
216,4,0.162
216,5,0.225
216,6,0.171
216,7,0.226
216,8,0.193
216,9,0.195
216,10,0.222
216,11,0.173
216,12,0.219
216,13,0.185
216,14,0.206
216,15,0.212
216,16,0.167
216,17,0.232
216,18,0.177
216,19,0.205
216,20,0.202
216,21,0.176
216,22,0.228
216,23,0.174
216,24,0.2
216,25,0.215
216,26,0.165
216,27,0.236
216,28,0.166
216,29,0.234
216,30,0.183
216,31,0.207
216,32,0.208
216,33,0.18
216,34,0.236
216,35,0.172
216,36,0.23
216,37,0.167
216,38,0.234
216,39,0.328
216,40,0.485
216,41,0.186
216,42,0.22
216,43,0.195
216,44,0.205
216,45,0.212
216,46,0.213
216,47,0.228
216,48,0.185
217,1,0.233
217,2,0.192
217,3,0.198
217,4,0.207
217,5,0.185
217,6,0.225
217,7,0.18
217,8,0.238
217,9,0.173
217,10,0.224
217,11,0.198
217,12,0.196
217,13,0.214
217,14,0.178
217,15,0.227
217,16,0.171
217,17,0.228
217,18,0.184
217,19,0.206
217,20,0.207
217,21,0.175
217,22,0.235
217,23,0.166
217,24,0.229
217,25,0.19
217,26,0.198
217,27,0.217
217,28,0.171
217,29,0.235
217,30,0.187
217,31,0.203
217,32,0.217
217,33,0.173
217,34,0.242
217,35,0.178
217,36,0.226
217,37,0.179
217,38,0.225
217,39,0.198
217,40,0.198
217,41,0.221
217,42,0.177
217,43,0.225
217,44,0.184
217,45,0.247
217,46,0.19
217,47,0.23
217,48,0.215
218,1,0.201
218,2,0.213
218,3,0.177
218,4,0.239
218,5,0.167
218,6,0.227
218,7,0.203
218,8,0.189
218,9,0.239
218,10,0.175
218,11,0.223
218,12,0.201
218,13,0.193
218,14,0.229
218,15,0.165
218,16,0.238
218,17,0.171
218,18,0.213
218,19,0.204
218,20,0.191
218,21,0.229
218,22,0.165
218,23,0.239
218,24,0.176
218,25,0.21
218,26,0.213
218,27,0.177
218,28,0.238
218,29,0.188
218,30,0.207
218,31,0.203
218,32,0.205
218,33,0.219
218,34,0.182
218,35,0.247
218,36,0.172
218,37,0.235
218,38,0.182
218,39,0.216
218,40,0.2
218,41,0.2
218,42,0.219
218,43,0.176
218,44,0.232
218,45,0.194
218,46,0.248
218,47,0.167
218,48,0.259
219,1,0.171
219,2,0.22
219,3,0.199
219,4,0.192
219,5,0.221
219,6,0.182
219,7,0.238
219,8,0.158
219,9,0.248
219,10,0.173
219,11,0.22
219,12,0.203
219,13,0.181
219,14,0.235
219,15,0.163
219,16,0.225
219,17,0.192
219,18,0.187
219,19,0.228
219,20,0.169
219,21,0.227
219,22,0.17
219,23,0.218
219,24,0.196
219,25,0.185
219,26,0.228
219,27,0.168
219,28,0.237
219,29,0.177
219,30,0.21
219,31,0.207
219,32,0.194
219,33,0.212
219,34,0.191
219,35,0.226
219,36,0.573
219,37,0.412
219,38,1.598
219,39,0.911
219,40,0.393
219,41,0.32
219,42,0.359
219,43,0.386
219,44,0.315
219,45,0.429
219,46,0.205
219,47,0.227
219,48,0.227
220,1,0.185
220,2,0.239
220,3,0.163
220,4,0.253
220,5,0.158
220,6,0.25
220,7,0.167
220,8,0.243
220,9,0.171
220,10,0.236
220,11,0.173
220,12,0.234
220,13,0.168
220,14,0.242
220,15,0.162
220,16,0.242
220,17,0.155
220,18,0.245
220,19,0.659
220,20,0.253
220,21,0.192
220,22,0.528
220,23,0.235
220,24,0.183
220,25,0.248
220,26,1.356
220,27,1.328
220,28,0.409
220,29,0.172
220,30,0.528
220,31,0.368
220,32,1.227
220,33,2.231
220,34,2.961
220,35,1.977
220,36,0.65
220,37,1.153
220,38,1.16
220,39,2.408
220,40,1.5
220,41,0.321
220,42,0.247
220,43,0.241
220,44,0.186
220,45,0.228
220,46,0.257
220,47,0.204
220,48,0.217
221,1,0.248
221,2,0.196
221,3,0.203
221,4,0.379
221,5,0.419
221,6,0.214
221,7,0.248
221,8,0.165
221,9,0.225
221,10,0.242
221,11,0.156
221,12,0.245
221,13,0.212
221,14,0.201
221,15,0.235
221,16,0.155
221,17,0.247
221,18,0.195
221,19,0.196
221,20,0.247
221,21,0.572
221,22,3.025
221,23,0.776
221,24,2.338
221,25,0.213
221,26,0.258
221,27,0.339
221,28,0.977
221,29,1.056
221,30,1.971
221,31,1.843
221,32,1.589
221,33,1.622
221,34,2.815
221,35,2.126
221,36,3.19
221,37,0.482
221,38,0.398
221,39,0.393
221,40,0.337
221,41,0.375
221,42,0.525
221,43,0.52
221,44,0.413
221,45,0.345
221,46,0.413
221,47,0.335
221,48,0.171
222,1,0.246
222,2,0.204
222,3,0.204
222,4,0.23
222,5,0.197
222,6,0.247
222,7,0.178
222,8,0.245
222,9,0.17
222,10,0.254
222,11,0.175
222,12,0.249
222,13,0.176
222,14,0.242
222,15,0.392
222,16,0.247
222,17,0.188
222,18,0.225
222,19,0.656
222,20,0.913
222,21,0.684
222,22,0.346
222,23,0.178
222,24,0.257
222,25,0.185
222,26,0.52
222,27,0.263
222,28,0.208
222,29,0.257
222,30,0.183
222,31,0.599
222,32,0.527
222,33,0.385
222,34,2.295
222,35,1.894
222,36,0.448
222,37,0.309
222,38,0.337
222,39,0.271
222,40,0.448
222,41,0.422
222,42,0.597
222,43,0.425
222,44,0.397
222,45,0.395
222,46,0.395
222,47,0.263
222,48,0.209
223,1,0.246
223,2,0.206
223,3,0.236
223,4,0.219
223,5,0.207
223,6,0.24
223,7,0.187
223,8,0.253
223,9,0.194
223,10,0.232
223,11,0.2
223,12,0.228
223,13,0.219
223,14,0.211
223,15,0.279
223,16,0.226
223,17,0.236
223,18,0.186
223,19,0.253
223,20,0.518
223,21,0.894
223,22,1.389
223,23,0.254
223,24,0.19
223,25,0.238
223,26,0.213
223,27,0.545
223,28,0.268
223,29,0.188
223,30,0.259
223,31,0.192
223,32,0.934
223,33,0.889
223,34,0.872
223,35,1.666
223,36,1.165
223,37,0.754
223,38,0.446
223,39,0.406
223,40,1.074
223,41,0.444
223,42,0.322
223,43,0.612
223,44,0.557
223,45,0.407
223,46,0.393
223,47,0.371
223,48,0.207
224,1,0.258
224,2,0.238
224,3,0.196
224,4,0.264
224,5,0.194
224,6,0.264
224,7,0.209
224,8,0.252
224,9,0.219
224,10,0.237
224,11,0.226
224,12,0.229
224,13,0.237
224,14,0.215
224,15,0.41
224,16,0.195
224,17,0.263
224,18,0.206
224,19,0.489
224,20,0.583
224,21,0.248
224,22,0.194
224,23,0.265
224,24,0.212
224,25,0.224
224,26,0.268
224,27,0.262
224,28,0.42
224,29,0.668
224,30,0.676
224,31,0.937
224,32,1.479
224,33,1.547
224,34,2.62
224,35,2.395
224,36,0.482
224,37,0.329
224,38,0.278
224,39,0.35
224,40,0.342
224,41,0.472
224,42,2.278
224,43,1.04
224,44,0.413
224,45,0.369
224,46,0.609
224,47,0.263
224,48,0.171
225,1,0.254
225,2,0.238
225,3,0.189
225,4,0.251
225,5,0.179
225,6,0.236
225,7,0.232
225,8,0.198
225,9,0.252
225,10,0.176
225,11,0.254
225,12,0.176
225,13,0.253
225,14,0.187
225,15,0.545
225,16,0.59
225,17,1.053
225,18,0.297
225,19,0.605
225,20,0.433
225,21,0.286
225,22,0.246
225,23,0.27
225,24,0.208
225,25,0.238
225,26,0.39
225,27,0.742
225,28,0.383
225,29,0.981
225,30,0.678
225,31,0.553
225,32,0.436
225,33,0.341
225,34,0.322
225,35,2.173
225,36,2.129
225,37,0.787
225,38,0.258
225,39,0.263
225,40,0.306
225,41,0.323
225,42,0.318
225,43,0.515
225,44,0.374
225,45,0.194
225,46,0.275
225,47,0.227
225,48,0.226
226,1,0.259
226,2,0.17
226,3,0.262
226,4,0.213
226,5,0.222
226,6,0.26
226,7,0.17
226,8,0.265
226,9,0.212
226,10,0.217
226,11,0.259
226,12,0.168
226,13,0.259
226,14,0.212
226,15,0.586
226,16,0.256
226,17,0.995
226,18,0.339
226,19,0.216
226,20,0.317
226,21,0.283
226,22,0.508
226,23,0.385
226,24,0.409
226,25,0.379
226,26,0.23
226,27,0.837
226,28,0.6
226,29,0.329
226,30,0.384
226,31,0.39
226,32,0.679
226,33,0.513
226,34,0.38
226,35,0.436
226,36,0.441
226,37,0.514
226,38,0.735
226,39,0.539
226,40,0.399
226,41,0.461
226,42,0.381
226,43,0.357
226,44,0.445
226,45,0.398
226,46,0.36
226,47,0.416
226,48,0.222
227,1,0.246
227,2,0.211
227,3,0.19
227,4,0.25
227,5,0.165
227,6,0.252
227,7,0.18
227,8,0.224
227,9,0.229
227,10,0.19
227,11,0.244
227,12,0.173
227,13,0.25
227,14,0.157
227,15,0.248
227,16,0.367
227,17,1.393
227,18,0.514
227,19,0.356
227,20,0.322
227,21,0.453
227,22,0.266
227,23,0.205
227,24,0.585
227,25,2.123
227,26,1.221
227,27,1.562
227,28,0.923
227,29,0.892
227,30,0.945
227,31,1.428
227,32,2.272
227,33,1.785
227,34,2.675
227,35,0.817
227,36,1.476
227,37,1.041
227,38,0.328
227,39,0.383
227,40,1.586
227,41,0.327
227,42,2.542
227,43,0.705
227,44,0.449
227,45,0.346
227,46,0.24
227,47,0.211
227,48,0.275
228,1,0.195
228,2,0.303
228,3,0.191
228,4,0.242
228,5,0.199
228,6,0.235
228,7,0.211
228,8,0.203
228,9,0.252
228,10,0.177
228,11,0.251
228,12,0.178
228,13,0.237
228,14,0.207
228,15,0.224
228,16,0.205
228,17,0.208
228,18,0.23
228,19,0.771
228,20,1.039
228,21,0.206
228,22,0.202
228,23,0.245
228,24,0.16
228,25,0.253
228,26,0.191
228,27,0.215
228,28,0.229
228,29,0.179
228,30,0.252
228,31,1.389
228,32,1.362
228,33,0.438
228,34,0.479
228,35,0.369
228,36,0.18
228,37,0.204
228,38,0.253
228,39,0.249
228,40,0.283
228,41,0.36
228,42,0.335
228,43,0.404
228,44,0.625
228,45,0.383
228,46,0.464
228,47,0.264
228,48,0.226
229,1,0.175
229,2,0.258
229,3,0.251
229,4,0.227
229,5,0.158
229,6,0.256
229,7,0.252
229,8,0.21
229,9,0.184
229,10,0.257
229,11,0.246
229,12,0.158
229,13,0.244
229,14,0.251
229,15,0.244
229,16,0.228
229,17,0.249
229,18,0.196
229,19,1.174
229,20,0.352
229,21,0.242
229,22,0.156
229,23,0.392
229,24,0.335
229,25,0.197
229,26,0.183
229,27,1.411
229,28,0.263
229,29,0.158
229,30,0.254
229,31,0.249
229,32,0.184
229,33,0.426
229,34,1.434
229,35,2.722
229,36,0.457
229,37,0.365
229,38,0.312
229,39,0.348
229,40,1.411
229,41,0.334
229,42,0.403
229,43,0.598
229,44,0.355
229,45,0.367
229,46,0.421
229,47,0.337
229,48,0.17
230,1,0.24
230,2,0.248
230,3,0.184
230,4,0.214
230,5,0.251
230,6,0.19
230,7,0.211
230,8,0.251
230,9,0.181
230,10,0.223
230,11,0.251
230,12,0.168
230,13,0.255
230,14,0.193
230,15,0.286
230,16,1.808
230,17,1.227
230,18,0.252
230,19,0.175
230,20,0.227
230,21,0.252
230,22,0.173
230,23,0.235
230,24,0.244
230,25,0.159
230,26,0.257
230,27,0.232
230,28,0.253
230,29,0.326
230,30,0.182
230,31,0.226
230,32,0.25
230,33,0.169
230,34,0.232
230,35,0.919
230,36,1.264
230,37,0.551
230,38,0.361
230,39,0.31
230,40,0.401
230,41,0.396
230,42,0.315
230,43,0.69
230,44,0.404
230,45,0.345
230,46,0.472
230,47,0.216
230,48,0.227
231,1,0.236
231,2,0.183
231,3,0.254
231,4,0.169
231,5,0.251
231,6,0.195
231,7,0.226
231,8,0.225
231,9,0.211
231,10,0.228
231,11,0.194
231,12,0.256
231,13,0.174
231,14,0.255
231,15,0.324
231,16,0.279
231,17,0.18
231,18,0.23
231,19,0.214
231,20,0.554
231,21,0.577
231,22,0.197
231,23,0.269
231,24,0.204
231,25,1.008
231,26,0.591
231,27,0.176
231,28,0.245
231,29,0.24
231,30,0.172
231,31,0.88
231,32,1.272
231,33,1.216
231,34,1.374
231,35,2.158
231,36,3.411
231,37,0.554
231,38,0.407
231,39,0.353
231,40,1.561
231,41,1.103
231,42,1.436
231,43,0.484
231,44,0.616
231,45,0.356
231,46,0.328
231,47,0.234
231,48,0.186
232,1,0.249
232,2,0.208
232,3,0.2
232,4,0.251
232,5,0.177
232,6,0.253
232,7,0.179
232,8,0.248
232,9,0.184
232,10,0.241
232,11,0.199
232,12,0.21
232,13,0.224
232,14,0.198
232,15,0.457
232,16,0.191
232,17,0.743
232,18,0.508
232,19,0.307
232,20,0.518
232,21,0.433
232,22,0.459
232,23,0.419
232,24,0.667
232,25,0.953
232,26,2.356
232,27,0.301
232,28,0.384
232,29,0.64
232,30,0.294
232,31,0.181
232,32,0.241
232,33,0.665
232,34,0.346
232,35,4.058
232,36,1.835
232,37,0.354
232,38,1.63
232,39,0.712
232,40,1.062
232,41,0.536
232,42,0.392
232,43,1.834
232,44,0.359
232,45,0.812
232,46,0.551
232,47,0.384
232,48,0.377
233,1,0.337
233,2,0.256
233,3,0.183
233,4,0.256
233,5,0.167
233,6,0.261
233,7,0.181
233,8,0.254
233,9,0.187
233,10,0.249
233,11,0.189
233,12,0.233
233,13,0.202
233,14,0.216
233,15,0.29
233,16,0.244
233,17,0.216
233,18,0.551
233,19,0.74
233,20,1.297
233,21,0.249
233,22,0.187
233,23,0.259
233,24,0.181
233,25,0.232
233,26,0.189
233,27,0.237
233,28,0.186
233,29,0.239
233,30,0.175
233,31,0.24
233,32,0.191
233,33,0.231
233,34,0.198
233,35,0.219
233,36,0.193
233,37,0.226
233,38,0.199
233,39,0.219
233,40,0.203
233,41,0.212
233,42,0.221
233,43,0.202
233,44,0.246
233,45,0.183
233,46,0.263
233,47,0.186
233,48,0.237
234,1,0.179
234,2,0.249
234,3,0.182
234,4,0.228
234,5,0.203
234,6,0.206
234,7,0.223
234,8,0.188
234,9,0.227
234,10,0.192
234,11,0.233
234,12,0.173
234,13,0.239
234,14,0.192
234,15,0.212
234,16,0.214
234,17,0.178
234,18,0.223
234,19,0.181
234,20,0.234
234,21,0.172
234,22,0.226
234,23,0.2
234,24,0.205
234,25,0.215
234,26,0.184
234,27,0.235
234,28,0.164
234,29,0.242
234,30,0.177
234,31,0.246
234,32,0.174
234,33,0.239
234,34,0.185
234,35,0.214
234,36,0.191
234,37,0.22
234,38,0.203
234,39,0.203
234,40,0.22
234,41,0.186
234,42,0.237
234,43,0.181
234,44,0.254
234,45,0.189
234,46,0.245
234,47,0.174
234,48,0.25
235,1,0.176
235,2,0.228
235,3,0.197
235,4,0.212
235,5,0.202
235,6,0.224
235,7,0.2
235,8,0.201
235,9,0.224
235,10,0.18
235,11,0.241
235,12,0.174
235,13,0.237
235,14,0.17
235,15,0.252
235,16,0.174
235,17,0.235
235,18,0.184
235,19,0.22
235,20,0.181
235,21,0.237
235,22,0.177
235,23,0.227
235,24,0.192
235,25,0.217
235,26,0.199
235,27,0.634
235,28,0.391
235,29,0.302
235,30,0.405
235,31,0.42
235,32,0.35
235,33,0.367
235,34,0.421
235,35,1.135
235,36,3.605
235,37,0.885
235,38,0.411
235,39,0.506
235,40,0.357
235,41,0.346
235,42,0.535
235,43,0.384
235,44,0.441
235,45,0.378
235,46,0.367
235,47,0.263
235,48,0.167
236,1,0.254
236,2,0.164
236,3,0.247
236,4,0.181
236,5,0.228
236,6,0.193
236,7,0.214
236,8,0.206
236,9,0.203
236,10,0.216
236,11,0.191
236,12,0.224
236,13,0.182
236,14,0.233
236,15,0.538
236,16,0.653
236,17,0.273
236,18,0.693
236,19,0.384
236,20,0.217
236,21,1.263
236,22,0.325
236,23,0.219
236,24,0.203
236,25,0.204
236,26,0.218
236,27,0.2
236,28,0.206
236,29,0.215
236,30,0.205
236,31,0.198
236,32,0.222
236,33,0.186
236,34,0.236
236,35,0.659
236,36,2.858
236,37,0.857
236,38,0.433
236,39,0.368
236,40,0.359
236,41,0.381
236,42,0.414
236,43,0.82
236,44,0.335
236,45,0.419
236,46,0.345
236,47,0.312
236,48,0.165
237,1,0.244
237,2,0.185
237,3,0.24
237,4,0.173
237,5,0.252
237,6,0.179
237,7,0.238
237,8,0.188
237,9,0.219
237,10,0.205
237,11,0.203
237,12,0.203
237,13,0.209
237,14,0.198
237,15,0.312
237,16,0.172
237,17,0.241
237,18,0.178
237,19,1.218
237,20,0.48
237,21,1.144
237,22,0.225
237,23,0.213
237,24,0.202
237,25,0.394
237,26,0.189
237,27,0.381
237,28,0.187
237,29,0.214
237,30,0.208
237,31,0.211
237,32,0.2
237,33,0.991
237,34,1.304
237,35,1.164
237,36,2.272
237,37,0.819
237,38,0.325
237,39,0.342
237,40,0.381
237,41,0.495
237,42,0.536
237,43,0.854
237,44,0.502
237,45,0.521
237,46,0.55
237,47,0.466
237,48,0.337
238,1,0.164
238,2,0.228
238,3,0.153
238,4,0.238
238,5,0.166
238,6,0.224
238,7,0.156
238,8,0.239
238,9,0.146
238,10,0.238
238,11,0.166
238,12,0.233
238,13,0.16
238,14,1.277
238,15,0.247
238,16,0.245
238,17,0.176
238,18,0.201
238,19,0.378
238,20,0.603
238,21,0.242
238,22,0.234
238,23,0.161
238,24,0.23
238,25,0.429
238,26,0.238
238,27,0.201
238,28,1.462
238,29,0.838
238,30,0.226
238,31,0.156
238,32,1.015
238,33,1.052
238,34,2.233
238,35,1.3
238,36,0.401
238,37,0.299
238,38,0.289
238,39,2.123
238,40,0.432
238,41,0.211
238,42,0.544
238,43,0.4
238,44,0.348
238,45,0.375
238,46,0.361
238,47,0.407
238,48,0.461
239,1,0.37
239,2,0.379
239,3,0.176
239,4,0.213
239,5,0.196
239,6,0.194
239,7,0.221
239,8,0.166
239,9,0.24
239,10,0.152
239,11,0.226
239,12,0.184
239,13,0.19
239,14,0.222
239,15,0.205
239,16,0.236
239,17,0.146
239,18,0.238
239,19,0.165
239,20,0.531
239,21,0.226
239,22,0.157
239,23,0.241
239,24,0.155
239,25,0.225
239,26,0.198
239,27,0.316
239,28,0.22
239,29,0.295
239,30,0.541
239,31,0.495
239,32,1.66
239,33,1.227
239,34,1.374
239,35,3.192
239,36,0.783
239,37,0.489
239,38,0.376
239,39,1.616
239,40,1.27
239,41,0.981
239,42,0.329
239,43,0.646
239,44,0.335
239,45,0.422
239,46,0.263
239,47,0.184
239,48,0.24
240,1,0.163
240,2,0.223
240,3,0.199
240,4,0.191
240,5,0.228
240,6,0.158
240,7,0.244
240,8,0.164
240,9,0.222
240,10,0.19
240,11,0.194
240,12,0.216
240,13,0.159
240,14,0.242
240,15,0.214
240,16,0.237
240,17,0.164
240,18,0.724
240,19,0.31
240,20,0.417
240,21,0.316
240,22,0.175
240,23,0.491
240,24,0.25
240,25,0.184
240,26,2.293
240,27,0.334
240,28,0.215
240,29,0.194
240,30,0.185
240,31,0.227
240,32,0.15
240,33,0.24
240,34,0.156
240,35,0.23
240,36,0.171
240,37,0.213
240,38,0.193
240,39,0.191
240,40,0.219
240,41,0.168
240,42,0.234
240,43,0.183
240,44,0.214
240,45,0.195
240,46,0.218
240,47,0.204
240,48,0.18
388,1,0.405
388,2,0.481
388,3,0.48
388,4,0.364
388,5,0.34
388,6,0.516
388,7,0.454
388,8,0.453
388,9,0.371
388,10,0.395
388,11,0.521
388,12,0.455
388,13,0.451
388,14,0.365
388,15,0.426
388,16,0.803
388,17,0.428
388,18,0.411
388,19,0.296
388,20,0.379
388,21,0.441
388,22,0.441
388,23,0.387
388,24,0.233
388,25,0.386
388,26,0.362
388,27,0.263
388,28,0.297
388,29,0.338
388,30,0.196
388,31,0.141
388,32,0.184
388,33,0.166
388,34,0.156
388,35,0.368
388,36,0.25
388,37,0.761
388,38,0.679
388,39,0.559
388,40,0.799
388,41,0.631
388,42,0.439
388,43,0.53
388,44,0.646
388,45,0.562
388,46,0.469
388,47,0.6
388,48,0.615
389,1,0.621
389,2,0.477
389,3,0.29
389,4,0.425
389,5,0.468
389,6,0.401
389,7,0.312
389,8,0.352
389,9,0.472
389,10,0.436
389,11,0.447
389,12,0.406
389,13,0.5
389,14,0.605
389,15,0.592
389,16,0.531
389,17,2.077
389,18,2.349
389,19,2.508
389,20,2.418
389,21,2.229
389,22,1.757
389,23,2.342
389,24,1.625
389,25,0.39
389,26,0.314
389,27,0.237
389,28,0.406
389,29,0.308
389,30,0.351
389,31,2.043
389,32,2.181
389,33,2.258
389,34,2.29
389,35,2.081
389,36,2.294
389,37,2.158
389,38,1.975
389,39,0.811
389,40,0.398
389,41,0.578
389,42,0.692
389,43,1.543
389,44,2.17
389,45,2.168
389,46,0.438
389,47,0.371
389,48,0.338
390,1,0.206
390,2,0.404
390,3,0.274
390,4,0.263
390,5,0.404
390,6,0.232
390,7,0.299
390,8,0.386
390,9,0.263
390,10,0.287
390,11,0.381
390,12,0.278
390,13,0.332
390,14,2.176
390,15,2.667
390,16,2.436
390,17,2.274
390,18,3.327
390,19,1.116
390,20,0.441
390,21,0.745
390,22,0.413
390,23,0.311
390,24,0.881
390,25,0.488
390,26,0.233
390,27,0.283
390,28,0.729
390,29,0.143
390,30,0.382
390,31,0.291
390,32,1.405
390,33,2.868
390,34,2.255
390,35,3.336
390,36,2.321
390,37,2.175
390,38,3.205
390,39,1.779
390,40,1.321
390,41,0.955
390,42,0.654
390,43,0.803
390,44,0.621
390,45,0.636
390,46,0.361
390,47,0.402
390,48,0.4
391,1,0.247
391,2,0.327
391,3,0.392
391,4,0.328
391,5,0.243
391,6,0.399
391,7,0.369
391,8,0.229
391,9,0.376
391,10,0.372
391,11,0.287
391,12,0.296
391,13,0.372
391,14,0.385
391,15,1.292
391,16,0.353
391,17,0.388
391,18,0.333
391,19,1.536
391,20,0.518
391,21,0.433
391,22,0.288
391,23,0.271
391,24,0.408
391,25,0.291
391,26,2.109
391,27,2.107
391,28,1.342
391,29,1.434
391,30,0.409
391,31,0.626
391,32,1.013
391,33,3.235
391,34,1.237
391,35,0.906
391,36,3.15
391,37,2.025
391,38,2.2
391,39,0.972
391,40,0.612
391,41,0.765
391,42,0.749
391,43,0.596
391,44,0.626
391,45,0.666
391,46,0.333
391,47,0.353
391,48,0.382
392,1,0.44
392,2,0.257
392,3,0.324
392,4,0.448
392,5,0.42
392,6,0.299
392,7,0.319
392,8,0.42
392,9,0.395
392,10,0.396
392,11,0.308
392,12,0.332
392,13,0.406
392,14,0.434
392,15,1.255
392,16,0.256
392,17,0.423
392,18,0.421
392,19,0.61
392,20,0.272
392,21,0.417
392,22,0.359
392,23,0.241
392,24,0.338
392,25,0.346
392,26,0.194
392,27,0.357
392,28,1.813
392,29,1.084
392,30,0.652
392,31,1.355
392,32,1.231
392,33,2.415
392,34,3.111
392,35,3.407
392,36,3.953
392,37,3.139
392,38,2.416
392,39,2.289
392,40,2.769
392,41,1.054
392,42,0.814
392,43,0.44
392,44,0.877
392,45,0.604
392,46,0.584
392,47,0.187
392,48,0.356
393,1,0.228
393,2,0.336
393,3,0.376
393,4,0.216
393,5,0.357
393,6,0.376
393,7,0.275
393,8,0.305
393,9,0.374
393,10,0.349
393,11,0.224
393,12,0.384
393,13,0.405
393,14,0.191
393,15,1.063
393,16,1.159
393,17,0.857
393,18,0.569
393,19,1.446
393,20,1.709
393,21,1.136
393,22,0.884
393,23,0.242
393,24,0.328
393,25,0.201
393,26,0.476
393,27,1.561
393,28,1.394
393,29,0.161
393,30,0.41
393,31,1.53
393,32,2.949
393,33,1.659
393,34,1.983
393,35,1.928
393,36,1.654
393,37,0.88
393,38,0.422
393,39,0.257
393,40,0.47
393,41,0.335
393,42,0.36
393,43,0.398
393,44,1.15
393,45,1.604
393,46,1.055
393,47,0.237
393,48,0.416
394,1,0.133
394,2,0.421
394,3,0.282
394,4,0.269
394,5,0.341
394,6,0.289
394,7,0.263
394,8,0.404
394,9,0.142
394,10,0.405
394,11,0.333
394,12,0.221
394,13,0.334
394,14,0.409
394,15,0.638
394,16,0.42
394,17,0.355
394,18,0.232
394,19,1.73
394,20,2.017
394,21,0.678
394,22,1.21
394,23,0.619
394,24,0.392
394,25,0.375
394,26,0.264
394,27,0.266
394,28,0.386
394,29,0.139
394,30,0.385
394,31,0.148
394,32,0.36
394,33,0.172
394,34,0.357
394,35,0.401
394,36,0.496
394,37,0.343
394,38,0.434
394,39,0.398
394,40,0.202
394,41,0.361
394,42,0.404
394,43,0.172
394,44,0.406
394,45,0.35
394,46,0.244
394,47,0.345
394,48,0.393
395,1,0.313
395,2,0.242
395,3,0.419
395,4,0.361
395,5,0.248
395,6,0.326
395,7,0.375
395,8,0.409
395,9,0.221
395,10,0.349
395,11,0.387
395,12,0.418
395,13,0.343
395,14,0.271
395,15,0.398
395,16,0.381
395,17,0.449
395,18,0.325
395,19,0.31
395,20,0.396
395,21,0.402
395,22,0.419
395,23,0.324
395,24,0.225
395,25,0.397
395,26,0.392
395,27,0.207
395,28,0.434
395,29,0.207
395,30,0.413
395,31,0.242
395,32,0.314
395,33,0.18
395,34,0.361
395,35,0.139
395,36,0.378
395,37,0.169
395,38,0.349
395,39,0.403
395,40,0.214
395,41,0.345
395,42,0.386
395,43,0.465
395,44,0.453
395,45,0.491
395,46,0.582
395,47,0.557
395,48,0.337
396,1,0.303
396,2,0.395
396,3,0.419
396,4,0.423
396,5,0.27
396,6,0.329
396,7,0.439
396,8,0.404
396,9,0.452
396,10,0.336
396,11,0.297
396,12,0.415
396,13,0.457
396,14,0.425
396,15,0.38
396,16,0.357
396,17,0.337
396,18,0.471
396,19,0.451
396,20,0.383
396,21,0.346
396,22,0.313
396,23,0.392
396,24,0.423
396,25,0.31
396,26,0.218
396,27,0.386
396,28,0.336
396,29,0.169
396,30,0.375
396,31,0.441
396,32,1.471
396,33,0.884
396,34,0.563
396,35,0.685
396,36,0.389
396,37,0.542
396,38,0.548
396,39,0.375
396,40,1.302
396,41,0.88
396,42,1.025
396,43,0.798
396,44,0.788
396,45,0.787
396,46,0.757
396,47,0.557
396,48,0.318
397,1,0.334
397,2,0.431
397,3,0.406
397,4,0.306
397,5,0.303
397,6,0.378
397,7,0.406
397,8,0.446
397,9,0.302
397,10,0.335
397,11,0.39
397,12,0.411
397,13,0.434
397,14,0.436
397,15,1.141
397,16,0.358
397,17,0.39
397,18,0.618
397,19,2.336
397,20,2.159
397,21,2.321
397,22,1.048
397,23,0.807
397,24,0.401
397,25,0.309
397,26,0.851
397,27,4.003
397,28,2.938
397,29,2.659
397,30,2.023
397,31,1.879
397,32,1.24
397,33,0.318
397,34,2.848
397,35,3.802
397,36,1.582
397,37,1.489
397,38,1.411
397,39,2.089
397,40,2.509
397,41,2.233
397,42,0.92
397,43,0.686
397,44,0.439
397,45,0.564
397,46,0.566
397,47,0.222
397,48,0.345
398,1,0.362
398,2,0.294
398,3,0.256
398,4,0.42
398,5,0.3
398,6,0.243
398,7,0.383
398,8,0.369
398,9,0.2
398,10,0.342
398,11,0.41
398,12,0.147
398,13,0.386
398,14,0.363
398,15,0.937
398,16,0.412
398,17,0.603
398,18,1.153
398,19,1.526
398,20,0.436
398,21,0.338
398,22,0.72
398,23,0.376
398,24,1.129
398,25,0.934
398,26,0.319
398,27,1.9
398,28,0.306
398,29,0.57
398,30,0.479
398,31,2.556
398,32,2.666
398,33,2.438
398,34,2.301
398,35,1.729
398,36,1.794
398,37,0.949
398,38,1.245
398,39,1.322
398,40,1.217
398,41,0.952
398,42,1.08
398,43,0.988
398,44,0.949
398,45,0.914
398,46,0.858
398,47,0.327
398,48,0.294
399,1,0.271
399,2,0.279
399,3,0.263
399,4,0.29
399,5,0.237
399,6,0.321
399,7,0.21
399,8,0.355
399,9,0.184
399,10,0.393
399,11,0.168
399,12,0.35
399,13,0.193
399,14,0.329
399,15,0.938
399,16,0.32
399,17,0.195
399,18,1.092
399,19,0.202
399,20,0.395
399,21,0.202
399,22,0.365
399,23,0.16
399,24,0.195
399,25,0.148
399,26,0.213
399,27,0.265
399,28,0.199
399,29,0.189
399,30,0.264
399,31,1.789
399,32,1.201
399,33,1.687
399,34,1.253
399,35,3.522
399,36,2.71
399,37,0.854
399,38,1.555
399,39,2.462
399,40,1.602
399,41,0.561
399,42,0.537
399,43,0.896
399,44,0.373
399,45,0.623
399,46,0.365
399,47,0.229
399,48,0.428
400,1,0.292
400,2,0.278
400,3,0.344
400,4,0.408
400,5,0.164
400,6,0.428
400,7,0.319
400,8,0.227
400,9,0.367
400,10,0.209
400,11,0.346
400,12,0.335
400,13,0.214
400,14,0.348
400,15,0.871
400,16,0.351
400,17,0.246
400,18,0.365
400,19,0.252
400,20,1.428
400,21,0.701
400,22,0.424
400,23,0.188
400,24,0.352
400,25,0.207
400,26,1.663
400,27,2.068
400,28,1.852
400,29,1.583
400,30,1.391
400,31,1.167
400,32,2.051
400,33,3.334
400,34,1.79
400,35,0.538
400,36,0.995
400,37,0.825
400,38,0.723
400,39,0.616
400,40,0.75
400,41,1.391
400,42,0.549
400,43,0.791
400,44,0.53
400,45,1.076
400,46,0.662
400,47,0.334
400,48,0.405
401,1,0.235
401,2,0.337
401,3,0.384
401,4,0.248
401,5,0.33
401,6,0.374
401,7,0.287
401,8,0.273
401,9,0.42
401,10,0.296
401,11,0.278
401,12,0.345
401,13,0.434
401,14,0.156
401,15,1.614
401,16,0.363
401,17,0.313
401,18,0.626
401,19,0.428
401,20,1.313
401,21,0.788
401,22,0.345
401,23,0.325
401,24,0.4
401,25,0.478
401,26,0.184
401,27,0.639
401,28,0.953
401,29,0.346
401,30,0.543
401,31,0.236
401,32,0.514
401,33,0.479
401,34,1.606
401,35,3.744
401,36,0.936
401,37,0.641
401,38,0.637
401,39,0.608
401,40,0.758
401,41,0.529
401,42,0.707
401,43,0.921
401,44,0.508
401,45,0.717
401,46,0.461
401,47,0.523
401,48,0.341
402,1,0.296
402,2,0.258
402,3,0.648
402,4,0.157
402,5,0.391
402,6,0.58
402,7,0.205
402,8,0.36
402,9,0.634
402,10,0.225
402,11,0.335
402,12,0.628
402,13,0.345
402,14,0.478
402,15,0.37
402,16,0.661
402,17,0.345
402,18,0.432
402,19,3.524
402,20,0.974
402,21,1.214
402,22,1.143
402,23,1.391
402,24,0.939
402,25,0.931
402,26,0.907
402,27,1.26
402,28,0.374
402,29,0.349
402,30,0.503
402,31,0.498
402,32,0.34
402,33,0.354
402,34,2.421
402,35,4.194
402,36,1.478
402,37,0.939
402,38,0.533
402,39,0.672
402,40,0.696
402,41,0.396
402,42,0.576
402,43,0.491
402,44,0.687
402,45,0.542
402,46,0.399
402,47,0.542
402,48,0.467
403,1,0.178
403,2,0.373
403,3,0.331
403,4,0.217
403,5,0.407
403,6,0.223
403,7,0.317
403,8,0.363
403,9,0.212
403,10,0.356
403,11,0.352
403,12,0.207
403,13,0.341
403,14,0.366
403,15,0.195
403,16,0.366
403,17,0.253
403,18,0.281
403,19,2.214
403,20,0.435
403,21,0.383
403,22,0.168
403,23,0.368
403,24,0.462
403,25,0.332
403,26,0.214
403,27,0.315
403,28,0.203
403,29,0.331
403,30,0.166
403,31,0.366
403,32,0.161
403,33,0.369
403,34,0.197
403,35,0.335
403,36,0.315
403,37,0.49
403,38,1.495
403,39,0.717
403,40,1.07
403,41,0.66
403,42,0.456
403,43,0.491
403,44,0.78
403,45,1.493
403,46,0.518
403,47,0.338
403,48,0.201
404,1,0.235
404,2,0.324
404,3,0.283
404,4,0.155
404,5,0.326
404,6,0.325
404,7,0.165
404,8,0.272
404,9,0.328
404,10,0.27
404,11,0.17
404,12,0.325
404,13,0.327
404,14,0.19
404,15,0.492
404,16,0.33
404,17,0.312
404,18,0.158
404,19,1.369
404,20,0.738
404,21,1.809
404,22,0.303
404,23,0.797
404,24,0.955
404,25,1.368
404,26,2.032
404,27,1.426
404,28,1.287
404,29,2.661
404,30,3.552
404,31,1.276
404,32,0.813
404,33,1.647
404,34,1.201
404,35,2.807
404,36,3.635
404,37,1.404
404,38,0.707
404,39,0.598
404,40,0.568
404,41,0.705
404,42,0.632
404,43,0.677
404,44,0.523
404,45,0.557
404,46,0.453
404,47,0.413
404,48,0.248
405,1,0.253
405,2,0.379
405,3,0.352
405,4,0.349
405,5,0.23
405,6,0.301
405,7,0.368
405,8,0.345
405,9,0.334
405,10,0.219
405,11,0.324
405,12,0.38
405,13,0.347
405,14,0.253
405,15,0.88
405,16,0.347
405,17,0.365
405,18,0.362
405,19,1.185
405,20,0.518
405,21,0.48
405,22,0.351
405,23,0.213
405,24,0.293
405,25,1.831
405,26,2.699
405,27,0.287
405,28,0.306
405,29,0.178
405,30,0.288
405,31,0.355
405,32,0.652
405,33,0.613
405,34,2.192
405,35,2.177
405,36,0.557
405,37,0.89
405,38,1.775
405,39,1.144
405,40,0.881
405,41,0.717
405,42,0.663
405,43,0.541
405,44,0.545
405,45,0.873
405,46,0.639
405,47,0.514
405,48,0.252
406,1,0.327
406,2,0.386
406,3,0.371
406,4,0.387
406,5,0.267
406,6,0.284
406,7,0.421
406,8,0.383
406,9,0.395
406,10,0.35
406,11,0.297
406,12,0.306
406,13,0.425
406,14,0.419
406,15,0.845
406,16,0.302
406,17,0.36
406,18,0.36
406,19,0.672
406,20,0.564
406,21,0.283
406,22,0.234
406,23,0.295
406,24,0.371
406,25,0.298
406,26,1.295
406,27,1.304
406,28,0.536
406,29,0.204
406,30,0.292
406,31,0.108
406,32,1.485
406,33,1.468
406,34,3.095
406,35,1.636
406,36,0.739
406,37,0.888
406,38,1.591
406,39,1.112
406,40,0.802
406,41,0.466
406,42,0.421
406,43,0.706
406,44,0.586
406,45,0.593
406,46,0.325
406,47,0.286
406,48,0.411
407,1,0.373
407,2,0.377
407,3,0.328
407,4,0.278
407,5,0.322
407,6,0.425
407,7,0.423
407,8,0.37
407,9,0.3
407,10,0.322
407,11,0.396
407,12,0.405
407,13,0.411
407,14,0.354
407,15,0.978
407,16,0.319
407,17,0.39
407,18,0.424
407,19,1.354
407,20,1.915
407,21,0.267
407,22,0.319
407,23,0.355
407,24,0.387
407,25,0.149
407,26,0.276
407,27,0.309
407,28,0.949
407,29,2.371
407,30,3.191
407,31,3.422
407,32,3.496
407,33,1.89
407,34,1.624
407,35,1.478
407,36,0.515
407,37,0.631
407,38,1.807
407,39,1.639
407,40,0.643
407,41,0.495
407,42,0.761
407,43,0.581
407,44,0.684
407,45,0.533
407,46,0.461
407,47,0.416
407,48,0.358
408,1,0.39
408,2,0.355
408,3,0.27
408,4,0.29
408,5,0.411
408,6,0.378
408,7,0.374
408,8,0.34
408,9,0.274
408,10,0.312
408,11,0.427
408,12,0.419
408,13,0.339
408,14,1.205
408,15,1.109
408,16,0.364
408,17,0.382
408,18,0.365
408,19,1.453
408,20,0.267
408,21,0.335
408,22,0.434
408,23,1.667
408,24,1.705
408,25,0.249
408,26,0.355
408,27,0.261
408,28,0.174
408,29,0.296
408,30,0.127
408,31,0.336
408,32,0.137
408,33,0.263
408,34,0.265
408,35,0.189
408,36,0.326
408,37,0.221
408,38,0.197
408,39,0.325
408,40,0.329
408,41,0.201
408,42,0.32
408,43,0.338
408,44,0.288
408,45,0.21
408,46,0.415
408,47,0.542
408,48,0.525
409,1,0.381
409,2,0.388
409,3,0.542
409,4,0.46
409,5,0.351
409,6,0.241
409,7,0.281
409,8,0.362
409,9,0.349
409,10,0.339
409,11,0.214
409,12,0.333
409,13,0.353
409,14,0.345
409,15,0.288
409,16,0.212
409,17,0.288
409,18,0.404
409,19,0.34
409,20,0.215
409,21,0.219
409,22,0.323
409,23,0.318
409,24,0.19
409,25,0.314
409,26,0.301
409,27,0.105
409,28,0.296
409,29,0.181
409,30,0.259
409,31,0.346
409,32,0.105
409,33,0.297
409,34,0.256
409,35,0.145
409,36,0.358
409,37,0.208
409,38,0.225
409,39,0.319
409,40,0.221
409,41,0.218
409,42,0.398
409,43,0.301
409,44,0.15
409,45,0.331
409,46,0.367
409,47,0.416
409,48,0.452
410,1,0.468
410,2,0.468
410,3,0.37
410,4,0.357
410,5,0.354
410,6,0.342
410,7,0.299
410,8,0.293
410,9,0.302
410,10,0.365
410,11,0.366
410,12,0.346
410,13,0.339
410,14,0.287
410,15,0.334
410,16,0.383
410,17,0.387
410,18,0.327
410,19,0.343
410,20,0.29
410,21,0.359
410,22,0.346
410,23,0.315
410,24,0.139
410,25,0.324
410,26,0.343
410,27,0.105
410,28,0.105
410,29,0.105
410,30,0.105
410,31,0.111
410,32,0.188
410,33,0.285
410,34,0.278
410,35,0.24
410,36,0.254
410,37,0.114
410,38,0.966
410,39,0.504
410,40,0.608
410,41,0.36
410,42,0.474
410,43,0.498
410,44,0.366
410,45,0.478
410,46,0.715
410,47,0.479
410,48,0.47
411,1,0.401
411,2,0.254
411,3,0.17
411,4,0.36
411,5,0.333
411,6,0.12
411,7,0.307
411,8,0.34
411,9,0.266
411,10,0.216
411,11,0.322
411,12,0.319
411,13,0.171
411,14,0.336
411,15,0.326
411,16,0.345
411,17,0.186
411,18,1.518
411,19,0.596
411,20,0.507
411,21,1.978
411,22,1.91
411,23,0.315
411,24,0.12
411,25,0.287
411,26,0.127
411,27,1.493
411,28,1.584
411,29,1.008
411,30,1.058
411,31,1.116
411,32,0.322
411,33,1.256
411,34,3.686
411,35,1.333
411,36,0.805
411,37,0.467
411,38,0.611
411,39,0.506
411,40,0.712
411,41,0.57
411,42,0.568
411,43,1.105
411,44,0.468
411,45,0.46
411,46,0.59
411,47,0.301
411,48,0.268
412,1,0.333
412,2,0.323
412,3,0.203
412,4,0.285
412,5,0.358
412,6,0.334
412,7,0.201
412,8,0.316
412,9,0.359
412,10,0.345
412,11,0.294
412,12,0.256
412,13,0.321
412,14,0.376
412,15,0.809
412,16,0.304
412,17,0.266
412,18,0.354
412,19,1.368
412,20,0.729
412,21,0.414
412,22,0.192
412,23,1.373
412,24,1.134
412,25,0.93
412,26,1.108
412,27,2.996
412,28,2.531
412,29,0.603
412,30,0.194
412,31,0.154
412,32,0.108
412,33,0.222
412,34,0.292
412,35,0.306
412,36,0.812
412,37,0.497
412,38,0.646
412,39,0.422
412,40,0.657
412,41,0.514
412,42,0.599
412,43,0.512
412,44,0.605
412,45,0.407
412,46,0.527
412,47,0.373
412,48,0.266
413,1,0.243
413,2,0.342
413,3,0.393
413,4,0.329
413,5,0.204
413,6,0.305
413,7,0.338
413,8,0.342
413,9,0.286
413,10,0.202
413,11,0.353
413,12,0.386
413,13,0.333
413,14,0.232
413,15,1.304
413,16,0.4
413,17,0.363
413,18,0.347
413,19,0.202
413,20,0.269
413,21,0.376
413,22,0.277
413,23,0.141
413,24,0.337
413,25,0.328
413,26,0.94
413,27,1.692
413,28,0.595
413,29,0.141
413,30,0.296
413,31,0.357
413,32,0.194
413,33,0.291
413,34,0.933
413,35,1.137
413,36,1.504
413,37,0.712
413,38,0.648
413,39,0.625
413,40,0.516
413,41,0.648
413,42,0.705
413,43,0.76
413,44,0.426
413,45,0.464
413,46,0.434
413,47,0.386
413,48,0.226
414,1,0.281
414,2,0.343
414,3,0.35
414,4,0.402
414,5,0.254
414,6,0.253
414,7,0.402
414,8,0.367
414,9,0.367
414,10,0.303
414,11,0.291
414,12,0.311
414,13,0.374
414,14,0.432
414,15,0.645
414,16,0.345
414,17,0.307
414,18,0.39
414,19,0.369
414,20,0.365
414,21,0.287
414,22,0.266
414,23,0.307
414,24,0.467
414,25,0.287
414,26,0.209
414,27,0.296
414,28,0.153
414,29,2.007
414,30,1.355
414,31,1.494
414,32,2.456
414,33,3.277
414,34,1.91
414,35,1.218
414,36,1.522
414,37,1.503
414,38,0.791
414,39,0.601
414,40,0.498
414,41,0.579
414,42,0.53
414,43,0.683
414,44,0.546
414,45,0.585
414,46,0.55
414,47,0.639
414,48,0.334
415,1,0.261
415,2,0.401
415,3,0.38
415,4,0.376
415,5,0.351
415,6,0.279
415,7,0.295
415,8,0.44
415,9,0.382
415,10,0.387
415,11,0.329
415,12,0.321
415,13,0.302
415,14,0.387
415,15,0.762
415,16,0.463
415,17,0.317
415,18,0.538
415,19,0.354
415,20,0.373
415,21,0.359
415,22,0.31
415,23,0.234
415,24,0.527
415,25,0.303
415,26,0.106
415,27,0.347
415,28,3.298
415,29,0.972
415,30,1.025
415,31,0.792
415,32,1.721
415,33,2.475
415,34,2.839
415,35,2.979
415,36,1.076
415,37,0.484
415,38,0.383
415,39,0.656
415,40,0.649
415,41,0.678
415,42,0.49
415,43,0.506
415,44,0.887
415,45,0.525
415,46,0.557
415,47,0.438
415,48,0.399
