213,1,0.027
213,2,0.101
213,3,0.028
213,4,0.057
213,5,0.055
213,6,0.028
213,7,0.095
213,8,0.028
213,9,0.079
213,10,0.061
213,11,0.066
213,12,0.427
213,13,0.098
213,14,0.137
213,15,0.143
213,16,1.159
213,17,0.257
213,18,0.059
213,19,0.418
213,20,0.997
213,21,0.114
213,22,0.173
213,23,0.08
213,24,0.029
213,25,0.096
213,26,0.028
213,27,0.081
213,28,0.069
213,29,0.136
213,30,0.53
213,31,0.283
213,32,0.299
213,33,0.242
213,34,0.67
213,35,0.269
213,36,0.921
213,37,0.49
213,38,0.316
213,39,0.253
213,40,0.309
213,41,0.265
213,42,0.309
213,43,0.257
213,44,0.317
213,45,0.295
213,46,0.275
213,47,0.137
213,48,0.062
214,1,0.069
214,2,0.027
214,3,0.08
214,4,0.028
214,5,0.084
214,6,0.028
214,7,0.071
214,8,0.041
214,9,0.051
214,10,0.062
214,11,0.028
214,12,0.086
214,13,0.028
214,14,0.182
214,15,0.13
214,16,0.14
214,17,0.15
214,18,0.033
214,19,0.085
214,20,0.028
214,21,0.558
214,22,0.146
214,23,0.071
214,24,0.051
214,25,0.142
214,26,0.218
214,27,0.169
214,28,0.224
214,29,0.169
214,30,0.219
214,31,0.169
214,32,0.223
214,33,0.171
214,34,0.209
214,35,0.284
214,36,0.279
214,37,0.465
214,38,0.295
214,39,0.294
214,40,0.269
214,41,0.295
214,42,0.285
214,43,0.607
214,44,0.541
214,45,0.406
214,46,0.32
214,47,0.394
214,48,0.351
215,1,0.216
215,2,0.081
215,3,0.068
215,4,0.035
215,5,0.082
215,6,0.03
215,7,0.094
215,8,0.04
215,9,0.054
215,10,0.053
215,11,0.038
215,12,0.074
215,13,0.028
215,14,0.185
215,15,0.122
215,16,1.693
215,17,1.18
215,18,0.637
215,19,0.24
215,20,0.2
215,21,0.216
215,22,0.67
215,23,0.501
215,24,0.318
215,25,0.251
215,26,0.234
215,27,1.029
215,28,0.295
215,29,0.313
215,30,0.228
215,31,0.057
215,32,0.106
215,33,0.031
215,34,0.515
215,35,0.996
215,36,0.323
215,37,0.87
215,38,0.327
215,39,0.381
215,40,0.315
215,41,0.286
215,42,0.314
215,43,0.435
215,44,0.444
215,45,0.44
215,46,0.362
215,47,0.356
215,48,0.237
216,1,0.121
216,2,0.121
216,3,0.121
216,4,0.121
216,5,0.121
216,6,0.12
216,7,0.12
216,8,0.12
216,9,0.119
216,10,0.119
216,11,0.126
216,12,0.118
216,13,0.118
216,14,0.216
216,15,0.445
216,16,0.136
216,17,0.109
216,18,0.046
216,19,0.112
216,20,0.18
216,21,0.371
216,22,0.267
216,23,1.009
216,24,0.279
216,25,0.32
216,26,0.247
216,27,0.281
216,28,0.328
216,29,0.178
216,30,0.744
216,31,0.25
216,32,0.295
216,33,0.211
216,34,0.509
216,35,0.317
216,36,0.459
216,37,0.316
216,38,0.263
216,39,0.476
216,40,0.263
216,41,0.326
216,42,0.255
216,43,0.412
216,44,0.359
216,45,0.359
216,46,0.238
216,47,0.101
216,48,0.048
217,1,0.056
217,2,0.063
217,3,0.037
217,4,0.076
217,5,0.029
217,6,0.09
217,7,0.028
217,8,0.08
217,9,0.04
217,10,0.05
217,11,0.091
217,12,0.11
217,13,0.075
217,14,0.121
217,15,0.169
217,16,0.11
217,17,0.154
217,18,0.044
217,19,0.05
217,20,0.326
217,21,0.348
217,22,0.085
217,23,0.025
217,24,0.204
217,25,0.241
217,26,0.221
217,27,0.29
217,28,0.219
217,29,0.165
217,30,0.208
217,31,0.181
217,32,0.192
217,33,0.208
217,34,0.478
217,35,0.509
217,36,2.446
217,37,0.289
217,38,0.563
217,39,0.336
217,40,0.44
217,41,0.281
217,42,0.309
217,43,0.255
217,44,0.39
217,45,0.426
217,46,0.365
217,47,0.092
217,48,0.085
218,1,0.028
218,2,0.084
218,3,0.031
218,4,0.078
218,5,0.036
218,6,0.068
218,7,0.046
218,8,0.054
218,9,0.06
218,10,0.034
218,11,0.101
218,12,0.028
218,13,0.066
218,14,0.465
218,15,0.154
218,16,0.137
218,17,0.127
218,18,0.063
218,19,0.027
218,20,0.074
218,21,0.022
218,22,0.081
218,23,0.455
218,24,0.301
218,25,0.18
218,26,0.293
218,27,0.151
218,28,0.023
218,29,0.073
218,30,0.021
218,31,0.076
218,32,0.021
218,33,0.351
218,34,0.069
218,35,0.778
218,36,1.471
218,37,1.966
218,38,1.023
218,39,0.318
218,40,0.368
218,41,0.432
218,42,0.267
218,43,0.342
218,44,0.578
218,45,0.363
218,46,0.245
218,47,0.236
218,48,0.119
219,1,0.059
219,2,0.052
219,3,0.073
219,4,0.032
219,5,0.093
219,6,0.029
219,7,0.085
219,8,0.029
219,9,0.076
219,10,0.038
219,11,0.06
219,12,0.094
219,13,0.098
219,14,0.125
219,15,0.166
219,16,0.133
219,17,0.13
219,18,0.063
219,19,0.289
219,20,0.356
219,21,0.178
219,22,0.207
219,23,0.027
219,24,0.085
219,25,0.282
219,26,0.225
219,27,0.092
219,28,0.628
219,29,0.959
219,30,0.112
219,31,0.041
219,32,0.206
219,33,0.324
219,34,0.886
219,35,0.36
219,36,1.233
219,37,1.457
219,38,0.48
219,39,0.282
219,40,0.292
219,41,0.282
219,42,0.42
219,43,0.291
219,44,0.334
219,45,0.367
219,46,0.276
219,47,0.239
219,48,0.27
220,1,0.155
220,2,0.054
220,3,0.064
220,4,0.047
220,5,0.059
220,6,0.053
220,7,0.06
220,8,0.046
220,9,0.071
220,10,0.034
220,11,0.072
220,12,0.032
220,13,0.074
220,14,0.125
220,15,0.171
220,16,0.422
220,17,0.326
220,18,0.041
220,19,0.085
220,20,0.398
220,21,0.231
220,22,0.185
220,23,0.056
220,24,0.489
220,25,0.569
220,26,0.336
220,27,0.287
220,28,0.068
220,29,0.049
220,30,0.086
220,31,0.062
220,32,0.057
220,33,0.276
220,34,0.26
220,35,0.293
220,36,0.313
220,37,1.256
220,38,0.335
220,39,1.322
220,40,0.473
220,41,0.277
220,42,0.431
220,43,0.514
220,44,0.392
220,45,0.317
220,46,0.299
220,47,0.23
220,48,0.258
221,1,0.123
221,2,0.116
221,3,0.205
221,4,0.047
221,5,0.078
221,6,0.029
221,7,0.073
221,8,0.029
221,9,0.075
221,10,0.043
221,11,0.068
221,12,0.044
221,13,0.069
221,14,0.134
221,15,0.167
221,16,0.119
221,17,0.164
221,18,0.033
221,19,0.41
221,20,0.385
221,21,0.277
221,22,0.145
221,23,1.133
221,24,0.211
221,25,0.316
221,26,0.23
221,27,0.184
221,28,0.214
221,29,0.351
221,30,0.424
221,31,0.457
221,32,0.198
221,33,0.198
221,34,0.09
221,35,0.309
221,36,2.27
221,37,0.94
221,38,0.295
221,39,0.48
221,40,0.314
221,41,0.324
221,42,0.302
221,43,0.37
221,44,0.396
221,45,0.365
221,46,0.325
221,47,0.262
221,48,0.289
222,1,0.232
222,2,0.14
222,3,0.028
222,4,0.082
222,5,0.029
222,6,0.08
222,7,0.029
222,8,0.072
222,9,0.029
222,10,0.078
222,11,0.029
222,12,0.075
222,13,0.029
222,14,0.439
222,15,0.141
222,16,0.14
222,17,0.145
222,18,0.053
222,19,0.376
222,20,0.34
222,21,0.232
222,22,0.131
222,23,0.069
222,24,0.023
222,25,0.073
222,26,0.023
222,27,0.067
222,28,0.021
222,29,0.073
222,30,0.021
222,31,0.072
222,32,0.022
222,33,0.075
222,34,0.305
222,35,0.352
222,36,1.513
222,37,0.302
222,38,0.459
222,39,0.27
222,40,0.316
222,41,0.385
222,42,0.322
222,43,0.375
222,44,0.418
222,45,0.403
222,46,0.215
222,47,0.125
222,48,0.028
223,1,0.094
223,2,0.034
223,3,0.083
223,4,0.092
223,5,0.142
223,6,0.096
223,7,0.136
223,8,0.105
223,9,0.118
223,10,0.108
223,11,0.113
223,12,0.16
223,13,0.085
223,14,0.132
223,15,0.155
223,16,0.115
223,17,0.158
223,18,0.047
223,19,0.05
223,20,0.432
223,21,0.229
223,22,0.203
223,23,0.222
223,24,0.384
223,25,0.202
223,26,0.171
223,27,0.208
223,28,0.171
223,29,0.207
223,30,0.616
223,31,0.243
223,32,0.175
223,33,0.214
223,34,0.16
223,35,0.522
223,36,1.392
223,37,1.306
223,38,0.327
223,39,0.405
223,40,0.583
223,41,0.519
223,42,0.29
223,43,0.409
223,44,0.401
223,45,0.394
223,46,0.293
223,47,0.298
223,48,0.208
224,1,0.065
224,2,0.058
224,3,0.059
224,4,0.059
224,5,0.049
224,6,0.066
224,7,0.061
224,8,0.046
224,9,0.055
224,10,0.057
224,11,0.052
224,12,0.057
224,13,0.071
224,14,0.424
224,15,0.242
224,16,0.125
224,17,0.144
224,18,0.049
224,19,0.055
224,20,0.4
224,21,0.374
224,22,0.219
224,23,0.166
224,24,0.157
224,25,0.023
224,26,0.203
224,27,0.319
224,28,0.211
224,29,0.168
224,30,0.211
224,31,0.134
224,32,0.046
224,33,0.067
224,34,0.029
224,35,1.275
224,36,1.157
224,37,0.421
224,38,0.468
224,39,0.281
224,40,0.605
224,41,0.259
224,42,1.212
224,43,0.437
224,44,0.583
224,45,0.69
224,46,0.39
224,47,0.193
224,48,0.028
225,1,0.082
225,2,0.035
225,3,0.096
225,4,0.029
225,5,0.082
225,6,0.029
225,7,0.084
225,8,0.029
225,9,0.084
225,10,0.029
225,11,0.076
225,12,0.14
225,13,0.211
225,14,0.164
225,15,0.429
225,16,0.124
225,17,0.161
225,18,0.037
225,19,0.062
225,20,0.036
225,21,0.061
225,22,0.032
225,23,0.056
225,24,0.039
225,25,0.054
225,26,0.035
225,27,0.061
225,28,0.024
225,29,0.066
225,30,0.026
225,31,0.073
225,32,0.022
225,33,0.078
225,34,0.136
225,35,0.294
225,36,0.128
225,37,1.485
225,38,0.287
225,39,0.306
225,40,0.525
225,41,0.28
225,42,0.297
225,43,0.269
225,44,0.307
225,45,0.208
225,46,0.138
225,47,0.094
225,48,0.127
226,1,0.095
226,2,0.126
226,3,0.097
226,4,0.12
226,5,0.105
226,6,0.117
226,7,0.101
226,8,0.132
226,9,0.083
226,10,0.1
226,11,0.029
226,12,0.081
226,13,0.028
226,14,0.494
226,15,0.136
226,16,0.16
226,17,0.108
226,18,0.076
226,19,0.022
226,20,0.083
226,21,0.022
226,22,0.068
226,23,0.026
226,24,0.063
226,25,0.031
226,26,0.059
226,27,0.056
226,28,0.025
226,29,0.066
226,30,0.022
226,31,0.077
226,32,0.022
226,33,0.261
226,34,0.047
226,35,0.134
226,36,0.037
226,37,0.078
226,38,0.028
226,39,0.088
226,40,0.029
226,41,0.074
226,42,0.05
226,43,0.046
226,44,0.058
226,45,0.04
226,46,0.072
226,47,0.028
226,48,0.083
227,1,0.028
227,2,0.077
227,3,0.028
227,4,0.092
227,5,0.041
227,6,0.054
227,7,0.051
227,8,0.047
227,9,0.061
227,10,0.038
227,11,0.07
227,12,0.029
227,13,0.08
227,14,0.029
227,15,0.087
227,16,0.028
227,17,0.08
227,18,0.033
227,19,0.059
227,20,0.052
227,21,0.038
227,22,0.065
227,23,0.027
227,24,0.083
227,25,0.027
227,26,0.084
227,27,0.028
227,28,0.067
227,29,0.043
227,30,0.048
227,31,0.057
227,32,0.038
227,33,0.075
227,34,0.028
227,35,0.082
227,36,0.027
227,37,0.082
227,38,0.028
227,39,0.064
227,40,0.044
227,41,0.051
227,42,0.057
227,43,0.036
227,44,0.069
227,45,0.027
227,46,0.074
227,47,0.028
227,48,0.076
228,1,0.028
228,2,0.078
228,3,0.028
228,4,0.087
228,5,0.029
228,6,0.068
228,7,0.048
228,8,0.044
228,9,0.067
228,10,0.029
228,11,0.087
228,12,0.029
228,13,0.081
228,14,0.034
228,15,0.057
228,16,0.047
228,17,0.047
228,18,0.066
228,19,0.028
228,20,0.085
228,21,0.027
228,22,0.076
228,23,0.038
228,24,0.048
228,25,0.06
228,26,0.027
228,27,0.081
228,28,0.028
228,29,0.084
228,30,0.028
228,31,0.064
228,32,0.046
228,33,0.041
228,34,0.062
228,35,0.03
228,36,0.084
228,37,0.12
228,38,0.318
228,39,0.442
228,40,0.44
228,41,0.384
228,42,0.382
228,43,0.476
228,44,0.339
228,45,0.354
228,46,0.247
228,47,0.31
228,48,0.211
229,1,0.089
229,2,0.058
229,3,0.05
229,4,0.061
229,5,0.04
229,6,0.071
229,7,0.029
229,8,0.08
229,9,0.029
229,10,0.078
229,11,0.029
229,12,0.083
229,13,0.028
229,14,0.175
229,15,0.376
229,16,0.155
229,17,0.109
229,18,0.083
229,19,1.099
229,20,0.369
229,21,0.253
229,22,0.407
229,23,0.166
229,24,0.363
229,25,0.27
229,26,0.065
229,27,0.199
229,28,0.178
229,29,0.352
229,30,0.166
229,31,0.217
229,32,0.143
229,33,0.148
229,34,0.366
229,35,0.368
229,36,1.632
229,37,0.299
229,38,0.4
229,39,0.312
229,40,0.263
229,41,0.569
229,42,0.299
229,43,0.483
229,44,0.488
229,45,0.348
229,46,0.267
229,47,0.092
229,48,0.074
230,1,0.027
230,2,0.075
230,3,0.027
230,4,0.103
230,5,0.028
230,6,0.072
230,7,0.028
230,8,0.082
230,9,0.028
230,10,0.08
230,11,0.027
230,12,0.155
230,13,0.068
230,14,0.072
230,15,0.024
230,16,0.07
230,17,0.027
230,18,0.063
230,19,0.039
230,20,0.048
230,21,0.188
230,22,0.399
230,23,0.197
230,24,0.175
230,25,0.212
230,26,0.168
230,27,0.219
230,28,0.393
230,29,0.2
230,30,0.182
230,31,0.194
230,32,0.379
230,33,0.187
230,34,0.189
230,35,0.189
230,36,1.627
230,37,0.841
230,38,0.208
230,39,0.7
230,40,0.639
230,41,0.188
230,42,0.467
230,43,0.359
230,44,0.381
230,45,0.381
230,46,0.294
230,47,0.304
230,48,0.253
231,1,0.273
231,2,0.1
231,3,0.056
231,4,0.062
231,5,0.049
231,6,0.062
231,7,0.051
231,8,0.057
231,9,0.054
231,10,0.051
231,11,0.057
231,12,0.15
231,13,0.096
231,14,0.125
231,15,0.166
231,16,0.109
231,17,0.161
231,18,0.037
231,19,0.168
231,20,0.608
231,21,0.317
231,22,0.176
231,23,0.255
231,24,0.03
231,25,0.069
231,26,0.028
231,27,0.064
231,28,0.033
231,29,0.066
231,30,0.298
231,31,0.193
231,32,0.21
231,33,0.194
231,34,0.684
231,35,1.448
231,36,1.154
231,37,0.284
231,38,0.472
231,39,0.301
231,40,0.386
231,41,0.489
231,42,0.428
231,43,0.522
231,44,0.432
231,45,0.329
231,46,0.285
231,47,0.25
231,48,0.214
232,1,0.058
232,2,0.053
232,3,0.072
232,4,0.031
232,5,0.078
232,6,0.029
232,7,0.078
232,8,0.029
232,9,0.081
232,10,0.029
232,11,0.085
232,12,0.119
232,13,0.129
232,14,0.022
232,15,0.076
232,16,0.021
232,17,0.071
232,18,0.03
232,19,0.172
232,20,0.31
232,21,0.184
232,22,0.201
232,23,0.334
232,24,0.214
232,25,0.171
232,26,0.201
232,27,0.578
232,28,0.192
232,29,0.09
232,30,0.069
232,31,0.18
232,32,0.206
232,33,0.205
232,34,0.28
232,35,0.531
232,36,0.914
232,37,2.498
232,38,1.463
232,39,1.002
232,40,0.296
232,41,1.228
232,42,0.41
232,43,0.517
232,44,0.348
232,45,0.364
232,46,0.34
232,47,0.361
232,48,0.396
233,1,0.195
233,2,0.08
233,3,0.028
233,4,0.085
233,5,0.028
233,6,0.076
233,7,0.028
233,8,0.076
233,9,0.028
233,10,0.087
233,11,0.028
233,12,0.224
233,13,0.114
233,14,0.227
233,15,0.172
233,16,0.217
233,17,0.165
233,18,0.142
233,19,0.351
233,20,0.267
233,21,0.238
233,22,0.491
233,23,1.026
233,24,0.257
233,25,0.321
233,26,0.225
233,27,0.346
233,28,0.165
233,29,0.359
233,30,0.218
233,31,0.213
233,32,0.17
233,33,0.204
233,34,0.436
233,35,0.858
233,36,0.683
233,37,0.569
233,38,0.298
233,39,0.276
233,40,0.298
233,41,0.269
233,42,0.324
233,43,0.337
233,44,0.352
233,45,0.354
233,46,0.293
233,47,0.228
233,48,0.255
234,1,0.093
234,2,0.133
234,3,0.039
234,4,0.07
234,5,0.043
234,6,0.053
234,7,0.064
234,8,0.028
234,9,0.082
234,10,0.028
234,11,0.086
234,12,0.028
234,13,0.096
234,14,0.187
234,15,0.239
234,16,0.174
234,17,0.574
234,18,0.055
234,19,0.592
234,20,0.19
234,21,0.405
234,22,0.177
234,23,0.222
234,24,0.197
234,25,0.19
234,26,0.216
234,27,0.181
234,28,0.235
234,29,0.484
234,30,0.63
234,31,0.164
234,32,0.047
234,33,0.076
234,34,0.05
234,35,0.156
234,36,0.376
234,37,0.324
234,38,0.297
234,39,1.05
234,40,0.883
234,41,0.526
234,42,0.413
234,43,0.358
234,44,0.402
234,45,0.348
234,46,0.243
234,47,0.274
234,48,0.254
235,1,0.144
235,2,0.067
235,3,0.071
235,4,0.043
235,5,0.064
235,6,0.049
235,7,0.068
235,8,0.045
235,9,0.059
235,10,0.057
235,11,0.045
235,12,0.067
235,13,0.031
235,14,0.174
235,15,0.122
235,16,0.17
235,17,0.115
235,18,0.087
235,19,0.496
235,20,0.231
235,21,0.2
235,22,0.152
235,23,0.038
235,24,0.071
235,25,0.028
235,26,0.201
235,27,0.047
235,28,0.056
235,29,0.051
235,30,0.054
235,31,0.047
235,32,0.061
235,33,0.076
235,34,0.208
235,35,0.279
235,36,0.388
235,37,1.642
235,38,0.311
235,39,0.544
235,40,0.301
235,41,0.261
235,42,0.336
235,43,0.444
235,44,0.424
235,45,0.348
235,46,0.24
235,47,0.278
235,48,0.232
236,1,0.207
236,2,0.074
236,3,0.084
236,4,0.029
236,5,0.075
236,6,0.029
236,7,0.081
236,8,0.031
236,9,0.071
236,10,0.035
236,11,0.068
236,12,0.164
236,13,0.104
236,14,0.136
236,15,0.144
236,16,0.144
236,17,0.545
236,18,0.294
236,19,0.182
236,20,0.123
236,21,0.032
236,22,0.067
236,23,0.021
236,24,0.074
236,25,0.021
236,26,0.073
236,27,0.021
236,28,0.067
236,29,0.124
236,30,0.288
236,31,0.182
236,32,0.188
236,33,0.198
236,34,0.175
236,35,0.49
236,36,1.686
236,37,0.408
236,38,0.437
236,39,0.294
236,40,0.274
236,41,0.59
236,42,0.308
236,43,0.48
236,44,0.358
236,45,0.383
236,46,0.233
236,47,0.217
236,48,0.028
237,1,0.078
237,2,0.028
237,3,0.071
237,4,0.045
237,5,0.048
237,6,0.06
237,7,0.031
237,8,0.078
237,9,0.037
237,10,0.141
237,11,0.047
237,12,0.188
237,13,1.041
237,14,0.667
237,15,0.356
237,16,0.218
237,17,0.134
237,18,0.049
237,19,0.563
237,20,0.394
237,21,0.16
237,22,0.123
237,23,0.082
237,24,0.166
237,25,0.069
237,26,0.349
237,27,0.826
237,28,0.281
237,29,0.194
237,30,0.504
237,31,0.433
237,32,0.199
237,33,0.314
237,34,0.738
237,35,0.81
237,36,2.172
237,37,0.28
237,38,0.327
237,39,0.551
237,40,0.441
237,41,0.739
237,42,0.529
237,43,0.387
237,44,0.357
237,45,0.324
237,46,0.278
237,47,0.249
237,48,0.254
238,1,0.068
238,2,0.063
238,3,0.043
238,4,0.074
238,5,0.029
238,6,0.088
238,7,0.029
238,8,0.087
238,9,0.029
238,10,0.073
238,11,0.032
238,12,0.191
238,13,0.061
238,14,0.143
238,15,0.164
238,16,0.111
238,17,0.163
238,18,0.068
238,19,0.396
238,20,0.168
238,21,0.519
238,22,0.166
238,23,0.226
238,24,0.167
238,25,0.216
238,26,0.165
238,27,0.386
238,28,0.17
238,29,0.205
238,30,0.178
238,31,0.202
238,32,0.182
238,33,0.192
238,34,0.19
238,35,1.624
238,36,0.988
238,37,0.438
238,38,0.283
238,39,0.572
238,40,0.374
238,41,0.33
238,42,0.314
238,43,0.434
238,44,0.387
238,45,0.427
238,46,0.303
238,47,0.21
238,48,0.028
239,1,0.081
239,2,0.028
239,3,0.079
239,4,0.029
239,5,0.08
239,6,0.029
239,7,0.081
239,8,0.029
239,9,0.078
239,10,0.041
239,11,0.048
239,12,0.122
239,13,0.101
239,14,0.143
239,15,0.133
239,16,0.15
239,17,0.109
239,18,0.093
239,19,0.438
239,20,1.08
239,21,0.262
239,22,0.297
239,23,0.38
239,24,0.177
239,25,0.212
239,26,0.271
239,27,0.131
239,28,0.027
239,29,0.08
239,30,0.054
239,31,0.096
239,32,0.349
239,33,0.157
239,34,1.076
239,35,0.626
239,36,1.477
239,37,2.24
239,38,1.421
239,39,0.879
239,40,0.454
239,41,0.32
239,42,0.32
239,43,0.343
239,44,0.369
239,45,0.412
239,46,0.433
239,47,0.249
239,48,0.256
240,1,0.142
240,2,0.056
240,3,0.047
240,4,0.066
240,5,0.029
240,6,0.088
240,7,0.029
240,8,0.092
240,9,0.029
240,10,0.072
240,11,0.047
240,12,0.037
240,13,0.081
240,14,0.474
240,15,0.183
240,16,0.109
240,17,0.171
240,18,0.03
240,19,0.074
240,20,0.284
240,21,0.35
240,22,0.185
240,23,0.178
240,24,0.206
240,25,0.115
240,26,0.318
240,27,0.101
240,28,0.07
240,29,0.172
240,30,0.112
240,31,0.295
240,32,0.089
240,33,0.734
240,34,0.31
240,35,0.408
240,36,1.541
240,37,0.798
240,38,0.51
240,39,0.262
240,40,0.31
240,41,0.286
240,42,0.389
240,43,0.336
240,44,0.377
240,45,0.315
240,46,0.293
240,47,0.254
240,48,0.29
388,1,0.346
388,2,0.29
388,3,0.269
388,4,0.159
388,5,0.029
388,6,0.088
388,7,0.033
388,8,0.03
388,9,0.093
388,10,0.029
388,11,0.029
388,12,0.085
388,13,0.047
388,14,0.153
388,15,0.155
388,16,0.169
388,17,0.137
388,18,0.543
388,19,0.075
388,20,0.03
388,21,0.089
388,22,0.381
388,23,0.401
388,24,0.433
388,25,0.182
388,26,0.181
388,27,0.252
388,28,0.175
388,29,0.397
388,30,0.237
388,31,0.036
388,32,0.477
388,33,1.639
388,34,0.362
388,35,0.52
388,36,0.515
388,37,0.978
388,38,2.616
388,39,0.628
388,40,0.567
388,41,0.678
388,42,2.526
388,43,1.584
388,44,1.372
388,45,0.628
388,46,0.484
388,47,0.465
388,48,0.385
389,1,0.415
389,2,0.441
389,3,0.404
389,4,0.432
389,5,0.447
389,6,0.18
389,7,0.047
389,8,0.088
389,9,0.03
389,10,0.03
389,11,0.075
389,12,0.057
389,13,0.031
389,14,0.158
389,15,0.213
389,16,0.128
389,17,0.135
389,18,0.065
389,19,0.447
389,20,0.181
389,21,0.438
389,22,0.2
389,23,1.341
389,24,0.314
389,25,0.408
389,26,0.526
389,27,0.456
389,28,0.297
389,29,0.126
389,30,0.089
389,31,0.03
389,32,0.03
389,33,0.093
389,34,0.031
389,35,0.142
389,36,0.185
389,37,0.122
389,38,0.126
389,39,0.169
389,40,0.151
389,41,0.128
389,42,0.159
389,43,0.155
389,44,0.126
389,45,0.148
389,46,0.153
389,47,0.483
389,48,0.471
390,1,0.51
390,2,0.418
390,3,0.139
390,4,0.097
390,5,0.036
390,6,0.03
390,7,0.045
390,8,0.095
390,9,0.03
390,10,0.03
390,11,0.03
390,12,0.103
390,13,0.053
390,14,0.158
390,15,0.131
390,16,0.158
390,17,0.18
390,18,0.06
390,19,0.415
390,20,0.186
390,21,0.469
390,22,0.35
390,23,0.175
390,24,0.232
390,25,0.174
390,26,0.174
390,27,0.174
390,28,0.388
390,29,0.197
390,30,0.175
390,31,0.178
390,32,0.324
390,33,0.617
390,34,0.355
390,35,1.254
390,36,1.972
390,37,0.609
390,38,0.487
390,39,0.542
390,40,0.836
390,41,0.938
390,42,0.552
390,43,0.611
390,44,0.511
390,45,0.546
390,46,0.388
390,47,0.413
390,48,0.449
391,1,0.389
391,2,0.164
391,3,0.089
391,4,0.039
391,5,0.03
391,6,0.047
391,7,0.086
391,8,0.03
391,9,0.03
391,10,0.061
391,11,0.052
391,12,0.033
391,13,0.03
391,14,0.182
391,15,0.729
391,16,0.246
391,17,0.126
391,18,0.077
391,19,0.416
391,20,0.396
391,21,0.233
391,22,0.171
391,23,0.167
391,24,0.173
391,25,0.228
391,26,0.863
391,27,0.917
391,28,0.318
391,29,0.327
391,30,0.264
391,31,0.172
391,32,0.446
391,33,0.266
391,34,0.617
391,35,1.614
391,36,2.661
391,37,0.647
391,38,0.548
391,39,0.864
391,40,0.46
391,41,0.922
391,42,0.457
391,43,0.643
391,44,0.504
391,45,0.443
391,46,0.398
391,47,0.324
391,48,0.31
392,1,0.121
392,2,0.03
392,3,0.056
392,4,0.077
392,5,0.077
392,6,0.063
392,7,0.058
392,8,0.03
392,9,0.055
392,10,0.073
392,11,0.03
392,12,0.14
392,13,0.102
392,14,0.159
392,15,0.144
392,16,0.242
392,17,0.194
392,18,0.284
392,19,0.204
392,20,0.183
392,21,0.354
392,22,0.212
392,23,1.783
392,24,0.323
392,25,0.31
392,26,0.314
392,27,0.198
392,28,1.01
392,29,1.01
392,30,0.293
392,31,0.475
392,32,0.295
392,33,0.34
392,34,1.032
392,35,1.917
392,36,1.673
392,37,1.033
392,38,0.727
392,39,0.535
392,40,0.574
392,41,0.45
392,42,0.588
392,43,0.49
392,44,0.493
392,45,0.514
392,46,0.449
392,47,0.385
392,48,0.451
393,1,0.444
393,2,0.213
393,3,0.101
393,4,0.081
393,5,0.056
393,6,0.096
393,7,0.078
393,8,0.054
393,9,0.08
393,10,0.094
393,11,0.056
393,12,0.057
393,13,0.119
393,14,0.18
393,15,0.687
393,16,0.222
393,17,0.122
393,18,0.051
393,19,0.271
393,20,0.343
393,21,0.168
393,22,0.21
393,23,0.197
393,24,0.171
393,25,0.192
393,26,0.202
393,27,0.44
393,28,0.176
393,29,0.225
393,30,0.409
393,31,0.266
393,32,0.318
393,33,0.28
393,34,1.437
393,35,0.943
393,36,2.538
393,37,1.882
393,38,1.721
393,39,0.666
393,40,0.778
393,41,0.437
393,42,0.426
393,43,0.435
393,44,0.436
393,45,0.411
393,46,0.367
393,47,0.305
393,48,0.357
394,1,0.249
394,2,0.041
394,3,0.08
394,4,0.039
394,5,0.03
394,6,0.095
394,7,0.09
394,8,0.03
394,9,0.069
394,10,0.067
394,11,0.04
394,12,0.127
394,13,0.19
394,14,0.891
394,15,0.498
394,16,0.223
394,17,0.123
394,18,0.022
394,19,0.08
394,20,0.022
394,21,0.022
394,22,0.083
394,23,0.021
394,24,0.893
394,25,1.121
394,26,0.213
394,27,0.329
394,28,0.474
394,29,0.192
394,30,0.167
394,31,0.167
394,32,0.315
394,33,0.463
394,34,0.502
394,35,1.52
394,36,0.518
394,37,0.608
394,38,0.604
394,39,0.637
394,40,0.475
394,41,0.512
394,42,0.483
394,43,0.523
394,44,0.548
394,45,0.42
394,46,0.608
394,47,0.468
394,48,0.406
395,1,0.344
395,2,0.144
395,3,0.051
395,4,0.069
395,5,0.124
395,6,0.034
395,7,0.029
395,8,0.068
395,9,0.074
395,10,0.029
395,11,0.029
395,12,0.438
395,13,0.122
395,14,0.193
395,15,0.184
395,16,0.302
395,17,0.23
395,18,0.029
395,19,0.029
395,20,0.098
395,21,0.03
395,22,0.039
395,23,0.328
395,24,0.48
395,25,0.272
395,26,0.272
395,27,0.324
395,28,0.35
395,29,0.09
395,30,0.06
395,31,0.131
395,32,0.171
395,33,0.264
395,34,0.312
395,35,1.84
395,36,0.437
395,37,0.417
395,38,0.665
395,39,0.514
395,40,0.467
395,41,0.502
395,42,1.45
395,43,0.897
395,44,0.605
395,45,0.624
395,46,0.483
395,47,0.395
395,48,0.311
396,1,0.091
396,2,0.029
396,3,0.085
396,4,0.035
396,5,0.029
396,6,0.029
396,7,0.095
396,8,0.038
396,9,0.03
396,10,0.029
396,11,0.066
396,12,0.071
396,13,0.03
396,14,0.16
396,15,0.169
396,16,0.229
396,17,0.224
396,18,0.534
396,19,0.087
396,20,0.139
396,21,0.432
396,22,0.17
396,23,1.111
396,24,0.096
396,25,0.106
396,26,0.163
396,27,0.357
396,28,0.082
396,29,0.03
396,30,0.152
396,31,0.137
396,32,0.194
396,33,0.202
396,34,0.278
396,35,0.267
396,36,0.521
396,37,3.169
396,38,0.86
396,39,0.75
396,40,0.521
396,41,0.469
396,42,0.508
396,43,0.51
396,44,0.438
396,45,0.422
396,46,0.363
396,47,0.356
396,48,0.322
397,1,0.359
397,2,0.216
397,3,0.102
397,4,0.042
397,5,0.068
397,6,0.052
397,7,0.029
397,8,0.029
397,9,0.056
397,10,0.078
397,11,0.03
397,12,0.134
397,13,0.082
397,14,0.207
397,15,0.137
397,16,0.192
397,17,0.191
397,18,0.159
397,19,0.291
397,20,0.204
397,21,0.517
397,22,0.235
397,23,0.175
397,24,0.168
397,25,0.168
397,26,0.199
397,27,0.429
397,28,0.167
397,29,0.168
397,30,0.15
397,31,0.09
397,32,0.032
397,33,0.265
397,34,0.198
397,35,0.644
397,36,2.043
397,37,0.663
397,38,0.74
397,39,0.704
397,40,0.63
397,41,0.653
397,42,0.46
397,43,0.584
397,44,0.439
397,45,0.433
397,46,0.376
397,47,0.354
397,48,0.341
398,1,0.287
398,2,0.14
398,3,0.066
398,4,0.034
398,5,0.032
398,6,0.104
398,7,0.036
398,8,0.054
398,9,0.054
398,10,0.056
398,11,0.079
398,12,0.14
398,13,0.112
398,14,0.184
398,15,0.234
398,16,0.189
398,17,0.198
398,18,0.183
398,19,0.414
398,20,0.406
398,21,0.352
398,22,0.324
398,23,0.2
398,24,0.272
398,25,0.175
398,26,0.119
398,27,0.321
398,28,0.227
398,29,0.167
398,30,0.167
398,31,0.222
398,32,0.224
398,33,0.417
398,34,0.243
398,35,1.032
398,36,1.165
398,37,0.442
398,38,0.569
398,39,0.458
398,40,0.721
398,41,0.485
398,42,0.448
398,43,0.503
398,44,0.441
398,45,0.484
398,46,0.377
398,47,0.344
398,48,0.404
399,1,0.249
399,2,0.05
399,3,0.1
399,4,0.029
399,5,0.03
399,6,0.091
399,7,0.03
399,8,0.03
399,9,0.08
399,10,0.097
399,11,0.057
399,12,0.029
399,13,0.029
399,14,0.174
399,15,0.184
399,16,0.123
399,17,0.517
399,18,0.127
399,19,0.468
399,20,0.151
399,21,0.296
399,22,0.451
399,23,0.513
399,24,0.263
399,25,0.243
399,26,0.282
399,27,0.394
399,28,0.274
399,29,0.325
399,30,0.265
399,31,0.176
399,32,0.169
399,33,0.171
399,34,0.577
399,35,1.5
399,36,1.586
399,37,0.7
399,38,0.511
399,39,0.937
399,40,0.535
399,41,0.496
399,42,0.504
399,43,0.453
399,44,0.589
399,45,0.504
399,46,0.389
399,47,0.321
399,48,0.139
400,1,0.084
400,2,0.048
400,3,0.03
400,4,0.088
400,5,0.03
400,6,0.033
400,7,0.093
400,8,0.03
400,9,0.03
400,10,0.083
400,11,0.052
400,12,0.184
400,13,0.494
400,14,0.751
400,15,0.482
400,16,0.537
400,17,0.38
400,18,0.279
400,19,0.171
400,20,0.022
400,21,0.022
400,22,0.082
400,23,0.283
400,24,0.173
400,25,0.908
400,26,0.867
400,27,0.245
400,28,0.292
400,29,0.364
400,30,0.287
400,31,0.282
400,32,0.305
400,33,1.308
400,34,1.159
400,35,1.317
400,36,2.843
400,37,1.85
400,38,0.645
400,39,0.495
400,40,0.955
400,41,0.429
400,42,0.44
400,43,0.411
400,44,0.422
400,45,0.425
400,46,0.302
400,47,0.348
400,48,0.316
401,1,0.108
401,2,0.126
401,3,0.03
401,4,0.04
401,5,0.087
401,6,0.03
401,7,0.033
401,8,0.089
401,9,0.043
401,10,0.03
401,11,0.094
401,12,0.029
401,13,0.041
401,14,0.068
401,15,0.598
401,16,0.118
401,17,0.066
401,18,0.07
401,19,0.386
401,20,0.279
401,21,0.131
401,22,0.022
401,23,0.022
401,24,0.051
401,25,0.062
401,26,0.022
401,27,0.022
401,28,0.05
401,29,0.061
401,30,0.022
401,31,0.022
401,32,0.049
401,33,0.063
401,34,0.293
401,35,0.272
401,36,1.049
401,37,1.582
401,38,0.549
401,39,0.694
401,40,0.501
401,41,0.448
401,42,0.463
401,43,0.692
401,44,0.619
401,45,0.686
401,46,0.613
401,47,0.504
401,48,0.344
402,1,0.147
402,2,0.029
402,3,0.035
402,4,0.096
402,5,0.029
402,6,0.035
402,7,0.089
402,8,0.042
402,9,0.03
402,10,0.062
402,11,0.068
402,12,0.089
402,13,0.065
402,14,0.206
402,15,0.535
402,16,0.585
402,17,0.352
402,18,0.079
402,19,0.312
402,20,0.302
402,21,0.233
402,22,1.267
402,23,0.091
402,24,0.64
402,25,0.575
402,26,1.152
402,27,0.26
402,28,0.343
402,29,0.175
402,30,0.199
402,31,0.248
402,32,0.186
402,33,0.253
402,34,0.359
402,35,0.543
402,36,1.638
402,37,0.696
402,38,0.694
402,39,0.696
402,40,0.618
402,41,0.659
402,42,0.682
402,43,0.683
402,44,0.497
402,45,0.52
402,46,0.366
402,47,0.385
402,48,0.404
403,1,0.203
403,2,0.069
403,3,0.075
403,4,0.031
403,5,0.053
403,6,0.075
403,7,0.031
403,8,0.048
403,9,0.079
403,10,0.036
403,11,0.031
403,12,0.096
403,13,0.04
403,14,0.166
403,15,0.165
403,16,0.167
403,17,0.19
403,18,0.192
403,19,0.137
403,20,0.516
403,21,0.132
403,22,0.438
403,23,0.203
403,24,0.175
403,25,0.709
403,26,0.272
403,27,0.03
403,28,0.03
403,29,0.081
403,30,0.041
403,31,0.287
403,32,0.283
403,33,0.316
403,34,0.272
403,35,0.431
403,36,0.506
403,37,0.472
403,38,0.494
403,39,0.632
403,40,0.573
403,41,0.506
403,42,0.557
403,43,0.502
403,44,0.498
403,45,0.819
403,46,0.473
403,47,0.538
403,48,0.441
404,1,0.413
404,2,0.333
404,3,0.161
404,4,0.068
404,5,0.086
404,6,0.031
404,7,0.031
404,8,0.095
404,9,0.051
404,10,0.031
404,11,0.034
404,12,0.105
404,13,0.058
404,14,0.156
404,15,0.134
404,16,0.223
404,17,0.204
404,18,0.085
404,19,0.456
404,20,0.44
404,21,0.291
404,22,0.466
404,23,0.262
404,24,0.455
404,25,0.268
404,26,0.301
404,27,0.207
404,28,0.123
404,29,0.03
404,30,0.497
404,31,0.221
404,32,0.279
404,33,0.422
404,34,0.329
404,35,0.752
404,36,2.005
404,37,0.69
404,38,0.617
404,39,0.601
404,40,0.908
404,41,0.632
404,42,0.492
404,43,0.558
404,44,0.515
404,45,0.478
404,46,0.399
404,47,0.416
404,48,0.315
405,1,0.123
405,2,0.11
405,3,0.032
405,4,0.028
405,5,0.043
405,6,0.084
405,7,0.029
405,8,0.029
405,9,0.039
405,10,0.091
405,11,0.039
405,12,0.154
405,13,0.078
405,14,0.208
405,15,0.15
405,16,0.183
405,17,0.187
405,18,0.142
405,19,0.087
405,20,0.086
405,21,0.277
405,22,0.234
405,23,0.418
405,24,0.283
405,25,0.306
405,26,0.293
405,27,0.28
405,28,0.417
405,29,0.315
405,30,0.277
405,31,0.136
405,32,0.32
405,33,0.47
405,34,0.318
405,35,0.707
405,36,2.498
405,37,1.134
405,38,0.66
405,39,0.984
405,40,0.651
405,41,0.431
405,42,0.415
405,43,0.401
405,44,0.449
405,45,0.428
405,46,0.353
405,47,0.327
405,48,0.298
406,1,0.354
406,2,0.21
406,3,0.062
406,4,0.101
406,5,0.041
406,6,0.03
406,7,0.075
406,8,0.056
406,9,0.03
406,10,0.036
406,11,0.098
406,12,0.03
406,13,0.03
406,14,0.173
406,15,0.768
406,16,0.2
406,17,0.121
406,18,0.083
406,19,0.134
406,20,0.424
406,21,0.204
406,22,0.038
406,23,0.039
406,24,0.203
406,25,0.186
406,26,0.17
406,27,0.26
406,28,0.202
406,29,0.131
406,30,0.11
406,31,0.171
406,32,0.198
406,33,0.216
406,34,0.526
406,35,2.138
406,36,1.884
406,37,0.869
406,38,0.624
406,39,0.738
406,40,0.754
406,41,0.527
406,42,0.593
406,43,0.464
406,44,0.537
406,45,0.668
406,46,0.408
406,47,0.379
406,48,0.376
407,1,0.358
407,2,0.074
407,3,0.03
407,4,0.087
407,5,0.057
407,6,0.031
407,7,0.1
407,8,0.14
407,9,0.07
407,10,0.069
407,11,0.068
407,12,0.238
407,13,0.138
407,14,1.13
407,15,1.059
407,16,0.251
407,17,0.244
407,18,0.025
407,19,0.024
407,20,0.089
407,21,0.023
407,22,0.247
407,23,0.17
407,24,0.244
407,25,0.169
407,26,0.168
407,27,0.217
407,28,0.385
407,29,0.198
407,30,0.168
407,31,0.276
407,32,0.382
407,33,0.421
407,34,1.629
407,35,0.576
407,36,2.494
407,37,1.747
407,38,1.285
407,39,0.656
407,40,0.942
407,41,0.483
407,42,0.475
407,43,0.443
407,44,0.405
407,45,0.537
407,46,0.359
407,47,0.364
407,48,0.318
408,1,0.303
408,2,0.208
408,3,0.14
408,4,0.088
408,5,0.03
408,6,0.03
408,7,0.059
408,8,0.063
408,9,0.029
408,10,0.029
408,11,0.057
408,12,0.076
408,13,0.038
408,14,0.575
408,15,0.409
408,16,1.395
408,17,0.189
408,18,0.118
408,19,0.141
408,20,0.498
408,21,0.185
408,22,0.231
408,23,0.046
408,24,0.023
408,25,0.178
408,26,0.09
408,27,0.17
408,28,0.302
408,29,0.168
408,30,0.302
408,31,0.28
408,32,0.266
408,33,0.664
408,34,0.312
408,35,2.285
408,36,1.011
408,37,0.597
408,38,0.423
408,39,0.634
408,40,0.485
408,41,0.438
408,42,0.446
408,43,0.499
408,44,0.431
408,45,0.508
408,46,0.455
408,47,0.413
408,48,0.442
409,1,0.352
409,2,0.304
409,3,0.122
409,4,0.054
409,5,0.031
409,6,0.063
409,7,0.074
409,8,0.042
409,9,0.03
409,10,0.098
409,11,0.031
409,12,0.034
409,13,0.108
409,14,0.203
409,15,0.133
409,16,0.129
409,17,0.637
409,18,0.094
409,19,0.031
409,20,0.264
409,21,0.078
409,22,0.031
409,23,0.031
409,24,0.394
409,25,0.234
409,26,0.199
409,27,0.236
409,28,0.48
409,29,0.277
409,30,0.298
409,31,0.323
409,32,0.267
409,33,0.276
409,34,0.336
409,35,0.356
409,36,1.915
409,37,0.502
409,38,0.454
409,39,0.514
409,40,1.819
409,41,1.318
409,42,0.674
409,43,0.697
409,44,0.562
409,45,0.571
409,46,0.469
409,47,0.47
409,48,0.493
410,1,0.33
410,2,0.138
410,3,0.108
410,4,0.049
410,5,0.029
410,6,0.252
410,7,0.125
410,8,0.029
410,9,0.029
410,10,0.06
410,11,0.069
410,12,0.029
410,13,0.031
410,14,0.173
410,15,0.182
410,16,0.389
410,17,0.167
410,18,0.079
410,19,0.365
410,20,0.029
410,21,0.043
410,22,0.085
410,23,0.178
410,24,1.387
410,25,0.319
410,26,0.179
410,27,0.173
410,28,0.455
410,29,0.32
410,30,0.471
410,31,0.33
410,32,0.332
410,33,0.793
410,34,1.282
410,35,1.326
410,36,1.499
410,37,1.021
410,38,0.657
410,39,0.718
410,40,0.626
410,41,0.435
410,42,0.531
410,43,0.674
410,44,0.602
410,45,0.487
410,46,0.348
410,47,0.345
410,48,0.397
411,1,0.196
411,2,0.06
411,3,0.069
411,4,0.03
411,5,0.05
411,6,0.072
411,7,0.03
411,8,0.03
411,9,0.082
411,10,0.029
411,11,0.029
411,12,0.197
411,13,0.057
411,14,0.151
411,15,0.156
411,16,0.155
411,17,0.12
411,18,0.026
411,19,0.082
411,20,0.023
411,21,0.462
411,22,0.237
411,23,0.279
411,24,0.573
411,25,1.068
411,26,0.266
411,27,0.277
411,28,0.194
411,29,0.371
411,30,0.166
411,31,0.116
411,32,0.202
411,33,0.277
411,34,0.563
411,35,0.528
411,36,1.904
411,37,0.412
411,38,0.624
411,39,0.403
411,40,0.411
411,41,0.962
411,42,0.442
411,43,0.473
411,44,0.425
411,45,0.561
411,46,0.458
411,47,0.314
411,48,0.3
412,1,0.172
412,2,0.049
412,3,0.03
412,4,0.077
412,5,0.045
412,6,0.03
412,7,0.052
412,8,0.074
412,9,0.03
412,10,0.029
412,11,0.076
412,12,0.051
412,13,0.033
412,14,0.154
412,15,0.543
412,16,0.209
412,17,0.184
412,18,0.055
412,19,0.327
412,20,0.142
412,21,0.313
412,22,0.354
412,23,0.224
412,24,0.957
412,25,0.222
412,26,0.185
412,27,0.311
412,28,0.356
412,29,0.175
412,30,0.12
412,31,0.099
412,32,0.034
412,33,0.03
412,34,0.465
412,35,1.44
412,36,1.991
412,37,0.683
412,38,0.517
412,39,0.672
412,40,0.427
412,41,0.449
412,42,0.388
412,43,0.388
412,44,0.432
412,45,0.42
412,46,0.299
412,47,0.357
412,48,0.342
413,1,0.308
413,2,0.372
413,3,0.314
413,4,0.219
413,5,0.07
413,6,0.066
413,7,0.029
413,8,0.073
413,9,0.078
413,10,0.048
413,11,0.029
413,12,0.133
413,13,0.156
413,14,0.169
413,15,0.123
413,16,0.119
413,17,0.178
413,18,0.195
413,19,0.338
413,20,0.183
413,21,0.217
413,22,0.167
413,23,0.287
413,24,0.209
413,25,0.055
413,26,0.081
413,27,0.171
413,28,0.101
413,29,0.035
413,30,0.022
413,31,0.023
413,32,0.067
413,33,0.053
413,34,0.692
413,35,1.8
413,36,1.353
413,37,0.485
413,38,0.629
413,39,0.707
413,40,0.446
413,41,0.578
413,42,0.531
413,43,0.455
413,44,0.57
413,45,0.493
413,46,0.354
413,47,0.366
413,48,0.401
414,1,0.219
414,2,0.072
414,3,0.07
414,4,0.029
414,5,0.029
414,6,0.092
414,7,0.033
414,8,0.029
414,9,0.029
414,10,0.104
414,11,0.036
414,12,0.15
414,13,0.139
414,14,0.221
414,15,0.126
414,16,0.121
414,17,0.135
414,18,0.078
414,19,0.024
414,20,0.099
414,21,0.476
414,22,0.208
414,23,0.169
414,24,0.201
414,25,0.191
414,26,0.386
414,27,0.168
414,28,0.17
414,29,0.167
414,30,0.384
414,31,0.175
414,32,0.168
414,33,0.706
414,34,1.284
414,35,0.922
414,36,2.283
414,37,1.859
414,38,1.404
414,39,1.117
414,40,0.811
414,41,0.544
414,42,0.468
414,43,0.427
414,44,0.406
414,45,0.669
414,46,0.413
414,47,0.345
414,48,0.433
415,1,0.323
415,2,0.09
415,3,0.03
415,4,0.091
415,5,0.029
415,6,0.031
415,7,0.046
415,8,0.078
415,9,0.029
415,10,0.029
415,11,0.039
415,12,0.088
415,13,0.031
415,14,0.157
415,15,0.703
415,16,0.333
415,17,0.248
415,18,0.045
415,19,0.072
415,20,1.459
415,21,0.199
415,22,0.338
415,23,0.518
415,24,0.121
415,25,0.121
415,26,0.183
415,27,0.27
415,28,0.173
415,29,0.221
415,30,0.123
415,31,0.022
415,32,0.037
415,33,0.075
415,34,0.023
415,35,0.355
415,36,0.383
415,37,0.637
415,38,0.977
415,39,1.501
415,40,0.723
415,41,0.592
415,42,0.497
415,43,0.451
415,44,0.51
415,45,0.507
415,46,0.356
415,47,0.376
415,48,0.426
