213,1,0.363
213,2,0.289
213,3,0.273
213,4,0.178
213,5,0.131
213,6,0.132
213,7,0.188
213,8,0.132
213,9,0.132
213,10,0.186
213,11,0.132
213,12,0.133
213,13,0.184
213,14,0.134
213,15,0.132
213,16,0.174
213,17,0.458
213,18,0.131
213,19,0.213
213,20,0.172
213,21,0.171
213,22,0.646
213,23,0.347
213,24,0.432
213,25,0.367
213,26,0.709
213,27,0.398
213,28,0.326
213,29,0.361
213,30,0.321
213,31,0.158
213,32,0.289
213,33,0.365
213,34,0.286
213,35,0.341
213,36,0.575
213,37,0.336
213,38,0.368
213,39,0.327
213,40,0.32
213,41,0.314
213,42,0.406
213,43,0.457
213,44,0.32
213,45,0.355
213,46,0.408
213,47,0.317
213,48,0.57
214,1,0.244
214,2,0.151
214,3,0.458
214,4,0.148
214,5,0.132
214,6,0.413
214,7,0.142
214,8,0.132
214,9,0.457
214,10,0.139
214,11,0.132
214,12,0.392
214,13,0.14
214,14,0.689
214,15,0.443
214,16,0.431
214,17,0.132
214,18,0.411
214,19,0.516
214,20,1.171
214,21,0.512
214,22,1.124
214,23,0.491
214,24,1.431
214,25,0.934
214,26,0.328
214,27,0.395
214,28,0.389
214,29,0.947
214,30,0.343
214,31,1.556
214,32,0.865
214,33,0.447
214,34,0.894
214,35,0.85
214,36,0.605
214,37,1.831
214,38,0.358
214,39,0.534
214,40,0.535
214,41,0.36
214,42,0.625
214,43,0.572
214,44,0.612
214,45,0.75
214,46,0.661
214,47,0.691
214,48,0.741
215,1,0.704
215,2,0.732
215,3,0.657
215,4,0.495
215,5,0.532
215,6,0.533
215,7,0.544
215,8,0.622
215,9,0.604
215,10,0.604
215,11,0.603
215,12,0.562
215,13,0.705
215,14,0.557
215,15,0.593
215,16,0.266
215,17,0.722
215,18,0.564
215,19,0.252
215,20,0.208
215,21,0.406
215,22,0.169
215,23,0.168
215,24,0.853
215,25,0.172
215,26,0.519
215,27,0.295
215,28,0.685
215,29,1.511
215,30,0.49
215,31,0.722
215,32,0.376
215,33,0.433
215,34,1.247
215,35,0.746
215,36,0.308
215,37,0.747
215,38,0.414
215,39,0.634
215,40,0.323
215,41,0.847
215,42,2.313
215,43,0.783
215,44,1.029
215,45,0.878
215,46,0.42
215,47,0.919
215,48,0.525
216,1,1.028
216,2,0.513
216,3,0.254
216,4,0.486
216,5,0.156
216,6,0.133
216,7,0.366
216,8,0.133
216,9,0.366
216,10,0.147
216,11,0.443
216,12,0.195
216,13,0.377
216,14,0.85
216,15,0.234
216,16,0.503
216,17,0.207
216,18,0.453
216,19,0.194
216,20,0.193
216,21,0.401
216,22,0.133
216,23,0.392
216,24,0.358
216,25,0.135
216,26,0.365
216,27,0.132
216,28,0.409
216,29,0.201
216,30,0.198
216,31,0.568
216,32,0.195
216,33,0.359
216,34,0.272
216,35,0.531
216,36,0.605
216,37,0.625
216,38,0.302
216,39,0.588
216,40,0.351
216,41,0.354
216,42,2.315
216,43,1.57
216,44,0.563
216,45,0.627
216,46,0.508
216,47,0.428
216,48,0.555
217,1,0.33
217,2,0.193
217,3,0.14
217,4,0.134
217,5,0.132
217,6,0.133
217,7,0.133
217,8,0.132
217,9,0.133
217,10,0.16
217,11,0.174
217,12,0.199
217,13,0.194
217,14,0.499
217,15,0.228
217,16,0.232
217,17,0.193
217,18,0.181
217,19,0.148
217,20,0.422
217,21,0.133
217,22,0.357
217,23,0.178
217,24,0.552
217,25,0.198
217,26,0.196
217,27,0.462
217,28,0.793
217,29,0.2
217,30,0.647
217,31,0.262
217,32,0.536
217,33,0.8
217,34,0.801
217,35,1.072
217,36,0.734
217,37,1.234
217,38,0.476
217,39,0.409
217,40,0.693
217,41,2.685
217,42,0.454
217,43,0.597
217,44,0.356
217,45,0.281
217,46,0.474
217,47,0.201
217,48,0.164
218,1,0.182
218,2,0.371
218,3,0.197
218,4,0.196
218,5,0.228
218,6,0.317
218,7,0.137
218,8,0.136
218,9,0.136
218,10,0.416
218,11,0.135
218,12,0.169
218,13,0.2
218,14,0.584
218,15,0.424
218,16,0.166
218,17,0.132
218,18,0.148
218,19,0.174
218,20,0.336
218,21,0.171
218,22,0.203
218,23,0.675
218,24,0.424
218,25,0.717
218,26,1.28
218,27,0.38
218,28,0.43
218,29,0.198
218,30,0.461
218,31,0.175
218,32,0.202
218,33,0.418
218,34,0.594
218,35,0.249
218,36,0.548
218,37,0.716
218,38,0.371
218,39,0.47
218,40,0.443
218,41,0.549
218,42,0.394
218,43,0.372
218,44,0.754
218,45,1.364
218,46,0.679
218,47,0.242
218,48,0.607
219,1,0.168
219,2,0.424
219,3,0.139
219,4,0.446
219,5,0.141
219,6,0.404
219,7,0.198
219,8,0.203
219,9,0.429
219,10,0.153
219,11,0.452
219,12,0.138
219,13,0.493
219,14,1.318
219,15,0.358
219,16,0.51
219,17,0.199
219,18,0.419
219,19,0.166
219,20,0.339
219,21,0.138
219,22,0.336
219,23,0.683
219,24,0.206
219,25,0.394
219,26,0.338
219,27,0.467
219,28,0.303
219,29,0.515
219,30,0.216
219,31,0.225
219,32,0.376
219,33,0.154
219,34,0.474
219,35,0.201
219,36,0.395
219,37,0.419
219,38,0.708
219,39,1.215
219,40,0.376
219,41,0.857
219,42,1.197
219,43,0.488
219,44,0.763
219,45,0.503
219,46,0.699
219,47,0.4
219,48,0.33
220,1,0.47
220,2,0.252
220,3,0.368
220,4,0.134
220,5,0.325
220,6,0.172
220,7,0.38
220,8,0.196
220,9,0.334
220,10,0.134
220,11,0.289
220,12,0.133
220,13,0.309
220,14,0.133
220,15,0.405
220,16,0.7
220,17,0.496
220,18,0.414
220,19,0.288
220,20,0.523
220,21,0.312
220,22,0.609
220,23,0.351
220,24,0.438
220,25,0.437
220,26,0.906
220,27,0.567
220,28,1.591
220,29,0.846
220,30,0.829
220,31,0.655
220,32,1.135
220,33,0.443
220,34,0.71
220,35,0.471
220,36,0.848
220,37,0.526
220,38,0.502
220,39,0.749
220,40,0.484
220,41,0.686
220,42,0.492
220,43,0.517
220,44,0.573
220,45,0.484
220,46,0.397
220,47,0.356
220,48,0.273
221,1,0.202
221,2,0.138
221,3,0.138
221,4,0.138
221,5,0.138
221,6,0.14
221,7,0.138
221,8,0.187
221,9,0.203
221,10,0.199
221,11,0.199
221,12,0.197
221,13,0.294
221,14,0.137
221,15,0.291
221,16,0.552
221,17,0.256
221,18,0.338
221,19,0.186
221,20,0.802
221,21,0.409
221,22,0.279
221,23,1.049
221,24,0.711
221,25,0.752
221,26,0.8
221,27,0.367
221,28,0.762
221,29,0.133
221,30,0.478
221,31,0.382
221,32,0.952
221,33,0.41
221,34,0.512
221,35,0.547
221,36,0.412
221,37,0.574
221,38,0.634
221,39,0.686
221,40,0.372
221,41,0.488
221,42,0.46
221,43,0.831
221,44,1.209
221,45,0.53
221,46,2.505
221,47,0.861
221,48,0.362
222,1,0.696
222,2,0.292
222,3,0.525
222,4,0.134
222,5,0.39
222,6,0.133
222,7,0.428
222,8,0.198
222,9,0.442
222,10,0.193
222,11,0.481
222,12,0.133
222,13,0.132
222,14,0.364
222,15,0.142
222,16,0.336
222,17,0.297
222,18,0.415
222,19,0.195
222,20,1.253
222,21,0.779
222,22,0.281
222,23,0.163
222,24,1.526
222,25,0.301
222,26,0.709
222,27,0.132
222,28,0.402
222,29,0.133
222,30,0.439
222,31,0.194
222,32,0.194
222,33,0.506
222,34,0.466
222,35,0.174
222,36,0.268
222,37,0.636
222,38,0.898
222,39,0.252
222,40,0.564
222,41,1.279
222,42,0.823
222,43,0.312
222,44,0.653
222,45,0.558
222,46,0.487
222,47,0.269
222,48,0.46
223,1,0.156
223,2,0.386
223,3,0.134
223,4,0.376
223,5,0.135
223,6,0.38
223,7,0.199
223,8,0.548
223,9,0.184
223,10,0.133
223,11,0.344
223,12,0.133
223,13,0.378
223,14,0.17
223,15,0.135
223,16,0.616
223,17,0.836
223,18,0.882
223,19,0.917
223,20,0.59
223,21,0.133
223,22,0.783
223,23,0.207
223,24,0.715
223,25,0.228
223,26,0.735
223,27,0.193
223,28,0.457
223,29,0.132
223,30,0.329
223,31,0.238
223,32,0.133
223,33,0.38
223,34,0.133
223,35,0.27
223,36,1.011
223,37,0.327
223,38,0.69
223,39,0.844
223,40,0.35
223,41,1.01
223,42,0.442
223,43,0.44
223,44,0.384
223,45,0.492
223,46,0.397
223,47,0.371
223,48,0.358
224,1,0.221
224,2,0.136
224,3,0.137
224,4,0.138
224,5,0.137
224,6,0.138
224,7,0.138
224,8,0.17
224,9,0.203
224,10,0.198
224,11,0.225
224,12,0.19
224,13,0.136
224,14,0.337
224,15,0.134
224,16,0.513
224,17,0.396
224,18,0.657
224,19,1.132
224,20,0.644
224,21,0.796
224,22,1.19
224,23,0.547
224,24,0.314
224,25,0.377
224,26,0.444
224,27,0.329
224,28,0.207
224,29,0.2
224,30,0.188
224,31,0.14
224,32,0.331
224,33,0.14
224,34,0.139
224,35,0.14
224,36,0.139
224,37,0.587
224,38,0.918
224,39,0.385
224,40,0.708
224,41,0.583
224,42,0.471
224,43,0.433
224,44,0.344
224,45,0.31
224,46,0.299
224,47,0.315
224,48,0.278
225,1,0.232
225,2,0.198
225,3,0.159
225,4,0.137
225,5,0.136
225,6,0.137
225,7,0.137
225,8,0.137
225,9,0.181
225,10,0.202
225,11,0.232
225,12,0.197
225,13,0.139
225,14,0.136
225,15,0.134
225,16,1.149
225,17,2.062
225,18,1.459
225,19,0.381
225,20,0.378
225,21,0.565
225,22,0.187
225,23,0.493
225,24,0.403
225,25,0.56
225,26,0.403
225,27,0.618
225,28,0.385
225,29,0.38
225,30,0.674
225,31,0.372
225,32,0.368
225,33,0.691
225,34,0.423
225,35,0.613
225,36,0.892
225,37,0.72
225,38,0.969
225,39,0.437
225,40,1.471
225,41,0.592
225,42,0.639
225,43,0.616
225,44,0.518
225,45,0.483
225,46,0.426
225,47,0.329
225,48,0.29
226,1,0.258
226,2,0.189
226,3,0.199
226,4,0.191
226,5,0.191
226,6,0.196
226,7,0.264
226,8,0.253
226,9,0.445
226,10,0.213
226,11,0.428
226,12,0.19
226,13,0.499
226,14,1.001
226,15,0.368
226,16,0.581
226,17,0.541
226,18,0.23
226,19,0.226
226,20,0.352
226,21,0.138
226,22,0.415
226,23,0.339
226,24,0.541
226,25,0.206
226,26,0.331
226,27,0.194
226,28,0.424
226,29,0.256
226,30,0.466
226,31,0.205
226,32,0.611
226,33,1.823
226,34,0.714
226,35,0.772
226,36,0.364
226,37,0.674
226,38,0.317
226,39,0.621
226,40,0.378
226,41,0.672
226,42,0.491
226,43,0.483
226,44,0.395
226,45,0.358
226,46,0.319
226,47,0.238
226,48,0.221
227,1,0.177
227,2,0.2
227,3,0.219
227,4,0.215
227,5,0.197
227,6,0.198
227,7,0.156
227,8,0.165
227,9,0.148
227,10,0.206
227,11,0.197
227,12,0.172
227,13,0.135
227,14,0.135
227,15,0.174
227,16,0.176
227,17,0.529
227,18,0.383
227,19,0.609
227,20,0.355
227,21,0.35
227,22,0.32
227,23,0.422
227,24,0.311
227,25,0.352
227,26,0.608
227,27,0.345
227,28,0.38
227,29,0.514
227,30,0.355
227,31,0.333
227,32,0.183
227,33,0.414
227,34,0.323
227,35,0.381
227,36,0.62
227,37,0.334
227,38,0.322
227,39,0.49
227,40,0.378
227,41,0.521
227,42,0.488
227,43,0.418
227,44,0.594
227,45,0.71
227,46,0.594
227,47,0.619
227,48,0.527
228,1,0.495
228,2,0.427
228,3,0.392
228,4,0.392
228,5,0.33
228,6,0.197
228,7,0.195
228,8,0.172
228,9,0.134
228,10,0.135
228,11,0.134
228,12,0.134
228,13,0.135
228,14,0.134
228,15,0.134
228,16,0.165
228,17,0.62
228,18,0.234
228,19,0.29
228,20,0.215
228,21,0.191
228,22,0.236
228,23,0.3
228,24,0.618
228,25,0.358
228,26,0.647
228,27,0.35
228,28,0.216
228,29,0.193
228,30,0.193
228,31,0.192
228,32,0.162
228,33,0.134
228,34,0.134
228,35,0.274
228,36,0.133
228,37,0.298
228,38,0.196
228,39,0.517
228,40,0.357
228,41,0.491
228,42,0.461
228,43,0.687
228,44,0.642
228,45,0.474
228,46,0.42
228,47,0.37
228,48,0.278
229,1,0.253
229,2,0.255
229,3,0.166
229,4,0.133
229,5,0.161
229,6,0.201
229,7,0.194
229,8,0.194
229,9,0.171
229,10,0.133
229,11,0.15
229,12,0.132
229,13,0.133
229,14,0.44
229,15,0.222
229,16,0.234
229,17,0.248
229,18,0.548
229,19,0.184
229,20,0.134
229,21,0.383
229,22,0.133
229,23,0.315
229,24,0.539
229,25,0.252
229,26,0.671
229,27,0.229
229,28,0.199
229,29,0.501
229,30,0.191
229,31,0.136
229,32,1.425
229,33,0.545
229,34,0.868
229,35,0.303
229,36,0.669
229,37,0.589
229,38,0.38
229,39,0.372
229,40,2.49
229,41,0.773
229,42,0.508
229,43,0.644
229,44,0.222
229,45,0.226
229,46,0.294
229,47,0.497
229,48,0.256
230,1,0.211
230,2,0.182
230,3,0.136
230,4,0.275
230,5,0.137
230,6,0.137
230,7,0.136
230,8,0.286
230,9,0.17
230,10,0.201
230,11,0.218
230,12,0.422
230,13,0.186
230,14,0.145
230,15,0.174
230,16,0.174
230,17,0.45
230,18,0.132
230,19,0.168
230,20,0.197
230,21,0.194
230,22,0.384
230,23,0.194
230,24,0.4
230,25,0.419
230,26,0.583
230,27,0.79
230,28,0.432
230,29,0.169
230,30,0.181
230,31,1.152
230,32,0.203
230,33,0.222
230,34,0.209
230,35,0.204
230,36,0.198
230,37,0.839
230,38,0.937
230,39,0.837
230,40,0.787
230,41,0.449
230,42,1.738
230,43,0.364
230,44,0.9
230,45,0.725
230,46,0.24
230,47,0.213
230,48,0.452
231,1,0.133
231,2,0.374
231,3,0.136
231,4,0.398
231,5,0.136
231,6,0.186
231,7,0.449
231,8,0.197
231,9,0.161
231,10,0.46
231,11,0.156
231,12,0.135
231,13,0.502
231,14,0.495
231,15,0.236
231,16,0.485
231,17,0.204
231,18,0.192
231,19,0.134
231,20,0.39
231,21,0.132
231,22,0.361
231,23,0.412
231,24,0.155
231,25,0.202
231,26,0.334
231,27,0.433
231,28,0.543
231,29,0.607
231,30,0.569
231,31,0.919
231,32,0.407
231,33,0.376
231,34,0.713
231,35,0.283
231,36,0.705
231,37,0.85
231,38,1.907
231,39,1.813
231,40,0.581
231,41,0.748
231,42,0.364
231,43,0.517
231,44,0.472
231,45,0.356
231,46,0.461
231,47,0.512
231,48,0.247
232,1,0.188
232,2,0.253
232,3,0.249
232,4,0.472
232,5,0.247
232,6,0.187
232,7,0.184
232,8,0.184
232,9,0.184
232,10,0.391
232,11,0.239
232,12,0.25
232,13,0.244
232,14,0.584
232,15,0.403
232,16,0.205
232,17,0.148
232,18,0.146
232,19,0.317
232,20,0.186
232,21,0.236
232,22,0.55
232,23,0.585
232,24,0.397
232,25,0.888
232,26,0.526
232,27,0.399
232,28,0.769
232,29,0.302
232,30,0.457
232,31,0.392
232,32,0.768
232,33,0.475
232,34,0.584
232,35,0.374
232,36,0.612
232,37,0.686
232,38,0.599
232,39,0.5
232,40,0.933
232,41,1.188
232,42,0.537
232,43,0.523
232,44,0.457
232,45,0.499
232,46,0.416
232,47,0.447
232,48,0.323
233,1,0.286
233,2,0.233
233,3,0.172
233,4,0.171
233,5,0.173
233,6,0.439
233,7,0.221
233,8,0.481
233,9,0.229
233,10,0.421
233,11,0.371
233,12,0.276
233,13,0.235
233,14,0.388
233,15,0.238
233,16,0.418
233,17,0.431
233,18,0.135
233,19,0.136
233,20,0.391
233,21,0.195
233,22,1.088
233,23,1.271
233,24,0.692
233,25,0.295
233,26,0.737
233,27,0.256
233,28,0.694
233,29,0.14
233,30,0.422
233,31,0.754
233,32,0.376
233,33,0.639
233,34,0.571
233,35,0.463
233,36,0.443
233,37,0.346
233,38,0.385
233,39,0.632
233,40,0.59
233,41,0.252
233,42,0.273
233,43,0.449
233,44,0.334
233,45,0.442
233,46,0.479
233,47,0.479
233,48,0.45
234,1,0.425
234,2,0.32
234,3,0.227
234,4,0.212
234,5,0.233
234,6,0.232
234,7,0.18
234,8,0.134
234,9,0.319
234,10,0.132
234,11,0.133
234,12,0.152
234,13,0.2
234,14,0.369
234,15,0.132
234,16,0.132
234,17,0.131
234,18,0.33
234,19,0.34
234,20,0.2
234,21,0.194
234,22,0.352
234,23,0.645
234,24,0.33
234,25,0.593
234,26,0.44
234,27,0.38
234,28,0.441
234,29,0.214
234,30,0.473
234,31,0.65
234,32,0.971
234,33,1.4
234,34,0.333
234,35,0.629
234,36,0.681
234,37,0.854
234,38,0.716
234,39,0.325
234,40,0.61
234,41,0.389
234,42,0.751
234,43,0.577
234,44,0.461
234,45,0.807
234,46,0.615
234,47,0.988
234,48,0.601
235,1,0.46
235,2,0.5
235,3,0.198
235,4,0.199
235,5,0.315
235,6,0.322
235,7,0.198
235,8,0.397
235,9,0.2
235,10,0.197
235,11,0.425
235,12,0.166
235,13,0.137
235,14,0.339
235,15,0.371
235,16,0.699
235,17,0.176
235,18,0.401
235,19,2.024
235,20,0.645
235,21,1.649
235,22,2.293
235,23,2.028
235,24,2.496
235,25,1.972
235,26,2.586
235,27,0.709
235,28,1.128
235,29,1.227
235,30,0.81
235,31,0.812
235,32,0.978
235,33,2.866
235,34,0.964
235,35,0.937
235,36,0.909
235,37,0.481
235,38,0.791
235,39,1.122
235,40,0.636
235,41,1.096
235,42,0.929
235,43,1.146
235,44,1.843
235,45,1.958
235,46,1.577
235,47,1.146
235,48,0.834
236,1,0.522
236,2,0.6
236,3,0.743
236,4,0.427
236,5,0.665
236,6,0.42
236,7,0.458
236,8,0.698
236,9,0.532
236,10,0.748
236,11,0.512
236,12,0.741
236,13,0.456
236,14,0.452
236,15,0.785
236,16,0.278
236,17,0.782
236,18,0.609
236,19,0.767
236,20,0.368
236,21,0.198
236,22,1.849
236,23,1.057
236,24,0.895
236,25,0.69
236,26,0.695
236,27,0.244
236,28,0.405
236,29,0.161
236,30,0.667
236,31,0.349
236,32,0.533
236,33,0.55
236,34,0.406
236,35,0.315
236,36,0.663
236,37,0.739
236,38,1.342
236,39,0.377
236,40,0.597
236,41,2.569
236,42,0.729
236,43,0.446
236,44,0.808
236,45,1.163
236,46,0.636
236,47,0.766
236,48,0.835
237,1,0.744
237,2,0.532
237,3,0.673
237,4,0.169
237,5,0.382
237,6,0.22
237,7,0.368
237,8,0.169
237,9,0.522
237,10,0.222
237,11,0.185
237,12,0.168
237,13,0.397
237,14,0.149
237,15,0.326
237,16,0.132
237,17,0.42
237,18,0.142
237,19,0.176
237,20,0.722
237,21,0.531
237,22,0.549
237,23,0.62
237,24,0.47
237,25,0.267
237,26,0.582
237,27,0.346
237,28,0.656
237,29,0.39
237,30,0.664
237,31,0.292
237,32,1.206
237,33,0.463
237,34,0.677
237,35,1.014
237,36,0.771
237,37,1.068
237,38,0.793
237,39,0.909
237,40,0.893
237,41,0.767
237,42,0.675
237,43,0.807
237,44,1.021
237,45,2.652
237,46,0.757
237,47,0.689
237,48,0.259
238,1,0.502
238,2,0.167
238,3,0.507
238,4,0.183
238,5,0.446
238,6,0.186
238,7,0.531
238,8,0.168
238,9,0.167
238,10,0.469
238,11,0.182
238,12,0.389
238,13,0.221
238,14,0.366
238,15,0.245
238,16,0.173
238,17,0.177
238,18,0.824
238,19,0.479
238,20,0.524
238,21,1.183
238,22,1.848
238,23,1.055
238,24,1.91
238,25,0.843
238,26,0.823
238,27,0.305
238,28,0.733
238,29,0.304
238,30,0.454
238,31,0.402
238,32,0.32
238,33,0.622
238,34,0.251
238,35,0.429
238,36,0.891
238,37,0.762
238,38,0.708
238,39,0.522
238,40,0.694
238,41,0.702
238,42,0.372
238,43,0.259
238,44,0.575
238,45,0.302
238,46,0.461
238,47,0.738
238,48,0.444
239,1,0.404
239,2,0.738
239,3,0.412
239,4,0.37
239,5,0.168
239,6,0.39
239,7,0.174
239,8,0.47
239,9,0.197
239,10,0.184
239,11,0.405
239,12,0.174
239,13,0.146
239,14,0.307
239,15,0.149
239,16,0.383
239,17,0.13
239,18,0.147
239,19,0.571
239,20,0.172
239,21,0.928
239,22,0.263
239,23,0.606
239,24,0.528
239,25,0.729
239,26,0.33
239,27,0.642
239,28,0.567
239,29,0.679
239,30,0.347
239,31,0.301
239,32,0.565
239,33,0.403
239,34,0.666
239,35,2.189
239,36,0.764
239,37,1.761
239,38,1.158
239,39,0.357
239,40,0.636
239,41,0.532
239,42,0.475
239,43,0.505
239,44,0.546
239,45,0.556
239,46,0.388
239,47,0.36
239,48,0.707
240,1,0.198
240,2,0.409
240,3,0.184
240,4,0.497
240,5,0.135
240,6,0.487
240,7,0.138
240,8,0.374
240,9,0.174
240,10,0.421
240,11,0.152
240,12,0.44
240,13,0.148
240,14,0.372
240,15,0.137
240,16,0.498
240,17,0.158
240,18,0.426
240,19,0.386
240,20,0.13
240,21,0.383
240,22,1.773
240,23,1.517
240,24,0.668
240,25,0.496
240,26,0.208
240,27,0.472
240,28,0.42
240,29,0.176
240,30,0.464
240,31,0.171
240,32,0.32
240,33,0.262
240,34,0.237
240,35,0.197
240,36,0.24
240,37,0.528
240,38,0.419
240,39,0.296
240,40,0.338
240,41,0.36
240,42,0.478
240,43,0.57
240,44,0.587
240,45,0.524
240,46,0.547
240,47,0.467
240,48,0.488
388,1,0.374
388,2,0.206
388,3,0.14
388,4,0.158
388,5,0.157
388,6,0.134
388,7,0.16
388,8,0.155
388,9,0.133
388,10,0.155
388,11,0.08
388,12,0.087
388,13,0.161
388,14,0.152
388,15,0.22
388,16,0.098
388,17,0.162
388,18,0.151
388,19,0.52
388,20,0.182
388,21,0.278
388,22,0.371
388,23,0.589
388,24,0.634
388,25,0.335
388,26,0.484
388,27,0.443
388,28,0.477
388,29,0.989
388,30,0.464
388,31,0.507
388,32,0.775
388,33,0.4
388,34,0.62
388,35,0.616
388,36,0.599
388,37,0.492
388,38,0.637
388,39,0.64
388,40,1.153
388,41,0.764
388,42,0.593
388,43,0.553
388,44,0.599
388,45,0.553
388,46,0.593
388,47,0.547
388,48,0.525
389,1,0.458
389,2,0.41
389,3,0.323
389,4,0.312
389,5,0.364
389,6,0.25
389,7,0.2
389,8,0.169
389,9,0.129
389,10,0.054
389,11,0.142
389,12,0.166
389,13,0.066
389,14,0.102
389,15,0.265
389,16,0.568
389,17,0.225
389,18,0.307
389,19,0.197
389,20,0.152
389,21,0.277
389,22,0.231
389,23,0.198
389,24,0.19
389,25,0.172
389,26,0.511
389,27,0.371
389,28,0.228
389,29,0.134
389,30,0.489
389,31,0.563
389,32,0.539
389,33,0.446
389,34,0.628
389,35,0.452
389,36,0.481
389,37,0.482
389,38,0.719
389,39,0.643
389,40,0.66
389,41,0.655
389,42,0.618
389,43,0.551
389,44,0.579
389,45,0.491
389,46,0.332
389,47,0.296
389,48,0.259
390,1,0.296
390,2,0.331
390,3,0.255
390,4,0.216
390,5,0.307
390,6,0.184
390,7,0.053
390,8,0.129
390,9,0.166
390,10,0.098
390,11,0.12
390,12,0.163
390,13,0.052
390,14,0.128
390,15,0.261
390,16,0.23
390,17,0.353
390,18,0.228
390,19,0.081
390,20,0.113
390,21,0.137
390,22,0.241
390,23,0.388
390,24,0.202
390,25,0.233
390,26,0.139
390,27,0.279
390,28,0.356
390,29,0.385
390,30,0.384
390,31,0.303
390,32,0.241
390,33,0.206
390,34,0.217
390,35,0.435
390,36,0.819
390,37,1.037
390,38,0.77
390,39,0.59
390,40,0.505
390,41,0.883
390,42,0.714
390,43,0.722
390,44,0.744
390,45,0.611
390,46,0.52
390,47,0.396
390,48,0.333
391,1,0.255
391,2,0.246
391,3,0.297
391,4,0.137
391,5,0.123
391,6,0.097
391,7,0.195
391,8,0.235
391,9,0.187
391,10,0.111
391,11,0.139
391,12,0.149
391,13,0.072
391,14,0.194
391,15,0.27
391,16,0.223
391,17,0.249
391,18,0.135
391,19,0.122
391,20,0.104
391,21,1.236
391,22,0.644
391,23,0.577
391,24,0.408
391,25,0.052
391,26,0.619
391,27,0.59
391,28,0.752
391,29,0.773
391,30,0.491
391,31,0.494
391,32,0.284
391,33,0.784
391,34,0.482
391,35,0.928
391,36,0.808
391,37,1.469
391,38,0.605
391,39,0.818
391,40,0.616
391,41,0.437
391,42,0.645
391,43,0.413
391,44,1.872
391,45,0.949
391,46,0.436
391,47,0.921
391,48,0.569
392,1,0.459
392,2,0.198
392,3,0.147
392,4,0.11
392,5,0.099
392,6,0.126
392,7,0.137
392,8,0.179
392,9,0.106
392,10,0.068
392,11,0.185
392,12,0.135
392,13,0.097
392,14,0.207
392,15,0.357
392,16,0.81
392,17,0.419
392,18,0.17
392,19,0.167
392,20,0.256
392,21,0.411
392,22,0.31
392,23,0.192
392,24,1.177
392,25,0.301
392,26,0.491
392,27,0.863
392,28,2.282
392,29,2.09
392,30,1.605
392,31,0.23
392,32,0.218
392,33,0.176
392,34,0.23
392,35,0.775
392,36,0.708
392,37,1.02
392,38,0.73
392,39,0.746
392,40,0.598
392,41,0.778
392,42,0.788
392,43,0.644
392,44,0.572
392,45,0.574
392,46,0.53
392,47,0.484
392,48,0.34
393,1,0.191
393,2,0.158
393,3,0.161
393,4,0.134
393,5,0.148
393,6,0.169
393,7,0.135
393,8,0.136
393,9,0.18
393,10,0.118
393,11,0.086
393,12,0.187
393,13,0.134
393,14,0.327
393,15,0.763
393,16,0.711
393,17,0.338
393,18,0.2
393,19,0.187
393,20,0.168
393,21,0.174
393,22,1.136
393,23,0.757
393,24,0.302
393,25,1.149
393,26,2.207
393,27,1.901
393,28,1.867
393,29,0.564
393,30,0.267
393,31,0.216
393,32,0.224
393,33,0.283
393,34,0.304
393,35,0.473
393,36,0.466
393,37,1.074
393,38,0.942
393,39,0.665
393,40,0.604
393,41,0.573
393,42,0.711
393,43,0.4
393,44,0.432
393,45,0.24
393,46,0.133
393,47,0.186
393,48,0.132
394,1,0.131
394,2,0.167
394,3,0.148
394,4,0.133
394,5,0.145
394,6,0.174
394,7,0.134
394,8,0.134
394,9,0.18
394,10,0.146
394,11,0.08
394,12,0.229
394,13,0.16
394,14,0.22
394,15,0.496
394,16,0.35
394,17,0.224
394,18,0.13
394,19,0.728
394,20,0.209
394,21,0.121
394,22,0.25
394,23,0.321
394,24,0.594
394,25,0.461
394,26,0.412
394,27,0.259
394,28,0.235
394,29,0.202
394,30,0.157
394,31,0.131
394,32,0.131
394,33,0.283
394,34,0.653
394,35,0.663
394,36,0.588
394,37,0.662
394,38,0.657
394,39,0.562
394,40,0.544
394,41,0.537
394,42,0.54
394,43,0.746
394,44,0.672
394,45,0.558
394,46,0.561
394,47,0.535
394,48,0.518
395,1,0.545
395,2,0.379
395,3,0.223
395,4,0.167
395,5,0.212
395,6,0.134
395,7,0.087
395,8,0.19
395,9,0.186
395,10,0.167
395,11,0.071
395,12,0.153
395,13,0.135
395,14,0.188
395,15,0.217
395,16,0.294
395,17,0.632
395,18,0.245
395,19,0.207
395,20,0.14
395,21,0.174
395,22,0.184
395,23,1.068
395,24,0.346
395,25,0.608
395,26,1.214
395,27,2.568
395,28,2.162
395,29,1.973
395,30,0.963
395,31,0.546
395,32,0.309
395,33,0.489
395,34,0.714
395,35,1.065
395,36,1.217
395,37,1.242
395,38,0.785
395,39,1.463
395,40,0.643
395,41,0.641
395,42,0.584
395,43,0.651
395,44,1.256
395,45,2.713
395,46,2.459
395,47,1.79
395,48,0.583
396,1,0.351
396,2,0.354
396,3,0.356
396,4,0.326
396,5,0.312
396,6,0.319
396,7,0.187
396,8,0.132
396,9,0.082
396,10,0.125
396,11,0.137
396,12,0.134
396,13,0.104
396,14,0.161
396,15,0.217
396,16,0.212
396,17,0.632
396,18,0.395
396,19,0.411
396,20,0.38
396,21,0.16
396,22,0.131
396,23,0.222
396,24,0.737
396,25,0.381
396,26,0.418
396,27,0.929
396,28,0.162
396,29,0.179
396,30,0.146
396,31,0.073
396,32,0.098
396,33,0.182
396,34,0.116
396,35,0.055
396,36,0.423
396,37,0.379
396,38,0.055
396,39,0.354
396,40,1.083
396,41,0.463
396,42,0.766
396,43,0.681
396,44,0.867
396,45,0.536
396,46,0.477
396,47,0.586
396,48,0.565
397,1,0.507
397,2,0.497
397,3,0.322
397,4,0.156
397,5,0.072
397,6,0.181
397,7,0.136
397,8,0.086
397,9,0.12
397,10,0.143
397,11,0.117
397,12,0.055
397,13,0.18
397,14,0.766
397,15,0.261
397,16,0.404
397,17,0.317
397,18,0.316
397,19,0.191
397,20,0.281
397,21,0.137
397,22,0.128
397,23,0.092
397,24,0.133
397,25,0.154
397,26,0.243
397,27,0.36
397,28,0.498
397,29,0.334
397,30,0.536
397,31,0.392
397,32,0.452
397,33,0.333
397,34,0.534
397,35,1.008
397,36,0.746
397,37,0.803
397,38,0.726
397,39,0.588
397,40,1.647
397,41,0.616
397,42,0.68
397,43,0.783
397,44,0.609
397,45,0.63
397,46,0.543
397,47,0.446
397,48,0.25
398,1,0.263
398,2,0.223
398,3,0.092
398,4,0.129
398,5,0.228
398,6,0.173
398,7,0.17
398,8,0.174
398,9,0.106
398,10,0.196
398,11,0.306
398,12,0.348
398,13,0.299
398,14,0.513
398,15,0.381
398,16,0.486
398,17,0.337
398,18,0.224
398,19,0.221
398,20,0.132
398,21,0.119
398,22,0.09
398,23,0.137
398,24,0.136
398,25,0.198
398,26,0.267
398,27,0.261
398,28,0.306
398,29,0.35
398,30,0.264
398,31,0.306
398,32,0.283
398,33,0.458
398,34,1.459
398,35,0.76
398,36,0.98
398,37,0.836
398,38,0.974
398,39,0.508
398,40,0.45
398,41,0.505
398,42,0.729
398,43,0.569
398,44,0.627
398,45,0.603
398,46,0.393
398,47,0.357
398,48,0.326
399,1,0.365
399,2,0.226
399,3,0.199
399,4,0.183
399,5,0.219
399,6,0.171
399,7,0.17
399,8,0.173
399,9,0.153
399,10,0.149
399,11,0.194
399,12,0.303
399,13,0.27
399,14,0.418
399,15,0.412
399,16,0.384
399,17,0.251
399,18,0.634
399,19,0.229
399,20,0.204
399,21,0.158
399,22,0.188
399,23,0.135
399,24,0.097
399,25,0.769
399,26,1.124
399,27,0.401
399,28,0.702
399,29,1.317
399,30,0.736
399,31,0.407
399,32,0.517
399,33,1.14
399,34,2.257
399,35,2.27
399,36,2.098
399,37,1.462
399,38,0.762
399,39,0.822
399,40,0.675
399,41,0.522
399,42,0.522
399,43,0.628
399,44,0.685
399,45,0.685
399,46,0.547
399,47,0.494
399,48,0.458
400,1,0.458
400,2,0.405
400,3,0.279
400,4,0.193
400,5,0.204
400,6,0.329
400,7,0.422
400,8,0.615
400,9,0.169
400,10,0.544
400,11,0.327
400,12,0.33
400,13,0.299
400,14,0.351
400,15,0.384
400,16,0.381
400,17,0.289
400,18,0.221
400,19,0.411
400,20,0.2
400,21,0.196
400,22,0.152
400,23,0.133
400,24,0.293
400,25,0.302
400,26,0.574
400,27,0.388
400,28,0.438
400,29,0.469
400,30,0.444
400,31,0.445
400,32,0.483
400,33,0.714
400,34,0.705
400,35,0.701
400,36,0.611
400,37,0.678
400,38,0.662
400,39,0.523
400,40,0.56
400,41,0.5
400,42,0.571
400,43,0.544
400,44,0.504
400,45,0.549
400,46,0.479
400,47,0.355
400,48,0.322
401,1,0.298
401,2,0.193
401,3,0.136
401,4,0.135
401,5,0.183
401,6,0.143
401,7,0.135
401,8,0.145
401,9,0.178
401,10,0.153
401,11,0.268
401,12,0.308
401,13,0.28
401,14,0.445
401,15,0.313
401,16,0.252
401,17,0.5
401,18,0.206
401,19,0.183
401,20,0.146
401,21,0.137
401,22,0.145
401,23,0.184
401,24,0.136
401,25,0.153
401,26,0.583
401,27,0.321
401,28,0.265
401,29,0.281
401,30,0.656
401,31,1.199
401,32,0.561
401,33,1.184
401,34,2.306
401,35,2.443
401,36,2.119
401,37,1.65
401,38,0.792
401,39,0.659
401,40,0.526
401,41,0.548
401,42,0.573
401,43,0.592
401,44,0.544
401,45,0.548
401,46,0.595
401,47,0.501
401,48,0.37
402,1,0.346
402,2,0.355
402,3,0.321
402,4,0.325
402,5,0.371
402,6,0.319
402,7,0.249
402,8,0.19
402,9,0.134
402,10,0.151
402,11,0.308
402,12,0.283
402,13,0.173
402,14,0.149
402,15,0.17
402,16,0.132
402,17,0.132
402,18,0.53
402,19,0.157
402,20,0.132
402,21,0.179
402,22,0.127
402,23,0.129
402,24,0.112
402,25,0.064
402,26,0.139
402,27,0.179
402,28,0.544
402,29,0.474
402,30,0.424
402,31,1.77
402,32,0.867
402,33,0.527
402,34,0.485
402,35,0.495
402,36,0.795
402,37,0.585
402,38,0.711
402,39,0.767
402,40,0.581
402,41,0.554
402,42,0.487
402,43,0.442
402,44,0.545
402,45,0.434
402,46,0.311
402,47,0.356
402,48,0.331
403,1,0.177
403,2,0.182
403,3,0.226
403,4,0.179
403,5,0.179
403,6,0.231
403,7,0.148
403,8,0.1
403,9,0.186
403,10,0.208
403,11,0.182
403,12,0.181
403,13,0.167
403,14,0.133
403,15,0.184
403,16,0.217
403,17,0.176
403,18,0.154
403,19,0.67
403,20,0.281
403,21,0.233
403,22,0.742
403,23,1.587
403,24,2.892
403,25,1.302
403,26,0.676
403,27,0.306
403,28,0.326
403,29,0.215
403,30,0.478
403,31,0.451
403,32,0.439
403,33,0.469
403,34,0.461
403,35,0.461
403,36,0.674
403,37,0.491
403,38,0.5
403,39,0.476
403,40,0.541
403,41,0.588
403,42,0.73
403,43,0.521
403,44,0.564
403,45,0.506
403,46,0.535
403,47,0.39
403,48,0.152
404,1,0.132
404,2,0.153
404,3,0.166
404,4,0.135
404,5,0.135
404,6,0.183
404,7,0.135
404,8,0.069
404,9,0.083
404,10,0.176
404,11,0.137
404,12,0.154
404,13,0.283
404,14,0.186
404,15,0.201
404,16,0.148
404,17,0.17
404,18,0.616
404,19,0.16
404,20,0.155
404,21,0.054
404,22,0.208
404,23,0.496
404,24,0.383
404,25,0.134
404,26,0.198
404,27,0.209
404,28,0.205
404,29,0.167
404,30,0.164
404,31,0.199
404,32,0.218
404,33,0.506
404,34,0.566
404,35,0.464
404,36,0.456
404,37,0.489
404,38,0.671
404,39,0.785
404,40,0.555
404,41,0.423
404,42,0.534
404,43,0.661
404,44,0.583
404,45,0.465
404,46,0.382
404,47,0.36
404,48,0.311
405,1,0.275
405,2,0.166
405,3,0.053
405,4,0.388
405,5,0.295
405,6,0.532
405,7,0.107
405,8,0.445
405,9,0.37
405,10,0.255
405,11,0.458
405,12,0.1
405,13,0.52
405,14,0.136
405,15,0.111
405,16,0.54
405,17,0.936
405,18,1.658
405,19,0.279
405,20,0.262
405,21,0.259
405,22,0.273
405,23,0.166
405,24,0.159
405,25,0.139
405,26,0.367
405,27,0.179
405,28,0.232
405,29,0.181
405,30,0.133
405,31,0.305
405,32,0.369
405,33,0.501
405,34,0.49
405,35,0.544
405,36,0.901
405,37,0.906
405,38,0.978
405,39,0.838
405,40,0.6
405,41,0.556
405,42,0.659
405,43,0.548
405,44,0.476
405,45,0.386
405,46,0.337
405,47,0.365
405,48,0.31
406,1,0.258
406,2,0.237
406,3,0.142
406,4,0.182
406,5,0.12
406,6,0.053
406,7,0.173
406,8,0.42
406,9,0.096
406,10,0.385
406,11,0.413
406,12,0.288
406,13,0.122
406,14,0.608
406,15,0.265
406,16,0.227
406,17,0.251
406,18,0.304
406,19,0.476
406,20,0.454
406,21,0.149
406,22,0.14
406,23,0.186
406,24,0.202
406,25,0.166
406,26,0.102
406,27,0.068
406,28,0.449
406,29,0.259
406,30,0.29
406,31,0.379
406,32,0.329
406,33,0.596
406,34,0.463
406,35,0.419
406,36,0.345
406,37,0.797
406,38,0.555
406,39,0.471
406,40,0.776
406,41,0.726
406,42,0.587
406,43,0.521
406,44,0.498
406,45,0.401
406,46,0.46
406,47,0.425
406,48,0.303
407,1,0.341
407,2,0.421
407,3,0.385
407,4,0.351
407,5,0.225
407,6,0.164
407,7,0.138
407,8,0.111
407,9,0.105
407,10,0.141
407,11,0.1
407,12,0.111
407,13,0.141
407,14,0.087
407,15,0.211
407,16,0.43
407,17,0.372
407,18,0.123
407,19,0.162
407,20,0.608
407,21,1.441
407,22,1.586
407,23,0.407
407,24,0.805
407,25,0.636
407,26,0.508
407,27,0.142
407,28,0.578
407,29,0.121
407,30,0.472
407,31,0.275
407,32,0.317
407,33,0.269
407,34,0.281
407,35,0.647
407,36,0.978
407,37,0.484
407,38,0.846
407,39,0.955
407,40,0.668
407,41,0.57
407,42,0.663
407,43,0.665
407,44,0.56
407,45,0.545
407,46,0.486
407,47,0.47
407,48,0.433
408,1,0.439
408,2,0.404
408,3,0.402
408,4,0.422
408,5,0.377
408,6,0.208
408,7,0.179
408,8,0.196
408,9,0.167
408,10,0.166
408,11,0.208
408,12,0.165
408,13,0.163
408,14,0.148
408,15,0.296
408,16,0.295
408,17,0.228
408,18,0.171
408,19,0.132
408,20,0.127
408,21,0.658
408,22,0.615
408,23,0.613
408,24,0.455
408,25,0.553
408,26,0.182
408,27,0.151
408,28,0.162
408,29,0.131
408,30,0.246
408,31,0.29
408,32,0.236
408,33,0.287
408,34,0.289
408,35,0.633
408,36,0.472
408,37,0.415
408,38,1.357
408,39,2.612
408,40,2.182
408,41,2.468
408,42,1.739
408,43,1.653
408,44,0.613
408,45,0.455
408,46,0.436
408,47,0.637
408,48,0.462
409,1,0.464
409,2,0.461
409,3,0.456
409,4,0.473
409,5,0.445
409,6,0.441
409,7,0.485
409,8,0.442
409,9,0.443
409,10,0.434
409,11,0.422
409,12,0.253
409,13,0.164
409,14,0.164
409,15,0.222
409,16,0.261
409,17,0.639
409,18,0.233
409,19,0.132
409,20,0.175
409,21,0.204
409,22,0.173
409,23,0.222
409,24,0.198
409,25,0.192
409,26,0.19
409,27,0.233
409,28,0.194
409,29,0.206
409,30,0.748
409,31,0.341
409,32,0.301
409,33,1.465
409,34,0.84
409,35,0.436
409,36,0.634
409,37,2.775
409,38,1.988
409,39,1.67
409,40,1.029
409,41,0.553
409,42,0.574
409,43,0.553
409,44,0.551
409,45,0.479
409,46,0.418
409,47,0.362
409,48,0.416
410,1,0.36
410,2,0.26
410,3,0.336
410,4,0.43
410,5,0.452
410,6,0.387
410,7,0.146
410,8,0.105
410,9,0.147
410,10,0.174
410,11,0.066
410,12,0.112
410,13,0.204
410,14,0.233
410,15,0.157
410,16,0.262
410,17,0.507
410,18,0.117
410,19,0.058
410,20,0.563
410,21,0.305
410,22,0.28
410,23,0.211
410,24,0.39
410,25,0.4
410,26,0.423
410,27,0.688
410,28,2.25
410,29,0.27
410,30,0.48
410,31,0.82
410,32,0.407
410,33,0.501
410,34,0.651
410,35,0.417
410,36,0.314
410,37,0.621
410,38,0.567
410,39,0.512
410,40,0.537
410,41,0.569
410,42,0.577
410,43,0.657
410,44,0.663
410,45,0.636
410,46,0.48
410,47,0.251
410,48,0.246
411,1,0.203
411,2,0.177
411,3,0.177
411,4,0.192
411,5,0.11
411,6,0.188
411,7,0.183
411,8,0.226
411,9,0.119
411,10,0.158
411,11,0.21
411,12,0.202
411,13,0.142
411,14,0.38
411,15,0.528
411,16,0.503
411,17,0.493
411,18,0.205
411,19,0.226
411,20,0.423
411,21,0.296
411,22,0.334
411,23,0.496
411,24,0.232
411,25,0.195
411,26,0.247
411,27,0.198
411,28,0.412
411,29,0.217
411,30,0.502
411,31,0.355
411,32,0.629
411,33,0.73
411,34,0.603
411,35,0.574
411,36,0.68
411,37,1.22
411,38,1.621
411,39,0.692
411,40,1.199
411,41,2.415
411,42,2.494
411,43,2.274
411,44,1.223
411,45,0.616
411,46,0.605
411,47,0.433
411,48,0.405
412,1,0.419
412,2,0.449
412,3,0.322
412,4,0.133
412,5,0.162
412,6,0.173
412,7,0.133
412,8,0.076
412,9,0.093
412,10,0.229
412,11,0.135
412,12,0.092
412,13,0.095
412,14,0.311
412,15,0.322
412,16,0.265
412,17,0.259
412,18,0.143
412,19,0.18
412,20,0.107
412,21,0.152
412,22,0.18
412,23,0.222
412,24,0.259
412,25,0.254
412,26,0.27
412,27,0.261
412,28,0.462
412,29,0.083
412,30,0.267
412,31,0.495
412,32,0.484
412,33,1.499
412,34,0.688
412,35,0.587
412,36,2.35
412,37,2.49
412,38,1.982
412,39,1.038
412,40,0.45
412,41,0.422
412,42,0.448
412,43,0.463
412,44,0.758
412,45,0.456
412,46,0.409
412,47,0.343
412,48,0.334
413,1,0.229
413,2,0.155
413,3,0.133
413,4,0.132
413,5,0.172
413,6,0.158
413,7,0.132
413,8,0.09
413,9,0.098
413,10,0.22
413,11,0.135
413,12,0.106
413,13,0.08
413,14,0.417
413,15,0.307
413,16,0.296
413,17,0.292
413,18,0.197
413,19,0.197
413,20,0.151
413,21,0.169
413,22,0.198
413,23,0.229
413,24,0.14
413,25,0.244
413,26,0.318
413,27,0.369
413,28,0.376
413,29,0.341
413,30,0.282
413,31,0.446
413,32,0.414
413,33,0.324
413,34,0.541
413,35,0.91
413,36,0.543
413,37,0.648
413,38,0.754
413,39,0.771
413,40,0.621
413,41,0.775
413,42,0.671
413,43,0.472
413,44,0.46
413,45,0.442
413,46,0.529
413,47,0.423
413,48,0.391
414,1,0.4
414,2,0.447
414,3,0.393
414,4,0.183
414,5,0.168
414,6,0.158
414,7,0.115
414,8,0.057
414,9,0.151
414,10,0.188
414,11,0.137
414,12,0.099
414,13,0.144
414,14,0.282
414,15,0.268
414,16,0.258
414,17,0.25
414,18,0.189
414,19,0.134
414,20,0.115
414,21,0.173
414,22,0.268
414,23,0.296
414,24,0.265
414,25,0.262
414,26,0.377
414,27,0.297
414,28,0.372
414,29,0.217
414,30,0.379
414,31,0.454
414,32,0.352
414,33,1.412
414,34,0.632
414,35,0.513
414,36,0.907
414,37,0.658
414,38,0.728
414,39,0.448
414,40,0.489
414,41,0.534
414,42,0.503
414,43,0.485
414,44,0.433
414,45,0.482
414,46,0.41
414,47,0.344
414,48,0.354
415,1,0.339
415,2,0.096
415,3,0.068
415,4,0.168
415,5,0.173
415,6,0.087
415,7,0.076
415,8,0.151
415,9,0.169
415,10,0.054
415,11,0.126
415,12,0.137
415,13,0.135
415,14,0.24
415,15,0.276
415,16,0.36
415,17,0.255
415,18,0.14
415,19,0.164
415,20,0.145
415,21,0.148
415,22,0.172
415,23,0.172
415,24,0.163
415,25,0.138
415,26,0.181
415,27,0.174
415,28,0.34
415,29,1.08
415,30,2.156
415,31,1.571
415,32,1.591
415,33,0.532
415,34,0.498
415,35,0.416
415,36,0.649
415,37,0.57
415,38,0.504
415,39,0.546
415,40,0.495
415,41,0.552
415,42,0.502
415,43,0.541
415,44,0.546
415,45,0.586
415,46,0.477
415,47,0.41
415,48,0.399
