213,1,0.244
213,2,0.279
213,3,0.344
213,4,0.217
213,5,0.257
213,6,0.254
213,7,0.183
213,8,0.152
213,9,0.099
213,10,0.053
213,11,0.251
213,12,0.167
213,13,0.13
213,14,0.237
213,15,0.092
213,16,0.058
213,17,0.182
213,18,0.136
213,19,0.121
213,20,0.355
213,21,0.305
213,22,0.147
213,23,0.143
213,24,0.049
213,25,0.159
213,26,1.414
213,27,1.6
213,28,1.936
213,29,2.732
213,30,2.529
213,31,0.604
213,32,0.061
213,33,0.189
213,34,0.091
213,35,0.281
213,36,0.201
213,37,0.077
213,38,0.078
213,39,0.191
213,40,0.175
213,41,0.162
213,42,0.179
213,43,0.11
213,44,0.309
213,45,0.336
213,46,0.412
213,47,0.453
213,48,0.447
214,1,0.545
214,2,0.538
214,3,0.318
214,4,0.211
214,5,0.259
214,6,0.221
214,7,0.125
214,8,0.234
214,9,0.059
214,10,0.156
214,11,0.181
214,12,0.158
214,13,0.217
214,14,0.118
214,15,0.172
214,16,0.085
214,17,0.088
214,18,1.309
214,19,0.856
214,20,1.308
214,21,0.194
214,22,0.064
214,23,2.012
214,24,0.194
214,25,0.106
214,26,0.275
214,27,0.163
214,28,0.367
214,29,0.161
214,30,0.159
214,31,0.065
214,32,0.157
214,33,0.126
214,34,0.054
214,35,0.165
214,36,0.107
214,37,0.062
214,38,0.173
214,39,0.112
214,40,0.09
214,41,0.242
214,42,0.103
214,43,0.124
214,44,0.338
214,45,0.202
214,46,0.223
214,47,0.342
214,48,0.251
215,1,0.195
215,2,0.35
215,3,0.243
215,4,0.176
215,5,0.197
215,6,0.06
215,7,0.072
215,8,0.185
215,9,0.049
215,10,0.055
215,11,0.308
215,12,0.13
215,13,0.128
215,14,0.272
215,15,0.062
215,16,0.058
215,17,0.205
215,18,0.057
215,19,0.053
215,20,0.194
215,21,0.502
215,22,0.29
215,23,0.091
215,24,0.081
215,25,0.911
215,26,0.335
215,27,0.377
215,28,0.131
215,29,1.426
215,30,2.054
215,31,0.186
215,32,0.685
215,33,0.256
215,34,0.158
215,35,0.144
215,36,0.122
215,37,0.092
215,38,1.022
215,39,0.18
215,40,0.162
215,41,1.21
215,42,0.604
215,43,0.986
215,44,0.233
215,45,0.125
215,46,0.186
215,47,0.189
215,48,0.181
216,1,0.377
216,2,0.371
216,3,0.122
216,4,0.269
216,5,0.117
216,6,0.085
216,7,0.18
216,8,0.054
216,9,0.087
216,10,0.179
216,11,0.149
216,12,0.16
216,13,0.245
216,14,0.126
216,15,0.105
216,16,0.151
216,17,0.047
216,18,1.39
216,19,0.956
216,20,0.975
216,21,0.985
216,22,1.208
216,23,0.932
216,24,1.422
216,25,1.375
216,26,0.546
216,27,0.272
216,28,0.196
216,29,0.097
216,30,0.052
216,31,0.137
216,32,0.169
216,33,0.063
216,34,0.063
216,35,0.201
216,36,0.1
216,37,0.064
216,38,0.141
216,39,0.201
216,40,0.144
216,41,0.114
216,42,0.264
216,43,0.143
216,44,0.192
216,45,0.373
216,46,0.353
216,47,0.294
216,48,0.42
217,1,0.331
217,2,0.232
217,3,0.35
217,4,0.226
217,5,0.177
217,6,0.297
217,7,0.206
217,8,0.166
217,9,0.28
217,10,0.127
217,11,0.19
217,12,0.305
217,13,0.217
217,14,0.176
217,15,0.278
217,16,0.21
217,17,0.16
217,18,0.409
217,19,0.212
217,20,0.101
217,21,0.162
217,22,0.481
217,23,0.099
217,24,0.202
217,25,0.16
217,26,0.107
217,27,0.361
217,28,0.953
217,29,0.393
217,30,0.744
217,31,0.565
217,32,0.067
217,33,0.118
217,34,0.187
217,35,0.053
217,36,0.101
217,37,0.202
217,38,0.109
217,39,0.168
217,40,0.264
217,41,0.258
217,42,0.232
217,43,0.209
217,44,0.278
217,45,0.419
217,46,0.405
217,47,0.317
217,48,0.198
218,1,0.259
218,2,0.309
218,3,0.167
218,4,0.126
218,5,0.248
218,6,0.218
218,7,0.128
218,8,0.136
218,9,0.199
218,10,0.061
218,11,0.149
218,12,0.278
218,13,0.188
218,14,0.119
218,15,0.111
218,16,0.158
218,17,0.068
218,18,0.145
218,19,0.234
218,20,0.299
218,21,0.165
218,22,0.102
218,23,0.057
218,24,0.174
218,25,0.205
218,26,0.115
218,27,0.555
218,28,0.236
218,29,1.007
218,30,1.617
218,31,0.334
218,32,0.209
218,33,0.258
218,34,0.167
218,35,0.129
218,36,0.203
218,37,0.111
218,38,0.114
218,39,0.19
218,40,0.07
218,41,0.152
218,42,0.149
218,43,0.099
218,44,0.603
218,45,0.43
218,46,0.302
218,47,0.319
218,48,0.254
219,1,0.145
219,2,0.187
219,3,0.191
219,4,0.059
219,5,0.134
219,6,0.131
219,7,0.05
219,8,0.126
219,9,0.129
219,10,0.057
219,11,0.236
219,12,0.285
219,13,0.194
219,14,0.246
219,15,0.441
219,16,0.632
219,17,0.37
219,18,0.241
219,19,0.133
219,20,0.23
219,21,0.068
219,22,0.086
219,23,0.161
219,24,0.058
219,25,0.137
219,26,0.123
219,27,0.683
219,28,0.65
219,29,1.123
219,30,0.868
219,31,0.755
219,32,0.241
219,33,0.149
219,34,1.276
219,35,0.893
219,36,1.36
219,37,0.299
219,38,0.349
219,39,0.158
219,40,0.124
219,41,0.062
219,42,0.584
219,43,0.394
219,44,0.267
219,45,0.397
219,46,0.422
219,47,0.377
219,48,0.385
220,1,0.343
220,2,0.262
220,3,0.261
220,4,0.236
220,5,0.073
220,6,0.161
220,7,0.119
220,8,0.058
220,9,0.193
220,10,0.083
220,11,0.163
220,12,0.253
220,13,0.119
220,14,0.189
220,15,0.122
220,16,0.046
220,17,0.174
220,18,0.143
220,19,0.221
220,20,0.215
220,21,0.372
220,22,0.151
220,23,0.128
220,24,0.059
220,25,0.811
220,26,0.608
220,27,0.701
220,28,0.466
220,29,0.228
220,30,0.204
220,31,0.816
220,32,1.165
220,33,0.136
220,34,0.441
220,35,0.884
220,36,0.268
220,37,0.2
220,38,0.187
220,39,0.151
220,40,0.053
220,41,0.164
220,42,0.195
220,43,0.149
220,44,0.196
220,45,0.308
220,46,0.249
220,47,0.166
220,48,0.299
221,1,0.23
221,2,0.22
221,3,0.314
221,4,0.158
221,5,0.204
221,6,0.207
221,7,0.124
221,8,0.245
221,9,0.167
221,10,0.128
221,11,0.368
221,12,0.204
221,13,0.224
221,14,0.273
221,15,0.053
221,16,0.118
221,17,0.253
221,18,0.136
221,19,0.058
221,20,0.206
221,21,0.069
221,22,0.092
221,23,1.973
221,24,0.119
221,25,0.094
221,26,0.196
221,27,0.393
221,28,0.14
221,29,1.247
221,30,0.651
221,31,0.212
221,32,0.182
221,33,0.059
221,34,0.126
221,35,0.147
221,36,0.06
221,37,0.156
221,38,0.112
221,39,0.051
221,40,0.17
221,41,0.079
221,42,0.098
221,43,0.234
221,44,0.244
221,45,0.218
221,46,0.363
221,47,0.229
221,48,0.216
222,1,0.396
222,2,0.172
222,3,0.136
222,4,0.316
222,5,0.131
222,6,0.124
222,7,0.263
222,8,0.151
222,9,0.124
222,10,0.184
222,11,0.195
222,12,0.127
222,13,0.223
222,14,0.163
222,15,0.051
222,16,0.155
222,17,0.091
222,18,0.056
222,19,0.329
222,20,0.451
222,21,0.061
222,22,0.184
222,23,0.096
222,24,0.073
222,25,0.184
222,26,0.05
222,27,0.301
222,28,0.513
222,29,0.622
222,30,1.17
222,31,0.218
222,32,0.061
222,33,0.146
222,34,0.122
222,35,0.06
222,36,0.43
222,37,0.162
222,38,0.094
222,39,0.215
222,40,1.843
222,41,0.737
222,42,0.948
222,43,0.168
222,44,0.21
222,45,0.416
222,46,0.275
222,47,0.328
222,48,0.35
223,1,0.286
223,2,0.345
223,3,0.194
223,4,0.119
223,5,0.264
223,6,0.151
223,7,0.102
223,8,0.201
223,9,0.065
223,10,0.113
223,11,0.25
223,12,0.132
223,13,0.207
223,14,0.203
223,15,0.056
223,16,0.132
223,17,0.126
223,18,0.061
223,19,0.311
223,20,0.34
223,21,0.087
223,22,0.196
223,23,0.06
223,24,0.116
223,25,0.166
223,26,0.767
223,27,1.287
223,28,0.836
223,29,2.312
223,30,2.068
223,31,1.232
223,32,0.23
223,33,0.158
223,34,0.499
223,35,0.059
223,36,0.216
223,37,0.247
223,38,1.004
223,39,0.951
223,40,0.904
223,41,0.958
223,42,0.738
223,43,1.042
223,44,1.16
223,45,1.044
223,46,1.071
223,47,0.44
223,48,0.344
224,1,0.234
224,2,0.281
224,3,0.301
224,4,0.124
224,5,0.126
224,6,0.2
224,7,0.058
224,8,0.089
224,9,0.189
224,10,0.049
224,11,0.169
224,12,0.252
224,13,0.124
224,14,0.158
224,15,0.251
224,16,0.121
224,17,0.157
224,18,0.403
224,19,0.158
224,20,0.066
224,21,0.192
224,22,0.469
224,23,0.091
224,24,0.191
224,25,0.353
224,26,0.051
224,27,0.38
224,28,0.204
224,29,0.327
224,30,2.006
224,31,0.534
224,32,0.208
224,33,0.243
224,34,0.169
224,35,0.496
224,36,0.726
224,37,1.632
224,38,1.897
224,39,0.375
224,40,0.632
224,41,0.806
224,42,0.519
224,43,2.49
224,44,1.566
224,45,0.313
224,46,0.236
224,47,1.897
224,48,0.863
225,1,0.955
225,2,0.219
225,3,0.181
225,4,0.12
225,5,0.198
225,6,0.079
225,7,0.052
225,8,0.196
225,9,0.072
225,10,0.071
225,11,0.304
225,12,0.138
225,13,0.13
225,14,0.281
225,15,0.063
225,16,0.066
225,17,0.245
225,18,0.371
225,19,0.281
225,20,0.097
225,21,0.08
225,22,0.192
225,23,0.214
225,24,0.376
225,25,0.45
225,26,0.637
225,27,0.302
225,28,0.809
225,29,0.061
225,30,0.779
225,31,0.276
225,32,0.056
225,33,0.121
225,34,0.193
225,35,0.059
225,36,0.132
225,37,0.163
225,38,0.064
225,39,0.141
225,40,0.142
225,41,0.093
225,42,0.818
225,43,0.318
225,44,0.312
225,45,0.422
225,46,0.383
225,47,0.283
225,48,0.256
226,1,0.177
226,2,0.129
226,3,0.262
226,4,0.134
226,5,0.071
226,6,0.197
226,7,0.06
226,8,0.097
226,9,0.16
226,10,0.05
226,11,0.206
226,12,0.211
226,13,0.137
226,14,0.211
226,15,0.145
226,16,0.123
226,17,0.215
226,18,0.317
226,19,0.436
226,20,0.172
226,21,0.047
226,22,0.099
226,23,0.182
226,24,0.058
226,25,0.168
226,26,0.153
226,27,0.057
226,28,0.631
226,29,0.19
226,30,0.062
226,31,0.163
226,32,0.473
226,33,1.889
226,34,2.024
226,35,1.604
226,36,0.746
226,37,0.765
226,38,0.727
226,39,0.677
226,40,0.573
226,41,0.251
226,42,0.151
226,43,0.316
226,44,0.579
226,45,0.25
226,46,0.246
226,47,0.303
226,48,0.431
227,1,0.232
227,2,0.077
227,3,0.194
227,4,0.087
227,5,0.059
227,6,0.227
227,7,0.121
227,8,0.119
227,9,0.173
227,10,0.048
227,11,0.205
227,12,0.211
227,13,0.127
227,14,0.219
227,15,0.114
227,16,0.057
227,17,0.467
227,18,0.174
227,19,0.127
227,20,0.148
227,21,0.047
227,22,0.389
227,23,0.147
227,24,0.107
227,25,0.205
227,26,0.063
227,27,0.64
227,28,0.828
227,29,0.18
227,30,0.216
227,31,0.302
227,32,0.172
227,33,0.215
227,34,1.589
227,35,1.849
227,36,0.283
227,37,0.209
227,38,0.089
227,39,0.098
227,40,0.175
227,41,0.061
227,42,0.143
227,43,0.124
227,44,0.057
227,45,0.214
227,46,0.31
227,47,0.162
227,48,0.19
228,1,0.228
228,2,0.181
228,3,0.225
228,4,0.244
228,5,0.09
228,6,0.131
228,7,0.143
228,8,0.057
228,9,0.139
228,10,0.16
228,11,0.145
228,12,0.188
228,13,0.211
228,14,0.126
228,15,0.122
228,16,0.158
228,17,0.056
228,18,0.18
228,19,0.276
228,20,0.167
228,21,0.164
228,22,1.191
228,23,0.537
228,24,0.242
228,25,0.778
228,26,0.154
228,27,0.207
228,28,0.345
228,29,0.96
228,30,0.272
228,31,0.471
228,32,0.145
228,33,0.115
228,34,0.056
228,35,0.175
228,36,0.079
228,37,0.049
228,38,0.185
228,39,0.054
228,40,0.106
228,41,0.244
228,42,0.1
228,43,0.136
228,44,0.316
228,45,0.176
228,46,0.217
228,47,0.273
228,48,0.26
229,1,0.258
229,2,0.174
229,3,0.268
229,4,1.237
229,5,1.08
229,6,1.51
229,7,0.309
229,8,0.184
229,9,0.112
229,10,0.17
229,11,0.145
229,12,0.247
229,13,0.157
229,14,0.163
229,15,0.169
229,16,0.077
229,17,0.209
229,18,0.171
229,19,0.225
229,20,0.554
229,21,0.084
229,22,0.125
229,23,0.11
229,24,0.05
229,25,0.18
229,26,0.067
229,27,0.56
229,28,1.213
229,29,0.639
229,30,1.629
229,31,0.501
229,32,0.056
229,33,0.135
229,34,0.147
229,35,0.235
229,36,0.39
229,37,0.291
229,38,0.278
229,39,0.19
229,40,0.097
229,41,0.192
229,42,0.162
229,43,0.172
229,44,0.379
229,45,0.322
229,46,0.294
229,47,0.407
229,48,0.175
230,1,0.178
230,2,0.201
230,3,0.052
230,4,0.075
230,5,0.193
230,6,0.05
230,7,0.053
230,8,0.206
230,9,0.068
230,10,0.057
230,11,0.278
230,12,0.161
230,13,0.126
230,14,0.234
230,15,0.116
230,16,0.077
230,17,0.222
230,18,0.143
230,19,0.5
230,20,0.814
230,21,0.972
230,22,1.042
230,23,0.861
230,24,0.687
230,25,0.806
230,26,1.305
230,27,0.733
230,28,1.865
230,29,2.012
230,30,0.955
230,31,0.077
230,32,0.177
230,33,0.727
230,34,0.372
230,35,0.247
230,36,0.388
230,37,0.324
230,38,0.251
230,39,0.19
230,40,0.106
230,41,0.198
230,42,0.231
230,43,0.211
230,44,0.302
230,45,0.37
230,46,0.3
230,47,0.409
230,48,0.396
231,1,0.263
231,2,0.212
231,3,0.193
231,4,0.127
231,5,0.22
231,6,0.201
231,7,0.127
231,8,0.214
231,9,0.202
231,10,0.126
231,11,0.309
231,12,0.25
231,13,0.186
231,14,0.29
231,15,0.116
231,16,0.054
231,17,0.159
231,18,0.13
231,19,0.298
231,20,0.191
231,21,0.277
231,22,0.215
231,23,0.209
231,24,0.204
231,25,0.061
231,26,1.279
231,27,0.52
231,28,0.261
231,29,0.197
231,30,0.078
231,31,0.084
231,32,0.192
231,33,0.062
231,34,0.11
231,35,0.164
231,36,0.061
231,37,0.148
231,38,0.241
231,39,0.105
231,40,0.39
231,41,0.231
231,42,0.23
231,43,0.322
231,44,0.469
231,45,0.339
231,46,0.257
231,47,0.357
231,48,0.24
232,1,0.163
232,2,0.268
232,3,0.227
232,4,0.148
232,5,0.285
232,6,0.223
232,7,0.177
232,8,0.208
232,9,0.116
232,10,0.061
232,11,0.253
232,12,0.195
232,13,0.13
232,14,0.21
232,15,0.146
232,16,0.071
232,17,0.192
232,18,0.196
232,19,0.112
232,20,0.173
232,21,0.514
232,22,0.056
232,23,0.089
232,24,0.632
232,25,1.0
232,26,0.486
232,27,0.683
232,28,1.174
232,29,0.704
232,30,0.597
232,31,0.074
232,32,0.585
232,33,0.251
232,34,0.053
232,35,0.145
232,36,0.155
232,37,0.104
232,38,0.202
232,39,0.151
232,40,0.177
232,41,0.303
232,42,0.438
232,43,0.279
232,44,0.589
232,45,0.31
232,46,0.451
232,47,0.264
232,48,0.143
233,1,0.206
233,2,0.175
233,3,0.282
233,4,0.123
233,5,0.076
233,6,0.197
233,7,0.056
233,8,0.126
233,9,0.141
233,10,0.056
233,11,0.27
233,12,0.14
233,13,0.135
233,14,0.248
233,15,0.084
233,16,0.164
233,17,0.221
233,18,0.067
233,19,0.121
233,20,0.133
233,21,0.387
233,22,0.159
233,23,0.054
233,24,0.181
233,25,0.081
233,26,0.081
233,27,0.224
233,28,0.716
233,29,0.551
233,30,0.537
233,31,0.058
233,32,0.345
233,33,0.096
233,34,0.125
233,35,0.128
233,36,1.508
233,37,0.836
233,38,1.088
233,39,0.14
233,40,0.159
233,41,0.056
233,42,0.129
233,43,0.115
233,44,0.078
233,45,0.311
233,46,0.263
233,47,0.231
233,48,0.443
234,1,0.18
234,2,0.055
234,3,0.203
234,4,0.07
234,5,0.066
234,6,0.178
234,7,0.104
234,8,0.144
234,9,0.154
234,10,0.049
234,11,0.189
234,12,0.212
234,13,0.123
234,14,0.181
234,15,0.15
234,16,0.053
234,17,0.11
234,18,0.136
234,19,0.548
234,20,0.3
234,21,0.292
234,22,0.521
234,23,0.249
234,24,0.276
234,25,0.26
234,26,0.676
234,27,0.911
234,28,0.568
234,29,0.339
234,30,0.58
234,31,0.13
234,32,0.065
234,33,0.171
234,34,0.114
234,35,0.065
234,36,0.177
234,37,0.083
234,38,0.149
234,39,0.355
234,40,0.114
234,41,0.057
234,42,0.161
234,43,0.104
234,44,0.099
234,45,0.762
234,46,0.551
234,47,0.53
234,48,0.597
235,1,0.387
235,2,0.148
235,3,0.211
235,4,0.178
235,5,0.088
235,6,0.141
235,7,0.109
235,8,0.058
235,9,0.154
235,10,0.117
235,11,0.153
235,12,0.225
235,13,0.195
235,14,0.129
235,15,0.211
235,16,0.195
235,17,0.21
235,18,0.243
235,19,0.127
235,20,0.051
235,21,0.136
235,22,1.695
235,23,0.301
235,24,0.181
235,25,0.06
235,26,0.449
235,27,0.346
235,28,0.056
235,29,0.108
235,30,0.156
235,31,0.048
235,32,0.106
235,33,0.133
235,34,0.047
235,35,0.125
235,36,0.123
235,37,0.056
235,38,0.195
235,39,0.068
235,40,0.314
235,41,0.212
235,42,0.099
235,43,0.258
235,44,0.335
235,45,0.198
235,46,0.266
235,47,0.193
235,48,0.071
236,1,0.173
236,2,0.111
236,3,0.066
236,4,0.286
236,5,0.192
236,6,0.175
236,7,0.313
236,8,0.136
236,9,0.044
236,10,0.186
236,11,0.138
236,12,0.123
236,13,0.262
236,14,0.131
236,15,0.065
236,16,0.182
236,17,0.073
236,18,0.053
236,19,0.328
236,20,0.339
236,21,0.047
236,22,0.17
236,23,0.082
236,24,0.054
236,25,0.188
236,26,0.083
236,27,0.058
236,28,1.358
236,29,2.095
236,30,1.206
236,31,0.304
236,32,0.054
236,33,0.161
236,34,0.107
236,35,0.051
236,36,0.147
236,37,0.16
236,38,0.102
236,39,0.175
236,40,0.162
236,41,0.461
236,42,0.189
236,43,0.107
236,44,0.127
236,45,0.335
236,46,0.208
236,47,0.269
236,48,0.401
237,1,0.245
237,2,0.13
237,3,0.265
237,4,0.123
237,5,0.121
237,6,0.185
237,7,0.065
237,8,0.046
237,9,0.157
237,10,0.085
237,11,0.147
237,12,0.223
237,13,0.167
237,14,0.123
237,15,0.184
237,16,0.181
237,17,0.251
237,18,0.173
237,19,0.075
237,20,0.368
237,21,0.162
237,22,0.055
237,23,0.108
237,24,0.161
237,25,0.057
237,26,0.097
237,27,0.343
237,28,0.477
237,29,1.351
237,30,0.901
237,31,1.31
237,32,1.499
237,33,1.313
237,34,0.478
237,35,0.39
237,36,0.142
237,37,1.858
237,38,1.283
237,39,0.451
237,40,0.114
237,41,0.242
237,42,0.128
237,43,0.108
237,44,0.244
237,45,0.133
237,46,0.281
237,47,0.418
237,48,0.228
238,1,0.245
238,2,0.29
238,3,0.238
238,4,0.18
238,5,0.248
238,6,0.244
238,7,0.174
238,8,0.232
238,9,0.283
238,10,0.183
238,11,0.29
238,12,0.355
238,13,0.185
238,14,0.183
238,15,0.237
238,16,0.143
238,17,0.073
238,18,0.307
238,19,0.15
238,20,0.064
238,21,0.063
238,22,0.57
238,23,0.121
238,24,0.062
238,25,0.746
238,26,0.24
238,27,0.458
238,28,1.026
238,29,1.434
238,30,0.793
238,31,0.485
238,32,0.2
238,33,0.649
238,34,0.832
238,35,0.399
238,36,0.407
238,37,0.186
238,38,0.142
238,39,0.236
238,40,0.108
238,41,0.138
238,42,0.212
238,43,0.156
238,44,0.301
238,45,0.355
238,46,0.264
238,47,0.333
238,48,0.353
239,1,0.35
239,2,0.336
239,3,0.213
239,4,0.122
239,5,0.183
239,6,0.193
239,7,0.048
239,8,0.116
239,9,0.118
239,10,0.048
239,11,0.239
239,12,0.185
239,13,0.125
239,14,0.212
239,15,0.116
239,16,0.055
239,17,0.142
239,18,0.12
239,19,0.059
239,20,0.453
239,21,0.171
239,22,0.046
239,23,0.305
239,24,0.169
239,25,0.05
239,26,0.498
239,27,0.866
239,28,0.833
239,29,1.235
239,30,0.935
239,31,0.207
239,32,0.198
239,33,0.086
239,34,0.103
239,35,0.15
239,36,0.38
239,37,0.22
239,38,0.076
239,39,0.121
239,40,0.223
239,41,0.107
239,42,0.17
239,43,0.371
239,44,0.361
239,45,0.52
239,46,0.446
239,47,0.454
239,48,0.571
240,1,0.224
240,2,0.168
240,3,0.296
240,4,0.121
240,5,0.106
240,6,0.198
240,7,0.067
240,8,0.055
240,9,0.2
240,10,0.069
240,11,0.14
240,12,0.27
240,13,0.124
240,14,0.123
240,15,0.195
240,16,0.099
240,17,0.124
240,18,0.342
240,19,0.05
240,20,0.069
240,21,0.197
240,22,0.311
240,23,0.124
240,24,0.125
240,25,0.057
240,26,0.655
240,27,0.45
240,28,0.424
240,29,0.645
240,30,0.291
240,31,0.164
240,32,0.112
240,33,0.053
240,34,0.193
240,35,0.058
240,36,0.491
240,37,0.235
240,38,0.106
240,39,0.177
240,40,0.18
240,41,0.121
240,42,0.435
240,43,0.341
240,44,0.325
240,45,0.362
240,46,0.174
240,47,0.277
240,48,0.537
388,1,0.203
388,2,0.252
388,3,0.22
388,4,0.175
388,5,0.106
388,6,0.106
388,7,0.228
388,8,0.113
388,9,0.111
388,10,0.134
388,11,0.091
388,12,0.062
388,13,0.051
388,14,0.171
388,15,0.05
388,16,0.24
388,17,0.263
388,18,0.288
388,19,0.208
388,20,0.142
388,21,0.625
388,22,0.063
388,23,0.36
388,24,0.484
388,25,0.371
388,26,0.527
388,27,0.705
388,28,1.041
388,29,0.437
388,30,0.404
388,31,1.066
388,32,1.599
388,33,1.514
388,34,0.295
388,35,0.043
388,36,0.076
388,37,0.237
388,38,0.117
388,39,0.19
388,40,0.252
388,41,0.268
388,42,0.201
388,43,0.201
388,44,0.308
388,45,0.163
388,46,0.148
388,47,0.168
388,48,0.191
389,1,0.1
389,2,0.106
389,3,0.193
389,4,0.143
389,5,0.106
389,6,0.106
389,7,0.229
389,8,0.07
389,9,0.045
389,10,0.048
389,11,0.139
389,12,0.033
389,13,0.044
389,14,0.06
389,15,0.217
389,16,0.224
389,17,0.496
389,18,0.255
389,19,0.224
389,20,0.132
389,21,0.037
389,22,0.649
389,23,1.439
389,24,0.138
389,25,0.136
389,26,0.11
389,27,0.049
389,28,1.922
389,29,1.746
389,30,0.412
389,31,0.827
389,32,0.756
389,33,0.41
389,34,1.677
389,35,0.34
389,36,0.491
389,37,0.265
389,38,0.269
389,39,0.401
389,40,0.327
389,41,0.315
389,42,0.446
389,43,0.373
389,44,0.392
389,45,0.473
389,46,0.257
389,47,0.12
389,48,0.152
390,1,0.273
390,2,0.169
390,3,0.153
390,4,0.223
390,5,0.066
390,6,0.101
390,7,0.158
390,8,0.11
390,9,0.048
390,10,0.048
390,11,0.167
390,12,0.048
390,13,0.048
390,14,0.122
390,15,0.101
390,16,0.053
390,17,0.041
390,18,0.167
390,19,0.037
390,20,0.047
390,21,0.131
390,22,0.122
390,23,0.428
390,24,0.142
390,25,0.073
390,26,0.05
390,27,0.101
390,28,0.11
390,29,0.043
390,30,0.179
390,31,0.26
390,32,0.047
390,33,0.049
390,34,0.165
390,35,0.054
390,36,0.135
390,37,0.575
390,38,0.268
390,39,0.301
390,40,0.192
390,41,0.286
390,42,0.177
390,43,0.169
390,44,0.248
390,45,0.169
390,46,0.294
390,47,0.295
390,48,0.41
391,1,0.324
391,2,0.262
391,3,0.23
391,4,0.145
391,5,0.131
391,6,0.146
391,7,0.204
391,8,0.119
391,9,0.131
391,10,0.229
391,11,0.139
391,12,0.128
391,13,0.147
391,14,0.216
391,15,0.072
391,16,0.094
391,17,0.142
391,18,0.15
391,19,0.101
391,20,0.684
391,21,0.256
391,22,2.702
391,23,0.157
391,24,0.128
391,25,0.091
391,26,0.047
391,27,0.489
391,28,0.159
391,29,0.052
391,30,0.04
391,31,0.333
391,32,0.264
391,33,0.048
391,34,0.088
391,35,0.102
391,36,0.492
391,37,0.477
391,38,0.261
391,39,0.331
391,40,0.321
391,41,0.265
391,42,0.259
391,43,0.449
391,44,0.416
391,45,0.308
391,46,0.221
391,47,1.701
391,48,0.999
392,1,0.21
392,2,0.2
392,3,0.2
392,4,0.131
392,5,0.091
392,6,0.193
392,7,0.12
392,8,0.104
392,9,0.104
392,10,0.202
392,11,0.117
392,12,0.104
392,13,0.094
392,14,0.151
392,15,0.147
392,16,0.088
392,17,0.214
392,18,0.75
392,19,1.967
392,20,0.842
392,21,0.347
392,22,0.263
392,23,2.035
392,24,1.555
392,25,1.077
392,26,0.048
392,27,0.059
392,28,0.373
392,29,0.12
392,30,0.323
392,31,0.866
392,32,0.526
392,33,0.384
392,34,0.922
392,35,0.546
392,36,0.522
392,37,0.696
392,38,0.872
392,39,0.531
392,40,0.596
392,41,0.513
392,42,0.336
392,43,0.48
392,44,0.373
392,45,0.155
392,46,0.263
392,47,0.104
392,48,0.096
393,1,0.211
393,2,0.118
393,3,0.108
393,4,0.179
393,5,0.157
393,6,0.109
393,7,0.115
393,8,0.231
393,9,0.107
393,10,0.102
393,11,0.164
393,12,0.156
393,13,0.107
393,14,0.107
393,15,0.221
393,16,0.291
393,17,0.356
393,18,0.206
393,19,0.234
393,20,0.466
393,21,0.15
393,22,0.042
393,23,0.142
393,24,0.085
393,25,0.052
393,26,0.123
393,27,0.577
393,28,0.71
393,29,0.869
393,30,0.196
393,31,0.322
393,32,0.127
393,33,0.041
393,34,0.231
393,35,0.602
393,36,0.633
393,37,0.558
393,38,0.361
393,39,0.513
393,40,0.175
393,41,0.093
393,42,0.07
393,43,0.124
393,44,0.126
393,45,0.056
393,46,0.422
393,47,0.275
393,48,0.257
394,1,0.213
394,2,0.255
394,3,0.166
394,4,0.137
394,5,0.223
394,6,0.069
394,7,0.043
394,8,0.076
394,9,0.148
394,10,0.049
394,11,0.049
394,12,0.146
394,13,0.064
394,14,0.035
394,15,0.068
394,16,0.137
394,17,0.195
394,18,0.317
394,19,0.386
394,20,0.182
394,21,0.053
394,22,0.242
394,23,0.438
394,24,0.044
394,25,0.84
394,26,1.33
394,27,0.389
394,28,0.759
394,29,1.0
394,30,1.22
394,31,0.607
394,32,0.138
394,33,2.004
394,34,1.185
394,35,0.724
394,36,0.432
394,37,0.189
394,38,0.28
394,39,0.22
394,40,0.215
394,41,0.175
394,42,0.29
394,43,0.19
394,44,0.173
394,45,0.171
394,46,0.268
394,47,0.103
394,48,0.193
395,1,0.251
395,2,0.32
395,3,0.102
395,4,0.114
395,5,0.113
395,6,0.219
395,7,0.052
395,8,0.052
395,9,0.046
395,10,0.158
395,11,0.044
395,12,0.052
395,13,0.052
395,14,0.171
395,15,0.069
395,16,0.113
395,17,0.245
395,18,0.289
395,19,0.21
395,20,0.349
395,21,0.465
395,22,0.079
395,23,0.056
395,24,0.166
395,25,0.332
395,26,0.415
395,27,0.062
395,28,0.052
395,29,0.164
395,30,0.069
395,31,0.052
395,32,0.051
395,33,0.065
395,34,2.212
395,35,0.196
395,36,0.189
395,37,0.372
395,38,0.393
395,39,0.335
395,40,0.613
395,41,0.393
395,42,0.145
395,43,0.113
395,44,0.231
395,45,0.102
395,46,0.116
395,47,0.167
395,48,0.185
396,1,0.125
396,2,0.126
396,3,0.232
396,4,0.327
396,5,0.138
396,6,0.142
396,7,0.208
396,8,0.107
396,9,0.046
396,10,0.118
396,11,0.106
396,12,0.033
396,13,0.027
396,14,0.128
396,15,0.08
396,16,0.079
396,17,0.217
396,18,0.542
396,19,0.204
396,20,0.128
396,21,0.037
396,22,0.825
396,23,1.223
396,24,0.05
396,25,0.178
396,26,0.151
396,27,1.616
396,28,0.588
396,29,1.354
396,30,0.852
396,31,0.77
396,32,0.758
396,33,0.749
396,34,0.73
396,35,1.723
396,36,1.328
396,37,1.236
396,38,1.109
396,39,1.201
396,40,1.169
396,41,1.13
396,42,0.963
396,43,1.112
396,44,1.0
396,45,0.568
396,46,0.542
396,47,0.316
396,48,0.299
397,1,0.249
397,2,0.285
397,3,0.224
397,4,0.107
397,5,0.105
397,6,0.233
397,7,0.115
397,8,0.114
397,9,0.199
397,10,0.153
397,11,0.12
397,12,0.125
397,13,0.173
397,14,0.05
397,15,0.071
397,16,0.178
397,17,0.249
397,18,0.183
397,19,0.169
397,20,0.408
397,21,0.44
397,22,0.167
397,23,2.176
397,24,1.02
397,25,0.724
397,26,0.158
397,27,0.054
397,28,0.047
397,29,0.133
397,30,0.674
397,31,1.099
397,32,0.371
397,33,0.362
397,34,0.05
397,35,0.086
397,36,0.464
397,37,0.23
397,38,0.242
397,39,0.322
397,40,0.213
397,41,0.211
397,42,0.313
397,43,0.254
397,44,0.215
397,45,0.211
397,46,0.3
397,47,0.213
397,48,0.178
398,1,0.617
398,2,0.334
398,3,0.299
398,4,0.199
398,5,0.227
398,6,0.109
398,7,0.079
398,8,0.094
398,9,0.126
398,10,0.038
398,11,0.034
398,12,0.121
398,13,0.09
398,14,0.048
398,15,0.048
398,16,0.152
398,17,0.109
398,18,0.441
398,19,0.194
398,20,0.573
398,21,0.052
398,22,0.052
398,23,0.138
398,24,0.087
398,25,0.408
398,26,0.88
398,27,0.609
398,28,0.877
398,29,2.147
398,30,1.902
398,31,0.09
398,32,0.181
398,33,0.067
398,34,0.156
398,35,0.094
398,36,0.376
398,37,0.525
398,38,0.411
398,39,0.412
398,40,0.508
398,41,0.44
398,42,0.409
398,43,0.448
398,44,0.467
398,45,0.501
398,46,0.528
398,47,0.621
398,48,0.523
399,1,0.517
399,2,0.143
399,3,0.26
399,4,0.153
399,5,0.116
399,6,0.164
399,7,0.191
399,8,0.111
399,9,0.11
399,10,0.178
399,11,0.137
399,12,0.108
399,13,0.109
399,14,0.231
399,15,0.113
399,16,0.112
399,17,0.262
399,18,1.66
399,19,2.914
399,20,0.183
399,21,0.086
399,22,0.135
399,23,0.05
399,24,0.05
399,25,0.133
399,26,0.298
399,27,0.043
399,28,0.168
399,29,1.043
399,30,1.917
399,31,0.936
399,32,0.577
399,33,0.051
399,34,0.17
399,35,0.061
399,36,0.106
399,37,0.195
399,38,0.158
399,39,0.114
399,40,0.115
399,41,0.278
399,42,0.196
399,43,0.19
399,44,0.189
399,45,0.101
399,46,0.054
399,47,0.055
399,48,0.163
400,1,0.068
400,2,0.15
400,3,0.154
400,4,0.276
400,5,0.108
400,6,0.107
400,7,0.108
400,8,0.24
400,9,0.057
400,10,0.046
400,11,0.03
400,12,0.165
400,13,0.08
400,14,0.196
400,15,0.655
400,16,3.659
400,17,0.876
400,18,0.039
400,19,0.032
400,20,0.176
400,21,0.051
400,22,0.047
400,23,0.048
400,24,0.156
400,25,0.077
400,26,0.031
400,27,0.032
400,28,0.129
400,29,0.094
400,30,0.047
400,31,0.047
400,32,0.117
400,33,0.101
400,34,0.027
400,35,0.043
400,36,0.079
400,37,0.143
400,38,0.724
400,39,0.739
400,40,0.572
400,41,0.549
400,42,0.594
400,43,0.977
400,44,0.541
400,45,0.578
400,46,0.641
400,47,0.386
400,48,0.37
401,1,0.448
401,2,0.177
401,3,0.154
401,4,0.117
401,5,0.22
401,6,0.097
401,7,0.09
401,8,0.181
401,9,0.157
401,10,0.108
401,11,0.108
401,12,0.204
401,13,0.112
401,14,0.097
401,15,0.107
401,16,0.214
401,17,0.234
401,18,0.207
401,19,0.189
401,20,0.574
401,21,0.048
401,22,0.305
401,23,0.878
401,24,1.449
401,25,2.478
401,26,0.665
401,27,0.528
401,28,0.251
401,29,0.817
401,30,0.241
401,31,0.155
401,32,0.446
401,33,0.486
401,34,0.11
401,35,0.112
401,36,0.426
401,37,0.367
401,38,0.421
401,39,0.372
401,40,0.474
401,41,0.351
401,42,0.352
401,43,0.277
401,44,0.299
401,45,0.23
401,46,0.233
401,47,0.297
401,48,0.275
402,1,0.231
402,2,0.233
402,3,0.365
402,4,0.305
402,5,0.183
402,6,0.185
402,7,0.26
402,8,0.116
402,9,0.13
402,10,0.116
402,11,0.229
402,12,0.12
402,13,0.127
402,14,0.125
402,15,0.233
402,16,0.115
402,17,0.23
402,18,0.221
402,19,0.381
402,20,0.345
402,21,0.207
402,22,0.501
402,23,0.988
402,24,0.273
402,25,0.358
402,26,1.859
402,27,0.356
402,28,0.859
402,29,0.118
402,30,0.071
402,31,0.055
402,32,0.177
402,33,0.381
402,34,0.281
402,35,0.088
402,36,0.283
402,37,1.945
402,38,1.327
402,39,1.608
402,40,0.375
402,41,0.219
402,42,0.322
402,43,0.239
402,44,0.21
402,45,0.28
402,46,0.222
402,47,0.198
402,48,0.18
403,1,0.268
403,2,0.154
403,3,0.119
403,4,0.137
403,5,0.211
403,6,0.106
403,7,0.105
403,8,0.178
403,9,0.15
403,10,0.117
403,11,0.106
403,12,0.196
403,13,0.104
403,14,0.097
403,15,0.106
403,16,0.214
403,17,0.223
403,18,0.357
403,19,0.259
403,20,0.228
403,21,0.049
403,22,1.124
403,23,0.813
403,24,0.04
403,25,0.294
403,26,1.356
403,27,1.25
403,28,0.387
403,29,0.169
403,30,0.06
403,31,0.051
403,32,0.064
403,33,0.154
403,34,0.05
403,35,0.049
403,36,0.112
403,37,0.093
403,38,0.049
403,39,0.038
403,40,0.239
403,41,0.489
403,42,1.411
403,43,1.568
403,44,1.708
403,45,1.411
403,46,1.48
403,47,1.638
403,48,1.472
404,1,0.591
404,2,0.266
404,3,0.356
404,4,0.221
404,5,0.222
404,6,0.202
404,7,0.281
404,8,0.169
404,9,0.168
404,10,0.168
404,11,0.269
404,12,0.172
404,13,0.119
404,14,0.055
404,15,0.136
404,16,0.095
404,17,0.511
404,18,0.201
404,19,0.187
404,20,0.384
404,21,0.159
404,22,0.245
404,23,0.276
404,24,0.084
404,25,0.084
404,26,0.133
404,27,0.048
404,28,0.748
404,29,1.347
404,30,0.812
404,31,0.46
404,32,0.113
404,33,0.152
404,34,0.897
404,35,1.421
404,36,1.834
404,37,0.541
404,38,0.472
404,39,0.462
404,40,0.547
404,41,0.489
404,42,0.471
404,43,0.47
404,44,0.531
404,45,0.399
404,46,0.398
404,47,0.388
404,48,0.571
405,1,0.156
405,2,0.158
405,3,0.137
405,4,0.214
405,5,0.107
405,6,0.103
405,7,0.09
405,8,0.167
405,9,0.163
405,10,0.108
405,11,0.108
405,12,0.108
405,13,0.211
405,14,0.087
405,15,0.101
405,16,0.106
405,17,0.267
405,18,0.283
405,19,0.386
405,20,0.441
405,21,0.108
405,22,0.381
405,23,0.309
405,24,0.303
405,25,0.354
405,26,0.343
405,27,0.724
405,28,0.464
405,29,0.543
405,30,1.737
405,31,0.526
405,32,0.21
405,33,0.102
405,34,0.137
405,35,0.063
405,36,0.305
405,37,0.29
405,38,0.282
405,39,0.276
405,40,0.385
405,41,0.481
405,42,0.491
405,43,0.49
405,44,0.877
405,45,0.43
405,46,0.419
405,47,0.423
405,48,0.543
406,1,0.314
406,2,0.12
406,3,0.103
406,4,0.207
406,5,0.085
406,6,0.108
406,7,0.105
406,8,0.141
406,9,0.177
406,10,0.115
406,11,0.091
406,12,0.09
406,13,0.046
406,14,0.159
406,15,0.065
406,16,0.103
406,17,0.208
406,18,2.898
406,19,3.132
406,20,0.145
406,21,0.047
406,22,0.4
406,23,0.158
406,24,0.048
406,25,0.114
406,26,0.329
406,27,1.634
406,28,1.219
406,29,0.803
406,30,0.427
406,31,0.189
406,32,0.051
406,33,0.228
406,34,0.446
406,35,0.775
406,36,0.58
406,37,0.3
406,38,0.344
406,39,0.263
406,40,0.176
406,41,0.183
406,42,0.389
406,43,0.838
406,44,0.376
406,45,0.178
406,46,0.285
406,47,0.28
406,48,0.229
407,1,0.18
407,2,0.135
407,3,0.193
407,4,0.105
407,5,0.057
407,6,0.046
407,7,0.16
407,8,0.044
407,9,0.033
407,10,0.04
407,11,0.141
407,12,0.065
407,13,0.043
407,14,0.043
407,15,0.079
407,16,0.116
407,17,0.201
407,18,0.194
407,19,0.357
407,20,0.813
407,21,0.047
407,22,0.049
407,23,0.133
407,24,0.366
407,25,0.263
407,26,0.048
407,27,0.124
407,28,0.078
407,29,0.04
407,30,0.387
407,31,0.249
407,32,0.048
407,33,0.049
407,34,0.163
407,35,0.048
407,36,0.121
407,37,0.413
407,38,0.468
407,39,0.474
407,40,0.46
407,41,0.579
407,42,0.446
407,43,0.886
407,44,0.677
407,45,0.604
407,46,0.536
407,47,0.433
407,48,0.539
408,1,0.436
408,2,0.238
408,3,0.112
408,4,0.188
408,5,0.089
408,6,0.114
408,7,0.077
408,8,0.152
408,9,0.043
408,10,0.064
408,11,0.044
408,12,0.14
408,13,0.029
408,14,0.039
408,15,0.043
408,16,0.055
408,17,0.276
408,18,0.163
408,19,0.342
408,20,0.127
408,21,0.143
408,22,0.371
408,23,0.341
408,24,0.118
408,25,0.264
408,26,0.45
408,27,0.053
408,28,1.07
408,29,1.453
408,30,1.234
408,31,0.737
408,32,0.76
408,33,1.419
408,34,1.751
408,35,0.548
408,36,1.802
408,37,1.447
408,38,1.022
408,39,0.63
408,40,0.741
408,41,0.56
408,42,0.103
408,43,0.258
408,44,0.34
408,45,0.399
408,46,0.295
408,47,0.294
408,48,0.43
409,1,0.298
409,2,0.317
409,3,0.282
409,4,0.29
409,5,0.157
409,6,0.107
409,7,0.097
409,8,0.224
409,9,0.098
409,10,0.089
409,11,0.081
409,12,0.214
409,13,0.096
409,14,0.048
409,15,0.044
409,16,0.156
409,17,0.198
409,18,0.209
409,19,0.435
409,20,0.453
409,21,0.102
409,22,0.064
409,23,0.062
409,24,0.17
409,25,0.052
409,26,0.051
409,27,0.944
409,28,0.641
409,29,2.028
409,30,1.715
409,31,1.363
409,32,3.153
409,33,1.36
409,34,1.414
409,35,1.713
409,36,1.691
409,37,1.298
409,38,0.215
409,39,0.082
409,40,0.652
409,41,0.284
409,42,0.243
409,43,0.323
409,44,0.376
409,45,0.306
409,46,0.327
409,47,0.429
409,48,0.313
410,1,0.336
410,2,0.335
410,3,0.166
410,4,0.158
410,5,0.224
410,6,0.175
410,7,0.132
410,8,0.14
410,9,0.246
410,10,0.116
410,11,0.115
410,12,0.143
410,13,0.202
410,14,0.112
410,15,0.105
410,16,0.168
410,17,0.266
410,18,0.554
410,19,2.658
410,20,1.494
410,21,0.751
410,22,1.09
410,23,0.905
410,24,2.551
410,25,1.202
410,26,1.965
410,27,0.465
410,28,0.545
410,29,0.495
410,30,0.463
410,31,0.803
410,32,1.63
410,33,1.226
410,34,1.212
410,35,2.634
410,36,2.448
410,37,0.42
410,38,0.319
410,39,0.317
410,40,0.604
410,41,0.444
410,42,0.339
410,43,0.379
410,44,0.443
410,45,0.358
410,46,0.429
410,47,0.707
410,48,0.346
411,1,0.309
411,2,0.384
411,3,0.233
411,4,0.122
411,5,0.11
411,6,0.205
411,7,0.146
411,8,0.119
411,9,0.12
411,10,0.238
411,11,0.095
411,12,0.059
411,13,0.101
411,14,0.136
411,15,0.049
411,16,0.046
411,17,0.228
411,18,0.254
411,19,0.223
411,20,1.742
411,21,1.976
411,22,0.408
411,23,0.199
411,24,0.179
411,25,0.05
411,26,0.072
411,27,0.215
411,28,0.066
411,29,1.238
411,30,2.337
411,31,0.37
411,32,0.367
411,33,0.116
411,34,1.021
411,35,0.591
411,36,0.15
411,37,0.166
411,38,0.529
411,39,0.425
411,40,0.421
411,41,0.396
411,42,0.399
411,43,0.7
411,44,0.511
411,45,0.368
411,46,0.381
411,47,0.435
411,48,0.464
412,1,0.23
412,2,0.168
412,3,0.282
412,4,0.125
412,5,0.1
412,6,0.134
412,7,0.225
412,8,0.117
412,9,0.116
412,10,0.183
412,11,0.169
412,12,0.097
412,13,0.104
412,14,0.213
412,15,0.133
412,16,0.114
412,17,0.2
412,18,2.392
412,19,0.68
412,20,1.577
412,21,0.499
412,22,0.54
412,23,3.074
412,24,1.142
412,25,1.14
412,26,0.15
412,27,0.08
412,28,0.046
412,29,0.12
412,30,0.124
412,31,0.059
412,32,0.059
412,33,0.191
412,34,0.054
412,35,0.047
412,36,0.108
412,37,0.443
412,38,0.509
412,39,1.374
412,40,0.592
412,41,0.372
412,42,0.312
412,43,0.46
412,44,0.353
412,45,0.346
412,46,0.731
412,47,0.368
412,48,0.356
413,1,0.253
413,2,0.211
413,3,0.159
413,4,0.127
413,5,0.177
413,6,0.05
413,7,0.039
413,8,0.113
413,9,0.097
413,10,0.05
413,11,0.05
413,12,0.171
413,13,0.059
413,14,0.041
413,15,0.032
413,16,0.217
413,17,0.11
413,18,0.295
413,19,1.041
413,20,0.19
413,21,0.109
413,22,0.494
413,23,0.822
413,24,2.166
413,25,0.383
413,26,0.084
413,27,0.054
413,28,0.123
413,29,0.119
413,30,0.049
413,31,0.045
413,32,0.172
413,33,0.046
413,34,0.053
413,35,0.131
413,36,0.105
413,37,0.254
413,38,0.294
413,39,0.318
413,40,0.208
413,41,0.499
413,42,0.27
413,43,0.182
413,44,0.307
413,45,0.36
413,46,0.425
413,47,0.338
413,48,0.171
414,1,0.176
414,2,0.163
414,3,0.08
414,4,0.07
414,5,0.209
414,6,0.136
414,7,0.103
414,8,0.092
414,9,0.227
414,10,0.109
414,11,0.121
414,12,0.109
414,13,0.205
414,14,0.04
414,15,0.035
414,16,0.067
414,17,0.197
414,18,0.243
414,19,0.499
414,20,0.993
414,21,0.31
414,22,0.033
414,23,0.11
414,24,0.109
414,25,2.169
414,26,1.168
414,27,0.804
414,28,1.747
414,29,4.26
414,30,1.994
414,31,0.229
414,32,0.476
414,33,2.392
414,34,3.108
414,35,3.196
414,36,1.674
414,37,1.194
414,38,0.306
414,39,0.768
414,40,0.482
414,41,0.379
414,42,0.369
414,43,0.5
414,44,0.387
414,45,0.368
414,46,0.731
414,47,0.428
414,48,0.32
415,1,0.17
415,2,0.249
415,3,0.134
415,4,0.115
415,5,0.128
415,6,0.255
415,7,0.1
415,8,0.096
415,9,0.165
415,10,0.187
415,11,0.059
415,12,0.05
415,13,0.141
415,14,0.091
415,15,0.094
415,16,0.096
415,17,0.23
415,18,0.273
415,19,3.866
415,20,0.545
415,21,0.247
415,22,0.045
415,23,0.163
415,24,1.262
415,25,0.436
415,26,0.612
415,27,0.519
415,28,0.678
415,29,1.122
415,30,1.357
415,31,1.126
415,32,0.052
415,33,0.171
415,34,0.066
415,35,0.415
415,36,0.186
415,37,0.505
415,38,0.75
415,39,2.025
415,40,1.455
415,41,1.21
415,42,1.067
415,43,0.701
415,44,0.598
415,45,0.879
415,46,0.726
415,47,0.529
415,48,0.498
