213,1,0.262
213,2,0.336
213,3,0.161
213,4,0.162
213,5,0.242
213,6,0.164
213,7,0.164
213,8,0.232
213,9,0.177
213,10,0.165
213,11,0.269
213,12,0.195
213,13,0.162
213,14,0.188
213,15,0.213
213,16,0.159
213,17,0.159
213,18,0.488
213,19,0.319
213,20,0.167
213,21,0.248
213,22,0.372
213,23,0.172
213,24,0.243
213,25,0.164
213,26,0.165
213,27,2.403
213,28,0.475
213,29,0.27
213,30,0.258
213,31,0.184
213,32,0.215
213,33,0.201
213,34,0.167
213,35,0.547
213,36,0.249
213,37,0.429
213,38,0.299
213,39,0.195
213,40,0.172
213,41,0.253
213,42,0.267
213,43,0.439
213,44,0.379
213,45,0.306
213,46,0.328
213,47,0.386
213,48,0.312
214,1,0.253
214,2,0.266
214,3,0.172
214,4,0.174
214,5,0.255
214,6,0.172
214,7,0.173
214,8,0.24
214,9,0.191
214,10,0.174
214,11,0.222
214,12,0.222
214,13,0.17
214,14,0.198
214,15,0.221
214,16,0.167
214,17,0.172
214,18,0.252
214,19,0.166
214,20,0.169
214,21,0.588
214,22,0.184
214,23,0.469
214,24,0.515
214,25,0.448
214,26,0.171
214,27,0.21
214,28,0.22
214,29,0.174
214,30,0.19
214,31,0.244
214,32,0.403
214,33,0.244
214,34,0.262
214,35,0.184
214,36,0.208
214,37,0.32
214,38,0.28
214,39,0.615
214,40,0.78
214,41,0.365
214,42,0.272
214,43,0.311
214,44,0.297
214,45,0.258
214,46,0.29
214,47,0.32
214,48,0.269
215,1,0.268
215,2,0.482
215,3,0.385
215,4,0.293
215,5,0.286
215,6,0.191
215,7,0.178
215,8,0.217
215,9,0.22
215,10,0.189
215,11,0.183
215,12,0.255
215,13,0.177
215,14,0.177
215,15,0.238
215,16,0.195
215,17,0.173
215,18,0.194
215,19,0.24
215,20,0.403
215,21,0.17
215,22,0.449
215,23,0.166
215,24,0.168
215,25,0.29
215,26,0.226
215,27,0.171
215,28,0.219
215,29,0.484
215,30,0.34
215,31,0.249
215,32,0.171
215,33,0.171
215,34,0.252
215,35,0.17
215,36,0.52
215,37,0.288
215,38,0.327
215,39,0.176
215,40,0.225
215,41,0.215
215,42,0.431
215,43,0.369
215,44,0.395
215,45,0.337
215,46,0.341
215,47,0.423
215,48,0.413
216,1,0.341
216,2,0.354
216,3,0.234
216,4,0.259
216,5,0.192
216,6,0.176
216,7,0.204
216,8,0.26
216,9,0.246
216,10,0.205
216,11,0.289
216,12,0.203
216,13,0.198
216,14,0.255
216,15,0.224
216,16,0.197
216,17,0.197
216,18,0.447
216,19,0.172
216,20,0.187
216,21,0.236
216,22,0.17
216,23,0.445
216,24,0.256
216,25,0.17
216,26,0.18
216,27,0.483
216,28,0.516
216,29,0.239
216,30,0.625
216,31,0.186
216,32,0.202
216,33,0.223
216,34,0.17
216,35,0.21
216,36,0.211
216,37,0.456
216,38,0.239
216,39,0.205
216,40,0.179
216,41,0.24
216,42,0.201
216,43,0.274
216,44,0.397
216,45,0.385
216,46,0.347
216,47,0.399
216,48,0.374
217,1,0.342
217,2,0.356
217,3,0.265
217,4,0.174
217,5,0.199
217,6,0.237
217,7,0.176
217,8,0.18
217,9,0.259
217,10,0.177
217,11,0.21
217,12,0.281
217,13,0.187
217,14,0.175
217,15,0.221
217,16,0.205
217,17,0.171
217,18,0.191
217,19,0.234
217,20,0.308
217,21,0.425
217,22,0.237
217,23,0.172
217,24,0.189
217,25,0.268
217,26,0.261
217,27,0.188
217,28,0.185
217,29,0.184
217,30,0.226
217,31,0.228
217,32,0.185
217,33,0.202
217,34,0.251
217,35,0.185
217,36,0.185
217,37,0.265
217,38,0.188
217,39,0.188
217,40,0.268
217,41,0.189
217,42,0.185
217,43,0.273
217,44,0.195
217,45,0.188
217,46,0.252
217,47,0.228
217,48,0.19
218,1,0.256
218,2,0.215
218,3,0.19
218,4,0.234
218,5,0.232
218,6,0.191
218,7,0.218
218,8,0.246
218,9,0.191
218,10,0.201
218,11,0.27
218,12,0.19
218,13,0.19
218,14,0.273
218,15,0.187
218,16,0.186
218,17,0.25
218,18,0.204
218,19,0.188
218,20,0.235
218,21,0.215
218,22,0.184
218,23,0.218
218,24,0.229
218,25,0.181
218,26,0.205
218,27,0.246
218,28,0.186
218,29,0.195
218,30,0.259
218,31,0.188
218,32,0.187
218,33,0.27
218,34,0.185
218,35,0.185
218,36,0.261
218,37,0.192
218,38,0.185
218,39,0.251
218,40,0.204
218,41,0.187
218,42,0.241
218,43,0.214
218,44,0.212
218,45,0.223
218,46,0.234
218,47,0.187
218,48,0.209
219,1,0.252
219,2,0.189
219,3,0.192
219,4,0.272
219,5,0.188
219,6,0.187
219,7,0.265
219,8,0.194
219,9,0.188
219,10,0.242
219,11,0.217
219,12,0.186
219,13,0.213
219,14,0.244
219,15,0.185
219,16,0.186
219,17,0.269
219,18,0.183
219,19,0.187
219,20,0.25
219,21,0.199
219,22,0.182
219,23,0.231
219,24,0.219
219,25,0.182
219,26,0.214
219,27,0.234
219,28,0.183
219,29,0.2
219,30,0.252
219,31,0.184
219,32,0.185
219,33,0.27
219,34,0.184
219,35,0.184
219,36,0.261
219,37,0.19
219,38,0.185
219,39,0.247
219,40,0.208
219,41,0.183
219,42,0.227
219,43,0.227
219,44,0.183
219,45,0.211
219,46,0.247
219,47,0.184
219,48,0.189
220,1,0.274
220,2,0.19
220,3,0.191
220,4,0.27
220,5,0.2
220,6,0.192
220,7,0.247
220,8,0.223
220,9,0.189
220,10,0.231
220,11,0.243
220,12,0.204
220,13,0.206
220,14,0.269
220,15,0.185
220,16,0.187
220,17,0.254
220,18,0.203
220,19,0.184
220,20,0.226
220,21,0.231
220,22,0.183
220,23,0.19
220,24,0.26
220,25,0.181
220,26,0.179
220,27,0.254
220,28,0.196
220,29,0.183
220,30,0.231
220,31,0.222
220,32,0.182
220,33,0.203
220,34,0.249
220,35,0.183
220,36,0.183
220,37,0.272
220,38,0.186
220,39,0.187
220,40,0.253
220,41,0.213
220,42,0.188
220,43,0.226
220,44,0.236
220,45,0.187
220,46,0.198
220,47,0.264
220,48,0.188
221,1,0.19
221,2,0.27
221,3,0.201
221,4,0.202
221,5,0.243
221,6,0.229
221,7,0.193
221,8,0.217
221,9,0.261
221,10,0.191
221,11,0.218
221,12,0.329
221,13,0.2
221,14,0.188
221,15,0.235
221,16,0.229
221,17,0.185
221,18,0.205
221,19,0.278
221,20,0.226
221,21,0.184
221,22,0.188
221,23,0.224
221,24,0.241
221,25,0.158
221,26,0.16
221,27,0.243
221,28,0.16
221,29,0.179
221,30,0.222
221,31,0.16
221,32,0.198
221,33,0.197
221,34,0.158
221,35,0.217
221,36,0.174
221,37,0.159
221,38,0.993
221,39,0.176
221,40,0.464
221,41,0.229
221,42,0.211
221,43,0.334
221,44,0.261
221,45,0.3
221,46,0.303
221,47,0.256
221,48,0.328
222,1,0.272
222,2,0.401
222,3,0.373
222,4,0.209
222,5,0.249
222,6,0.208
222,7,0.175
222,8,0.247
222,9,0.188
222,10,0.214
222,11,0.243
222,12,0.177
222,13,0.169
222,14,0.247
222,15,0.172
222,16,0.274
222,17,0.377
222,18,0.475
222,19,0.728
222,20,0.245
222,21,0.249
222,22,0.25
222,23,0.28
222,24,0.352
222,25,0.408
222,26,0.535
222,27,0.297
222,28,0.417
222,29,0.2
222,30,0.441
222,31,0.36
222,32,0.231
222,33,0.303
222,34,0.232
222,35,0.202
222,36,0.242
222,37,0.19
222,38,0.212
222,39,1.165
222,40,0.228
222,41,0.479
222,42,0.355
222,43,0.313
222,44,0.419
222,45,0.361
222,46,0.38
222,47,0.408
222,48,0.213
223,1,0.207
223,2,0.227
223,3,0.19
223,4,0.213
223,5,0.235
223,6,0.177
223,7,0.215
223,8,0.222
223,9,0.178
223,10,0.226
223,11,0.243
223,12,0.175
223,13,0.2
223,14,0.227
223,15,0.174
223,16,0.194
223,17,0.456
223,18,0.179
223,19,0.247
223,20,0.425
223,21,0.443
223,22,0.275
223,23,0.483
223,24,0.365
223,25,0.246
223,26,0.176
223,27,0.19
223,28,0.738
223,29,0.209
223,30,0.312
223,31,0.244
223,32,0.223
223,33,0.227
223,34,0.219
223,35,0.271
223,36,0.501
223,37,0.221
223,38,0.49
223,39,0.216
223,40,0.244
223,41,0.34
223,42,0.317
223,43,0.343
223,44,0.379
223,45,0.335
223,46,0.344
223,47,0.378
223,48,0.375
224,1,0.348
224,2,0.244
224,3,0.18
224,4,0.223
224,5,0.232
224,6,0.193
224,7,0.207
224,8,0.25
224,9,0.179
224,10,0.203
224,11,0.241
224,12,0.179
224,13,0.193
224,14,0.244
224,15,0.178
224,16,0.39
224,17,0.236
224,18,0.174
224,19,0.201
224,20,0.237
224,21,0.175
224,22,0.194
224,23,0.237
224,24,0.173
224,25,0.187
224,26,0.244
224,27,0.173
224,28,0.178
224,29,0.259
224,30,0.174
224,31,0.433
224,32,0.333
224,33,0.235
224,34,0.3
224,35,0.204
224,36,0.173
224,37,0.34
224,38,0.345
224,39,0.269
224,40,0.278
224,41,0.231
224,42,0.291
224,43,0.561
224,44,0.394
224,45,0.529
224,46,0.417
224,47,0.436
224,48,0.494
225,1,0.406
225,2,0.384
225,3,0.362
225,4,0.191
225,5,0.222
225,6,0.268
225,7,0.176
225,8,0.177
225,9,0.266
225,10,0.177
225,11,0.176
225,12,0.253
225,13,0.187
225,14,0.174
225,15,0.237
225,16,0.197
225,17,0.17
225,18,0.215
225,19,1.034
225,20,0.19
225,21,0.2
225,22,0.225
225,23,0.392
225,24,0.454
225,25,0.534
225,26,0.194
225,27,0.352
225,28,0.612
225,29,0.431
225,30,0.239
225,31,0.245
225,32,0.239
225,33,0.312
225,34,0.175
225,35,0.452
225,36,0.252
225,37,0.181
225,38,0.172
225,39,0.244
225,40,0.185
225,41,0.462
225,42,0.318
225,43,0.264
225,44,0.412
225,45,0.429
225,46,0.497
225,47,0.414
225,48,0.407
226,1,0.28
226,2,0.272
226,3,0.186
226,4,0.219
226,5,0.232
226,6,0.261
226,7,0.182
226,8,0.183
226,9,0.249
226,10,0.227
226,11,0.183
226,12,0.181
226,13,0.272
226,14,0.199
226,15,0.181
226,16,0.204
226,17,0.261
226,18,0.18
226,19,0.181
226,20,0.229
226,21,0.498
226,22,0.178
226,23,0.299
226,24,0.273
226,25,0.178
226,26,0.222
226,27,1.032
226,28,0.276
226,29,0.525
226,30,0.18
226,31,0.224
226,32,0.216
226,33,0.361
226,34,0.252
226,35,0.173
226,36,0.184
226,37,0.946
226,38,0.37
226,39,0.279
226,40,0.724
226,41,0.228
226,42,0.4
226,43,0.321
226,44,0.481
226,45,0.522
226,46,0.404
226,47,0.451
226,48,0.431
227,1,0.399
227,2,0.468
227,3,0.261
227,4,0.18
227,5,0.262
227,6,0.18
227,7,0.187
227,8,0.254
227,9,0.181
227,10,0.199
227,11,0.243
227,12,0.21
227,13,0.207
227,14,0.234
227,15,0.177
227,16,0.204
227,17,0.228
227,18,0.174
227,19,0.204
227,20,0.227
227,21,0.378
227,22,0.252
227,23,0.365
227,24,0.42
227,25,0.419
227,26,0.174
227,27,0.208
227,28,0.394
227,29,0.619
227,30,0.261
227,31,0.637
227,32,0.401
227,33,0.318
227,34,1.651
227,35,0.281
227,36,0.201
227,37,0.204
227,38,0.274
227,39,0.197
227,40,0.21
227,41,0.268
227,42,0.194
227,43,0.207
227,44,0.282
227,45,0.197
227,46,0.202
227,47,0.276
227,48,0.197
228,1,0.366
228,2,0.331
228,3,0.171
228,4,0.173
228,5,0.257
228,6,0.19
228,7,0.174
228,8,0.242
228,9,0.202
228,10,0.223
228,11,0.243
228,12,0.242
228,13,0.191
228,14,0.219
228,15,0.245
228,16,0.185
228,17,0.19
228,18,0.267
228,19,0.186
228,20,0.172
228,21,0.233
228,22,0.171
228,23,0.397
228,24,2.228
228,25,0.794
228,26,0.197
228,27,0.238
228,28,0.182
228,29,0.395
228,30,0.294
228,31,0.195
228,32,0.414
228,33,0.226
228,34,0.167
228,35,0.425
228,36,0.224
228,37,0.207
228,38,0.278
228,39,0.672
228,40,0.387
228,41,0.279
228,42,0.367
228,43,0.317
228,44,0.361
228,45,0.36
228,46,0.312
228,47,0.526
228,48,0.349
229,1,0.288
229,2,0.263
229,3,0.247
229,4,0.188
229,5,0.186
229,6,0.252
229,7,0.191
229,8,0.176
229,9,0.28
229,10,0.184
229,11,0.175
229,12,0.226
229,13,0.211
229,14,0.172
229,15,0.188
229,16,0.246
229,17,0.172
229,18,0.33
229,19,0.398
229,20,0.491
229,21,0.463
229,22,0.438
229,23,0.187
229,24,0.169
229,25,0.225
229,26,0.2
229,27,0.172
229,28,0.445
229,29,0.223
229,30,0.348
229,31,0.232
229,32,0.218
229,33,0.382
229,34,0.24
229,35,0.21
229,36,0.18
229,37,0.231
229,38,0.208
229,39,0.174
229,40,0.757
229,41,0.232
229,42,0.289
229,43,0.374
229,44,0.399
229,45,0.342
229,46,0.358
229,47,0.423
229,48,0.339
230,1,0.318
230,2,0.273
230,3,0.192
230,4,0.178
230,5,0.228
230,6,0.22
230,7,0.179
230,8,0.198
230,9,0.25
230,10,0.178
230,11,0.192
230,12,0.271
230,13,0.189
230,14,0.174
230,15,0.215
230,16,0.226
230,17,0.172
230,18,0.172
230,19,0.264
230,20,0.385
230,21,0.693
230,22,0.43
230,23,0.19
230,24,0.357
230,25,0.246
230,26,0.196
230,27,0.178
230,28,0.254
230,29,0.318
230,30,0.344
230,31,0.259
230,32,0.169
230,33,0.169
230,34,0.246
230,35,0.18
230,36,0.167
230,37,0.232
230,38,0.194
230,39,0.494
230,40,0.278
230,41,0.207
230,42,0.179
230,43,0.788
230,44,0.514
230,45,0.474
230,46,0.516
230,47,0.553
230,48,0.368
231,1,0.241
231,2,0.242
231,3,0.183
231,4,0.194
231,5,0.267
231,6,0.185
231,7,0.185
231,8,0.264
231,9,0.201
231,10,0.185
231,11,0.231
231,12,0.232
231,13,0.197
231,14,0.19
231,15,0.269
231,16,0.263
231,17,0.178
231,18,0.179
231,19,0.364
231,20,0.261
231,21,0.187
231,22,0.18
231,23,0.223
231,24,0.428
231,25,0.179
231,26,0.404
231,27,0.455
231,28,0.18
231,29,0.222
231,30,0.229
231,31,0.182
231,32,0.951
231,33,0.268
231,34,0.188
231,35,0.258
231,36,0.217
231,37,0.186
231,38,0.664
231,39,0.214
231,40,0.438
231,41,0.453
231,42,0.43
231,43,0.432
231,44,0.518
231,45,0.474
231,46,0.486
231,47,0.59
231,48,0.414
232,1,0.329
232,2,0.266
232,3,0.181
232,4,0.177
232,5,0.252
232,6,0.191
232,7,0.201
232,8,0.25
232,9,0.194
232,10,0.178
232,11,0.246
232,12,0.212
232,13,0.178
232,14,0.235
232,15,0.203
232,16,0.174
232,17,0.22
232,18,0.214
232,19,0.171
232,20,0.464
232,21,0.242
232,22,0.173
232,23,0.422
232,24,0.211
232,25,0.171
232,26,0.231
232,27,0.248
232,28,0.171
232,29,0.217
232,30,0.608
232,31,0.234
232,32,0.233
232,33,0.217
232,34,0.196
232,35,0.233
232,36,0.246
232,37,0.2
232,38,0.21
232,39,0.281
232,40,0.196
232,41,0.195
232,42,0.261
232,43,0.246
232,44,0.196
232,45,0.237
232,46,0.264
232,47,0.2
232,48,0.23
233,1,0.274
233,2,0.215
233,3,0.2
233,4,0.23
233,5,0.269
233,6,0.218
233,7,0.204
233,8,0.274
233,9,0.23
233,10,0.203
233,11,0.27
233,12,0.297
233,13,0.2
233,14,0.199
233,15,0.24
233,16,0.249
233,17,0.194
233,18,0.194
233,19,0.267
233,20,0.213
233,21,0.192
233,22,0.206
233,23,0.272
233,24,0.193
233,25,0.192
233,26,0.242
233,27,0.242
233,28,0.196
233,29,0.196
233,30,0.279
233,31,0.21
233,32,0.196
233,33,0.223
233,34,0.269
233,35,0.196
233,36,0.194
233,37,0.255
233,38,0.233
233,39,0.197
233,40,0.198
233,41,0.287
233,42,0.203
233,43,0.211
233,44,0.224
233,45,0.262
233,46,0.196
233,47,0.2
233,48,0.257
234,1,0.244
234,2,0.216
234,3,0.202
234,4,0.276
234,5,0.216
234,6,0.198
234,7,0.205
234,8,0.292
234,9,0.198
234,10,0.199
234,11,0.222
234,12,0.273
234,13,0.198
234,14,0.197
234,15,0.231
234,16,0.26
234,17,0.194
234,18,0.194
234,19,0.244
234,20,0.246
234,21,0.195
234,22,0.195
234,23,0.254
234,24,0.229
234,25,0.192
234,26,0.193
234,27,0.277
234,28,0.27
234,29,0.193
234,30,0.196
234,31,0.196
234,32,0.253
234,33,0.235
234,34,0.194
234,35,0.195
234,36,0.278
234,37,0.211
234,38,0.196
234,39,0.217
234,40,0.259
234,41,0.192
234,42,0.208
234,43,0.256
234,44,0.232
234,45,0.196
234,46,0.198
234,47,0.286
234,48,0.196
235,1,0.196
235,2,0.237
235,3,0.256
235,4,0.202
235,5,0.203
235,6,0.274
235,7,0.225
235,8,0.202
235,9,0.21
235,10,0.284
235,11,0.198
235,12,0.199
235,13,0.238
235,14,0.252
235,15,0.198
235,16,0.197
235,17,0.264
235,18,0.226
235,19,0.2
235,20,0.195
235,21,0.283
235,22,0.198
235,23,0.194
235,24,0.222
235,25,0.265
235,26,0.193
235,27,0.19
235,28,0.484
235,29,0.221
235,30,0.285
235,31,0.358
235,32,0.195
235,33,0.179
235,34,0.272
235,35,0.281
235,36,0.192
235,37,0.285
235,38,0.258
235,39,0.174
235,40,0.542
235,41,0.331
235,42,0.283
235,43,0.338
235,44,0.332
235,45,0.271
235,46,0.269
235,47,0.365
235,48,0.277
236,1,0.274
236,2,1.148
236,3,0.351
236,4,0.192
236,5,0.181
236,6,0.269
236,7,0.177
236,8,0.174
236,9,0.22
236,10,0.222
236,11,0.172
236,12,0.185
236,13,0.274
236,14,0.195
236,15,0.173
236,16,0.174
236,17,0.261
236,18,0.174
236,19,0.173
236,20,0.194
236,21,0.549
236,22,0.362
236,23,0.178
236,24,0.223
236,25,0.213
236,26,0.17
236,27,0.169
236,28,0.262
236,29,0.354
236,30,0.321
236,31,0.231
236,32,0.209
236,33,0.171
236,34,0.174
236,35,0.262
236,36,0.173
236,37,0.168
236,38,0.567
236,39,0.221
236,40,0.171
236,41,0.172
236,42,0.262
236,43,0.175
236,44,0.187
236,45,0.506
236,46,0.454
236,47,0.4
236,48,0.19
237,1,0.172
237,2,0.209
237,3,0.235
237,4,0.174
237,5,0.174
237,6,0.238
237,7,0.197
237,8,0.17
237,9,0.178
237,10,0.258
237,11,0.171
237,12,0.17
237,13,0.204
237,14,0.487
237,15,0.198
237,16,0.196
237,17,0.276
237,18,0.204
237,19,0.197
237,20,0.222
237,21,0.263
237,22,0.199
237,23,0.194
237,24,0.26
237,25,0.225
237,26,0.194
237,27,0.2
237,28,0.286
237,29,0.195
237,30,0.197
237,31,0.238
237,32,0.254
237,33,0.198
237,34,0.197
237,35,0.266
237,36,0.22
237,37,0.194
237,38,0.203
237,39,0.289
237,40,0.419
237,41,0.571
237,42,0.434
237,43,0.345
237,44,0.336
237,45,0.376
237,46,0.412
237,47,0.351
237,48,0.193
238,1,0.247
238,2,0.196
238,3,0.175
238,4,0.179
238,5,0.265
238,6,0.175
238,7,0.175
238,8,0.213
238,9,0.234
238,10,0.176
238,11,0.176
238,12,0.239
238,13,0.208
238,14,0.174
238,15,0.172
238,16,0.25
238,17,0.189
238,18,0.172
238,19,0.329
238,20,0.334
238,21,0.764
238,22,0.473
238,23,0.336
238,24,0.371
238,25,0.168
238,26,0.241
238,27,0.189
238,28,0.417
238,29,0.411
238,30,0.206
238,31,0.172
238,32,0.187
238,33,0.252
238,34,0.316
238,35,0.172
238,36,0.235
238,37,0.203
238,38,0.169
238,39,0.175
238,40,0.321
238,41,0.47
238,42,0.357
238,43,0.458
238,44,0.437
238,45,0.404
238,46,0.407
238,47,0.502
238,48,0.416
239,1,0.408
239,2,0.439
239,3,0.488
239,4,0.41
239,5,0.308
239,6,0.292
239,7,0.23
239,8,0.179
239,9,0.18
239,10,0.251
239,11,0.21
239,12,0.18
239,13,0.178
239,14,0.261
239,15,0.199
239,16,0.176
239,17,0.174
239,18,0.26
239,19,0.192
239,20,0.429
239,21,0.195
239,22,0.255
239,23,0.178
239,24,0.212
239,25,0.197
239,26,0.254
239,27,0.332
239,28,0.419
239,29,0.268
239,30,0.227
239,31,0.374
239,32,0.446
239,33,0.348
239,34,0.214
239,35,0.238
239,36,0.17
239,37,0.408
239,38,0.25
239,39,0.179
239,40,0.17
239,41,0.205
239,42,0.487
239,43,0.489
239,44,0.331
239,45,0.338
239,46,0.418
239,47,0.348
239,48,0.342
240,1,0.358
240,2,0.429
240,3,0.318
240,4,0.208
240,5,0.216
240,6,0.223
240,7,0.171
240,8,0.171
240,9,0.265
240,10,0.201
240,11,0.17
240,12,0.17
240,13,0.25
240,14,0.183
240,15,0.169
240,16,0.169
240,17,0.256
240,18,0.176
240,19,0.169
240,20,0.168
240,21,0.503
240,22,0.798
240,23,0.186
240,24,0.208
240,25,0.369
240,26,0.198
240,27,0.746
240,28,0.638
240,29,0.708
240,30,0.221
240,31,0.438
240,32,0.214
240,33,0.225
240,34,0.17
240,35,0.168
240,36,0.221
240,37,0.235
240,38,0.752
240,39,0.281
240,40,0.348
240,41,0.331
240,42,0.341
240,43,0.334
240,44,0.432
240,45,0.336
240,46,0.343
240,47,0.367
240,48,0.367
388,1,1.367
388,2,0.488
388,3,0.397
388,4,0.481
388,5,0.466
388,6,0.358
388,7,0.306
388,8,0.24
388,9,0.241
388,10,0.291
388,11,0.33
388,12,0.244
388,13,0.24
388,14,0.241
388,15,0.241
388,16,0.261
388,17,0.329
388,18,0.279
388,19,0.316
388,20,0.187
388,21,0.182
388,22,2.169
388,23,1.92
388,24,0.769
388,25,0.155
388,26,0.153
388,27,0.154
388,28,0.155
388,29,0.486
388,30,0.345
388,31,0.248
388,32,0.233
388,33,0.244
388,34,0.314
388,35,1.44
388,36,0.533
388,37,0.335
388,38,0.468
388,39,0.394
388,40,0.506
388,41,2.229
388,42,2.243
388,43,2.206
388,44,2.248
388,45,2.207
388,46,1.034
388,47,0.57
388,48,0.329
389,1,0.225
389,2,0.154
389,3,0.155
389,4,0.152
389,5,0.164
389,6,0.249
389,7,0.187
389,8,0.152
389,9,0.153
389,10,0.153
389,11,0.154
389,12,0.195
389,13,0.243
389,14,0.162
389,15,0.151
389,16,0.152
389,17,0.215
389,18,0.231
389,19,0.236
389,20,0.238
389,21,0.152
389,22,1.264
389,23,3.641
389,24,0.181
389,25,0.166
389,26,0.246
389,27,0.197
389,28,0.158
389,29,0.282
389,30,0.343
389,31,0.964
389,32,1.17
389,33,1.152
389,34,0.236
389,35,0.256
389,36,1.103
389,37,1.253
389,38,1.337
389,39,1.345
389,40,1.196
389,41,0.396
389,42,0.287
389,43,0.282
389,44,0.295
389,45,0.364
389,46,0.297
389,47,0.278
389,48,0.281
390,1,0.281
390,2,0.359
390,3,0.385
390,4,0.332
390,5,0.234
390,6,0.236
390,7,0.237
390,8,0.173
390,9,0.155
390,10,0.237
390,11,0.213
390,12,0.154
390,13,0.153
390,14,0.154
390,15,0.154
390,16,0.155
390,17,0.26
390,18,0.198
390,19,0.149
390,20,1.072
390,21,0.393
390,22,0.151
390,23,0.167
390,24,0.246
390,25,0.266
390,26,0.233
390,27,0.235
390,28,0.192
390,29,0.179
390,30,0.203
390,31,0.242
390,32,0.156
390,33,0.152
390,34,0.443
390,35,0.253
390,36,0.275
390,37,0.349
390,38,0.346
390,39,0.306
390,40,0.397
390,41,0.39
390,42,0.351
390,43,0.392
390,44,0.441
390,45,0.38
390,46,0.37
390,47,0.361
390,48,0.361
391,1,0.357
391,2,0.433
391,3,0.261
391,4,0.155
391,5,0.156
391,6,0.157
391,7,0.154
391,8,0.176
391,9,0.245
391,10,0.184
391,11,0.155
391,12,0.153
391,13,0.166
391,14,0.154
391,15,0.154
391,16,0.245
391,17,0.217
391,18,0.148
391,19,0.15
391,20,0.15
391,21,0.155
391,22,0.17
391,23,0.23
391,24,0.223
391,25,0.386
391,26,0.156
391,27,0.159
391,28,0.169
391,29,0.16
391,30,0.211
391,31,0.279
391,32,0.255
391,33,0.72
391,34,1.217
391,35,0.274
391,36,0.288
391,37,0.372
391,38,0.373
391,39,0.401
391,40,0.374
391,41,0.365
391,42,0.373
391,43,0.374
391,44,0.389
391,45,0.468
391,46,0.408
391,47,0.37
391,48,0.375
392,1,0.374
392,2,0.343
392,3,0.2
392,4,0.222
392,5,0.229
392,6,0.153
392,7,0.153
392,8,0.154
392,9,0.154
392,10,0.155
392,11,0.186
392,12,0.246
392,13,0.19
392,14,0.152
392,15,0.153
392,16,0.153
392,17,0.15
392,18,0.149
392,19,0.22
392,20,0.232
392,21,0.151
392,22,0.154
392,23,0.151
392,24,0.15
392,25,0.153
392,26,0.202
392,27,0.27
392,28,0.182
392,29,0.154
392,30,0.156
392,31,0.23
392,32,0.255
392,33,0.285
392,34,0.387
392,35,0.306
392,36,0.31
392,37,0.311
392,38,0.295
392,39,0.298
392,40,0.41
392,41,0.475
392,42,0.38
392,43,0.376
392,44,0.379
392,45,0.378
392,46,0.384
392,47,0.436
392,48,0.456
393,1,0.329
393,2,0.196
393,3,0.255
393,4,0.252
393,5,0.253
393,6,0.309
393,7,0.301
393,8,0.203
393,9,0.164
393,10,0.16
393,11,0.161
393,12,0.161
393,13,0.201
393,14,0.245
393,15,0.172
393,16,0.155
393,17,0.154
393,18,0.152
393,19,0.154
393,20,0.177
393,21,0.245
393,22,0.192
393,23,0.155
393,24,0.152
393,25,0.151
393,26,0.153
393,27,0.479
393,28,0.243
393,29,0.171
393,30,0.148
393,31,0.221
393,32,0.231
393,33,0.352
393,34,1.311
393,35,1.4
393,36,0.611
393,37,0.278
393,38,1.002
393,39,1.302
393,40,1.367
393,41,1.334
393,42,1.306
393,43,1.304
393,44,1.302
393,45,1.274
393,46,1.274
393,47,1.394
393,48,0.492
394,1,0.313
394,2,0.239
394,3,0.159
394,4,0.169
394,5,0.253
394,6,0.181
394,7,0.16
394,8,0.159
394,9,0.159
394,10,0.162
394,11,0.266
394,12,0.186
394,13,0.173
394,14,0.158
394,15,0.177
394,16,0.154
394,17,0.258
394,18,0.189
394,19,0.154
394,20,0.156
394,21,0.156
394,22,0.153
394,23,0.252
394,24,0.187
394,25,0.238
394,26,0.258
394,27,0.156
394,28,0.254
394,29,1.21
394,30,0.213
394,31,0.158
394,32,0.197
394,33,0.238
394,34,0.256
394,35,0.538
394,36,0.331
394,37,0.348
394,38,0.361
394,39,0.402
394,40,0.422
394,41,0.478
394,42,0.405
394,43,0.378
394,44,0.371
394,45,0.379
394,46,0.389
394,47,0.468
394,48,0.399
395,1,0.381
395,2,0.374
395,3,0.369
395,4,0.237
395,5,0.262
395,6,0.198
395,7,0.16
395,8,0.16
395,9,0.161
395,10,0.162
395,11,0.228
395,12,0.226
395,13,0.159
395,14,0.159
395,15,0.156
395,16,0.171
395,17,0.182
395,18,0.247
395,19,0.169
395,20,0.535
395,21,0.896
395,22,0.176
395,23,0.181
395,24,0.665
395,25,0.187
395,26,0.309
395,27,0.159
395,28,0.154
395,29,0.151
395,30,0.24
395,31,0.194
395,32,0.152
395,33,0.229
395,34,0.239
395,35,0.238
395,36,0.373
395,37,0.356
395,38,0.325
395,39,0.337
395,40,0.384
395,41,0.386
395,42,0.456
395,43,0.428
395,44,0.371
395,45,0.368
395,46,0.369
395,47,0.371
395,48,0.417
396,1,0.46
396,2,0.334
396,3,0.16
396,4,0.161
396,5,0.158
396,6,0.158
396,7,0.246
396,8,0.204
396,9,0.16
396,10,0.16
396,11,0.161
396,12,0.161
396,13,0.179
396,14,0.265
396,15,0.195
396,16,0.159
396,17,0.158
396,18,0.159
396,19,0.16
396,20,0.203
396,21,0.248
396,22,0.165
396,23,0.155
396,24,0.153
396,25,0.154
396,26,0.158
396,27,0.27
396,28,0.208
396,29,0.211
396,30,0.2
396,31,0.212
396,32,0.216
396,33,0.283
396,34,0.381
396,35,0.32
396,36,0.342
396,37,0.429
396,38,0.419
396,39,0.383
396,40,0.332
396,41,0.344
396,42,0.308
396,43,0.273
396,44,0.274
396,45,0.274
396,46,0.27
396,47,0.361
396,48,0.328
397,1,0.276
397,2,0.358
397,3,0.333
397,4,0.337
397,5,0.352
397,6,0.429
397,7,0.255
397,8,0.156
397,9,0.157
397,10,0.156
397,11,0.157
397,12,0.187
397,13,0.248
397,14,0.168
397,15,0.153
397,16,0.152
397,17,0.15
397,18,0.148
397,19,0.186
397,20,0.245
397,21,0.168
397,22,0.152
397,23,0.227
397,24,0.149
397,25,0.15
397,26,0.208
397,27,0.228
397,28,0.161
397,29,0.208
397,30,0.18
397,31,0.156
397,32,0.198
397,33,0.381
397,34,1.125
397,35,1.164
397,36,1.086
397,37,0.286
397,38,0.349
397,39,0.366
397,40,0.455
397,41,0.398
397,42,0.361
397,43,1.194
397,44,1.3
397,45,1.297
397,46,1.303
397,47,1.393
397,48,1.321
398,1,1.323
398,2,1.352
398,3,0.324
398,4,0.179
398,5,0.199
398,6,0.264
398,7,0.167
398,8,0.175
398,9,0.174
398,10,0.161
398,11,0.161
398,12,0.181
398,13,0.251
398,14,0.182
398,15,0.155
398,16,0.154
398,17,0.154
398,18,0.152
398,19,0.154
398,20,0.522
398,21,0.484
398,22,0.488
398,23,0.263
398,24,0.712
398,25,0.246
398,26,0.162
398,27,0.204
398,28,0.249
398,29,0.17
398,30,0.604
398,31,0.544
398,32,0.204
398,33,0.213
398,34,0.21
398,35,0.333
398,36,0.352
398,37,0.268
398,38,0.28
398,39,0.322
398,40,0.438
398,41,0.402
398,42,0.434
398,43,0.479
398,44,0.381
398,45,0.392
398,46,0.37
398,47,0.372
398,48,0.404
399,1,0.363
399,2,0.422
399,3,0.217
399,4,0.157
399,5,0.157
399,6,0.158
399,7,0.16
399,8,0.159
399,9,0.238
399,10,0.223
399,11,0.194
399,12,0.159
399,13,0.157
399,14,0.158
399,15,0.159
399,16,0.195
399,17,0.242
399,18,0.162
399,19,0.151
399,20,0.152
399,21,0.155
399,22,0.173
399,23,0.246
399,24,0.243
399,25,0.299
399,26,0.328
399,27,0.257
399,28,0.197
399,29,0.201
399,30,0.263
399,31,0.306
399,32,0.218
399,33,0.214
399,34,0.265
399,35,0.272
399,36,0.276
399,37,0.369
399,38,0.346
399,39,0.355
399,40,0.36
399,41,0.37
399,42,0.367
399,43,0.371
399,44,0.467
399,45,0.428
399,46,0.365
399,47,0.374
399,48,0.423
400,1,0.382
400,2,0.341
400,3,0.364
400,4,0.279
400,5,0.157
400,6,0.156
400,7,0.157
400,8,0.158
400,9,0.157
400,10,0.254
400,11,0.2
400,12,0.153
400,13,0.154
400,14,0.155
400,15,0.154
400,16,0.153
400,17,0.232
400,18,0.208
400,19,0.15
400,20,0.151
400,21,0.151
400,22,0.222
400,23,0.15
400,24,0.224
400,25,0.214
400,26,0.151
400,27,0.177
400,28,0.151
400,29,0.151
400,30,0.151
400,31,0.304
400,32,0.329
400,33,0.231
400,34,0.292
400,35,0.271
400,36,0.371
400,37,0.454
400,38,0.378
400,39,0.297
400,40,0.373
400,41,0.379
400,42,0.39
400,43,0.374
400,44,0.461
400,45,0.431
400,46,0.379
400,47,0.353
400,48,0.239
401,1,0.154
401,2,0.162
401,3,0.25
401,4,0.197
401,5,0.155
401,6,0.157
401,7,0.157
401,8,0.183
401,9,0.197
401,10,0.251
401,11,0.203
401,12,0.158
401,13,0.156
401,14,0.155
401,15,0.176
401,16,0.173
401,17,0.243
401,18,0.178
401,19,0.149
401,20,0.174
401,21,0.168
401,22,0.153
401,23,0.188
401,24,0.242
401,25,0.171
401,26,0.154
401,27,0.155
401,28,0.156
401,29,0.155
401,30,0.195
401,31,0.399
401,32,0.208
401,33,0.26
401,34,0.214
401,35,0.213
401,36,0.217
401,37,0.316
401,38,0.336
401,39,0.333
401,40,0.46
401,41,0.542
401,42,0.381
401,43,0.387
401,44,0.469
401,45,0.421
401,46,0.38
401,47,0.382
401,48,0.381
402,1,0.341
402,2,0.282
402,3,0.247
402,4,0.206
402,5,0.155
402,6,0.156
402,7,0.158
402,8,0.158
402,9,0.158
402,10,0.233
402,11,0.232
402,12,0.167
402,13,0.157
402,14,0.156
402,15,0.156
402,16,0.156
402,17,0.194
402,18,0.244
402,19,0.169
402,20,0.151
402,21,0.157
402,22,0.155
402,23,0.152
402,24,0.169
402,25,0.242
402,26,0.187
402,27,0.152
402,28,0.152
402,29,0.149
402,30,0.154
402,31,0.175
402,32,0.257
402,33,0.278
402,34,0.264
402,35,0.31
402,36,0.28
402,37,0.31
402,38,0.24
402,39,0.425
402,40,0.487
402,41,0.389
402,42,0.387
402,43,0.375
402,44,0.381
402,45,0.394
402,46,0.372
402,47,0.441
402,48,0.466
403,1,0.409
403,2,0.327
403,3,0.211
403,4,0.154
403,5,0.155
403,6,0.156
403,7,0.157
403,8,0.171
403,9,0.187
403,10,0.25
403,11,0.264
403,12,0.155
403,13,0.153
403,14,0.154
403,15,0.155
403,16,0.154
403,17,0.153
403,18,0.151
403,19,0.167
403,20,0.247
403,21,0.214
403,22,1.199
403,23,0.193
403,24,0.152
403,25,0.212
403,26,0.27
403,27,0.334
403,28,0.224
403,29,0.212
403,30,0.278
403,31,0.316
403,32,0.272
403,33,0.287
403,34,0.318
403,35,0.156
403,36,0.442
403,37,0.34
403,38,0.28
403,39,0.287
403,40,0.385
403,41,0.35
403,42,0.317
403,43,0.31
403,44,0.302
403,45,0.279
403,46,0.321
403,47,0.389
403,48,0.297
404,1,0.303
404,2,0.335
404,3,0.338
404,4,0.245
404,5,0.212
404,6,0.394
404,7,0.342
404,8,0.251
404,9,0.155
404,10,0.155
404,11,0.155
404,12,0.218
404,13,0.232
404,14,0.156
404,15,0.156
404,16,0.153
404,17,0.151
404,18,0.15
404,19,0.21
404,20,0.236
404,21,0.158
404,22,0.155
404,23,0.151
404,24,0.182
404,25,0.222
404,26,0.234
404,27,0.247
404,28,0.404
404,29,0.153
404,30,0.153
404,31,0.152
404,32,0.152
404,33,0.238
404,34,0.228
404,35,0.194
404,36,0.195
404,37,0.281
404,38,0.275
404,39,0.319
404,40,0.409
404,41,0.299
404,42,0.297
404,43,0.292
404,44,0.282
404,45,0.281
404,46,0.329
404,47,0.37
404,48,0.281
405,1,0.339
405,2,0.349
405,3,0.324
405,4,0.181
405,5,0.198
405,6,0.244
405,7,0.163
405,8,0.156
405,9,0.156
405,10,0.156
405,11,0.156
405,12,0.165
405,13,0.285
405,14,0.294
405,15,0.248
405,16,0.243
405,17,0.242
405,18,0.241
405,19,0.155
405,20,0.196
405,21,0.238
405,22,0.16
405,23,0.176
405,24,1.22
405,25,0.176
405,26,0.151
405,27,0.157
405,28,0.245
405,29,0.195
405,30,0.149
405,31,0.195
405,32,0.215
405,33,0.167
405,34,0.187
405,35,0.274
405,36,0.259
405,37,0.372
405,38,0.269
405,39,0.306
405,40,0.38
405,41,0.383
405,42,0.445
405,43,0.464
405,44,0.396
405,45,0.408
405,46,0.372
405,47,0.368
405,48,0.377
406,1,0.388
406,2,0.471
406,3,0.385
406,4,0.35
406,5,0.188
406,6,0.155
406,7,0.156
406,8,0.156
406,9,0.195
406,10,0.248
406,11,0.175
406,12,0.154
406,13,0.152
406,14,0.153
406,15,0.154
406,16,0.153
406,17,0.192
406,18,0.237
406,19,0.166
406,20,0.193
406,21,0.152
406,22,0.162
406,23,0.161
406,24,0.153
406,25,0.238
406,26,0.367
406,27,0.223
406,28,0.178
406,29,0.149
406,30,0.148
406,31,0.15
406,32,0.228
406,33,0.337
406,34,0.738
406,35,0.897
406,36,1.066
406,37,0.23
406,38,0.248
406,39,0.44
406,40,0.529
406,41,0.404
406,42,0.379
406,43,0.378
406,44,0.373
406,45,0.397
406,46,0.375
406,47,0.45
406,48,0.434
407,1,0.295
407,2,0.235
407,3,0.219
407,4,0.153
407,5,0.154
407,6,0.154
407,7,0.249
407,8,0.211
407,9,0.154
407,10,0.155
407,11,0.156
407,12,0.155
407,13,0.153
407,14,0.155
407,15,0.247
407,16,0.206
407,17,0.149
407,18,0.148
407,19,0.148
407,20,0.15
407,21,0.15
407,22,0.15
407,23,0.241
407,24,0.206
407,25,0.171
407,26,0.154
407,27,0.432
407,28,0.155
407,29,0.153
407,30,0.163
407,31,0.292
407,32,0.29
407,33,0.282
407,34,0.752
407,35,0.238
407,36,0.408
407,37,0.412
407,38,0.315
407,39,0.372
407,40,0.291
407,41,0.295
407,42,0.286
407,43,0.299
407,44,0.3
407,45,0.318
407,46,0.374
407,47,0.307
407,48,0.294
408,1,0.289
408,2,0.291
408,3,0.27
408,4,0.191
408,5,0.218
408,6,0.252
408,7,0.152
408,8,0.153
408,9,0.154
408,10,0.155
408,11,0.156
408,12,0.154
408,13,0.231
408,14,0.228
408,15,0.151
408,16,0.154
408,17,0.149
408,18,0.147
408,19,0.148
408,20,0.204
408,21,0.23
408,22,0.211
408,23,0.138
408,24,0.137
408,25,0.137
408,26,0.137
408,27,0.139
408,28,0.145
408,29,0.236
408,30,0.193
408,31,0.142
408,32,0.14
408,33,0.139
408,34,0.139
408,35,0.176
408,36,0.306
408,37,0.517
408,38,0.308
408,39,0.303
408,40,0.303
408,41,0.378
408,42,1.317
408,43,2.153
408,44,2.337
408,45,1.463
408,46,1.299
408,47,1.294
408,48,0.999
409,1,0.742
409,2,0.337
409,3,0.217
409,4,0.256
409,5,0.207
409,6,0.164
409,7,0.165
409,8,0.164
409,9,0.164
409,10,0.165
409,11,0.193
409,12,0.258
409,13,0.195
409,14,0.169
409,15,0.162
409,16,0.176
409,17,0.161
409,18,0.158
409,19,0.187
409,20,0.254
409,21,0.195
409,22,0.851
409,23,0.532
409,24,0.157
409,25,0.157
409,26,0.157
409,27,0.199
409,28,0.249
409,29,0.178
409,30,0.157
409,31,0.157
409,32,0.156
409,33,0.394
409,34,0.199
409,35,0.28
409,36,0.282
409,37,0.224
409,38,0.227
409,39,0.286
409,40,0.313
409,41,0.31
409,42,0.331
409,43,0.467
409,44,0.41
409,45,0.368
409,46,0.388
409,47,0.386
409,48,0.339
410,1,0.328
410,2,0.244
410,3,0.243
410,4,0.162
410,5,0.154
410,6,0.153
410,7,0.155
410,8,0.156
410,9,0.157
410,10,0.222
410,11,0.241
410,12,0.154
410,13,0.185
410,14,0.247
410,15,0.245
410,16,0.177
410,17,0.152
410,18,0.206
410,19,0.243
410,20,0.16
410,21,0.153
410,22,0.15
410,23,0.148
410,24,0.147
410,25,0.148
410,26,0.245
410,27,0.209
410,28,0.15
410,29,0.15
410,30,0.151
410,31,0.15
410,32,0.151
410,33,0.213
410,34,0.352
410,35,0.242
410,36,0.238
410,37,0.278
410,38,0.348
410,39,0.409
410,40,0.445
410,41,0.481
410,42,0.361
410,43,0.373
410,44,0.329
410,45,0.328
410,46,0.331
410,47,0.35
410,48,0.426
411,1,0.371
411,2,0.39
411,3,0.391
411,4,0.348
411,5,0.217
411,6,0.346
411,7,0.376
411,8,0.309
411,9,0.213
411,10,0.212
411,11,0.213
411,12,0.212
411,13,0.209
411,14,0.249
411,15,0.3
411,16,0.229
411,17,0.208
411,18,0.204
411,19,0.204
411,20,0.203
411,21,0.19
411,22,0.243
411,23,0.557
411,24,0.15
411,25,0.153
411,26,0.195
411,27,0.156
411,28,0.152
411,29,0.26
411,30,0.218
411,31,0.162
411,32,0.195
411,33,0.232
411,34,1.159
411,35,1.137
411,36,1.191
411,37,0.612
411,38,0.274
411,39,0.251
411,40,0.412
411,41,0.42
411,42,0.372
411,43,0.41
411,44,0.341
411,45,0.302
411,46,0.365
411,47,0.367
411,48,0.372
412,1,0.432
412,2,0.437
412,3,0.34
412,4,0.262
412,5,0.154
412,6,0.154
412,7,0.157
412,8,0.277
412,9,0.204
412,10,0.157
412,11,0.158
412,12,0.157
412,13,0.155
412,14,0.152
412,15,0.251
412,16,0.204
412,17,0.149
412,18,0.154
412,19,0.152
412,20,0.152
412,21,0.154
412,22,0.237
412,23,0.213
412,24,0.151
412,25,0.151
412,26,0.151
412,27,0.152
412,28,0.15
412,29,0.605
412,30,0.453
412,31,0.151
412,32,0.152
412,33,0.152
412,34,0.153
412,35,0.23
412,36,0.361
412,37,0.337
412,38,0.316
412,39,0.414
412,40,0.365
412,41,0.368
412,42,0.447
412,43,0.408
412,44,0.359
412,45,0.345
412,46,0.354
412,47,0.354
412,48,0.42
413,1,0.451
413,2,0.325
413,3,0.25
413,4,0.183
413,5,0.205
413,6,0.248
413,7,0.335
413,8,0.247
413,9,0.17
413,10,0.156
413,11,0.156
413,12,0.171
413,13,0.153
413,14,0.24
413,15,0.21
413,16,0.153
413,17,0.15
413,18,0.148
413,19,0.15
413,20,0.151
413,21,0.226
413,22,0.23
413,23,0.154
413,24,0.15
413,25,0.15
413,26,0.151
413,27,0.613
413,28,0.238
413,29,0.211
413,30,0.172
413,31,0.154
413,32,0.152
413,33,0.152
413,34,0.208
413,35,0.427
413,36,0.231
413,37,0.267
413,38,0.294
413,39,0.321
413,40,0.346
413,41,0.462
413,42,0.434
413,43,0.372
413,44,0.379
413,45,0.373
413,46,0.378
413,47,0.384
413,48,0.473
414,1,0.439
414,2,0.367
414,3,0.334
414,4,0.19
414,5,0.155
414,6,0.155
414,7,0.224
414,8,0.233
414,9,0.153
414,10,0.153
414,11,0.153
414,12,0.152
414,13,0.153
414,14,0.179
414,15,0.241
414,16,0.18
414,17,0.159
414,18,0.154
414,19,0.228
414,20,0.226
414,21,0.153
414,22,0.217
414,23,0.23
414,24,0.146
414,25,0.145
414,26,0.147
414,27,0.148
414,28,0.15
414,29,0.171
414,30,0.241
414,31,0.189
414,32,0.148
414,33,0.148
414,34,1.269
414,35,0.243
414,36,0.213
414,37,0.353
414,38,0.524
414,39,0.608
414,40,0.37
414,41,0.378
414,42,0.376
414,43,0.381
414,44,0.384
414,45,0.478
414,46,0.426
414,47,0.375
414,48,0.378
415,1,0.371
415,2,0.337
415,3,0.173
415,4,0.293
415,5,0.343
415,6,0.189
415,7,0.158
415,8,0.158
415,9,0.159
415,10,0.159
415,11,0.16
415,12,0.229
415,13,0.238
415,14,0.183
415,15,0.156
415,16,0.157
415,17,0.154
415,18,0.155
415,19,0.188
415,20,0.357
415,21,0.223
415,22,0.148
415,23,0.148
415,24,0.147
415,25,0.148
415,26,0.151
415,27,0.158
415,28,0.244
415,29,0.197
415,30,0.152
415,31,0.151
415,32,0.493
415,33,0.323
415,34,0.159
415,35,0.508
415,36,0.284
415,37,0.242
415,38,0.297
415,39,0.302
415,40,0.321
415,41,0.298
415,42,0.385
415,43,0.437
415,44,0.38
415,45,0.38
415,46,0.39
415,47,0.38
415,48,0.361
