213,1,0.31
213,2,0.135
213,3,0.181
213,4,0.185
213,5,0.124
213,6,0.204
213,7,0.157
213,8,1.055
213,9,0.203
213,10,0.129
213,11,0.18
213,12,0.22
213,13,0.175
213,14,1.035
213,15,0.768
213,16,0.284
213,17,0.217
213,18,0.137
213,19,0.194
213,20,0.892
213,21,0.348
213,22,0.205
213,23,0.138
213,24,0.14
213,25,0.199
213,26,0.116
213,27,0.164
213,28,0.177
213,29,0.998
213,30,0.184
213,31,0.154
213,32,0.128
213,33,0.191
213,34,0.236
213,35,0.297
213,36,0.339
213,37,0.225
213,38,1.03
213,39,0.17
213,40,0.127
213,41,0.209
213,42,0.174
213,43,0.23
213,44,1.164
213,45,0.209
213,46,0.241
213,47,0.202
213,48,0.129
214,1,0.208
214,2,0.161
214,3,0.125
214,4,0.188
214,5,0.902
214,6,0.147
214,7,0.112
214,8,0.103
214,9,0.158
214,10,0.079
214,11,0.139
214,12,0.123
214,13,0.095
214,14,0.993
214,15,0.106
214,16,0.178
214,17,0.802
214,18,0.244
214,19,0.192
214,20,0.938
214,21,1.13
214,22,0.267
214,23,0.103
214,24,0.162
214,25,0.134
214,26,0.103
214,27,0.216
214,28,0.691
214,29,1.698
214,30,1.974
214,31,0.816
214,32,1.309
214,33,1.86
214,34,1.235
214,35,2.028
214,36,2.928
214,37,1.803
214,38,1.488
214,39,0.613
214,40,1.164
214,41,0.203
214,42,0.29
214,43,0.301
214,44,0.261
214,45,0.331
214,46,0.436
214,47,1.196
214,48,0.315
215,1,0.204
215,2,0.264
215,3,0.208
215,4,0.165
215,5,0.177
215,6,0.496
215,7,0.615
215,8,0.165
215,9,0.096
215,10,0.177
215,11,0.133
215,12,0.12
215,13,0.172
215,14,0.143
215,15,0.799
215,16,0.424
215,17,2.7
215,18,2.832
215,19,0.185
215,20,1.23
215,21,0.372
215,22,0.364
215,23,0.231
215,24,0.606
215,25,0.2
215,26,0.253
215,27,1.437
215,28,0.219
215,29,0.221
215,30,1.237
215,31,0.233
215,32,0.202
215,33,0.387
215,34,1.051
215,35,0.719
215,36,1.336
215,37,0.306
215,38,0.402
215,39,0.368
215,40,0.324
215,41,1.305
215,42,0.268
215,43,0.256
215,44,0.312
215,45,0.246
215,46,0.293
215,47,0.182
215,48,0.808
216,1,0.412
216,2,0.142
216,3,0.15
216,4,0.199
216,5,0.117
216,6,0.176
216,7,0.168
216,8,0.128
216,9,1.064
216,10,0.148
216,11,0.16
216,12,0.203
216,13,0.135
216,14,0.254
216,15,0.272
216,16,0.2
216,17,1.327
216,18,0.191
216,19,0.161
216,20,0.223
216,21,0.505
216,22,0.217
216,23,0.906
216,24,0.785
216,25,0.338
216,26,0.648
216,27,0.268
216,28,0.343
216,29,0.321
216,30,0.288
216,31,1.223
216,32,0.309
216,33,0.773
216,34,2.23
216,35,2.679
216,36,0.836
216,37,2.91
216,38,3.094
216,39,1.823
216,40,0.259
216,41,0.224
216,42,0.448
216,43,0.257
216,44,0.24
216,45,0.28
216,46,0.227
216,47,1.171
216,48,0.187
217,1,0.157
217,2,0.172
217,3,0.111
217,4,0.159
217,5,0.152
217,6,0.108
217,7,0.174
217,8,1.025
217,9,0.142
217,10,0.154
217,11,0.111
217,12,0.223
217,13,0.163
217,14,0.21
217,15,0.207
217,16,0.473
217,17,1.368
217,18,0.166
217,19,1.673
217,20,3.153
217,21,1.792
217,22,0.235
217,23,0.18
217,24,0.202
217,25,1.074
217,26,0.168
217,27,0.188
217,28,1.302
217,29,0.764
217,30,0.412
217,31,1.106
217,32,1.553
217,33,0.386
217,34,1.502
217,35,1.555
217,36,0.53
217,37,1.504
217,38,0.374
217,39,0.282
217,40,0.434
217,41,0.278
217,42,0.244
217,43,1.442
217,44,0.517
217,45,0.256
217,46,0.232
217,47,0.214
217,48,0.156
218,1,1.036
218,2,0.131
218,3,0.177
218,4,0.166
218,5,0.175
218,6,0.165
218,7,0.167
218,8,0.172
218,9,1.051
218,10,0.164
218,11,0.175
218,12,0.171
218,13,0.16
218,14,0.154
218,15,0.891
218,16,0.845
218,17,0.316
218,18,0.239
218,19,0.269
218,20,0.298
218,21,0.209
218,22,0.177
218,23,1.11
218,24,0.256
218,25,0.411
218,26,0.385
218,27,0.857
218,28,0.766
218,29,0.827
218,30,0.869
218,31,0.216
218,32,0.39
218,33,0.9
218,34,1.444
218,35,2.317
218,36,0.682
218,37,1.484
218,38,3.159
218,39,2.608
218,40,0.34
218,41,0.252
218,42,0.208
218,43,0.259
218,44,0.286
218,45,0.216
218,46,0.273
218,47,0.611
218,48,0.771
219,1,0.133
219,2,0.18
219,3,0.159
219,4,0.098
219,5,0.172
219,6,0.171
219,7,0.096
219,8,1.043
219,9,0.178
219,10,0.104
219,11,0.138
219,12,0.179
219,13,0.14
219,14,0.159
219,15,0.221
219,16,0.277
219,17,1.259
219,18,0.214
219,19,0.216
219,20,0.688
219,21,0.368
219,22,0.715
219,23,0.991
219,24,0.226
219,25,0.228
219,26,0.185
219,27,0.151
219,28,0.342
219,29,1.548
219,30,0.292
219,31,0.332
219,32,1.038
219,33,0.34
219,34,0.413
219,35,2.547
219,36,0.356
219,37,0.347
219,38,0.301
219,39,0.345
219,40,1.246
219,41,0.483
219,42,0.189
219,43,0.292
219,44,0.263
219,45,2.201
219,46,0.25
219,47,0.292
219,48,0.275
220,1,0.238
220,2,0.249
220,3,0.225
220,4,1.121
220,5,0.177
220,6,0.201
220,7,0.196
220,8,0.161
220,9,0.186
220,10,0.198
220,11,0.201
220,12,1.071
220,13,0.259
220,14,0.449
220,15,0.242
220,16,0.192
220,17,0.236
220,18,1.161
220,19,0.162
220,20,0.239
220,21,0.227
220,22,1.156
220,23,0.155
220,24,0.225
220,25,0.226
220,26,0.199
220,27,0.166
220,28,0.34
220,29,0.377
220,30,1.202
220,31,0.341
220,32,0.465
220,33,0.891
220,34,2.125
220,35,1.734
220,36,1.124
220,37,1.268
220,38,0.329
220,39,0.308
220,40,1.19
220,41,0.254
220,42,0.271
220,43,0.291
220,44,0.283
220,45,0.297
220,46,0.289
220,47,0.285
220,48,1.174
221,1,0.286
221,2,0.225
221,3,0.134
221,4,0.168
221,5,0.237
221,6,0.254
221,7,0.253
221,8,1.012
221,9,0.35
221,10,0.202
221,11,0.126
221,12,0.198
221,13,0.2
221,14,0.203
221,15,0.202
221,16,0.179
221,17,0.535
221,18,0.652
221,19,0.447
221,20,0.238
221,21,0.197
221,22,0.196
221,23,0.192
221,24,0.181
221,25,1.012
221,26,0.18
221,27,0.181
221,28,0.186
221,29,0.378
221,30,1.153
221,31,0.211
221,32,0.624
221,33,1.306
221,34,1.444
221,35,2.574
221,36,3.22
221,37,0.758
221,38,0.429
221,39,1.453
221,40,0.35
221,41,0.473
221,42,0.331
221,43,0.275
221,44,0.264
221,45,1.188
221,46,0.193
221,47,0.181
221,48,0.228
222,1,0.498
222,2,0.94
222,3,0.216
222,4,0.218
222,5,0.217
222,6,0.204
222,7,0.141
222,8,0.487
222,9,0.689
222,10,0.179
222,11,0.168
222,12,0.167
222,13,0.132
222,14,0.108
222,15,0.174
222,16,0.169
222,17,1.322
222,18,0.173
222,19,0.148
222,20,0.625
222,21,3.113
222,22,2.066
222,23,0.647
222,24,0.378
222,25,0.597
222,26,0.366
222,27,1.185
222,28,0.642
222,29,0.431
222,30,0.348
222,31,0.321
222,32,1.031
222,33,0.795
222,34,0.375
222,35,0.842
222,36,1.294
222,37,1.012
222,38,1.119
222,39,0.445
222,40,0.333
222,41,0.155
222,42,0.267
222,43,0.281
222,44,0.277
222,45,1.211
222,46,0.221
222,47,0.979
222,48,0.331
223,1,0.229
223,2,0.234
223,3,0.192
223,4,0.187
223,5,0.233
223,6,0.224
223,7,1.123
223,8,0.146
223,9,0.165
223,10,0.182
223,11,0.18
223,12,0.133
223,13,0.103
223,14,0.176
223,15,0.367
223,16,0.886
223,17,0.323
223,18,0.182
223,19,0.205
223,20,0.217
223,21,0.541
223,22,0.323
223,23,0.237
223,24,1.056
223,25,0.128
223,26,0.16
223,27,0.216
223,28,0.208
223,29,0.202
223,30,0.267
223,31,1.387
223,32,0.355
223,33,0.35
223,34,0.379
223,35,1.619
223,36,1.223
223,37,0.278
223,38,1.303
223,39,0.585
223,40,0.423
223,41,0.174
223,42,0.291
223,43,0.297
223,44,0.289
223,45,0.211
223,46,1.163
223,47,0.341
223,48,0.339
224,1,0.292
224,2,0.225
224,3,0.113
224,4,0.125
224,5,0.179
224,6,0.17
224,7,0.996
224,8,0.168
224,9,0.155
224,10,0.096
224,11,0.189
224,12,0.224
224,13,0.18
224,14,0.166
224,15,0.92
224,16,3.104
224,17,1.843
224,18,0.205
224,19,0.169
224,20,0.138
224,21,0.34
224,22,1.231
224,23,0.315
224,24,0.225
224,25,0.164
224,26,0.202
224,27,0.582
224,28,2.146
224,29,0.167
224,30,0.151
224,31,0.206
224,32,0.265
224,33,0.348
224,34,2.534
224,35,1.612
224,36,0.357
224,37,0.348
224,38,1.346
224,39,0.307
224,40,3.193
224,41,3.104
224,42,0.225
224,43,0.261
224,44,0.186
224,45,0.241
224,46,0.318
224,47,0.304
224,48,0.28
225,1,1.501
225,2,0.119
225,3,0.106
225,4,0.172
225,5,0.175
225,6,0.169
225,7,0.114
225,8,0.918
225,9,0.348
225,10,0.222
225,11,0.21
225,12,0.15
225,13,0.197
225,14,0.519
225,15,0.818
225,16,0.133
225,17,0.322
225,18,0.279
225,19,0.229
225,20,0.198
225,21,0.17
225,22,1.244
225,23,0.274
225,24,0.206
225,25,0.133
225,26,0.153
225,27,0.245
225,28,0.255
225,29,0.27
225,30,0.933
225,31,0.569
225,32,0.356
225,33,0.584
225,34,1.613
225,35,2.269
225,36,1.405
225,37,0.779
225,38,1.426
225,39,0.238
225,40,0.231
225,41,0.486
225,42,0.196
225,43,0.226
225,44,1.047
225,45,0.683
225,46,0.312
225,47,0.24
225,48,0.123
226,1,0.133
226,2,0.176
226,3,1.075
226,4,0.17
226,5,0.137
226,6,0.09
226,7,0.18
226,8,0.169
226,9,0.166
226,10,0.126
226,11,0.107
226,12,1.046
226,13,0.203
226,14,0.198
226,15,0.14
226,16,0.194
226,17,0.772
226,18,0.298
226,19,0.289
226,20,1.116
226,21,0.427
226,22,0.312
226,23,0.306
226,24,0.15
226,25,0.162
226,26,1.136
226,27,0.227
226,28,0.185
226,29,0.13
226,30,0.342
226,31,0.792
226,32,0.476
226,33,1.376
226,34,0.657
226,35,0.379
226,36,0.569
226,37,0.4
226,38,0.376
226,39,1.1
226,40,0.864
226,41,1.165
226,42,0.92
226,43,0.436
226,44,0.858
226,45,0.565
226,46,0.275
226,47,0.281
226,48,0.233
227,1,0.204
227,2,0.305
227,3,0.294
227,4,0.456
227,5,0.989
227,6,0.25
227,7,0.187
227,8,0.218
227,9,0.25
227,10,0.246
227,11,0.225
227,12,0.17
227,13,0.251
227,14,1.215
227,15,0.386
227,16,0.215
227,17,0.146
227,18,0.196
227,19,1.174
227,20,0.256
227,21,0.197
227,22,0.18
227,23,0.245
227,24,0.254
227,25,0.204
227,26,1.359
227,27,0.846
227,28,0.35
227,29,0.623
227,30,0.443
227,31,0.367
227,32,0.346
227,33,0.382
227,34,1.676
227,35,3.112
227,36,1.384
227,37,0.324
227,38,0.428
227,39,1.406
227,40,0.21
227,41,0.18
227,42,0.15
227,43,0.467
227,44,0.287
227,45,0.285
227,46,1.467
227,47,0.215
227,48,0.266
228,1,0.245
228,2,0.232
228,3,0.24
228,4,0.235
228,5,0.196
228,6,0.343
228,7,0.915
228,8,0.185
228,9,0.177
228,10,0.153
228,11,0.096
228,12,0.159
228,13,0.168
228,14,0.169
228,15,0.964
228,16,0.124
228,17,0.213
228,18,0.601
228,19,0.486
228,20,0.172
228,21,0.192
228,22,0.603
228,23,1.31
228,24,0.394
228,25,1.199
228,26,0.284
228,27,0.402
228,28,1.006
228,29,0.283
228,30,0.307
228,31,0.337
228,32,0.374
228,33,0.377
228,34,0.312
228,35,1.241
228,36,2.294
228,37,0.786
228,38,0.382
228,39,0.703
228,40,0.964
228,41,0.245
228,42,0.241
228,43,0.286
228,44,0.216
228,45,0.285
228,46,0.259
228,47,0.203
228,48,1.198
229,1,0.217
229,2,0.175
229,3,0.184
229,4,0.118
229,5,0.128
229,6,0.187
229,7,0.179
229,8,0.144
229,9,0.109
229,10,1.046
229,11,0.178
229,12,0.156
229,13,0.107
229,14,0.161
229,15,0.393
229,16,0.257
229,17,0.595
229,18,0.576
229,19,0.207
229,20,0.202
229,21,0.191
229,22,0.133
229,23,0.181
229,24,0.207
229,25,0.205
229,26,0.509
229,27,0.704
229,28,0.209
229,29,0.21
229,30,0.295
229,31,0.323
229,32,0.556
229,33,0.646
229,34,2.548
229,35,1.12
229,36,0.372
229,37,0.357
229,38,0.323
229,39,0.29
229,40,3.065
229,41,1.46
229,42,0.444
229,43,0.256
229,44,0.214
229,45,0.287
229,46,0.278
229,47,0.258
229,48,1.172
230,1,0.181
230,2,0.255
230,3,0.25
230,4,0.188
230,5,0.1
230,6,0.153
230,7,0.186
230,8,0.173
230,9,1.068
230,10,0.193
230,11,0.267
230,12,0.215
230,13,0.148
230,14,0.106
230,15,0.179
230,16,0.496
230,17,3.163
230,18,3.32
230,19,0.33
230,20,0.598
230,21,0.586
230,22,0.288
230,23,0.184
230,24,1.206
230,25,0.222
230,26,0.191
230,27,0.831
230,28,0.231
230,29,0.229
230,30,1.362
230,31,0.288
230,32,0.291
230,33,0.26
230,34,0.352
230,35,0.65
230,36,1.591
230,37,1.219
230,38,0.341
230,39,0.296
230,40,1.057
230,41,0.711
230,42,0.589
230,43,0.285
230,44,0.201
230,45,0.253
230,46,0.273
230,47,1.221
230,48,0.307
231,1,0.272
231,2,0.133
231,3,0.148
231,4,0.211
231,5,0.208
231,6,0.216
231,7,0.205
231,8,1.044
231,9,0.115
231,10,0.18
231,11,0.179
231,12,0.172
231,13,0.14
231,14,0.098
231,15,0.699
231,16,2.165
231,17,0.22
231,18,0.167
231,19,0.154
231,20,0.428
231,21,1.317
231,22,0.203
231,23,0.17
231,24,0.19
231,25,0.241
231,26,0.263
231,27,0.355
231,28,1.267
231,29,0.258
231,30,0.327
231,31,0.429
231,32,0.346
231,33,1.37
231,34,1.005
231,35,2.264
231,36,1.387
231,37,1.742
231,38,0.797
231,39,0.306
231,40,0.401
231,41,1.537
231,42,0.174
231,43,0.268
231,44,0.291
231,45,0.26
231,46,0.235
231,47,1.267
231,48,0.279
232,1,0.273
232,2,0.257
232,3,0.287
232,4,0.24
232,5,0.171
232,6,0.229
232,7,1.157
232,8,0.185
232,9,0.154
232,10,0.218
232,11,0.201
232,12,0.135
232,13,0.178
232,14,0.269
232,15,1.345
232,16,0.166
232,17,0.226
232,18,0.367
232,19,0.146
232,20,1.279
232,21,0.991
232,22,0.276
232,23,2.031
232,24,0.613
232,25,0.519
232,26,0.642
232,27,1.095
232,28,0.165
232,29,0.357
232,30,0.235
232,31,0.166
232,32,0.325
232,33,1.304
232,34,1.423
232,35,0.758
232,36,0.345
232,37,0.284
232,38,1.525
232,39,0.383
232,40,0.33
232,41,0.301
232,42,0.304
232,43,0.242
232,44,0.241
232,45,1.255
232,46,0.245
232,47,0.234
232,48,0.286
233,1,0.231
233,2,0.181
233,3,0.241
233,4,1.174
233,5,0.183
233,6,0.241
233,7,0.197
233,8,0.112
233,9,0.164
233,10,0.121
233,11,0.106
233,12,0.478
233,13,0.714
233,14,0.285
233,15,0.652
233,16,0.171
233,17,3.116
233,18,3.14
233,19,0.262
233,20,0.395
233,21,0.778
233,22,1.332
233,23,0.177
233,24,0.234
233,25,1.207
233,26,0.361
233,27,0.428
233,28,0.274
233,29,0.143
233,30,0.266
233,31,1.572
233,32,0.294
233,33,0.355
233,34,0.846
233,35,2.987
233,36,0.58
233,37,0.552
233,38,1.44
233,39,3.058
233,40,3.161
233,41,0.479
233,42,0.29
233,43,0.395
233,44,0.267
233,45,0.205
233,46,1.26
233,47,0.267
233,48,0.196
234,1,0.274
234,2,0.158
234,3,0.095
234,4,0.17
234,5,0.136
234,6,1.055
234,7,0.171
234,8,0.12
234,9,0.121
234,10,0.169
234,11,0.147
234,12,0.164
234,13,0.203
234,14,1.283
234,15,0.185
234,16,0.943
234,17,0.239
234,18,0.211
234,19,0.244
234,20,1.105
234,21,0.146
234,22,0.171
234,23,0.094
234,24,0.15
234,25,0.163
234,26,0.103
234,27,0.263
234,28,1.207
234,29,0.215
234,30,0.261
234,31,0.289
234,32,0.213
234,33,0.219
234,34,0.904
234,35,3.069
234,36,0.601
234,37,0.318
234,38,0.265
234,39,0.342
234,40,0.559
234,41,0.408
234,42,2.014
234,43,0.361
234,44,0.256
234,45,0.241
234,46,0.278
234,47,0.238
234,48,0.2
235,1,0.721
235,2,0.573
235,3,0.095
235,4,0.172
235,5,0.179
235,6,0.107
235,7,0.129
235,8,0.182
235,9,0.136
235,10,1.011
235,11,0.176
235,12,0.169
235,13,0.096
235,14,0.192
235,15,0.214
235,16,0.138
235,17,0.163
235,18,0.213
235,19,1.27
235,20,0.175
235,21,0.335
235,22,0.249
235,23,0.263
235,24,0.296
235,25,0.376
235,26,0.436
235,27,0.316
235,28,1.192
235,29,0.379
235,30,0.369
235,31,0.364
235,32,1.061
235,33,1.095
235,34,0.757
235,35,2.008
235,36,2.282
235,37,1.556
235,38,0.79
235,39,3.089
235,40,3.254
235,41,0.259
235,42,0.217
235,43,0.353
235,44,0.29
235,45,0.291
235,46,0.29
235,47,0.258
235,48,1.15
236,1,0.218
236,2,0.218
236,3,0.172
236,4,0.163
236,5,0.165
236,6,0.174
236,7,0.163
236,8,1.074
236,9,0.17
236,10,0.111
236,11,0.098
236,12,0.132
236,13,0.171
236,14,0.181
236,15,1.214
236,16,0.929
236,17,0.316
236,18,0.313
236,19,0.211
236,20,0.209
236,21,0.229
236,22,0.208
236,23,1.141
236,24,0.363
236,25,0.465
236,26,2.662
236,27,0.14
236,28,0.262
236,29,0.372
236,30,0.378
236,31,0.368
236,32,1.35
236,33,0.343
236,34,0.501
236,35,1.348
236,36,1.427
236,37,1.324
236,38,0.336
236,39,1.896
236,40,3.017
236,41,1.97
236,42,0.432
236,43,0.282
236,44,0.282
236,45,0.282
236,46,0.266
236,47,0.232
236,48,0.191
237,1,1.05
237,2,0.152
237,3,0.149
237,4,0.146
237,5,0.156
237,6,0.149
237,7,0.146
237,8,0.155
237,9,0.144
237,10,1.004
237,11,0.08
237,12,0.099
237,13,0.154
237,14,0.157
237,15,3.137
237,16,0.547
237,17,0.292
237,18,0.181
237,19,1.3
237,20,0.178
237,21,0.145
237,22,0.074
237,23,0.073
237,24,0.145
237,25,0.15
237,26,1.085
237,27,0.155
237,28,0.143
237,29,0.148
237,30,0.147
237,31,0.143
237,32,0.18
237,33,0.179
237,34,1.328
237,35,0.156
237,36,0.179
237,37,0.656
237,38,1.671
237,39,1.453
237,40,0.229
237,41,0.429
237,42,0.223
237,43,0.216
237,44,0.199
237,45,0.275
237,46,1.215
237,47,0.237
237,48,0.193
238,1,0.195
238,2,0.182
238,3,0.152
238,4,0.146
238,5,0.15
238,6,0.155
238,7,1.056
238,8,0.146
238,9,0.156
238,10,0.15
238,11,0.169
238,12,0.201
238,13,0.209
238,14,0.172
238,15,0.135
238,16,1.228
238,17,0.309
238,18,0.263
238,19,0.229
238,20,1.274
238,21,1.646
238,22,3.02
238,23,1.982
238,24,0.225
238,25,0.231
238,26,0.225
238,27,0.225
238,28,0.354
238,29,0.393
238,30,0.374
238,31,1.536
238,32,0.461
238,33,0.334
238,34,0.295
238,35,1.071
238,36,2.573
238,37,3.342
238,38,0.345
238,39,0.34
238,40,1.642
238,41,0.35
238,42,0.207
238,43,0.209
238,44,0.269
238,45,1.703
238,46,0.253
238,47,0.249
238,48,0.227
239,1,0.2
239,2,0.196
239,3,0.154
239,4,1.315
239,5,0.107
239,6,0.074
239,7,0.137
239,8,0.157
239,9,0.147
239,10,0.154
239,11,0.145
239,12,0.166
239,13,0.199
239,14,1.254
239,15,0.2
239,16,0.162
239,17,0.48
239,18,0.211
239,19,0.201
239,20,1.591
239,21,0.239
239,22,0.238
239,23,0.235
239,24,0.23
239,25,0.533
239,26,0.227
239,27,1.529
239,28,0.821
239,29,0.533
239,30,1.164
239,31,1.723
239,32,2.064
239,33,1.174
239,34,1.143
239,35,2.164
239,36,0.821
239,37,0.926
239,38,1.147
239,39,0.235
239,40,0.244
239,41,0.251
239,42,0.58
239,43,0.286
239,44,0.553
239,45,1.026
239,46,0.269
239,47,0.234
239,48,0.201
240,1,0.139
240,2,0.134
240,3,0.216
240,4,0.214
240,5,0.986
240,6,0.322
240,7,0.19
240,8,0.147
240,9,0.143
240,10,0.151
240,11,0.148
240,12,0.143
240,13,0.142
240,14,1.007
240,15,0.125
240,16,0.346
240,17,0.643
240,18,0.508
240,19,0.592
240,20,0.33
240,21,0.31
240,22,1.101
240,23,0.154
240,24,0.149
240,25,0.219
240,26,0.213
240,27,0.225
240,28,0.363
240,29,0.421
240,30,0.586
240,31,0.931
240,32,0.385
240,33,0.383
240,34,0.384
240,35,1.817
240,36,1.42
240,37,1.545
240,38,1.272
240,39,0.737
240,40,0.211
240,41,0.259
240,42,1.216
240,43,0.253
240,44,0.246
240,45,0.255
240,46,0.249
240,47,0.248
240,48,0.253
388,1,0.168
388,2,0.167
388,3,0.162
388,4,0.161
388,5,0.163
388,6,0.193
388,7,0.199
388,8,0.901
388,9,0.288
388,10,0.162
388,11,0.163
388,12,0.156
388,13,0.155
388,14,0.195
388,15,0.506
388,16,1.265
388,17,0.709
388,18,0.236
388,19,0.231
388,20,0.213
388,21,0.196
388,22,0.19
388,23,0.199
388,24,0.193
388,25,0.188
388,26,1.01
388,27,0.347
388,28,0.613
388,29,1.131
388,30,0.198
388,31,0.271
388,32,0.309
388,33,0.482
388,34,3.352
388,35,1.701
388,36,1.863
388,37,1.254
388,38,0.359
388,39,0.335
388,40,0.311
388,41,0.226
388,42,0.528
388,43,0.48
388,44,0.339
388,45,0.271
388,46,0.222
388,47,0.934
388,48,0.213
389,1,0.213
389,2,0.216
389,3,0.217
389,4,0.211
389,5,0.21
389,6,0.196
389,7,0.159
389,8,0.153
389,9,0.123
389,10,0.772
389,11,0.343
389,12,0.199
389,13,0.196
389,14,0.222
389,15,0.303
389,16,0.265
389,17,0.47
389,18,1.01
389,19,0.167
389,20,0.129
389,21,0.31
389,22,0.238
389,23,0.224
389,24,0.82
389,25,1.279
389,26,0.294
389,27,0.173
389,28,0.25
389,29,0.232
389,30,0.216
389,31,0.219
389,32,1.186
389,33,1.377
389,34,1.056
389,35,1.194
389,36,3.568
389,37,1.616
389,38,0.424
389,39,0.418
389,40,1.588
389,41,0.252
389,42,0.252
389,43,0.237
389,44,0.262
389,45,0.27
389,46,0.275
389,47,0.251
389,48,0.216
390,1,0.13
390,2,0.874
390,3,0.15
390,4,0.166
390,5,0.163
390,6,0.163
390,7,0.168
390,8,0.161
390,9,0.161
390,10,0.162
390,11,0.162
390,12,0.142
390,13,0.876
390,14,0.174
390,15,0.306
390,16,0.311
390,17,0.332
390,18,0.86
390,19,0.255
390,20,0.395
390,21,0.834
390,22,0.153
390,23,0.433
390,24,0.168
390,25,0.163
390,26,1.013
390,27,0.179
390,28,0.485
390,29,1.254
390,30,0.346
390,31,0.282
390,32,0.287
390,33,3.563
390,34,3.198
390,35,1.202
390,36,0.46
390,37,0.405
390,38,1.215
390,39,1.92
390,40,3.089
390,41,1.876
390,42,0.307
390,43,0.659
390,44,0.264
390,45,0.212
390,46,0.197
390,47,0.25
390,48,0.217
391,1,0.18
391,2,1.006
391,3,0.169
391,4,0.16
391,5,0.159
391,6,0.163
391,7,0.167
391,8,0.11
391,9,0.09
391,10,0.174
391,11,0.989
391,12,0.161
391,13,0.162
391,14,0.241
391,15,0.369
391,16,0.319
391,17,0.307
391,18,1.011
391,19,0.356
391,20,0.143
391,21,0.197
391,22,0.192
391,23,0.205
391,24,0.215
391,25,0.195
391,26,0.139
391,27,0.911
391,28,0.194
391,29,0.362
391,30,0.235
391,31,0.246
391,32,0.241
391,33,0.252
391,34,0.304
391,35,3.087
391,36,0.782
391,37,0.449
391,38,1.324
391,39,0.427
391,40,0.565
391,41,0.308
391,42,0.286
391,43,0.445
391,44,0.336
391,45,0.301
391,46,0.219
391,47,0.177
391,48,0.182
392,1,0.947
392,2,0.159
392,3,0.159
392,4,0.164
392,5,0.162
392,6,0.159
392,7,0.161
392,8,0.158
392,9,0.162
392,10,0.157
392,11,0.127
392,12,0.853
392,13,0.116
392,14,0.208
392,15,0.301
392,16,0.284
392,17,0.535
392,18,0.26
392,19,3.099
392,20,2.343
392,21,0.199
392,22,0.262
392,23,1.006
392,24,0.378
392,25,0.367
392,26,0.279
392,27,0.24
392,28,0.483
392,29,1.422
392,30,0.25
392,31,0.265
392,32,0.26
392,33,0.254
392,34,0.295
392,35,3.525
392,36,0.983
392,37,2.837
392,38,3.392
392,39,1.144
392,40,0.671
392,41,0.453
392,42,0.258
392,43,1.007
392,44,0.429
392,45,0.33
392,46,0.276
392,47,0.786
392,48,0.439
393,1,0.098
393,2,0.098
393,3,0.157
393,4,0.164
393,5,0.164
393,6,0.167
393,7,0.159
393,8,0.158
393,9,0.16
393,10,0.962
393,11,0.157
393,12,0.156
393,13,0.163
393,14,0.215
393,15,0.319
393,16,0.276
393,17,0.269
393,18,1.186
393,19,0.228
393,20,0.22
393,21,0.212
393,22,0.343
393,23,0.115
393,24,0.181
393,25,0.196
393,26,0.198
393,27,0.216
393,28,1.014
393,29,0.372
393,30,0.229
393,31,0.221
393,32,0.216
393,33,0.197
393,34,1.049
393,35,0.881
393,36,1.943
393,37,1.504
393,38,0.422
393,39,0.432
393,40,0.415
393,41,0.343
393,42,0.476
393,43,0.257
393,44,0.246
393,45,0.244
393,46,0.224
393,47,0.178
393,48,0.943
394,1,0.196
394,2,0.178
394,3,0.176
394,4,0.162
394,5,0.155
394,6,0.162
394,7,0.161
394,8,0.156
394,9,0.098
394,10,0.085
394,11,0.847
394,12,0.169
394,13,0.157
394,14,0.196
394,15,0.297
394,16,0.266
394,17,0.637
394,18,0.287
394,19,0.253
394,20,1.028
394,21,0.37
394,22,0.247
394,23,0.264
394,24,0.268
394,25,0.249
394,26,0.273
394,27,0.153
394,28,1.029
394,29,0.26
394,30,0.26
394,31,0.254
394,32,0.238
394,33,0.234
394,34,0.28
394,35,0.267
394,36,0.215
394,37,3.116
394,38,1.901
394,39,0.412
394,40,0.291
394,41,1.217
394,42,0.791
394,43,0.337
394,44,0.292
394,45,0.29
394,46,0.315
394,47,1.274
394,48,0.282
395,1,0.241
395,2,0.182
395,3,0.11
395,4,0.089
395,5,0.132
395,6,0.162
395,7,1.009
395,8,0.154
395,9,0.154
395,10,0.153
395,11,0.152
395,12,0.124
395,13,0.1
395,14,0.144
395,15,1.964
395,16,0.255
395,17,1.498
395,18,0.29
395,19,0.125
395,20,0.162
395,21,0.349
395,22,1.289
395,23,0.157
395,24,0.147
395,25,0.147
395,26,0.15
395,27,0.399
395,28,0.108
395,29,2.59
395,30,1.062
395,31,0.233
395,32,2.126
395,33,0.447
395,34,0.364
395,35,0.494
395,36,0.697
395,37,1.08
395,38,0.441
395,39,0.43
395,40,0.672
395,41,0.326
395,42,1.42
395,43,3.078
395,44,1.951
395,45,0.26
395,46,0.231
395,47,0.197
395,48,0.223
396,1,0.245
396,2,0.236
396,3,1.099
396,4,0.158
396,5,0.159
396,6,0.182
396,7,0.156
396,8,0.134
396,9,0.201
396,10,0.204
396,11,1.081
396,12,0.155
396,13,0.104
396,14,0.128
396,15,0.306
396,16,0.278
396,17,0.511
396,18,0.26
396,19,1.056
396,20,0.338
396,21,0.227
396,22,0.184
396,23,0.214
396,24,1.303
396,25,0.217
396,26,0.176
396,27,0.246
396,28,0.171
396,29,0.371
396,30,1.069
396,31,2.596
396,32,0.409
396,33,0.25
396,34,3.602
396,35,2.875
396,36,2.156
396,37,0.386
396,38,0.335
396,39,0.328
396,40,0.769
396,41,0.935
396,42,0.179
396,43,0.383
396,44,0.413
396,45,0.234
396,46,0.237
396,47,0.147
396,48,1.07
397,1,0.186
397,2,0.103
397,3,0.17
397,4,0.106
397,5,0.13
397,6,0.167
397,7,0.141
397,8,0.701
397,9,0.571
397,10,0.413
397,11,0.189
397,12,0.084
397,13,0.202
397,14,0.239
397,15,3.247
397,16,2.838
397,17,0.34
397,18,0.544
397,19,0.189
397,20,0.186
397,21,0.194
397,22,0.197
397,23,0.224
397,24,1.051
397,25,0.405
397,26,0.507
397,27,0.201
397,28,0.157
397,29,0.197
397,30,0.196
397,31,0.185
397,32,1.165
397,33,0.213
397,34,0.259
397,35,0.225
397,36,0.396
397,37,1.515
397,38,1.395
397,39,1.683
397,40,3.18
397,41,2.127
397,42,0.171
397,43,1.352
397,44,0.38
397,45,0.308
397,46,0.258
397,47,0.215
397,48,0.247
398,1,0.162
398,2,1.161
398,3,0.178
398,4,0.185
398,5,0.145
398,6,0.112
398,7,0.162
398,8,0.091
398,9,0.171
398,10,0.099
398,11,0.154
398,12,0.966
398,13,0.194
398,14,0.294
398,15,0.238
398,16,0.545
398,17,0.355
398,18,1.323
398,19,0.171
398,20,0.222
398,21,0.166
398,22,0.156
398,23,0.174
398,24,0.134
398,25,0.192
398,26,0.126
398,27,0.79
398,28,0.41
398,29,0.234
398,30,0.153
398,31,0.183
398,32,0.16
398,33,0.172
398,34,1.169
398,35,2.352
398,36,2.288
398,37,0.522
398,38,1.486
398,39,0.294
398,40,0.366
398,41,0.236
398,42,0.793
398,43,0.395
398,44,0.221
398,45,0.311
398,46,1.114
398,47,0.26
398,48,0.159
399,1,0.14
399,2,0.153
399,3,0.11
399,4,0.164
399,5,0.089
399,6,0.169
399,7,0.215
399,8,0.832
399,9,0.11
399,10,0.144
399,11,0.122
399,12,0.125
399,13,0.17
399,14,0.177
399,15,1.752
399,16,0.421
399,17,0.491
399,18,0.39
399,19,0.905
399,20,0.216
399,21,0.13
399,22,0.434
399,23,0.174
399,24,0.214
399,25,0.184
399,26,0.185
399,27,1.272
399,28,0.156
399,29,0.209
399,30,0.51
399,31,0.339
399,32,0.27
399,33,0.85
399,34,2.325
399,35,3.141
399,36,1.685
399,37,1.994
399,38,3.21
399,39,3.047
399,40,3.349
399,41,3.005
399,42,0.827
399,43,0.304
399,44,0.716
399,45,0.748
399,46,0.197
399,47,0.18
399,48,0.151
400,1,0.112
400,2,0.165
400,3,0.697
400,4,0.724
400,5,0.11
400,6,0.152
400,7,0.122
400,8,0.131
400,9,0.138
400,10,0.12
400,11,0.157
400,12,0.095
400,13,1.042
400,14,0.19
400,15,0.577
400,16,1.304
400,17,0.66
400,18,0.322
400,19,0.187
400,20,0.252
400,21,1.182
400,22,0.185
400,23,0.23
400,24,0.165
400,25,0.338
400,26,0.585
400,27,1.458
400,28,1.035
400,29,1.587
400,30,0.522
400,31,0.403
400,32,0.281
400,33,0.264
400,34,0.923
400,35,2.322
400,36,2.526
400,37,0.679
400,38,0.36
400,39,0.349
400,40,0.366
400,41,1.382
400,42,0.194
400,43,0.399
400,44,0.25
400,45,0.228
400,46,0.221
400,47,0.131
400,48,0.206
401,1,0.128
401,2,0.144
401,3,0.151
401,4,0.864
401,5,0.176
401,6,0.107
401,7,0.156
401,8,0.299
401,9,0.151
401,10,0.16
401,11,0.103
401,12,0.17
401,13,0.101
401,14,0.199
401,15,1.096
401,16,0.577
401,17,0.355
401,18,0.129
401,19,1.019
401,20,0.108
401,21,0.139
401,22,0.141
401,23,0.124
401,24,0.212
401,25,0.502
401,26,0.228
401,27,0.172
401,28,0.173
401,29,0.983
401,30,0.141
401,31,0.227
401,32,0.324
401,33,0.227
401,34,1.753
401,35,1.924
401,36,0.652
401,37,0.615
401,38,3.342
401,39,3.203
401,40,0.359
401,41,0.387
401,42,0.542
401,43,0.283
401,44,0.269
401,45,0.179
401,46,0.248
401,47,0.198
401,48,0.201
402,1,1.003
402,2,0.096
402,3,0.171
402,4,0.109
402,5,0.148
402,6,0.141
402,7,0.504
402,8,0.307
402,9,0.135
402,10,0.195
402,11,0.927
402,12,0.146
402,13,0.128
402,14,0.568
402,15,1.074
402,16,0.425
402,17,0.338
402,18,0.144
402,19,1.063
402,20,0.163
402,21,0.204
402,22,0.191
402,23,0.143
402,24,0.196
402,25,0.118
402,26,0.863
402,27,0.31
402,28,0.204
402,29,0.195
402,30,0.351
402,31,0.177
402,32,0.201
402,33,1.081
402,34,2.354
402,35,1.136
402,36,0.382
402,37,1.54
402,38,0.943
402,39,3.306
402,40,2.983
402,41,0.31
402,42,0.281
402,43,0.256
402,44,0.202
402,45,0.257
402,46,0.179
402,47,0.257
402,48,0.2
403,1,0.195
403,2,0.191
403,3,0.988
403,4,0.207
403,5,0.105
403,6,0.169
403,7,0.096
403,8,0.401
403,9,0.212
403,10,0.155
403,11,0.133
403,12,0.132
403,13,0.942
403,14,0.134
403,15,0.301
403,16,0.212
403,17,0.537
403,18,0.197
403,19,0.208
403,20,0.377
403,21,1.009
403,22,0.224
403,23,0.169
403,24,0.19
403,25,1.022
403,26,1.379
403,27,2.414
403,28,3.505
403,29,3.239
403,30,1.523
403,31,1.518
403,32,2.325
403,33,0.921
403,34,2.544
403,35,1.883
403,36,0.533
403,37,0.473
403,38,0.928
403,39,1.376
403,40,0.35
403,41,0.291
403,42,0.466
403,43,0.324
403,44,0.271
403,45,0.266
403,46,0.22
403,47,0.133
403,48,1.066
404,1,0.138
404,2,0.166
404,3,0.152
404,4,0.141
404,5,0.175
404,6,0.131
404,7,0.187
404,8,0.113
404,9,0.302
404,10,0.252
404,11,0.889
404,12,0.217
404,13,0.139
404,14,0.202
404,15,2.258
404,16,3.236
404,17,0.389
404,18,0.276
404,19,0.241
404,20,0.142
404,21,0.209
404,22,0.162
404,23,0.226
404,24,0.164
404,25,1.172
404,26,0.119
404,27,0.169
404,28,0.371
404,29,0.361
404,30,1.888
404,31,0.17
404,32,0.207
404,33,0.172
404,34,3.123
404,35,0.917
404,36,0.454
404,37,1.728
404,38,0.414
404,39,0.533
404,40,0.283
404,41,0.246
404,42,0.19
404,43,0.283
404,44,0.254
404,45,0.182
404,46,1.048
404,47,0.145
404,48,0.224
405,1,0.165
405,2,0.184
405,3,0.147
405,4,0.116
405,5,0.17
405,6,0.098
405,7,0.175
405,8,0.9
405,9,0.141
405,10,0.147
405,11,0.115
405,12,0.164
405,13,0.094
405,14,0.212
405,15,0.51
405,16,1.259
405,17,0.331
405,18,0.195
405,19,0.205
405,20,0.132
405,21,0.564
405,22,0.128
405,23,0.192
405,24,0.951
405,25,0.182
405,26,0.231
405,27,1.053
405,28,0.493
405,29,0.407
405,30,0.206
405,31,0.159
405,32,1.048
405,33,0.18
405,34,0.148
405,35,1.074
405,36,0.933
405,37,2.264
405,38,0.438
405,39,0.304
405,40,1.461
405,41,0.207
405,42,0.173
405,43,0.275
405,44,0.198
405,45,0.256
405,46,0.199
405,47,0.155
405,48,0.149
406,1,0.109
406,2,0.966
406,3,0.092
406,4,0.171
406,5,0.104
406,6,0.161
406,7,0.118
406,8,0.141
406,9,0.132
406,10,0.129
406,11,0.151
406,12,0.895
406,13,0.156
406,14,0.126
406,15,0.537
406,16,0.323
406,17,0.359
406,18,0.208
406,19,0.195
406,20,0.213
406,21,0.856
406,22,0.331
406,23,0.225
406,24,0.265
406,25,0.135
406,26,0.201
406,27,0.205
406,28,0.581
406,29,1.206
406,30,0.442
406,31,0.578
406,32,0.194
406,33,0.232
406,34,0.16
406,35,2.698
406,36,1.114
406,37,0.465
406,38,3.248
406,39,1.785
406,40,0.429
406,41,0.699
406,42,1.253
406,43,0.296
406,44,0.255
406,45,0.199
406,46,0.234
406,47,0.169
406,48,0.113
407,1,0.178
407,2,0.143
407,3,0.956
407,4,0.176
407,5,0.153
407,6,0.159
407,7,0.21
407,8,0.133
407,9,0.144
407,10,0.162
407,11,0.09
407,12,1.001
407,13,0.119
407,14,0.168
407,15,0.311
407,16,1.276
407,17,1.386
407,18,0.296
407,19,0.189
407,20,0.226
407,21,0.181
407,22,0.423
407,23,0.177
407,24,0.173
407,25,1.001
407,26,0.211
407,27,0.604
407,28,0.4
407,29,0.195
407,30,0.47
407,31,0.28
407,32,0.968
407,33,3.038
407,34,3.695
407,35,3.263
407,36,0.847
407,37,0.485
407,38,0.272
407,39,0.237
407,40,0.232
407,41,1.546
407,42,0.24
407,43,0.533
407,44,0.289
407,45,0.218
407,46,0.237
407,47,0.15
407,48,0.216
408,1,0.401
408,2,0.254
408,3,0.217
408,4,0.239
408,5,0.837
408,6,0.332
408,7,0.136
408,8,0.125
408,9,0.145
408,10,0.118
408,11,0.15
408,12,0.104
408,13,0.165
408,14,0.628
408,15,0.672
408,16,0.52
408,17,0.331
408,18,0.226
408,19,1.132
408,20,0.198
408,21,0.216
408,22,0.208
408,23,0.188
408,24,0.208
408,25,0.158
408,26,0.537
408,27,1.019
408,28,0.203
408,29,0.124
408,30,0.211
408,31,0.137
408,32,0.204
408,33,1.519
408,34,1.415
408,35,1.298
408,36,0.892
408,37,0.321
408,38,1.499
408,39,0.362
408,40,0.274
408,41,0.297
408,42,0.834
408,43,0.241
408,44,1.151
408,45,0.182
408,46,0.215
408,47,0.151
408,48,0.217
409,1,0.154
409,2,0.161
409,3,0.119
409,4,0.147
409,5,0.123
409,6,0.95
409,7,0.135
409,8,0.132
409,9,0.138
409,10,0.121
409,11,0.203
409,12,0.134
409,13,0.149
409,14,0.134
409,15,0.317
409,16,1.06
409,17,0.423
409,18,0.134
409,19,0.195
409,20,0.175
409,21,0.197
409,22,0.158
409,23,0.447
409,24,1.076
409,25,0.184
409,26,0.327
409,27,0.18
409,28,0.216
409,29,0.145
409,30,0.242
409,31,0.189
409,32,1.058
409,33,0.225
409,34,0.245
409,35,0.252
409,36,0.956
409,37,2.392
409,38,2.205
409,39,0.448
409,40,0.343
409,41,0.227
409,42,0.421
409,43,0.479
409,44,0.302
409,45,0.275
409,46,0.287
409,47,0.757
409,48,0.494
410,1,0.167
410,2,0.192
410,3,0.183
410,4,0.164
410,5,0.14
410,6,0.113
410,7,0.157
410,8,0.096
410,9,0.194
410,10,0.924
410,11,0.215
410,12,0.143
410,13,0.198
410,14,0.183
410,15,0.345
410,16,0.583
410,17,1.893
410,18,0.338
410,19,0.238
410,20,0.236
410,21,0.172
410,22,0.222
410,23,0.163
410,24,0.254
410,25,0.795
410,26,0.37
410,27,0.285
410,28,1.033
410,29,0.202
410,30,0.33
410,31,0.212
410,32,0.186
410,33,0.232
410,34,0.899
410,35,2.317
410,36,0.973
410,37,2.415
410,38,3.255
410,39,1.098
410,40,0.381
410,41,0.225
410,42,0.285
410,43,0.308
410,44,0.246
410,45,1.218
410,46,0.198
410,47,0.189
410,48,0.186
411,1,0.099
411,2,0.17
411,3,0.109
411,4,0.153
411,5,0.129
411,6,0.128
411,7,0.966
411,8,0.089
411,9,0.202
411,10,0.163
411,11,0.184
411,12,0.137
411,13,0.102
411,14,0.217
411,15,0.278
411,16,1.107
411,17,0.394
411,18,0.206
411,19,0.226
411,20,0.839
411,21,1.516
411,22,0.21
411,23,0.147
411,24,0.149
411,25,0.101
411,26,0.202
411,27,0.137
411,28,0.181
411,29,0.6
411,30,0.781
411,31,0.213
411,32,2.566
411,33,1.173
411,34,0.995
411,35,2.239
411,36,3.137
411,37,1.877
411,38,3.26
411,39,2.528
411,40,0.35
411,41,0.297
411,42,0.28
411,43,0.538
411,44,0.33
411,45,0.249
411,46,0.302
411,47,0.214
411,48,0.221
412,1,0.971
412,2,0.312
412,3,0.182
412,4,0.127
412,5,0.148
412,6,0.162
412,7,0.116
412,8,0.177
412,9,0.114
412,10,0.158
412,11,0.152
412,12,1.011
412,13,0.182
412,14,0.166
412,15,0.711
412,16,3.426
412,17,0.77
412,18,0.253
412,19,0.182
412,20,0.238
412,21,0.212
412,22,1.231
412,23,0.248
412,24,0.175
412,25,0.23
412,26,0.2
412,27,0.381
412,28,0.225
412,29,0.168
412,30,1.084
412,31,0.169
412,32,0.314
412,33,0.309
412,34,0.308
412,35,3.612
412,36,1.678
412,37,1.056
412,38,1.727
412,39,0.371
412,40,1.524
412,41,3.102
412,42,2.2
412,43,0.454
412,44,0.276
412,45,0.205
412,46,0.236
412,47,0.177
412,48,0.12
413,1,1.054
413,2,0.127
413,3,0.128
413,4,0.169
413,5,0.105
413,6,0.156
413,7,0.147
413,8,0.106
413,9,1.017
413,10,0.107
413,11,0.146
413,12,0.176
413,13,0.165
413,14,0.279
413,15,0.319
413,16,1.207
413,17,0.857
413,18,0.198
413,19,0.257
413,20,0.178
413,21,0.268
413,22,1.186
413,23,0.387
413,24,0.368
413,25,1.075
413,26,0.206
413,27,0.197
413,28,0.191
413,29,0.322
413,30,0.177
413,31,0.197
413,32,1.084
413,33,0.433
413,34,0.242
413,35,2.581
413,36,2.284
413,37,0.696
413,38,3.11
413,39,2.988
413,40,0.332
413,41,0.368
413,42,0.244
413,43,0.267
413,44,0.231
413,45,0.28
413,46,0.176
413,47,0.196
413,48,0.996
414,1,0.105
414,2,0.175
414,3,0.114
414,4,0.148
414,5,0.145
414,6,0.113
414,7,0.176
414,8,0.101
414,9,0.95
414,10,0.129
414,11,0.131
414,12,0.168
414,13,0.162
414,14,0.567
414,15,0.431
414,16,1.241
414,17,0.197
414,18,0.162
414,19,0.193
414,20,0.138
414,21,0.22
414,22,0.187
414,23,0.211
414,24,0.198
414,25,0.757
414,26,0.39
414,27,0.247
414,28,0.396
414,29,0.145
414,30,0.183
414,31,1.036
414,32,0.188
414,33,0.224
414,34,1.464
414,35,2.203
414,36,1.203
414,37,0.331
414,38,0.363
414,39,1.201
414,40,0.333
414,41,0.943
414,42,0.366
414,43,0.272
414,44,0.234
414,45,0.298
414,46,0.22
414,47,0.72
414,48,0.498
415,1,0.173
415,2,0.186
415,3,0.101
415,4,0.173
415,5,0.114
415,6,0.147
415,7,0.143
415,8,0.118
415,9,0.179
415,10,0.94
415,11,0.167
415,12,0.118
415,13,0.143
415,14,0.277
415,15,0.307
415,16,0.537
415,17,0.208
415,18,0.739
415,19,0.488
415,20,0.114
415,21,0.177
415,22,1.006
415,23,0.169
415,24,0.1
415,25,0.146
415,26,0.157
415,27,0.223
415,28,0.496
415,29,0.768
415,30,0.731
415,31,0.736
415,32,1.65
415,33,0.997
415,34,1.066
415,35,1.877
415,36,2.258
415,37,0.917
415,38,0.502
415,39,0.44
415,40,0.315
415,41,0.437
415,42,0.204
415,43,0.295
415,44,1.064
415,45,0.257
415,46,0.216
415,47,0.151
415,48,0.178
