213,1,0.217
213,2,0.212
213,3,0.212
213,4,0.215
213,5,0.227
213,6,0.214
213,7,0.215
213,8,0.215
213,9,0.214
213,10,0.215
213,11,0.215
213,12,0.216
213,13,0.216
213,14,0.217
213,15,0.216
213,16,0.212
213,17,0.212
213,18,0.21
213,19,0.211
213,20,0.211
213,21,0.212
213,22,0.213
213,23,0.215
213,24,0.212
213,25,0.214
213,26,0.214
213,27,0.214
213,28,0.213
213,29,0.215
213,30,0.213
213,31,0.215
213,32,0.213
213,33,0.215
213,34,0.213
213,35,0.212
213,36,0.212
213,37,0.212
213,38,0.23
213,39,0.236
213,40,0.221
213,41,0.213
213,42,0.214
213,43,0.212
213,44,0.235
213,45,0.232
213,46,0.212
213,47,0.242
213,48,0.212
214,1,0.213
214,2,0.213
214,3,0.212
214,4,0.214
214,5,0.22
214,6,0.228
214,7,0.216
214,8,0.215
214,9,0.225
214,10,0.215
214,11,0.216
214,12,0.217
214,13,0.217
214,14,0.216
214,15,0.217
214,16,0.214
214,17,0.214
214,18,0.212
214,19,0.211
214,20,0.214
214,21,0.217
214,22,0.214
214,23,0.215
214,24,0.214
214,25,0.214
214,26,0.213
214,27,0.214
214,28,0.214
214,29,0.213
214,30,0.214
214,31,0.215
214,32,0.215
214,33,0.218
214,34,0.218
214,35,0.217
214,36,0.218
214,37,0.301
214,38,0.231
214,39,0.222
214,40,0.222
214,41,0.235
214,42,0.222
214,43,0.222
214,44,0.216
214,45,0.266
214,46,0.219
214,47,0.212
214,48,0.227
215,1,0.212
215,2,0.213
215,3,0.211
215,4,0.213
215,5,0.227
215,6,0.214
215,7,0.214
215,8,0.214
215,9,0.223
215,10,0.215
215,11,0.215
215,12,0.215
215,13,0.216
215,14,0.216
215,15,0.215
215,16,0.215
215,17,0.214
215,18,0.217
215,19,0.217
215,20,0.217
215,21,0.216
215,22,0.216
215,23,0.215
215,24,0.216
215,25,0.214
215,26,0.214
215,27,0.213
215,28,0.215
215,29,0.215
215,30,0.215
215,31,0.215
215,32,0.215
215,33,0.435
215,34,1.212
215,35,0.447
215,36,0.45
215,37,0.233
215,38,0.254
215,39,0.293
215,40,0.212
215,41,0.241
215,42,0.224
215,43,0.236
215,44,0.227
215,45,0.221
215,46,0.212
215,47,0.225
215,48,0.21
216,1,0.209
216,2,0.21
216,3,0.21
216,4,0.21
216,5,0.212
216,6,0.212
216,7,0.213
216,8,0.213
216,9,0.214
216,10,0.212
216,11,0.213
216,12,0.213
216,13,0.222
216,14,0.218
216,15,0.213
216,16,0.212
216,17,0.211
216,18,0.211
216,19,0.21
216,20,0.211
216,21,0.21
216,22,0.21
216,23,0.209
216,24,0.211
216,25,0.304
216,26,0.51
216,27,0.511
216,28,0.519
216,29,0.518
216,30,0.516
216,31,0.516
216,32,0.541
216,33,0.609
216,34,1.785
216,35,0.616
216,36,0.453
216,37,0.328
216,38,0.329
216,39,0.337
216,40,0.35
216,41,0.344
216,42,0.334
216,43,0.32
216,44,0.318
216,45,0.329
216,46,0.322
216,47,0.346
216,48,0.325
217,1,0.325
217,2,0.325
217,3,0.326
217,4,0.325
217,5,0.325
217,6,0.327
217,7,0.327
217,8,0.328
217,9,0.329
217,10,0.329
217,11,0.327
217,12,0.33
217,13,0.326
217,14,0.337
217,15,0.329
217,16,0.329
217,17,0.325
217,18,0.324
217,19,0.322
217,20,0.322
217,21,0.325
217,22,0.326
217,23,0.515
217,24,0.59
217,25,0.587
217,26,0.588
217,27,0.589
217,28,0.592
217,29,0.604
217,30,1.683
217,31,0.674
217,32,0.548
217,33,0.33
217,34,0.216
217,35,0.215
217,36,0.217
217,37,0.219
217,38,0.219
217,39,0.221
217,40,0.239
217,41,0.228
217,42,0.228
217,43,0.235
217,44,0.249
217,45,0.237
217,46,0.221
217,47,0.222
217,48,0.223
218,1,0.221
218,2,0.224
218,3,0.222
218,4,0.222
218,5,0.224
218,6,0.226
218,7,0.227
218,8,0.234
218,9,0.227
218,10,0.224
218,11,0.225
218,12,0.225
218,13,0.228
218,14,0.229
218,15,0.226
218,16,0.226
218,17,0.222
218,18,0.22
218,19,0.218
218,20,0.219
218,21,0.22
218,22,0.218
218,23,0.22
218,24,0.219
218,25,0.223
218,26,0.228
218,27,0.221
218,28,0.239
218,29,0.494
218,30,0.495
218,31,0.499
218,32,0.537
218,33,0.512
218,34,0.262
218,35,0.108
218,36,0.109
218,37,0.109
218,38,0.108
218,39,0.117
218,40,0.116
218,41,0.117
218,42,0.113
218,43,0.117
218,44,0.123
218,45,0.116
218,46,0.11
218,47,0.11
218,48,0.12
219,1,0.112
219,2,0.11
219,3,0.124
219,4,0.111
219,5,0.111
219,6,0.112
219,7,0.112
219,8,0.112
219,9,0.112
219,10,0.112
219,11,0.111
219,12,0.111
219,13,0.115
219,14,0.119
219,15,0.11
219,16,0.108
219,17,0.107
219,18,0.105
219,19,0.107
219,20,0.108
219,21,0.107
219,22,0.107
219,23,0.108
219,24,0.108
219,25,0.107
219,26,0.107
219,27,0.108
219,28,0.108
219,29,0.108
219,30,0.109
219,31,0.642
219,32,0.11
219,33,0.109
219,34,0.155
219,35,0.109
219,36,0.109
219,37,0.2
219,38,0.866
219,39,0.111
219,40,0.111
219,41,0.147
219,42,0.117
219,43,0.139
219,44,0.107
219,45,0.108
219,46,0.139
219,47,0.128
219,48,0.122
220,1,0.107
220,2,0.116
220,3,0.108
220,4,0.108
220,5,0.109
220,6,0.125
220,7,0.11
220,8,0.111
220,9,0.111
220,10,0.11
220,11,0.115
220,12,0.111
220,13,0.11
220,14,0.11
220,15,0.11
220,16,0.113
220,17,0.11
220,18,0.113
220,19,0.105
220,20,0.108
220,21,0.12
220,22,0.108
220,23,0.107
220,24,0.108
220,25,0.108
220,26,0.108
220,27,0.629
220,28,1.818
220,29,0.22
220,30,0.109
220,31,0.114
220,32,0.11
220,33,0.109
220,34,0.11
220,35,0.109
220,36,0.109
220,37,0.109
220,38,0.11
220,39,0.146
220,40,0.12
220,41,0.141
220,42,0.11
220,43,0.108
220,44,0.125
220,45,0.108
220,46,0.106
220,47,0.126
220,48,0.123
221,1,0.107
221,2,0.108
221,3,0.108
221,4,0.108
221,5,0.108
221,6,0.137
221,7,0.109
221,8,0.11
221,9,0.119
221,10,0.126
221,11,0.11
221,12,0.11
221,13,0.121
221,14,0.111
221,15,0.11
221,16,0.115
221,17,0.118
221,18,0.107
221,19,0.108
221,20,0.109
221,21,0.108
221,22,0.11
221,23,0.111
221,24,0.111
221,25,0.11
221,26,0.11
221,27,0.109
221,28,0.11
221,29,0.111
221,30,0.111
221,31,0.111
221,32,0.111
221,33,0.111
221,34,0.111
221,35,0.112
221,36,0.111
221,37,0.11
221,38,0.113
221,39,0.127
221,40,0.109
221,41,0.114
221,42,0.113
221,43,0.107
221,44,0.118
221,45,0.107
221,46,0.132
221,47,0.109
221,48,0.107
222,1,0.106
222,2,0.107
222,3,0.169
222,4,0.109
222,5,0.124
222,6,0.109
222,7,0.109
222,8,0.11
222,9,0.11
222,10,0.11
222,11,0.115
222,12,0.109
222,13,0.118
222,14,0.113
222,15,0.114
222,16,0.112
222,17,0.114
222,18,0.107
222,19,0.108
222,20,0.108
222,21,0.108
222,22,0.107
222,23,0.108
222,24,0.108
222,25,0.26
222,26,0.405
222,27,0.405
222,28,0.405
222,29,0.406
222,30,0.409
222,31,0.405
222,32,0.41
222,33,0.416
222,34,0.245
222,35,0.133
222,36,0.133
222,37,0.131
222,38,0.155
222,39,0.15
222,40,0.137
222,41,0.138
222,42,0.15
222,43,0.133
222,44,0.127
222,45,0.171
222,46,0.129
222,47,0.146
222,48,0.13
223,1,0.145
223,2,0.13
223,3,0.132
223,4,0.14
223,5,0.134
223,6,0.134
223,7,0.135
223,8,0.135
223,9,0.135
223,10,0.135
223,11,0.135
223,12,0.135
223,13,0.139
223,14,0.138
223,15,0.132
223,16,0.134
223,17,0.134
223,18,0.13
223,19,0.13
223,20,0.13
223,21,0.131
223,22,0.13
223,23,0.13
223,24,0.13
223,25,0.131
223,26,0.13
223,27,0.132
223,28,0.13
223,29,0.13
223,30,0.129
223,31,0.13
223,32,0.13
223,33,0.13
223,34,0.131
223,35,0.133
223,36,0.13
223,37,0.129
223,38,0.127
223,39,0.128
223,40,0.129
223,41,0.138
223,42,0.127
223,43,0.126
223,44,0.153
223,45,0.159
223,46,0.126
223,47,0.127
223,48,0.127
224,1,0.15
224,2,0.127
224,3,0.141
224,4,0.128
224,5,0.128
224,6,0.128
224,7,0.13
224,8,0.129
224,9,0.129
224,10,0.129
224,11,0.13
224,12,0.129
224,13,0.13
224,14,0.137
224,15,0.138
224,16,0.135
224,17,0.13
224,18,0.135
224,19,0.128
224,20,0.177
224,21,0.408
224,22,0.405
224,23,0.409
224,24,0.415
224,25,0.409
224,26,0.407
224,27,0.413
224,28,0.416
224,29,0.418
224,30,0.415
224,31,0.412
224,32,0.42
224,33,0.416
224,34,0.264
224,35,0.129
224,36,0.13
224,37,0.131
224,38,0.15
224,39,0.131
224,40,0.136
224,41,0.136
224,42,0.143
224,43,0.136
224,44,0.145
224,45,0.172
224,46,0.138
224,47,0.132
224,48,0.129
225,1,0.128
225,2,0.128
225,3,0.183
225,4,0.137
225,5,0.13
225,6,0.129
225,7,0.136
225,8,0.133
225,9,0.136
225,10,0.134
225,11,0.13
225,12,0.129
225,13,0.129
225,14,0.133
225,15,0.13
225,16,0.13
225,17,0.129
225,18,0.128
225,19,0.128
225,20,0.127
225,21,0.127
225,22,0.127
225,23,0.126
225,24,0.127
225,25,0.127
225,26,0.128
225,27,0.128
225,28,0.128
225,29,0.128
225,30,0.127
225,31,0.127
225,32,0.126
225,33,0.127
225,34,0.127
225,35,0.129
225,36,0.127
225,37,0.129
225,38,0.129
225,39,0.13
225,40,0.129
225,41,0.146
225,42,0.158
225,43,0.127
225,44,0.127
225,45,0.145
225,46,0.151
225,47,0.128
225,48,0.128
226,1,0.144
226,2,0.152
226,3,0.128
226,4,0.129
226,5,0.129
226,6,0.128
226,7,0.155
226,8,0.144
226,9,0.131
226,10,0.129
226,11,0.129
226,12,0.128
226,13,0.128
226,14,0.142
226,15,0.129
226,16,0.13
226,17,0.129
226,18,0.127
226,19,0.125
226,20,0.125
226,21,0.126
226,22,0.352
226,23,0.402
226,24,0.406
226,25,0.413
226,26,0.453
226,27,0.414
226,28,0.406
226,29,0.409
226,30,0.196
226,31,0.105
226,32,0.104
226,33,0.104
226,34,0.104
226,35,0.104
226,36,0.119
226,37,0.104
226,38,0.126
226,39,0.123
226,40,0.149
226,41,0.114
226,42,0.112
226,43,0.132
226,44,0.118
226,45,0.118
226,46,0.114
226,47,0.105
226,48,0.124
227,1,0.103
227,2,0.104
227,3,0.103
227,4,0.119
227,5,0.104
227,6,0.105
227,7,0.105
227,8,0.114
227,9,0.106
227,10,0.105
227,11,0.106
227,12,0.106
227,13,0.105
227,14,0.106
227,15,0.106
227,16,0.107
227,17,0.11
227,18,0.105
227,19,0.104
227,20,0.102
227,21,0.103
227,22,0.103
227,23,0.103
227,24,0.103
227,25,0.103
227,26,0.104
227,27,0.104
227,28,0.104
227,29,0.104
227,30,0.104
227,31,0.104
227,32,0.105
227,33,0.105
227,34,0.105
227,35,0.106
227,36,0.105
227,37,0.106
227,38,0.107
227,39,0.107
227,40,0.117
227,41,0.108
227,42,0.108
227,43,0.106
227,44,0.122
227,45,0.121
227,46,0.146
227,47,0.112
227,48,0.121
228,1,0.13
228,2,0.105
228,3,0.105
228,4,0.11
228,5,0.106
228,6,0.116
228,7,0.113
228,8,0.12
228,9,0.123
228,10,0.108
228,11,0.108
228,12,0.108
228,13,0.108
228,14,0.108
228,15,0.164
228,16,0.147
228,17,0.106
228,18,0.105
228,19,0.106
228,20,0.106
228,21,0.105
228,22,0.105
228,23,0.106
228,24,0.106
228,25,0.106
228,26,0.106
228,27,0.106
228,28,0.106
228,29,0.106
228,30,0.107
228,31,0.107
228,32,0.107
228,33,0.108
228,34,0.108
228,35,0.107
228,36,0.107
228,37,0.107
228,38,0.107
228,39,0.108
228,40,0.121
228,41,0.113
228,42,0.108
228,43,0.12
228,44,0.102
228,45,0.103
228,46,0.104
228,47,0.132
228,48,0.104
229,1,0.104
229,2,0.115
229,3,0.105
229,4,0.105
229,5,0.106
229,6,0.106
229,7,0.106
229,8,0.107
229,9,0.107
229,10,0.114
229,11,0.106
229,12,0.106
229,13,0.114
229,14,0.111
229,15,0.111
229,16,0.11
229,17,0.106
229,18,0.104
229,19,0.097
229,20,0.103
229,21,0.103
229,22,0.103
229,23,0.103
229,24,0.103
229,25,0.102
229,26,0.102
229,27,0.103
229,28,0.103
229,29,0.103
229,30,0.103
229,31,0.104
229,32,0.104
229,33,0.104
229,34,0.104
229,35,0.104
229,36,0.105
229,37,0.105
229,38,0.114
229,39,0.122
229,40,0.106
229,41,0.11
229,42,0.124
229,43,0.104
229,44,0.128
229,45,0.13
229,46,0.14
229,47,0.106
229,48,0.129
230,1,0.118
230,2,0.103
230,3,0.104
230,4,0.105
230,5,0.105
230,6,0.106
230,7,0.106
230,8,0.105
230,9,0.106
230,10,0.105
230,11,0.105
230,12,0.104
230,13,0.104
230,14,0.112
230,15,0.108
230,16,0.12
230,17,0.103
230,18,0.102
230,19,0.101
230,20,0.101
230,21,0.102
230,22,0.102
230,23,0.435
230,24,0.561
230,25,0.56
230,26,0.557
230,27,0.563
230,28,0.567
230,29,0.57
230,30,0.564
230,31,0.517
230,32,0.242
230,33,0.126
230,34,0.145
230,35,0.137
230,36,0.145
230,37,0.143
230,38,0.139
230,39,0.152
230,40,0.132
230,41,0.133
230,42,0.135
230,43,0.125
230,44,0.126
230,45,0.158
230,46,0.164
230,47,0.132
230,48,0.129
231,1,0.129
231,2,0.134
231,3,0.128
231,4,0.129
231,5,0.129
231,6,0.129
231,7,0.131
231,8,0.13
231,9,0.129
231,10,0.13
231,11,0.13
231,12,0.128
231,13,0.127
231,14,0.146
231,15,0.132
231,16,0.133
231,17,0.127
231,18,0.125
231,19,0.124
231,20,0.132
231,21,0.123
231,22,0.183
231,23,0.394
231,24,0.401
231,25,0.403
231,26,0.391
231,27,0.396
231,28,0.412
231,29,0.4
231,30,0.409
231,31,0.306
231,32,0.127
231,33,0.127
231,34,0.163
231,35,0.191
231,36,0.131
231,37,0.136
231,38,0.131
231,39,0.13
231,40,0.14
231,41,0.151
231,42,0.156
231,43,0.15
231,44,0.146
231,45,0.127
231,46,0.127
231,47,0.127
231,48,0.127
232,1,0.149
232,2,0.127
232,3,0.137
232,4,0.129
232,5,0.128
232,6,0.129
232,7,0.129
232,8,0.13
232,9,0.129
232,10,0.129
232,11,0.129
232,12,0.129
232,13,0.138
232,14,0.142
232,15,0.129
232,16,0.145
232,17,0.131
232,18,0.129
232,19,0.129
232,20,0.13
232,21,0.139
232,22,0.129
232,23,0.131
232,24,0.13
232,25,0.13
232,26,0.13
232,27,0.13
232,28,0.13
232,29,0.13
232,30,0.132
232,31,0.132
232,32,0.131
232,33,0.131
232,34,0.131
232,35,0.149
232,36,0.131
232,37,0.149
232,38,0.142
232,39,0.133
232,40,0.147
232,41,0.161
232,42,0.162
232,43,0.146
232,44,0.137
232,45,0.143
232,46,0.169
232,47,0.134
232,48,0.164
233,1,0.17
233,2,0.151
233,3,0.134
233,4,0.131
233,5,0.142
233,6,0.131
233,7,0.131
233,8,0.132
233,9,0.132
233,10,0.133
233,11,0.132
233,12,0.132
233,13,0.13
233,14,0.145
233,15,0.141
233,16,0.132
233,17,0.131
233,18,0.129
233,19,0.131
233,20,0.131
233,21,0.299
233,22,0.41
233,23,0.419
233,24,0.415
233,25,0.405
233,26,0.403
233,27,0.407
233,28,0.418
233,29,0.41
233,30,0.411
233,31,0.415
233,32,0.132
233,33,0.132
233,34,0.185
233,35,0.156
233,36,0.148
233,37,0.15
233,38,0.139
233,39,0.15
233,40,0.135
233,41,0.146
233,42,0.149
233,43,0.149
233,44,0.164
233,45,0.131
233,46,0.14
233,47,0.131
233,48,0.177
234,1,0.132
234,2,0.132
234,3,0.134
234,4,0.148
234,5,0.132
234,6,0.133
234,7,0.132
234,8,0.146
234,9,0.133
234,10,0.132
234,11,0.133
234,12,0.133
234,13,0.133
234,14,0.133
234,15,0.133
234,16,0.132
234,17,0.131
234,18,0.13
234,19,0.129
234,20,0.128
234,21,0.13
234,22,0.131
234,23,0.131
234,24,0.132
234,25,0.132
234,26,0.134
234,27,0.132
234,28,0.132
234,29,0.132
234,30,0.134
234,31,0.133
234,32,0.134
234,33,0.133
234,34,0.134
234,35,0.141
234,36,0.132
234,37,0.151
234,38,0.174
234,39,0.154
234,40,0.154
234,41,0.143
234,42,0.141
234,43,0.132
234,44,0.14
234,45,0.145
234,46,0.141
234,47,0.144
234,48,0.13
235,1,0.128
235,2,0.129
235,3,0.13
235,4,0.131
235,5,0.138
235,6,0.152
235,7,0.141
235,8,0.132
235,9,0.132
235,10,0.151
235,11,0.131
235,12,0.13
235,13,0.131
235,14,0.131
235,15,0.131
235,16,0.131
235,17,0.13
235,18,0.13
235,19,0.129
235,20,0.142
235,21,0.131
235,22,0.144
235,23,0.131
235,24,0.131
235,25,0.13
235,26,0.14
235,27,0.143
235,28,0.139
235,29,0.13
235,30,0.132
235,31,0.131
235,32,0.142
235,33,0.13
235,34,0.13
235,35,0.143
235,36,0.137
235,37,0.131
235,38,0.136
235,39,0.131
235,40,0.135
235,41,0.148
235,42,0.131
235,43,0.129
235,44,0.142
235,45,0.143
235,46,0.154
235,47,0.159
235,48,0.13
236,1,0.129
236,2,0.144
236,3,0.129
236,4,0.132
236,5,0.13
236,6,0.132
236,7,0.132
236,8,0.132
236,9,0.135
236,10,0.131
236,11,0.132
236,12,0.131
236,13,0.14
236,14,0.137
236,15,0.132
236,16,0.131
236,17,0.13
236,18,0.129
236,19,0.129
236,20,0.129
236,21,0.129
236,22,0.134
236,23,0.399
236,24,0.405
236,25,0.408
236,26,0.409
236,27,0.401
236,28,0.397
236,29,0.401
236,30,0.41
236,31,0.41
236,32,0.17
236,33,0.13
236,34,0.13
236,35,0.13
236,36,0.13
236,37,0.129
236,38,0.13
236,39,0.144
236,40,0.143
236,41,0.133
236,42,0.156
236,43,0.168
236,44,0.128
236,45,0.173
236,46,0.142
236,47,0.128
236,48,0.129
237,1,0.128
237,2,0.146
237,3,0.131
237,4,0.132
237,5,0.133
237,6,0.133
237,7,0.131
237,8,0.136
237,9,0.131
237,10,0.13
237,11,0.13
237,12,0.13
237,13,0.129
237,14,0.134
237,15,0.135
237,16,0.133
237,17,0.13
237,18,0.128
237,19,0.129
237,20,0.127
237,21,0.128
237,22,0.128
237,23,0.128
237,24,0.212
237,25,0.397
237,26,0.405
237,27,0.406
237,28,0.403
237,29,0.403
237,30,0.412
237,31,0.405
237,32,0.423
237,33,0.421
237,34,0.17
237,35,0.131
237,36,0.13
237,37,0.131
237,38,0.138
237,39,0.135
237,40,0.15
237,41,0.131
237,42,0.129
237,43,0.163
237,44,0.128
237,45,0.129
237,46,0.129
237,47,0.128
237,48,0.136
238,1,0.135
238,2,0.14
238,3,0.127
238,4,0.128
238,5,0.13
238,6,0.129
238,7,0.13
238,8,0.128
238,9,0.128
238,10,0.128
238,11,0.129
238,12,0.129
238,13,0.141
238,14,0.132
238,15,0.131
238,16,0.137
238,17,0.129
238,18,0.126
238,19,0.131
238,20,0.296
238,21,0.397
238,22,0.398
238,23,0.397
238,24,0.394
238,25,0.393
238,26,0.409
238,27,0.399
238,28,0.397
238,29,0.403
238,30,0.431
238,31,0.418
238,32,0.227
238,33,0.128
238,34,0.129
238,35,0.13
238,36,0.132
238,37,0.157
238,38,0.152
238,39,0.135
238,40,0.132
238,41,0.15
238,42,0.144
238,43,0.149
238,44,0.178
238,45,0.132
238,46,0.13
238,47,0.131
238,48,0.132
239,1,0.131
239,2,0.13
239,3,0.131
239,4,0.149
239,5,0.132
239,6,0.133
239,7,0.133
239,8,0.133
239,9,0.131
239,10,0.129
239,11,0.13
239,12,0.13
239,13,0.143
239,14,0.131
239,15,0.132
239,16,0.134
239,17,0.133
239,18,0.131
239,19,0.133
239,20,0.13
239,21,0.13
239,22,0.13
239,23,0.131
239,24,0.13
239,25,0.13
239,26,0.13
239,27,0.305
239,28,0.334
239,29,0.276
239,30,0.405
239,31,0.41
239,32,0.413
239,33,0.373
239,34,0.131
239,35,0.131
239,36,0.131
239,37,0.147
239,38,0.131
239,39,0.132
239,40,0.132
239,41,0.144
239,42,0.15
239,43,0.15
239,44,0.132
239,45,0.164
239,46,0.137
239,47,0.133
239,48,0.129
240,1,0.143
240,2,0.13
240,3,0.13
240,4,0.134
240,5,0.131
240,6,0.131
240,7,0.146
240,8,0.132
240,9,0.133
240,10,0.131
240,11,0.131
240,12,0.13
240,13,0.132
240,14,0.138
240,15,0.129
240,16,0.135
240,17,0.128
240,18,0.126
240,19,0.126
240,20,0.126
240,21,0.127
240,22,0.127
240,23,0.162
240,24,0.392
240,25,0.403
240,26,0.403
240,27,0.388
240,28,0.362
240,29,0.369
240,30,0.372
240,31,0.283
240,32,0.072
240,33,0.073
240,34,0.073
240,35,0.122
240,36,0.79
240,37,0.074
240,38,0.301
240,39,0.182
240,40,0.082
240,41,0.1
240,42,0.072
240,43,0.086
240,44,0.075
240,45,0.083
240,46,0.143
240,47,0.089
240,48,0.071
388,1,0.126
388,2,0.126
388,3,0.127
388,4,0.127
388,5,0.162
388,6,0.129
388,7,0.128
388,8,0.129
388,9,0.132
388,10,0.146
388,11,0.129
388,12,0.134
388,13,0.138
388,14,0.129
388,15,0.131
388,16,0.129
388,17,0.13
388,18,0.132
388,19,0.103
388,20,0.101
388,21,0.103
388,22,0.104
388,23,0.105
388,24,0.099
388,25,0.099
388,26,0.113
388,27,0.117
388,28,0.103
388,29,0.103
388,30,0.107
388,31,0.108
388,32,0.103
388,33,0.116
388,34,0.104
388,35,0.115
388,36,0.107
388,37,0.12
388,38,0.124
388,39,0.114
388,40,0.101
388,41,0.1
388,42,0.129
388,43,0.227
388,44,0.136
388,45,0.122
388,46,0.117
388,47,0.107
388,48,0.125
389,1,0.126
389,2,0.128
389,3,0.152
389,4,0.099
389,5,0.113
389,6,0.127
389,7,0.117
389,8,0.101
389,9,0.104
389,10,0.102
389,11,0.102
389,12,0.102
389,13,0.129
389,14,0.103
389,15,0.102
389,16,0.101
389,17,0.103
389,18,0.101
389,19,0.1
389,20,0.1
389,21,0.099
389,22,0.105
389,23,0.114
389,24,0.104
389,25,0.105
389,26,0.105
389,27,0.101
389,28,0.118
389,29,0.101
389,30,0.106
389,31,0.108
389,32,0.12
389,33,0.117
389,34,0.104
389,35,0.112
389,36,0.145
389,37,0.104
389,38,0.097
389,39,0.097
389,40,0.121
389,41,0.108
389,42,0.124
389,43,0.121
389,44,0.116
389,45,0.101
389,46,0.098
389,47,0.095
389,48,0.097
390,1,0.097
390,2,0.099
390,3,0.115
390,4,0.1
390,5,0.099
390,6,0.099
390,7,0.1
390,8,0.115
390,9,0.103
390,10,0.102
390,11,0.1
390,12,0.1
390,13,0.099
390,14,0.106
390,15,0.108
390,16,0.117
390,17,0.107
390,18,0.117
390,19,0.105
390,20,0.113
390,21,0.099
390,22,0.097
390,23,0.102
390,24,0.098
390,25,0.098
390,26,0.098
390,27,0.099
390,28,0.941
390,29,2.181
390,30,0.121
390,31,0.119
390,32,0.14
390,33,0.129
390,34,0.115
390,35,0.113
390,36,0.113
390,37,0.112
390,38,0.158
390,39,0.125
390,40,0.103
390,41,0.112
390,42,0.118
390,43,0.13
390,44,0.102
390,45,0.131
390,46,0.1
390,47,0.097
390,48,0.214
391,1,0.098
391,2,0.114
391,3,0.1
391,4,0.103
391,5,0.103
391,6,0.103
391,7,0.103
391,8,0.102
391,9,0.106
391,10,0.103
391,11,0.102
391,12,0.107
391,13,0.102
391,14,0.099
391,15,0.124
391,16,0.112
391,17,0.113
391,18,0.119
391,19,0.527
391,20,3.719
391,21,3.14
391,22,2.407
391,23,2.406
391,24,2.376
391,25,2.378
391,26,2.388
391,27,2.473
391,28,2.846
391,29,4.704
391,30,4.681
391,31,4.139
391,32,4.007
391,33,1.869
391,34,1.604
391,35,0.299
391,36,0.166
391,37,0.17
391,38,0.178
391,39,0.201
391,40,0.203
391,41,0.175
391,42,0.192
391,43,0.173
391,44,0.182
391,45,0.171
391,46,0.178
391,47,0.151
391,48,0.167
392,1,0.15
392,2,0.166
392,3,0.152
392,4,0.157
392,5,0.156
392,6,0.158
392,7,0.158
392,8,0.159
392,9,0.159
392,10,0.16
392,11,0.158
392,12,0.158
392,13,0.166
392,14,0.177
392,15,0.151
392,16,0.172
392,17,0.153
392,18,0.154
392,19,0.166
392,20,0.159
392,21,0.118
392,22,0.097
392,23,0.097
392,24,0.596
392,25,1.289
392,26,1.364
392,27,2.401
392,28,1.275
392,29,1.319
392,30,1.665
392,31,1.798
392,32,0.626
392,33,0.167
392,34,1.191
392,35,0.851
392,36,0.22
392,37,0.129
392,38,0.135
392,39,0.139
392,40,0.121
392,41,0.132
392,42,0.117
392,43,0.16
392,44,0.124
392,45,0.153
392,46,0.118
392,47,0.113
392,48,0.151
393,1,0.114
393,2,0.144
393,3,0.116
393,4,0.119
393,5,0.12
393,6,0.12
393,7,0.12
393,8,0.121
393,9,0.14
393,10,0.121
393,11,0.12
393,12,0.12
393,13,0.128
393,14,0.134
393,15,0.123
393,16,0.127
393,17,0.12
393,18,0.126
393,19,0.217
393,20,1.717
393,21,0.507
393,22,0.395
393,23,3.964
393,24,3.091
393,25,2.422
393,26,2.435
393,27,2.441
393,28,2.441
393,29,2.433
393,30,2.426
393,31,2.431
393,32,2.278
393,33,0.27
393,34,0.251
393,35,0.134
393,36,0.147
393,37,0.124
393,38,0.115
393,39,0.115
393,40,0.224
393,41,0.128
393,42,0.136
393,43,0.114
393,44,0.115
393,45,0.141
393,46,0.112
393,47,0.127
393,48,0.111
394,1,0.111
394,2,0.127
394,3,0.128
394,4,0.113
394,5,0.119
394,6,0.131
394,7,0.116
394,8,0.116
394,9,0.117
394,10,0.116
394,11,0.116
394,12,0.116
394,13,0.116
394,14,0.139
394,15,0.12
394,16,0.13
394,17,0.121
394,18,0.117
394,19,0.116
394,20,0.125
394,21,0.115
394,22,0.12
394,23,0.115
394,24,0.115
394,25,0.114
394,26,0.114
394,27,0.115
394,28,0.116
394,29,0.116
394,30,0.117
394,31,0.123
394,32,0.879
394,33,1.846
394,34,1.791
394,35,0.919
394,36,0.135
394,37,0.113
394,38,0.189
394,39,0.134
394,40,0.122
394,41,0.137
394,42,0.12
394,43,0.172
394,44,0.118
394,45,0.115
394,46,0.114
394,47,0.135
394,48,0.112
395,1,0.113
395,2,0.116
395,3,0.116
395,4,0.132
395,5,0.117
395,6,0.118
395,7,0.118
395,8,0.118
395,9,0.12
395,10,0.119
395,11,0.119
395,12,0.127
395,13,0.139
395,14,0.119
395,15,0.118
395,16,0.119
395,17,0.126
395,18,0.122
395,19,0.12
395,20,0.118
395,21,0.114
395,22,0.115
395,23,0.115
395,24,0.116
395,25,0.121
395,26,0.121
395,27,0.117
395,28,0.12
395,29,0.117
395,30,0.119
395,31,0.123
395,32,0.194
395,33,0.162
395,34,0.232
395,35,0.217
395,36,0.124
395,37,0.149
395,38,0.146
395,39,0.242
395,40,0.127
395,41,0.138
395,42,0.154
395,43,0.155
395,44,0.168
395,45,0.172
395,46,0.13
395,47,0.111
395,48,0.137
396,1,0.111
396,2,0.115
396,3,0.117
396,4,0.116
396,5,0.133
396,6,0.117
396,7,0.117
396,8,0.132
396,9,0.135
396,10,0.118
396,11,0.12
396,12,0.12
396,13,0.119
396,14,0.117
396,15,0.117
396,16,0.117
396,17,0.119
396,18,0.119
396,19,0.118
396,20,0.124
396,21,0.119
396,22,0.119
396,23,0.119
396,24,0.118
396,25,0.118
396,26,0.118
396,27,0.118
396,28,0.118
396,29,0.119
396,30,0.123
396,31,0.126
396,32,0.131
396,33,0.126
396,34,0.124
396,35,0.126
396,36,0.168
396,37,0.127
396,38,0.139
396,39,0.161
396,40,0.123
396,41,0.117
396,42,0.117
396,43,0.129
396,44,0.137
396,45,0.116
396,46,0.112
396,47,0.134
396,48,0.12
397,1,0.112
397,2,0.142
397,3,0.115
397,4,0.115
397,5,0.116
397,6,0.132
397,7,0.132
397,8,0.117
397,9,0.118
397,10,0.116
397,11,0.116
397,12,0.116
397,13,0.118
397,14,0.118
397,15,0.158
397,16,0.143
397,17,0.118
397,18,0.129
397,19,0.117
397,20,0.119
397,21,0.116
397,22,1.038
397,23,3.742
397,24,2.92
397,25,2.394
397,26,2.402
397,27,2.423
397,28,2.446
397,29,2.454
397,30,2.446
397,31,3.223
397,32,2.403
397,33,2.52
397,34,2.413
397,35,0.822
397,36,0.12
397,37,0.194
397,38,0.128
397,39,0.12
397,40,0.118
397,41,0.127
397,42,0.127
397,43,0.152
397,44,0.119
397,45,0.155
397,46,0.118
397,47,0.116
397,48,0.127
398,1,0.131
398,2,0.124
398,3,0.12
398,4,0.12
398,5,0.121
398,6,0.122
398,7,0.121
398,8,0.125
398,9,0.123
398,10,0.122
398,11,0.121
398,12,0.122
398,13,0.119
398,14,0.126
398,15,0.129
398,16,0.13
398,17,0.13
398,18,0.141
398,19,0.12
398,20,2.167
398,21,2.274
398,22,2.327
398,23,1.114
398,24,0.182
398,25,0.265
398,26,1.983
398,27,0.505
398,28,0.139
398,29,0.132
398,30,0.12
398,31,0.124
398,32,0.137
398,33,0.123
398,34,0.137
398,35,0.147
398,36,0.148
398,37,0.146
398,38,0.145
398,39,0.167
398,40,0.121
398,41,0.134
398,42,0.132
398,43,0.169
398,44,0.131
398,45,0.12
398,46,0.134
398,47,0.117
398,48,0.136
399,1,0.12
399,2,0.134
399,3,0.119
399,4,0.119
399,5,0.12
399,6,0.121
399,7,0.122
399,8,0.122
399,9,0.123
399,10,0.122
399,11,0.122
399,12,0.122
399,13,0.12
399,14,0.127
399,15,0.127
399,16,0.141
399,17,0.121
399,18,0.142
399,19,0.275
399,20,2.351
399,21,0.701
399,22,0.222
399,23,0.206
399,24,0.126
399,25,2.121
399,26,0.938
399,27,0.134
399,28,1.211
399,29,2.218
399,30,0.995
399,31,0.17
399,32,0.178
399,33,0.467
399,34,2.336
399,35,0.751
399,36,0.137
399,37,0.137
399,38,0.115
399,39,0.116
399,40,0.132
399,41,0.142
399,42,0.116
399,43,0.155
399,44,0.118
399,45,0.127
399,46,0.117
399,47,0.114
399,48,0.152
400,1,0.114
400,2,0.137
400,3,0.117
400,4,0.118
400,5,0.117
400,6,0.117
400,7,0.118
400,8,0.118
400,9,0.118
400,10,0.12
400,11,0.118
400,12,0.117
400,13,0.123
400,14,0.122
400,15,0.122
400,16,0.128
400,17,0.121
400,18,0.122
400,19,0.128
400,20,0.115
400,21,0.979
400,22,3.814
400,23,2.8
400,24,2.424
400,25,2.353
400,26,4.351
400,27,2.53
400,28,3.333
400,29,4.567
400,30,4.55
400,31,2.585
400,32,2.35
400,33,2.808
400,34,2.3
400,35,0.201
400,36,0.173
400,37,0.164
400,38,0.133
400,39,0.143
400,40,0.16
400,41,0.14
400,42,0.162
400,43,0.132
400,44,0.176
400,45,0.134
400,46,0.151
400,47,0.148
400,48,0.299
401,1,0.682
401,2,0.146
401,3,0.116
401,4,0.134
401,5,0.118
401,6,0.119
401,7,0.119
401,8,0.12
401,9,0.12
401,10,0.119
401,11,0.119
401,12,0.119
401,13,0.118
401,14,0.134
401,15,0.126
401,16,0.129
401,17,0.124
401,18,0.129
401,19,0.117
401,20,0.115
401,21,0.117
401,22,0.117
401,23,0.116
401,24,0.33
401,25,0.639
401,26,0.116
401,27,0.117
401,28,0.118
401,29,0.122
401,30,0.126
401,31,0.152
401,32,0.143
401,33,0.135
401,34,0.126
401,35,0.157
401,36,0.145
401,37,0.119
401,38,0.128
401,39,0.151
401,40,0.146
401,41,0.119
401,42,0.12
401,43,0.149
401,44,0.118
401,45,0.118
401,46,0.116
401,47,0.114
401,48,0.868
402,1,0.116
402,2,0.145
402,3,0.119
402,4,0.119
402,5,0.145
402,6,0.12
402,7,0.121
402,8,0.138
402,9,0.121
402,10,0.124
402,11,0.122
402,12,0.122
402,13,0.141
402,14,0.12
402,15,0.12
402,16,0.12
402,17,0.123
402,18,0.127
402,19,0.123
402,20,0.129
402,21,0.121
402,22,0.12
402,23,0.121
402,24,0.867
402,25,0.12
402,26,0.12
402,27,0.144
402,28,0.13
402,29,0.121
402,30,0.119
402,31,0.114
402,32,0.119
402,33,0.141
402,34,0.124
402,35,0.128
402,36,0.137
402,37,0.117
402,38,0.14
402,39,0.128
402,40,0.135
402,41,0.147
402,42,0.213
402,43,0.159
402,44,0.162
402,45,0.16
402,46,0.144
402,47,0.143
402,48,0.854
403,1,0.175
403,2,0.146
403,3,0.147
403,4,0.148
403,5,0.194
403,6,0.185
403,7,0.151
403,8,0.151
403,9,0.152
403,10,0.156
403,11,0.156
403,12,0.146
403,13,0.14
403,14,0.14
403,15,0.139
403,16,0.139
403,17,0.14
403,18,0.14
403,19,0.139
403,20,0.127
403,21,0.11
403,22,0.727
403,23,0.218
403,24,0.411
403,25,0.142
403,26,0.119
403,27,0.107
403,28,0.121
403,29,0.117
403,30,0.117
403,31,0.108
403,32,0.122
403,33,0.117
403,34,0.125
403,35,0.117
403,36,0.155
403,37,0.152
403,38,0.135
403,39,0.141
403,40,0.12
403,41,0.114
403,42,0.116
403,43,0.11
403,44,0.109
403,45,0.733
403,46,0.246
403,47,0.137
403,48,0.114
404,1,0.123
404,2,0.148
404,3,0.119
404,4,0.109
404,5,0.109
404,6,0.11
404,7,0.111
404,8,0.111
404,9,0.111
404,10,0.114
404,11,0.111
404,12,0.111
404,13,0.12
404,14,0.119
404,15,0.116
404,16,0.137
404,17,0.129
404,18,0.123
404,19,0.191
404,20,1.448
404,21,2.409
404,22,2.418
404,23,2.424
404,24,2.408
404,25,3.928
404,26,4.494
404,27,3.255
404,28,3.078
404,29,3.12
404,30,2.46
404,31,2.434
404,32,2.416
404,33,2.436
404,34,2.434
404,35,0.532
404,36,0.132
404,37,0.192
404,38,0.119
404,39,0.141
404,40,0.149
404,41,0.826
404,42,0.122
404,43,0.119
404,44,0.12
404,45,0.157
404,46,0.121
404,47,0.12
404,48,0.12
405,1,0.133
405,2,0.119
405,3,0.12
405,4,0.121
405,5,0.122
405,6,0.123
405,7,0.122
405,8,0.124
405,9,0.125
405,10,0.125
405,11,0.123
405,12,0.123
405,13,0.131
405,14,0.138
405,15,0.844
405,16,0.13
405,17,0.132
405,18,0.126
405,19,0.842
405,20,2.234
405,21,2.219
405,22,2.21
405,23,1.047
405,24,0.154
405,25,0.136
405,26,0.132
405,27,0.133
405,28,0.134
405,29,0.133
405,30,0.8
405,31,2.252
405,32,0.704
405,33,0.131
405,34,0.137
405,35,0.154
405,36,0.125
405,37,0.695
405,38,0.28
405,39,0.127
405,40,0.124
405,41,0.124
405,42,0.131
405,43,0.132
405,44,0.119
405,45,0.15
405,46,0.116
405,47,0.129
405,48,0.116
406,1,0.115
406,2,0.131
406,3,0.132
406,4,0.117
406,5,0.118
406,6,0.137
406,7,0.122
406,8,0.122
406,9,0.124
406,10,0.121
406,11,0.829
406,12,0.13
406,13,0.117
406,14,0.125
406,15,0.124
406,16,0.136
406,17,0.119
406,18,0.13
406,19,0.118
406,20,0.116
406,21,0.118
406,22,2.068
406,23,2.429
406,24,2.413
406,25,2.402
406,26,2.404
406,27,2.435
406,28,2.457
406,29,2.436
406,30,2.446
406,31,2.446
406,32,0.261
406,33,0.121
406,34,0.811
406,35,0.129
406,36,0.115
406,37,0.119
406,38,0.125
406,39,0.107
406,40,0.107
406,41,0.127
406,42,0.102
406,43,0.116
406,44,0.145
406,45,0.102
406,46,0.099
406,47,0.092
406,48,0.113
407,1,0.091
407,2,0.092
407,3,0.108
407,4,0.092
407,5,0.093
407,6,0.094
407,7,0.588
407,8,0.397
407,9,0.099
407,10,0.096
407,11,0.096
407,12,0.095
407,13,0.094
407,14,0.118
407,15,0.1
407,16,0.114
407,17,0.096
407,18,0.109
407,19,0.095
407,20,0.094
407,21,0.095
407,22,0.095
407,23,0.095
407,24,0.095
407,25,0.095
407,26,0.096
407,27,0.096
407,28,0.096
407,29,0.096
407,30,0.095
407,31,0.461
407,32,0.444
407,33,0.097
407,34,0.119
407,35,0.096
407,36,0.109
407,37,0.144
407,38,0.132
407,39,0.095
407,40,0.095
407,41,0.117
407,42,0.122
407,43,0.094
407,44,0.097
407,45,0.098
407,46,0.095
407,47,0.114
407,48,0.094
408,1,0.108
408,2,0.093
408,3,0.095
408,4,0.095
408,5,0.78
408,6,0.096
408,7,0.096
408,8,0.101
408,9,0.098
408,10,0.098
408,11,0.098
408,12,0.097
408,13,0.099
408,14,0.112
408,15,0.107
408,16,0.115
408,17,0.11
408,18,0.095
408,19,0.093
408,20,0.097
408,21,0.093
408,22,0.094
408,23,0.095
408,24,0.094
408,25,0.094
408,26,0.277
408,27,0.681
408,28,0.095
408,29,0.096
408,30,0.105
408,31,0.104
408,32,0.11
408,33,0.104
408,34,0.105
408,35,0.12
408,36,0.107
408,37,0.11
408,38,0.095
408,39,0.123
408,40,0.096
408,41,0.092
408,42,0.147
408,43,0.095
408,44,0.092
408,45,0.097
408,46,0.092
408,47,0.102
408,48,0.112
409,1,0.09
409,2,0.807
409,3,0.092
409,4,0.108
409,5,0.094
409,6,0.094
409,7,0.095
409,8,0.094
409,9,0.095
409,10,0.095
409,11,0.095
409,12,0.105
409,13,0.095
409,14,0.095
409,15,0.093
409,16,0.094
409,17,0.098
409,18,0.094
409,19,0.094
409,20,0.095
409,21,0.095
409,22,0.096
409,23,0.095
409,24,0.639
409,25,0.222
409,26,0.102
409,27,0.107
409,28,0.095
409,29,0.128
409,30,0.116
409,31,0.107
409,32,0.113
409,33,0.101
409,34,0.099
409,35,0.099
409,36,0.13
409,37,0.174
409,38,0.161
409,39,0.114
409,40,0.096
409,41,0.102
409,42,0.126
409,43,0.118
409,44,0.141
409,45,0.652
409,46,0.3
409,47,0.09
409,48,0.09
410,1,0.091
410,2,0.093
410,3,0.094
410,4,0.116
410,5,0.11
410,6,0.109
410,7,0.094
410,8,0.095
410,9,0.096
410,10,0.096
410,11,0.096
410,12,0.097
410,13,0.095
410,14,0.096
410,15,0.097
410,16,0.097
410,17,0.097
410,18,0.096
410,19,0.097
410,20,0.784
410,21,0.095
410,22,0.095
410,23,0.096
410,24,0.883
410,25,0.336
410,26,0.096
410,27,0.097
410,28,0.095
410,29,0.097
410,30,0.101
410,31,0.097
410,32,0.096
410,33,0.1
410,34,0.112
410,35,0.107
410,36,0.142
410,37,0.132
410,38,0.102
410,39,0.094
410,40,0.096
410,41,0.495
410,42,0.435
410,43,0.097
410,44,0.096
410,45,0.096
410,46,0.095
410,47,0.093
410,48,0.093
411,1,0.093
411,2,0.109
411,3,0.109
411,4,0.096
411,5,0.112
411,6,0.099
411,7,0.098
411,8,0.098
411,9,0.097
411,10,0.098
411,11,0.099
411,12,0.098
411,13,0.096
411,14,0.096
411,15,0.698
411,16,0.185
411,17,0.097
411,18,0.103
411,19,0.096
411,20,0.096
411,21,0.096
411,22,0.096
411,23,0.095
411,24,1.154
411,25,1.732
411,26,0.162
411,27,0.136
411,28,0.643
411,29,0.123
411,30,1.973
411,31,2.336
411,32,2.326
411,33,2.306
411,34,2.326
411,35,0.387
411,36,0.582
411,37,0.374
411,38,0.121
411,39,0.165
411,40,0.141
411,41,0.125
411,42,0.135
411,43,0.12
411,44,0.122
411,45,0.161
411,46,0.129
411,47,0.117
411,48,0.119
412,1,0.135
412,2,0.12
412,3,0.123
412,4,0.122
412,5,0.123
412,6,0.124
412,7,0.124
412,8,0.125
412,9,0.125
412,10,0.824
412,11,0.124
412,12,0.123
412,13,0.132
412,14,0.154
412,15,0.123
412,16,0.125
412,17,0.137
412,18,0.127
412,19,0.122
412,20,0.125
412,21,0.12
412,22,0.121
412,23,2.198
412,24,2.398
412,25,2.428
412,26,2.422
412,27,2.424
412,28,3.047
412,29,3.532
412,30,2.39
412,31,2.424
412,32,2.603
412,33,2.762
412,34,0.22
412,35,0.165
412,36,0.151
412,37,0.129
412,38,0.168
412,39,0.131
412,40,0.155
412,41,0.123
412,42,0.159
412,43,0.139
412,44,0.184
412,45,0.112
412,46,0.125
412,47,0.11
412,48,0.111
413,1,0.113
413,2,0.114
413,3,0.117
413,4,0.116
413,5,0.118
413,6,0.117
413,7,0.118
413,8,0.118
413,9,0.118
413,10,0.117
413,11,0.118
413,12,0.117
413,13,0.116
413,14,0.123
413,15,0.123
413,16,0.143
413,17,0.129
413,18,0.124
413,19,0.113
413,20,0.115
413,21,0.116
413,22,0.116
413,23,0.115
413,24,0.116
413,25,0.126
413,26,0.123
413,27,0.116
413,28,0.116
413,29,0.115
413,30,0.115
413,31,0.115
413,32,0.134
413,33,0.115
413,34,0.142
413,35,0.122
413,36,0.152
413,37,0.141
413,38,0.16
413,39,0.14
413,40,0.113
413,41,0.126
413,42,0.141
413,43,0.116
413,44,0.115
413,45,0.114
413,46,0.114
413,47,0.113
413,48,0.112
414,1,0.114
414,2,0.113
414,3,0.13
414,4,0.115
414,5,0.117
414,6,0.116
414,7,0.117
414,8,0.116
414,9,0.117
414,10,0.117
414,11,0.118
414,12,0.117
414,13,0.117
414,14,0.126
414,15,0.127
414,16,0.141
414,17,0.129
414,18,0.124
414,19,0.117
414,20,0.115
414,21,0.36
414,22,2.427
414,23,2.455
414,24,2.453
414,25,2.424
414,26,2.402
414,27,2.438
414,28,3.027
414,29,2.291
414,30,2.748
414,31,5.124
414,32,4.603
414,33,5.546
414,34,3.668
414,35,3.314
414,36,1.61
414,37,1.275
414,38,0.13
414,39,1.112
414,40,0.132
414,41,0.141
414,42,0.126
414,43,0.117
414,44,0.147
414,45,0.116
414,46,0.114
414,47,0.112
414,48,0.112
415,1,0.123
415,2,0.118
415,3,0.115
415,4,0.118
415,5,0.117
415,6,0.115
415,7,0.115
415,8,0.116
415,9,0.116
415,10,0.116
415,11,0.116
415,12,0.116
415,13,0.121
415,14,0.149
415,15,0.12
415,16,0.123
415,17,0.12
415,18,0.126
415,19,0.116
415,20,0.912
415,21,3.338
415,22,3.312
415,23,3.3
415,24,3.252
415,25,1.45
415,26,1.172
415,27,0.133
415,28,1.012
415,29,0.234
415,30,1.213
415,31,0.132
415,32,1.346
415,33,2.269
415,34,2.658
415,35,0.152
415,36,1.179
415,37,0.643
415,38,0.957
415,39,1.151
415,40,0.163
415,41,0.112
415,42,0.144
415,43,0.13
415,44,0.138
415,45,0.132
415,46,0.112
415,47,0.109
415,48,0.109
