213,1,0.129
213,2,0.109
213,3,0.108
213,4,0.12
213,5,0.092
213,6,0.136
213,7,0.091
213,8,0.14
213,9,0.092
213,10,0.123
213,11,0.112
213,12,0.092
213,13,0.146
213,14,0.196
213,15,0.217
213,16,0.153
213,17,0.077
213,18,0.132
213,19,0.036
213,20,0.03
213,21,0.048
213,22,0.011
213,23,0.055
213,24,0.017
213,25,0.024
213,26,0.053
213,27,0.011
213,28,0.051
213,29,0.024
213,30,0.012
213,31,0.067
213,32,0.011
213,33,0.038
213,34,0.767
213,35,1.324
213,36,0.301
213,37,0.046
213,38,0.066
213,39,0.03
213,40,0.072
213,41,0.029
213,42,0.066
213,43,0.036
213,44,0.056
213,45,0.047
213,46,0.076
213,47,0.171
213,48,0.12
214,1,0.086
214,2,0.029
214,3,0.076
214,4,0.032
214,5,0.051
214,6,0.06
214,7,0.03
214,8,0.084
214,9,0.03
214,10,0.051
214,11,0.061
214,12,0.03
214,13,0.086
214,14,0.143
214,15,0.134
214,16,0.094
214,17,0.109
214,18,0.043
214,19,0.04
214,20,0.023
214,21,0.038
214,22,0.028
214,23,0.029
214,24,0.037
214,25,0.019
214,26,0.048
214,27,0.011
214,28,0.058
214,29,0.011
214,30,0.071
214,31,0.011
214,32,0.037
214,33,0.036
214,34,0.011
214,35,0.076
214,36,0.027
214,37,0.063
214,38,0.049
214,39,0.029
214,40,0.084
214,41,0.03
214,42,0.064
214,43,0.063
214,44,0.029
214,45,0.089
214,46,0.064
214,47,0.143
214,48,0.178
215,1,0.039
215,2,0.047
215,3,0.064
215,4,0.029
215,5,0.08
215,6,0.036
215,7,0.041
215,8,0.085
215,9,0.03
215,10,0.057
215,11,0.075
215,12,0.03
215,13,0.077
215,14,0.151
215,15,0.169
215,16,0.161
215,17,0.068
215,18,0.036
215,19,0.041
215,20,0.02
215,21,0.066
215,22,0.018
215,23,0.011
215,24,0.068
215,25,0.023
215,26,0.033
215,27,0.047
215,28,0.025
215,29,0.053
215,30,0.028
215,31,0.011
215,32,0.07
215,33,0.011
215,34,0.022
215,35,0.059
215,36,0.011
215,37,0.133
215,38,0.23
215,39,0.107
215,40,0.045
215,41,0.04
215,42,0.068
215,43,0.03
215,44,0.087
215,45,0.036
215,46,0.081
215,47,0.168
215,48,0.125
216,1,0.091
216,2,0.03
216,3,0.047
216,4,0.069
216,5,0.03
216,6,0.071
216,7,0.046
216,8,0.03
216,9,0.087
216,10,0.03
216,11,0.044
216,12,0.058
216,13,0.038
216,14,0.17
216,15,0.123
216,16,0.144
216,17,0.011
216,18,0.045
216,19,0.03
216,20,0.011
216,21,0.079
216,22,0.011
216,23,0.035
216,24,0.043
216,25,0.011
216,26,0.067
216,27,0.018
216,28,0.016
216,29,0.063
216,30,0.011
216,31,0.038
216,32,0.041
216,33,0.011
216,34,0.06
216,35,0.056
216,36,0.08
216,37,0.074
216,38,0.012
216,39,0.035
216,40,0.042
216,41,0.011
216,42,0.063
216,43,0.023
216,44,0.028
216,45,0.052
216,46,0.108
216,47,0.213
216,48,0.185
217,1,0.021
217,2,0.069
217,3,0.012
217,4,0.02
217,5,0.071
217,6,0.011
217,7,0.052
217,8,0.011
217,9,0.049
217,10,0.041
217,11,0.025
217,12,0.05
217,13,0.024
217,14,0.157
217,15,0.105
217,16,0.095
217,17,0.011
217,18,0.061
217,19,0.016
217,20,0.036
217,21,0.043
217,22,0.019
217,23,0.051
217,24,0.011
217,25,0.06
217,26,0.011
217,27,0.045
217,28,0.028
217,29,0.017
217,30,0.058
217,31,0.011
217,32,0.055
217,33,0.02
217,34,0.022
217,35,0.055
217,36,0.011
217,37,0.052
217,38,0.025
217,39,0.011
217,40,0.067
217,41,0.028
217,42,0.436
217,43,0.385
217,44,0.782
217,45,0.419
217,46,0.397
217,47,0.553
217,48,0.494
218,1,0.511
218,2,0.19
218,3,0.115
218,4,0.019
218,5,0.06
218,6,0.069
218,7,0.07
218,8,0.029
218,9,0.019
218,10,0.054
218,11,0.011
218,12,0.063
218,13,0.011
218,14,0.135
218,15,0.136
218,16,0.05
218,17,0.066
218,18,0.011
218,19,0.026
218,20,0.052
218,21,0.011
218,22,0.054
218,23,0.024
218,24,0.011
218,25,0.062
218,26,0.011
218,27,0.05
218,28,0.027
218,29,0.011
218,30,0.065
218,31,0.011
218,32,0.041
218,33,0.037
218,34,0.016
218,35,0.237
218,36,0.023
218,37,0.022
218,38,0.056
218,39,0.011
218,40,0.048
218,41,0.03
218,42,0.011
218,43,0.066
218,44,0.011
218,45,0.035
218,46,0.046
218,47,0.147
218,48,0.118
219,1,0.047
219,2,0.029
219,3,0.035
219,4,0.028
219,5,0.038
219,6,0.02
219,7,0.046
219,8,0.011
219,9,0.056
219,10,0.011
219,11,0.125
219,12,0.068
219,13,0.06
219,14,0.125
219,15,0.111
219,16,0.092
219,17,0.011
219,18,0.058
219,19,0.017
219,20,0.022
219,21,0.056
219,22,0.013
219,23,0.052
219,24,0.026
219,25,0.011
219,26,0.067
219,27,0.011
219,28,0.035
219,29,0.043
219,30,0.011
219,31,0.062
219,32,0.016
219,33,0.017
219,34,0.059
219,35,0.011
219,36,0.087
219,37,0.045
219,38,0.028
219,39,0.08
219,40,0.028
219,41,0.062
219,42,0.051
219,43,0.029
219,44,0.084
219,45,0.029
219,46,0.073
219,47,0.177
219,48,0.125
220,1,0.082
220,2,0.046
220,3,0.03
220,4,0.087
220,5,0.03
220,6,0.05
220,7,0.066
220,8,0.03
220,9,0.078
220,10,0.038
220,11,0.08
220,12,0.103
220,13,0.011
220,14,0.141
220,15,0.133
220,16,0.05
220,17,0.062
220,18,0.016
220,19,0.018
220,20,0.059
220,21,0.011
220,22,0.048
220,23,0.03
220,24,0.011
220,25,0.065
220,26,0.011
220,27,0.037
220,28,0.041
220,29,0.011
220,30,0.063
220,31,0.013
220,32,0.032
220,33,0.046
220,34,0.011
220,35,0.061
220,36,0.032
220,37,0.034
220,38,0.063
220,39,0.139
220,40,0.283
220,41,0.224
220,42,0.193
220,43,0.303
220,44,0.428
220,45,0.455
220,46,0.435
220,47,0.556
220,48,0.431
221,1,0.105
221,2,0.119
221,3,0.049
221,4,0.144
221,5,0.071
221,6,0.035
221,7,0.073
221,8,0.026
221,9,0.07
221,10,0.036
221,11,0.036
221,12,0.066
221,13,0.026
221,14,0.183
221,15,0.12
221,16,0.08
221,17,0.063
221,18,0.025
221,19,0.077
221,20,0.028
221,21,0.044
221,22,0.062
221,23,0.026
221,24,0.079
221,25,0.025
221,26,0.048
221,27,0.058
221,28,0.026
221,29,0.081
221,30,0.025
221,31,0.045
221,32,0.142
221,33,0.241
221,34,0.268
221,35,0.223
221,36,0.378
221,37,0.313
221,38,0.253
221,39,0.289
221,40,0.314
221,41,0.591
221,42,0.886
221,43,0.438
221,44,0.386
221,45,0.409
221,46,0.399
221,47,0.527
221,48,0.451
222,1,0.414
222,2,0.238
222,3,0.119
222,4,0.062
222,5,0.082
222,6,0.124
222,7,0.062
222,8,0.074
222,9,0.026
222,10,0.078
222,11,0.026
222,12,0.055
222,13,0.046
222,14,0.141
222,15,0.162
222,16,0.065
222,17,0.075
222,18,0.024
222,19,0.151
222,20,0.162
222,21,0.069
222,22,0.087
222,23,0.052
222,24,0.104
222,25,0.326
222,26,0.102
222,27,0.448
222,28,0.154
222,29,0.134
222,30,0.278
222,31,0.223
222,32,0.28
222,33,0.241
222,34,0.606
222,35,0.242
222,36,0.272
222,37,0.258
222,38,0.248
222,39,0.264
222,40,0.269
222,41,0.572
222,42,0.293
222,43,0.438
222,44,0.395
222,45,0.432
222,46,0.174
222,47,0.304
222,48,0.175
223,1,0.062
223,2,0.165
223,3,0.075
223,4,0.081
223,5,0.164
223,6,0.17
223,7,0.112
223,8,0.061
223,9,0.103
223,10,0.042
223,11,0.053
223,12,0.069
223,13,0.034
223,14,0.182
223,15,0.124
223,16,0.109
223,17,0.047
223,18,0.042
223,19,0.076
223,20,0.033
223,21,0.079
223,22,0.039
223,23,0.047
223,24,0.283
223,25,0.05
223,26,0.063
223,27,0.033
223,28,0.344
223,29,0.033
223,30,0.242
223,31,0.053
223,32,0.079
223,33,0.16
223,34,0.161
223,35,0.158
223,36,0.163
223,37,0.377
223,38,0.219
223,39,0.244
223,40,0.211
223,41,0.668
223,42,0.476
223,43,0.434
223,44,0.459
223,45,0.417
223,46,0.234
223,47,0.233
223,48,0.277
224,1,0.136
224,2,0.085
224,3,0.129
224,4,0.084
224,5,0.083
224,6,0.079
224,7,0.071
224,8,0.025
224,9,0.072
224,10,0.025
224,11,0.071
224,12,0.025
224,13,0.072
224,14,0.126
224,15,0.167
224,16,0.063
224,17,0.073
224,18,0.025
224,19,0.06
224,20,0.035
224,21,0.05
224,22,0.048
224,23,0.037
224,24,0.233
224,25,0.029
224,26,0.126
224,27,0.204
224,28,0.174
224,29,0.098
224,30,1.874
224,31,2.379
224,32,0.558
224,33,0.26
224,34,0.269
224,35,0.263
224,36,0.247
224,37,0.201
224,38,0.09
224,39,0.362
224,40,0.294
224,41,0.316
224,42,0.628
224,43,0.342
224,44,0.48
224,45,0.397
224,46,0.476
224,47,0.439
224,48,0.448
225,1,0.276
225,2,0.127
225,3,0.052
225,4,0.025
225,5,0.076
225,6,0.025
225,7,0.134
225,8,0.026
225,9,0.056
225,10,0.047
225,11,0.026
225,12,0.07
225,13,0.025
225,14,0.177
225,15,0.118
225,16,0.103
225,17,0.037
225,18,0.033
225,19,0.068
225,20,0.024
225,21,0.071
225,22,0.03
225,23,0.039
225,24,0.064
225,25,0.025
225,26,0.073
225,27,0.025
225,28,0.064
225,29,0.042
225,30,0.034
225,31,0.065
225,32,0.271
225,33,0.059
225,34,0.015
225,35,0.053
225,36,0.03
225,37,0.033
225,38,0.048
225,39,0.015
225,40,0.068
225,41,0.015
225,42,0.046
225,43,0.038
225,44,0.085
225,45,0.128
225,46,0.042
225,47,0.154
225,48,0.194
226,1,0.075
226,2,0.114
226,3,0.025
226,4,0.06
226,5,0.015
226,6,0.067
226,7,0.125
226,8,0.061
226,9,0.046
226,10,0.016
226,11,0.069
226,12,0.015
226,13,0.048
226,14,0.141
226,15,0.108
226,16,0.169
226,17,0.05
226,18,0.064
226,19,0.014
226,20,0.047
226,21,0.034
226,22,0.015
226,23,0.069
226,24,0.015
226,25,0.053
226,26,0.024
226,27,0.035
226,28,0.048
226,29,0.015
226,30,0.068
226,31,0.015
226,32,0.231
226,33,0.144
226,34,0.462
226,35,0.082
226,36,0.064
226,37,0.131
226,38,0.391
226,39,0.316
226,40,0.339
226,41,0.301
226,42,0.51
226,43,0.309
226,44,0.37
226,45,0.341
226,46,0.125
226,47,0.189
226,48,0.109
227,1,0.075
227,2,0.015
227,3,0.056
227,4,0.025
227,5,0.037
227,6,0.047
227,7,0.059
227,8,0.073
227,9,0.016
227,10,0.058
227,11,0.025
227,12,0.07
227,13,0.048
227,14,0.129
227,15,0.16
227,16,0.052
227,17,0.061
227,18,0.022
227,19,0.031
227,20,0.049
227,21,0.244
227,22,0.276
227,23,0.224
227,24,0.269
227,25,0.222
227,26,0.253
227,27,0.24
227,28,0.229
227,29,0.512
227,30,0.228
227,31,0.262
227,32,0.375
227,33,0.133
227,34,0.02
227,35,0.058
227,36,0.015
227,37,0.065
227,38,0.015
227,39,0.062
227,40,0.015
227,41,0.054
227,42,0.028
227,43,0.034
227,44,0.045
227,45,0.015
227,46,0.091
227,47,0.119
227,48,0.161
228,1,0.024
228,2,0.049
228,3,0.034
228,4,0.023
228,5,0.059
228,6,0.015
228,7,0.067
228,8,0.015
228,9,0.044
228,10,0.039
228,11,0.088
228,12,0.086
228,13,0.016
228,14,0.163
228,15,0.114
228,16,0.084
228,17,0.038
228,18,0.017
228,19,0.057
228,20,0.015
228,21,0.062
228,22,0.015
228,23,0.065
228,24,0.015
228,25,0.044
228,26,0.037
228,27,0.015
228,28,0.062
228,29,0.015
228,30,0.066
228,31,0.015
228,32,0.043
228,33,0.039
228,34,0.015
228,35,0.282
228,36,0.241
228,37,0.279
228,38,0.223
228,39,0.263
228,40,0.362
228,41,0.266
228,42,0.257
228,43,0.327
228,44,0.305
228,45,0.299
228,46,0.358
228,47,0.405
228,48,0.482
229,1,0.085
229,2,0.06
229,3,0.033
229,4,0.022
229,5,0.062
229,6,0.015
229,7,0.068
229,8,0.043
229,9,0.037
229,10,0.045
229,11,0.015
229,12,0.069
229,13,0.015
229,14,0.145
229,15,0.134
229,16,0.053
229,17,0.069
229,18,0.015
229,19,0.042
229,20,0.038
229,21,0.015
229,22,0.068
229,23,0.014
229,24,0.051
229,25,0.032
229,26,0.015
229,27,0.069
229,28,0.015
229,29,0.053
229,30,0.473
229,31,0.091
229,32,0.064
229,33,0.031
229,34,0.33
229,35,0.076
229,36,0.125
229,37,0.074
229,38,0.135
229,39,0.409
229,40,0.375
229,41,0.317
229,42,0.308
229,43,0.625
229,44,0.389
229,45,0.45
229,46,0.409
229,47,0.231
229,48,0.168
230,1,0.091
230,2,0.073
230,3,0.029
230,4,0.054
230,5,0.053
230,6,0.104
230,7,0.015
230,8,0.053
230,9,0.027
230,10,0.033
230,11,0.045
230,12,0.018
230,13,0.064
230,14,0.115
230,15,0.159
230,16,0.054
230,17,0.044
230,18,0.038
230,19,0.018
230,20,0.062
230,21,0.015
230,22,0.067
230,23,0.015
230,24,0.045
230,25,0.037
230,26,0.019
230,27,0.058
230,28,0.015
230,29,0.066
230,30,0.015
230,31,0.056
230,32,0.231
230,33,0.051
230,34,0.027
230,35,0.06
230,36,0.231
230,37,0.033
230,38,0.084
230,39,0.034
230,40,0.083
230,41,0.035
230,42,0.062
230,43,0.056
230,44,0.037
230,45,0.08
230,46,0.062
230,47,0.189
230,48,0.13
231,1,0.079
231,2,0.044
231,3,0.062
231,4,0.057
231,5,0.043
231,6,0.076
231,7,0.034
231,8,0.082
231,9,0.034
231,10,0.082
231,11,0.038
231,12,0.061
231,13,0.059
231,14,0.141
231,15,0.189
231,16,0.083
231,17,0.066
231,18,0.016
231,19,0.043
231,20,0.035
231,21,0.026
231,22,0.055
231,23,0.015
231,24,0.043
231,25,0.047
231,26,0.022
231,27,0.056
231,28,0.015
231,29,0.057
231,30,0.015
231,31,0.059
231,32,0.015
231,33,0.095
231,34,0.089
231,35,0.277
231,36,0.033
231,37,0.079
231,38,0.033
231,39,0.075
231,40,0.038
231,41,0.064
231,42,0.051
231,43,0.049
231,44,0.067
231,45,0.033
231,46,0.111
231,47,0.14
231,48,0.182
232,1,0.042
232,2,0.096
232,3,0.269
232,4,0.258
232,5,0.286
232,6,0.249
232,7,0.301
232,8,0.248
232,9,0.293
232,10,0.245
232,11,0.278
232,12,0.263
232,13,0.283
232,14,0.228
232,15,0.21
232,16,0.158
232,17,0.05
232,18,0.082
232,19,0.069
232,20,0.057
232,21,0.091
232,22,0.05
232,23,0.102
232,24,0.05
232,25,0.076
232,26,0.062
232,27,0.074
232,28,0.084
232,29,0.058
232,30,0.141
232,31,0.094
232,32,0.094
232,33,0.05
232,34,0.094
232,35,0.051
232,36,0.091
232,37,0.065
232,38,0.107
232,39,0.076
232,40,0.101
232,41,0.084
232,42,0.087
232,43,0.099
232,44,0.068
232,45,0.118
232,46,0.095
232,47,0.216
232,48,0.166
233,1,0.103
233,2,0.098
233,3,0.069
233,4,0.121
233,5,0.069
233,6,0.113
233,7,0.083
233,8,0.086
233,9,0.106
233,10,0.07
233,11,0.121
233,12,0.069
233,13,0.616
233,14,0.195
233,15,0.187
233,16,0.084
233,17,0.014
233,18,0.065
233,19,0.014
233,20,0.063
233,21,0.018
233,22,0.037
233,23,0.044
233,24,0.014
233,25,0.061
233,26,0.014
233,27,0.066
233,28,0.014
233,29,0.043
233,30,0.037
233,31,0.014
233,32,0.339
233,33,0.014
233,34,0.157
233,35,0.052
233,36,0.09
233,37,0.07
233,38,0.204
233,39,0.271
233,40,0.223
233,41,0.556
233,42,0.367
233,43,0.374
233,44,0.386
233,45,0.35
233,46,0.432
233,47,0.398
233,48,0.181
234,1,0.067
234,2,0.059
234,3,0.119
234,4,0.05
234,5,0.032
234,6,0.061
234,7,0.021
234,8,0.062
234,9,0.034
234,10,0.047
234,11,0.052
234,12,0.03
234,13,0.061
234,14,0.123
234,15,0.168
234,16,0.066
234,17,0.065
234,18,0.045
234,19,0.036
234,20,0.373
234,21,0.083
234,22,0.066
234,23,0.025
234,24,0.062
234,25,0.504
234,26,0.037
234,27,0.06
234,28,0.022
234,29,0.061
234,30,0.28
234,31,0.028
234,32,0.061
234,33,0.043
234,34,0.036
234,35,0.058
234,36,0.023
234,37,0.058
234,38,0.047
234,39,0.33
234,40,0.217
234,41,0.409
234,42,0.439
234,43,0.455
234,44,0.418
234,45,0.452
234,46,0.469
234,47,0.554
234,48,0.604
235,1,0.06
235,2,0.052
235,3,0.039
235,4,0.029
235,5,0.054
235,6,0.021
235,7,0.054
235,8,0.035
235,9,0.036
235,10,0.054
235,11,0.017
235,12,0.056
235,13,0.015
235,14,0.161
235,15,0.129
235,16,0.077
235,17,0.049
235,18,0.021
235,19,0.056
235,20,0.015
235,21,0.056
235,22,0.028
235,23,0.042
235,24,0.046
235,25,0.024
235,26,0.055
235,27,0.015
235,28,0.054
235,29,0.029
235,30,0.041
235,31,0.047
235,32,0.022
235,33,0.054
235,34,0.014
235,35,0.054
235,36,0.033
235,37,0.035
235,38,0.052
235,39,0.017
235,40,0.297
235,41,0.124
235,42,1.007
235,43,0.617
235,44,0.478
235,45,0.562
235,46,0.407
235,47,0.192
235,48,0.137
236,1,0.035
236,2,0.063
236,3,0.015
236,4,0.056
236,5,0.024
236,6,0.047
236,7,0.041
236,8,0.031
236,9,0.056
236,10,0.017
236,11,0.055
236,12,0.016
236,13,0.057
236,14,0.131
236,15,0.141
236,16,0.078
236,17,0.032
236,18,0.052
236,19,0.018
236,20,0.055
236,21,0.015
236,22,0.075
236,23,0.066
236,24,0.068
236,25,0.049
236,26,0.024
236,27,0.172
236,28,0.135
236,29,0.039
236,30,0.062
236,31,0.015
236,32,0.221
236,33,0.023
236,34,0.048
236,35,0.041
236,36,0.029
236,37,0.23
236,38,0.695
236,39,1.382
236,40,1.222
236,41,1.24
236,42,0.135
236,43,0.024
236,44,0.054
236,45,0.015
236,46,0.094
236,47,0.141
236,48,0.137
237,1,0.056
237,2,0.024
237,3,0.055
237,4,0.015
237,5,0.066
237,6,0.025
237,7,0.045
237,8,0.054
237,9,0.027
237,10,0.054
237,11,0.026
237,12,0.054
237,13,0.036
237,14,0.265
237,15,0.142
237,16,0.076
237,17,0.058
237,18,0.02
237,19,0.053
237,20,0.014
237,21,0.055
237,22,0.034
237,23,0.046
237,24,0.045
237,25,0.036
237,26,0.053
237,27,0.015
237,28,0.065
237,29,0.014
237,30,0.055
237,31,0.031
237,32,0.036
237,33,0.051
237,34,0.019
237,35,0.564
237,36,0.068
237,37,0.061
237,38,0.063
237,39,0.042
237,40,0.074
237,41,0.033
237,42,0.073
237,43,0.036
237,44,0.07
237,45,0.048
237,46,0.086
237,47,0.178
237,48,0.139
238,1,0.094
238,2,0.034
238,3,0.074
238,4,0.033
238,5,0.074
238,6,0.042
238,7,0.065
238,8,0.056
238,9,0.051
238,10,0.07
238,11,0.038
238,12,0.074
238,13,0.036
238,14,0.246
238,15,0.128
238,16,0.09
238,17,0.034
238,18,0.033
238,19,0.052
238,20,0.017
238,21,0.055
238,22,0.014
238,23,0.052
238,24,0.03
238,25,0.038
238,26,0.044
238,27,0.024
238,28,0.055
238,29,0.014
238,30,0.055
238,31,0.014
238,32,0.055
238,33,0.028
238,34,0.041
238,35,0.043
238,36,0.098
238,37,1.061
238,38,1.337
238,39,1.308
238,40,0.137
238,41,0.055
238,42,0.065
238,43,0.041
238,44,0.074
238,45,0.033
238,46,0.102
238,47,0.141
238,48,0.169
239,1,0.053
239,2,0.065
239,3,0.056
239,4,0.051
239,5,0.069
239,6,0.039
239,7,0.075
239,8,0.034
239,9,0.07
239,10,0.04
239,11,0.067
239,12,0.049
239,13,0.517
239,14,0.238
239,15,0.115
239,16,0.096
239,17,0.014
239,18,0.055
239,19,0.014
239,20,0.054
239,21,0.028
239,22,0.058
239,23,0.039
239,24,0.031
239,25,0.06
239,26,0.022
239,27,0.056
239,28,0.069
239,29,0.112
239,30,0.995
239,31,0.63
239,32,0.042
239,33,0.043
239,34,0.055
239,35,0.101
239,36,0.092
239,37,0.017
239,38,0.466
239,39,0.018
239,40,0.054
239,41,0.961
239,42,0.539
239,43,0.376
239,44,0.323
239,45,0.349
239,46,0.353
239,47,0.908
239,48,1.593
240,1,0.49
240,2,0.027
240,3,0.058
240,4,0.072
240,5,0.181
240,6,0.288
240,7,0.255
240,8,0.26
240,9,0.253
240,10,0.274
240,11,0.244
240,12,0.275
240,13,0.241
240,14,0.383
240,15,0.324
240,16,0.311
240,17,0.225
240,18,0.273
240,19,0.237
240,20,0.252
240,21,0.24
240,22,0.258
240,23,0.294
240,24,0.301
240,25,0.317
240,26,0.296
240,27,0.308
240,28,0.307
240,29,0.315
240,30,1.549
240,31,1.42
240,32,0.34
240,33,0.324
240,34,0.207
240,35,0.053
240,36,0.028
240,37,0.041
240,38,0.044
240,39,0.102
240,40,0.069
240,41,0.039
240,42,0.074
240,43,0.044
240,44,0.075
240,45,0.032
240,46,0.114
240,47,0.138
240,48,0.172
388,1,0.348
388,2,2.398
388,3,2.376
388,4,1.127
388,5,0.518
388,6,0.135
388,7,0.042
388,8,0.07
388,9,0.042
388,10,0.072
388,11,0.038
388,12,0.072
388,13,0.042
388,14,0.077
388,15,0.077
388,16,0.084
388,17,0.138
388,18,0.179
388,19,0.134
388,20,0.075
388,21,0.027
388,22,0.074
388,23,0.046
388,24,0.08
388,25,0.042
388,26,0.055
388,27,0.055
388,28,0.06
388,29,0.049
388,30,0.053
388,31,0.093
388,32,0.073
388,33,0.078
388,34,0.061
388,35,0.091
388,36,0.072
388,37,0.088
388,38,0.065
388,39,0.086
388,40,0.076
388,41,0.102
388,42,0.058
388,43,0.094
388,44,0.521
388,45,0.599
388,46,0.483
388,47,0.42
388,48,0.383
389,1,0.39
389,2,0.245
389,3,0.138
389,4,0.064
389,5,0.065
389,6,0.077
389,7,0.056
389,8,0.069
389,9,0.045
389,10,0.108
389,11,0.048
389,12,0.052
389,13,0.084
389,14,0.062
389,15,0.046
389,16,0.097
389,17,0.153
389,18,0.161
389,19,0.187
389,20,0.063
389,21,0.062
389,22,0.044
389,23,0.099
389,24,0.05
389,25,0.055
389,26,1.18
389,27,2.424
389,28,2.289
389,29,2.293
389,30,2.284
389,31,2.256
389,32,1.635
389,33,0.212
389,34,0.449
389,35,0.44
389,36,0.474
389,37,0.445
389,38,0.475
389,39,0.448
389,40,0.516
389,41,0.458
389,42,0.435
389,43,0.14
389,44,0.193
389,45,0.14
389,46,0.098
389,47,0.043
389,48,0.086
390,1,0.101
390,2,0.132
390,3,0.083
390,4,0.127
390,5,0.37
390,6,1.179
390,7,0.18
390,8,0.333
390,9,0.155
390,10,0.077
390,11,0.046
390,12,0.074
390,13,0.044
390,14,0.076
390,15,0.053
390,16,0.066
390,17,0.142
390,18,0.159
390,19,0.158
390,20,0.053
390,21,0.066
390,22,0.049
390,23,0.071
390,24,0.043
390,25,0.073
390,26,0.042
390,27,0.08
390,28,0.044
390,29,0.075
390,30,0.042
390,31,0.072
390,32,0.046
390,33,0.078
390,34,0.04
390,35,0.078
390,36,0.045
390,37,0.078
390,38,0.063
390,39,0.058
390,40,0.063
390,41,0.052
390,42,0.081
390,43,0.064
390,44,0.19
390,45,0.153
390,46,0.113
390,47,0.047
390,48,0.074
391,1,0.047
391,2,0.098
391,3,0.046
391,4,0.079
391,5,0.077
391,6,0.046
391,7,0.085
391,8,0.073
391,9,0.042
391,10,0.078
391,11,0.47
391,12,1.2
391,13,0.301
391,14,0.1
391,15,0.072
391,16,0.053
391,17,0.139
391,18,0.204
391,19,0.141
391,20,0.075
391,21,0.065
391,22,0.058
391,23,0.087
391,24,0.043
391,25,0.1
391,26,0.067
391,27,0.055
391,28,0.078
391,29,0.041
391,30,0.089
391,31,0.381
391,32,2.172
391,33,1.288
391,34,1.266
391,35,0.663
391,36,0.084
391,37,0.064
391,38,0.049
391,39,0.098
391,40,0.056
391,41,0.055
391,42,0.092
391,43,0.056
391,44,0.205
391,45,0.164
391,46,0.113
391,47,0.061
391,48,0.048
392,1,0.095
392,2,0.049
392,3,0.091
392,4,0.064
392,5,0.084
392,6,0.059
392,7,1.349
392,8,1.771
392,9,1.539
392,10,0.997
392,11,0.097
392,12,0.067
392,13,0.065
392,14,0.067
392,15,0.074
392,16,0.052
392,17,0.171
392,18,0.156
392,19,0.174
392,20,0.056
392,21,0.08
392,22,0.055
392,23,0.083
392,24,0.048
392,25,0.078
392,26,0.064
392,27,0.051
392,28,0.078
392,29,0.059
392,30,0.075
392,31,0.047
392,32,0.093
392,33,0.071
392,34,0.092
392,35,0.081
392,36,0.061
392,37,0.131
392,38,0.067
392,39,0.067
392,40,0.118
392,41,0.084
392,42,0.07
392,43,0.089
392,44,0.231
392,45,0.172
392,46,0.114
392,47,0.091
392,48,0.066
393,1,0.1
393,2,0.072
393,3,0.103
393,4,0.072
393,5,0.093
393,6,0.089
393,7,0.483
393,8,3.912
393,9,3.742
393,10,3.538
393,11,2.972
393,12,0.264
393,13,0.054
393,14,0.077
393,15,0.056
393,16,0.064
393,17,0.162
393,18,0.161
393,19,0.173
393,20,0.103
393,21,0.097
393,22,0.042
393,23,0.074
393,24,0.043
393,25,0.089
393,26,0.042
393,27,0.064
393,28,0.056
393,29,0.067
393,30,0.074
393,31,0.08
393,32,0.1
393,33,0.06
393,34,0.098
393,35,0.073
393,36,0.105
393,37,0.065
393,38,0.097
393,39,0.063
393,40,0.089
393,41,0.105
393,42,0.062
393,43,0.069
393,44,0.249
393,45,0.179
393,46,0.094
393,47,0.088
393,48,0.1
394,1,0.07
394,2,0.066
394,3,0.109
394,4,0.089
394,5,0.065
394,6,0.07
394,7,2.873
394,8,3.667
394,9,3.569
394,10,3.607
394,11,0.893
394,12,0.049
394,13,0.074
394,14,0.048
394,15,0.079
394,16,0.047
394,17,0.177
394,18,0.156
394,19,0.162
394,20,0.053
394,21,0.056
394,22,0.062
394,23,0.05
394,24,0.071
394,25,0.048
394,26,0.077
394,27,0.045
394,28,0.074
394,29,0.042
394,30,0.083
394,31,0.048
394,32,0.081
394,33,0.042
394,34,0.084
394,35,0.124
394,36,0.178
394,37,0.125
394,38,0.151
394,39,0.273
394,40,1.481
394,41,2.874
394,42,2.724
394,43,1.448
394,44,1.402
394,45,1.366
394,46,1.27
394,47,0.493
394,48,0.206
395,1,0.048
395,2,0.046
395,3,0.077
395,4,0.114
395,5,0.062
395,6,0.064
395,7,0.053
395,8,0.145
395,9,0.073
395,10,0.087
395,11,0.046
395,12,0.075
395,13,0.041
395,14,0.074
395,15,0.044
395,16,0.084
395,17,0.155
395,18,0.165
395,19,0.148
395,20,0.055
395,21,0.06
395,22,0.043
395,23,0.066
395,24,0.549
395,25,1.16
395,26,0.972
395,27,1.043
395,28,0.996
395,29,1.092
395,30,0.909
395,31,1.094
395,32,1.005
395,33,0.984
395,34,1.034
395,35,0.369
395,36,0.256
395,37,0.414
395,38,0.482
395,39,0.449
395,40,0.488
395,41,0.462
395,42,0.481
395,43,0.456
395,44,0.607
395,45,0.554
395,46,0.55
395,47,0.507
395,48,0.138
396,1,0.099
396,2,0.07
396,3,0.095
396,4,0.062
396,5,0.041
396,6,0.099
396,7,0.066
396,8,0.044
396,9,0.065
396,10,0.134
396,11,0.045
396,12,0.047
396,13,0.064
396,14,0.078
396,15,0.06
396,16,0.077
396,17,0.139
396,18,0.16
396,19,0.19
396,20,0.053
396,21,0.074
396,22,0.062
396,23,0.065
396,24,0.062
396,25,0.057
396,26,0.083
396,27,0.043
396,28,0.093
396,29,0.044
396,30,0.094
396,31,0.104
396,32,0.423
396,33,0.391
396,34,0.399
396,35,0.49
396,36,0.464
396,37,0.402
396,38,0.809
396,39,0.677
396,40,1.062
396,41,1.129
396,42,1.134
396,43,1.262
396,44,1.35
396,45,0.89
396,46,0.487
396,47,0.377
396,48,0.136
397,1,0.098
397,2,0.148
397,3,0.151
397,4,0.159
397,5,0.139
397,6,0.107
397,7,0.049
397,8,0.093
397,9,0.049
397,10,0.078
397,11,0.07
397,12,0.041
397,13,0.068
397,14,0.107
397,15,0.043
397,16,0.048
397,17,0.157
397,18,0.174
397,19,0.133
397,20,0.098
397,21,0.042
397,22,0.073
397,23,0.05
397,24,0.066
397,25,0.066
397,26,0.049
397,27,0.063
397,28,0.057
397,29,0.085
397,30,0.045
397,31,0.075
397,32,0.045
397,33,0.109
397,34,0.075
397,35,0.062
397,36,0.095
397,37,0.064
397,38,0.093
397,39,0.074
397,40,0.09
397,41,0.068
397,42,0.1
397,43,0.07
397,44,0.212
397,45,0.188
397,46,0.094
397,47,0.1
397,48,0.072
398,1,0.101
398,2,0.063
398,3,0.113
398,4,0.062
398,5,0.08
398,6,0.097
398,7,0.062
398,8,0.126
398,9,0.065
398,10,0.063
398,11,0.3
398,12,0.408
398,13,0.258
398,14,0.051
398,15,0.11
398,16,0.049
398,17,0.137
398,18,0.148
398,19,0.183
398,20,0.049
398,21,0.06
398,22,0.063
398,23,0.056
398,24,0.065
398,25,0.051
398,26,0.077
398,27,0.043
398,28,0.093
398,29,0.049
398,30,0.065
398,31,0.056
398,32,0.094
398,33,0.097
398,34,0.059
398,35,0.09
398,36,0.072
398,37,0.094
398,38,0.059
398,39,0.105
398,40,0.065
398,41,0.063
398,42,0.111
398,43,0.063
398,44,0.213
398,45,0.188
398,46,0.12
398,47,0.073
398,48,0.063
399,1,0.11
399,2,0.063
399,3,0.114
399,4,0.065
399,5,0.077
399,6,0.102
399,7,0.087
399,8,0.076
399,9,0.066
399,10,0.119
399,11,0.341
399,12,0.241
399,13,0.057
399,14,0.107
399,15,0.06
399,16,0.055
399,17,0.122
399,18,0.185
399,19,0.138
399,20,0.074
399,21,0.057
399,22,0.042
399,23,0.074
399,24,0.04
399,25,0.074
399,26,0.046
399,27,0.083
399,28,0.042
399,29,0.065
399,30,0.052
399,31,0.049
399,32,0.105
399,33,0.067
399,34,0.107
399,35,0.059
399,36,0.091
399,37,0.057
399,38,0.069
399,39,0.089
399,40,0.069
399,41,0.096
399,42,0.058
399,43,0.105
399,44,0.172
399,45,0.194
399,46,1.217
399,47,2.316
399,48,1.485
400,1,1.266
400,2,0.748
400,3,0.155
400,4,0.078
400,5,0.04
400,6,0.06
400,7,0.097
400,8,0.087
400,9,0.073
400,10,0.077
400,11,0.043
400,12,0.046
400,13,0.1
400,14,0.052
400,15,0.053
400,16,0.04
400,17,0.171
400,18,0.148
400,19,0.16
400,20,0.046
400,21,0.057
400,22,0.056
400,23,0.043
400,24,0.071
400,25,0.042
400,26,0.074
400,27,0.042
400,28,0.075
400,29,0.041
400,30,0.076
400,31,0.099
400,32,0.309
400,33,2.518
400,34,1.454
400,35,1.193
400,36,0.728
400,37,0.062
400,38,0.074
400,39,0.079
400,40,0.075
400,41,0.117
400,42,0.06
400,43,0.066
400,44,0.24
400,45,0.165
400,46,0.089
400,47,0.103
400,48,0.086
401,1,0.07
401,2,0.059
401,3,0.125
401,4,0.067
401,5,0.066
401,6,0.072
401,7,0.099
401,8,0.066
401,9,0.103
401,10,0.063
401,11,1.332
401,12,1.442
401,13,0.192
401,14,0.05
401,15,0.071
401,16,0.057
401,17,0.129
401,18,0.185
401,19,0.137
401,20,0.071
401,21,0.043
401,22,0.073
401,23,0.041
401,24,0.081
401,25,0.05
401,26,0.073
401,27,0.04
401,28,0.075
401,29,0.04
401,30,0.077
401,31,0.177
401,32,0.072
401,33,0.042
401,34,0.427
401,35,0.742
401,36,0.744
401,37,1.802
401,38,1.514
401,39,1.098
401,40,0.954
401,41,0.467
401,42,0.453
401,43,0.471
401,44,0.627
401,45,0.595
401,46,0.277
401,47,0.052
401,48,0.067
402,1,0.043
402,2,0.129
402,3,0.066
402,4,0.075
402,5,0.048
402,6,0.165
402,7,0.042
402,8,0.073
402,9,0.048
402,10,0.064
402,11,0.054
402,12,0.052
402,13,0.071
402,14,0.04
402,15,0.076
402,16,0.046
402,17,0.168
402,18,0.156
402,19,0.166
402,20,0.039
402,21,0.078
402,22,0.051
402,23,0.045
402,24,0.082
402,25,0.065
402,26,0.049
402,27,0.06
402,28,0.087
402,29,0.041
402,30,0.039
402,31,0.086
402,32,0.063
402,33,0.05
402,34,0.072
402,35,0.363
402,36,0.391
402,37,0.7
402,38,0.948
402,39,0.622
402,40,0.201
402,41,0.165
402,42,0.202
402,43,0.178
402,44,0.433
402,45,0.582
402,46,0.968
402,47,1.035
402,48,0.964
403,1,1.05
403,2,1.009
403,3,1.052
403,4,0.987
403,5,0.828
403,6,0.133
403,7,0.083
403,8,0.041
403,9,0.078
403,10,0.043
403,11,0.071
403,12,0.06
403,13,0.046
403,14,0.136
403,15,0.329
403,16,0.649
403,17,0.314
403,18,0.212
403,19,0.191
403,20,0.276
403,21,0.276
403,22,0.239
403,23,0.277
403,24,0.247
403,25,0.274
403,26,0.245
403,27,0.277
403,28,0.256
403,29,0.247
403,30,0.292
403,31,0.242
403,32,0.079
403,33,0.118
403,34,0.302
403,35,0.594
403,36,0.436
403,37,0.506
403,38,0.796
403,39,0.565
403,40,0.507
403,41,0.47
403,42,0.432
403,43,0.469
403,44,0.51
403,45,0.452
403,46,0.395
403,47,0.413
403,48,0.424
404,1,0.39
404,2,0.115
404,3,0.042
404,4,0.076
404,5,0.083
404,6,0.14
404,7,0.115
404,8,0.078
404,9,0.043
404,10,0.067
404,11,0.048
404,12,0.065
404,13,0.054
404,14,0.059
404,15,0.058
404,16,0.07
404,17,0.13
404,18,0.183
404,19,0.129
404,20,0.074
404,21,0.039
404,22,0.07
404,23,0.039
404,24,0.069
404,25,0.04
404,26,0.075
404,27,0.038
404,28,0.079
404,29,0.038
404,30,0.08
404,31,0.091
404,32,0.092
404,33,0.057
404,34,0.094
404,35,0.056
404,36,0.093
404,37,0.06
404,38,0.098
404,39,0.065
404,40,0.078
404,41,0.071
404,42,0.075
404,43,0.106
404,44,0.174
404,45,0.2
404,46,0.089
404,47,0.101
404,48,0.063
405,1,0.103
405,2,0.07
405,3,0.091
405,4,0.066
405,5,0.072
405,6,0.09
405,7,0.347
405,8,0.404
405,9,0.224
405,10,0.119
405,11,0.05
405,12,0.09
405,13,0.045
405,14,0.064
405,15,0.087
405,16,0.045
405,17,0.135
405,18,0.203
405,19,0.142
405,20,0.041
405,21,0.091
405,22,0.074
405,23,0.042
405,24,0.039
405,25,0.083
405,26,0.049
405,27,0.05
405,28,0.067
405,29,0.063
405,30,0.087
405,31,0.04
405,32,0.085
405,33,0.06
405,34,0.089
405,35,0.079
405,36,0.069
405,37,0.092
405,38,0.074
405,39,0.096
405,40,0.061
405,41,0.102
405,42,0.072
405,43,0.075
405,44,0.233
405,45,0.168
405,46,0.129
405,47,0.073
405,48,0.076
406,1,0.088
406,2,0.068
406,3,0.132
406,4,0.061
406,5,0.061
406,6,0.122
406,7,0.081
406,8,0.068
406,9,0.07
406,10,0.116
406,11,0.43
406,12,0.678
406,13,0.388
406,14,0.14
406,15,0.056
406,16,0.056
406,17,0.129
406,18,0.229
406,19,0.133
406,20,0.054
406,21,0.045
406,22,0.101
406,23,0.046
406,24,0.053
406,25,0.094
406,26,0.043
406,27,0.091
406,28,0.045
406,29,0.076
406,30,0.073
406,31,0.039
406,32,0.089
406,33,0.045
406,34,0.086
406,35,0.072
406,36,0.12
406,37,0.087
406,38,0.065
406,39,0.12
406,40,0.059
406,41,0.098
406,42,0.085
406,43,0.072
406,44,0.24
406,45,0.169
406,46,0.111
406,47,0.086
406,48,0.114
407,1,0.074
407,2,0.065
407,3,0.115
407,4,0.106
407,5,0.065
407,6,0.083
407,7,0.247
407,8,0.486
407,9,0.474
407,10,0.285
407,11,0.135
407,12,0.093
407,13,0.051
407,14,0.064
407,15,0.06
407,16,0.083
407,17,0.143
407,18,0.187
407,19,0.15
407,20,0.044
407,21,0.092
407,22,0.048
407,23,0.08
407,24,0.059
407,25,0.045
407,26,0.097
407,27,0.043
407,28,0.1
407,29,0.043
407,30,0.06
407,31,0.112
407,32,0.081
407,33,0.096
407,34,0.081
407,35,0.066
407,36,0.12
407,37,0.078
407,38,0.096
407,39,0.077
407,40,0.065
407,41,0.104
407,42,0.07
407,43,0.113
407,44,0.199
407,45,0.17
407,46,0.14
407,47,0.068
407,48,0.107
408,1,0.067
408,2,0.098
408,3,0.082
408,4,0.08
408,5,0.101
408,6,0.086
408,7,0.083
408,8,0.1
408,9,0.067
408,10,0.13
408,11,0.382
408,12,0.583
408,13,0.412
408,14,0.078
408,15,0.064
408,16,0.072
408,17,0.173
408,18,0.153
408,19,0.142
408,20,0.083
408,21,0.081
408,22,0.055
408,23,0.041
408,24,0.106
408,25,0.069
408,26,0.055
408,27,0.051
408,28,0.082
408,29,0.065
408,30,0.044
408,31,0.099
408,32,0.043
408,33,0.058
408,34,0.09
408,35,0.38
408,36,0.718
408,37,0.772
408,38,0.385
408,39,0.787
408,40,1.208
408,41,2.112
408,42,1.013
408,43,1.237
408,44,1.202
408,45,1.01
408,46,0.931
408,47,0.128
408,48,0.1
409,1,0.057
409,2,0.055
409,3,0.076
409,4,0.043
409,5,0.077
409,6,0.108
409,7,0.134
409,8,0.114
409,9,0.07
409,10,0.066
409,11,0.058
409,12,0.079
409,13,0.047
409,14,0.099
409,15,0.054
409,16,0.044
409,17,0.181
409,18,0.15
409,19,0.167
409,20,0.078
409,21,0.04
409,22,0.081
409,23,0.083
409,24,0.048
409,25,0.048
409,26,0.102
409,27,0.051
409,28,0.053
409,29,0.069
409,30,0.086
409,31,0.055
409,32,0.051
409,33,0.067
409,34,0.108
409,35,0.063
409,36,0.061
409,37,0.111
409,38,0.072
409,39,0.074
409,40,0.221
409,41,0.773
409,42,0.711
409,43,0.506
409,44,0.491
409,45,0.514
409,46,0.757
409,47,0.433
409,48,0.391
410,1,0.436
410,2,0.351
410,3,0.325
410,4,0.136
410,5,0.066
410,6,0.06
410,7,0.061
410,8,0.089
410,9,0.046
410,10,0.079
410,11,0.056
410,12,0.051
410,13,0.076
410,14,0.061
410,15,0.081
410,16,0.043
410,17,0.153
410,18,0.172
410,19,0.152
410,20,0.074
410,21,0.045
410,22,0.089
410,23,0.06
410,24,0.055
410,25,0.069
410,26,0.059
410,27,0.078
410,28,0.066
410,29,0.049
410,30,0.068
410,31,0.095
410,32,0.116
410,33,0.376
410,34,0.441
410,35,0.823
410,36,0.219
410,37,0.163
410,38,0.578
410,39,1.304
410,40,1.039
410,41,0.959
410,42,1.078
410,43,0.974
410,44,1.113
410,45,1.025
410,46,0.931
410,47,0.856
410,48,0.432
411,1,0.12
411,2,0.114
411,3,0.081
411,4,0.093
411,5,0.134
411,6,0.06
411,7,0.077
411,8,0.066
411,9,0.135
411,10,0.058
411,11,0.083
411,12,0.045
411,13,0.074
411,14,0.052
411,15,0.054
411,16,0.063
411,17,0.128
411,18,0.171
411,19,0.136
411,20,0.07
411,21,0.039
411,22,0.071
411,23,0.05
411,24,0.07
411,25,0.043
411,26,0.072
411,27,0.043
411,28,0.073
411,29,0.041
411,30,0.072
411,31,0.08
411,32,0.097
411,33,0.059
411,34,0.089
411,35,0.058
411,36,0.09
411,37,0.062
411,38,0.079
411,39,0.07
411,40,0.072
411,41,0.1
411,42,0.064
411,43,0.107
411,44,0.178
411,45,0.202
411,46,0.089
411,47,0.089
411,48,0.069
412,1,0.086
412,2,0.074
412,3,0.089
412,4,0.077
412,5,0.073
412,6,0.088
412,7,0.31
412,8,1.089
412,9,0.967
412,10,0.319
412,11,0.044
412,12,0.089
412,13,0.044
412,14,0.088
412,15,0.052
412,16,0.053
412,17,0.152
412,18,0.178
412,19,0.137
412,20,0.045
412,21,0.093
412,22,0.052
412,23,0.04
412,24,0.096
412,25,0.044
412,26,0.043
412,27,0.075
412,28,0.082
412,29,0.041
412,30,0.044
412,31,0.112
412,32,0.123
412,33,0.153
412,34,0.133
412,35,0.155
412,36,0.132
412,37,0.127
412,38,0.14
412,39,0.129
412,40,0.153
412,41,0.128
412,42,0.161
412,43,0.13
412,44,0.273
412,45,0.23
412,46,0.176
412,47,0.139
412,48,0.131
413,1,0.16
413,2,0.123
413,3,0.157
413,4,0.124
413,5,0.169
413,6,0.124
413,7,0.157
413,8,0.137
413,9,0.157
413,10,0.129
413,11,0.771
413,12,1.662
413,13,0.923
413,14,0.919
413,15,0.136
413,16,0.067
413,17,0.125
413,18,0.18
413,19,0.136
413,20,0.091
413,21,0.044
413,22,0.075
413,23,0.041
413,24,0.079
413,25,0.054
413,26,0.107
413,27,0.058
413,28,0.071
413,29,0.047
413,30,0.086
413,31,0.044
413,32,0.074
413,33,0.047
413,34,0.072
413,35,0.054
413,36,0.08
413,37,0.172
413,38,0.135
413,39,0.153
413,40,0.139
413,41,0.153
413,42,0.125
413,43,0.179
413,44,0.233
413,45,0.258
413,46,0.166
413,47,0.121
413,48,0.169
414,1,0.127
414,2,0.172
414,3,0.123
414,4,0.136
414,5,0.183
414,6,0.123
414,7,0.393
414,8,1.344
414,9,1.038
414,10,0.511
414,11,0.085
414,12,0.084
414,13,0.041
414,14,0.066
414,15,0.098
414,16,0.056
414,17,0.129
414,18,0.162
414,19,0.179
414,20,0.057
414,21,0.08
414,22,0.047
414,23,0.075
414,24,0.055
414,25,0.057
414,26,0.085
414,27,0.043
414,28,0.08
414,29,0.056
414,30,0.073
414,31,0.063
414,32,0.117
414,33,0.071
414,34,0.087
414,35,0.068
414,36,0.096
414,37,0.077
414,38,0.079
414,39,0.1
414,40,0.06
414,41,0.104
414,42,0.071
414,43,0.1
414,44,0.201
414,45,0.169
414,46,0.139
414,47,0.062
414,48,0.097
415,1,0.079
415,2,0.102
415,3,0.063
415,4,0.094
415,5,0.089
415,6,0.066
415,7,0.118
415,8,0.063
415,9,0.094
415,10,0.102
415,11,1.055
415,12,1.073
415,13,1.024
415,14,0.309
415,15,0.06
415,16,0.092
415,17,0.14
415,18,0.148
415,19,0.207
415,20,0.045
415,21,0.056
415,22,0.049
415,23,0.112
415,24,0.054
415,25,0.051
415,26,0.049
415,27,0.095
415,28,0.042
415,29,0.08
415,30,0.063
415,31,0.056
415,32,0.075
415,33,0.062
415,34,0.088
415,35,0.045
415,36,0.086
415,37,0.076
415,38,0.577
415,39,1.393
415,40,1.185
415,41,1.805
415,42,2.32
415,43,2.389
415,44,2.054
415,45,0.251
415,46,0.106
415,47,0.067
415,48,0.061
