213,1,0.13
213,2,0.141
213,3,0.042
213,4,0.141
213,5,0.042
213,6,0.141
213,7,0.044
213,8,0.183
213,9,0.052
213,10,0.131
213,11,0.054
213,12,0.124
213,13,0.06
213,14,0.118
213,15,0.067
213,16,0.112
213,17,0.068
213,18,0.109
213,19,1.562
213,20,3.355
213,21,0.82
213,22,1.155
213,23,0.357
213,24,0.134
213,25,0.083
213,26,0.133
213,27,0.065
213,28,0.119
213,29,0.056
213,30,0.124
213,31,0.406
213,32,0.079
213,33,0.092
213,34,0.087
213,35,0.086
213,36,0.092
213,37,0.081
213,38,1.22
213,39,1.906
213,40,0.271
213,41,0.253
213,42,0.478
213,43,0.392
213,44,0.327
213,45,0.758
213,46,0.376
213,47,0.433
213,48,0.191
214,1,0.083
214,2,0.105
214,3,0.077
214,4,0.109
214,5,0.07
214,6,0.113
214,7,0.064
214,8,0.117
214,9,0.062
214,10,0.118
214,11,0.061
214,12,0.117
214,13,0.065
214,14,0.114
214,15,0.066
214,16,0.111
214,17,0.071
214,18,0.105
214,19,0.468
214,20,1.39
214,21,3.555
214,22,3.27
214,23,0.362
214,24,0.169
214,25,0.055
214,26,0.134
214,27,0.042
214,28,0.138
214,29,0.045
214,30,0.133
214,31,0.05
214,32,0.129
214,33,0.055
214,34,0.123
214,35,0.061
214,36,0.119
214,37,0.331
214,38,0.13
214,39,0.065
214,40,0.116
214,41,0.424
214,42,0.313
214,43,0.232
214,44,0.334
214,45,0.365
214,46,0.384
214,47,0.285
214,48,0.282
215,1,0.054
215,2,0.127
215,3,0.057
215,4,0.13
215,5,0.057
215,6,0.122
215,7,0.06
215,8,0.117
215,9,0.063
215,10,0.115
215,11,0.068
215,12,0.111
215,13,0.073
215,14,0.106
215,15,0.382
215,16,0.117
215,17,0.062
215,18,0.121
215,19,2.579
215,20,3.329
215,21,3.865
215,22,0.599
215,23,0.105
215,24,0.1
215,25,0.167
215,26,0.17
215,27,0.136
215,28,0.085
215,29,0.097
215,30,0.084
215,31,0.097
215,32,0.085
215,33,0.096
215,34,0.088
215,35,0.093
215,36,0.089
215,37,0.091
215,38,0.189
215,39,2.102
215,40,2.01
215,41,1.428
215,42,3.458
215,43,1.944
215,44,0.599
215,45,0.366
215,46,0.415
215,47,0.566
215,48,0.086
216,1,0.141
216,2,0.062
216,3,0.125
216,4,0.07
216,5,0.118
216,6,0.081
216,7,0.106
216,8,0.089
216,9,0.104
216,10,0.094
216,11,0.091
216,12,0.099
216,13,0.085
216,14,0.101
216,15,0.081
216,16,0.105
216,17,0.077
216,18,0.114
216,19,0.6
216,20,2.494
216,21,3.026
216,22,0.899
216,23,0.067
216,24,0.113
216,25,0.072
216,26,0.11
216,27,0.077
216,28,0.107
216,29,0.079
216,30,0.102
216,31,0.083
216,32,0.098
216,33,0.087
216,34,0.092
216,35,0.093
216,36,0.09
216,37,0.097
216,38,0.088
216,39,0.847
216,40,3.126
216,41,0.221
216,42,0.186
216,43,0.185
216,44,0.593
216,45,0.569
216,46,0.395
216,47,0.44
216,48,0.097
217,1,0.149
217,2,0.059
217,3,0.127
217,4,0.059
217,5,0.124
217,6,0.061
217,7,0.129
217,8,0.063
217,9,0.12
217,10,0.064
217,11,0.12
217,12,0.063
217,13,0.121
217,14,0.062
217,15,0.12
217,16,0.062
217,17,0.131
217,18,0.062
217,19,1.853
217,20,3.47
217,21,1.603
217,22,0.957
217,23,0.731
217,24,0.155
217,25,0.129
217,26,0.075
217,27,0.159
217,28,0.426
217,29,0.222
217,30,0.158
217,31,0.065
217,32,0.13
217,33,0.099
217,34,0.092
217,35,0.124
217,36,0.062
217,37,0.396
217,38,1.557
217,39,1.345
217,40,2.77
217,41,2.492
217,42,1.262
217,43,0.492
217,44,0.327
217,45,0.569
217,46,0.356
217,47,0.281
217,48,0.1
218,1,0.086
218,2,0.1
218,3,0.086
218,4,0.096
218,5,0.091
218,6,0.092
218,7,0.096
218,8,0.092
218,9,0.097
218,10,0.085
218,11,0.1
218,12,0.083
218,13,0.104
218,14,0.078
218,15,0.106
218,16,0.074
218,17,0.49
218,18,0.096
218,19,2.438
218,20,3.434
218,21,0.975
218,22,0.121
218,23,0.096
218,24,0.087
218,25,0.089
218,26,0.092
218,27,0.085
218,28,0.095
218,29,0.085
218,30,0.094
218,31,0.085
218,32,0.096
218,33,0.087
218,34,0.094
218,35,0.088
218,36,0.092
218,37,0.09
218,38,0.091
218,39,0.091
218,40,0.107
218,41,0.176
218,42,0.174
218,43,0.176
218,44,0.561
218,45,0.367
218,46,0.366
218,47,0.219
218,48,0.105
219,1,0.079
219,2,0.1
219,3,0.082
219,4,0.096
219,5,0.088
219,6,0.09
219,7,0.091
219,8,0.086
219,9,0.095
219,10,0.082
219,11,0.099
219,12,0.076
219,13,0.105
219,14,0.071
219,15,0.108
219,16,0.064
219,17,0.112
219,18,0.061
219,19,0.118
219,20,0.055
219,21,0.125
219,22,0.047
219,23,0.129
219,24,0.042
219,25,0.134
219,26,0.044
219,27,0.129
219,28,0.052
219,29,0.122
219,30,0.059
219,31,0.116
219,32,0.067
219,33,0.109
219,34,0.077
219,35,0.101
219,36,0.084
219,37,0.093
219,38,0.09
219,39,0.088
219,40,0.096
219,41,1.574
219,42,3.154
219,43,2.897
219,44,0.215
219,45,1.037
219,46,0.732
219,47,0.261
219,48,0.758
220,1,0.065
220,2,0.363
220,3,0.484
220,4,0.13
220,5,0.736
220,6,0.136
220,7,0.616
220,8,0.168
220,9,0.054
220,10,0.814
220,11,0.063
220,12,0.78
220,13,0.074
220,14,0.104
220,15,0.7
220,16,0.093
220,17,0.964
220,18,0.086
220,19,0.095
220,20,0.078
220,21,0.102
220,22,0.072
220,23,0.109
220,24,0.064
220,25,0.117
220,26,0.056
220,27,0.126
220,28,0.049
220,29,0.133
220,30,0.045
220,31,0.138
220,32,0.046
220,33,0.135
220,34,0.056
220,35,0.122
220,36,0.061
220,37,0.117
220,38,0.066
220,39,0.112
220,40,0.075
220,41,0.143
220,42,0.163
220,43,1.567
220,44,0.231
220,45,0.36
220,46,0.346
220,47,0.365
220,48,0.34
221,1,0.228
221,2,0.091
221,3,0.087
221,4,0.099
221,5,0.079
221,6,0.109
221,7,0.07
221,8,0.117
221,9,0.06
221,10,0.125
221,11,0.05
221,12,0.133
221,13,0.046
221,14,0.132
221,15,0.053
221,16,0.122
221,17,0.061
221,18,0.113
221,19,0.068
221,20,0.108
221,21,0.078
221,22,0.096
221,23,1.532
221,24,1.479
221,25,0.685
221,26,0.516
221,27,0.628
221,28,0.072
221,29,0.114
221,30,0.063
221,31,0.121
221,32,0.056
221,33,0.13
221,34,0.047
221,35,0.136
221,36,0.047
221,37,0.13
221,38,0.056
221,39,0.12
221,40,0.064
221,41,0.126
221,42,0.157
221,43,0.187
221,44,0.506
221,45,0.385
221,46,0.38
221,47,0.148
221,48,0.092
222,1,0.084
222,2,0.1
222,3,0.074
222,4,0.109
222,5,0.068
222,6,0.117
222,7,0.057
222,8,0.128
222,9,0.048
222,10,0.136
222,11,0.048
222,12,0.127
222,13,0.057
222,14,0.117
222,15,0.065
222,16,0.109
222,17,0.075
222,18,0.099
222,19,0.081
222,20,0.093
222,21,0.089
222,22,0.084
222,23,0.094
222,24,0.079
222,25,0.102
222,26,0.072
222,27,0.109
222,28,0.067
222,29,0.117
222,30,0.06
222,31,0.122
222,32,0.056
222,33,0.125
222,34,0.053
222,35,0.13
222,36,0.047
222,37,0.135
222,38,0.043
222,39,0.139
222,40,0.047
222,41,1.305
222,42,2.667
222,43,0.207
222,44,0.48
222,45,0.405
222,46,0.372
222,47,0.257
222,48,0.08
223,1,0.098
223,2,0.084
223,3,0.092
223,4,0.093
223,5,0.084
223,6,0.102
223,7,0.075
223,8,0.11
223,9,0.066
223,10,0.119
223,11,0.057
223,12,0.127
223,13,0.046
223,14,0.134
223,15,0.043
223,16,0.129
223,17,0.054
223,18,0.118
223,19,0.062
223,20,0.112
223,21,0.071
223,22,0.103
223,23,0.078
223,24,0.095
223,25,0.087
223,26,0.086
223,27,0.095
223,28,0.077
223,29,0.102
223,30,0.07
223,31,0.109
223,32,0.062
223,33,0.117
223,34,0.055
223,35,0.124
223,36,0.049
223,37,0.13
223,38,0.044
223,39,0.134
223,40,0.046
223,41,0.2
223,42,0.222
223,43,0.206
223,44,0.528
223,45,0.339
223,46,0.32
223,47,0.258
223,48,0.085
224,1,0.093
224,2,0.091
224,3,0.085
224,4,0.098
224,5,0.077
224,6,0.107
224,7,0.071
224,8,0.112
224,9,0.063
224,10,0.12
224,11,0.054
224,12,0.129
224,13,0.045
224,14,0.134
224,15,0.04
224,16,0.133
224,17,0.047
224,18,0.128
224,19,0.051
224,20,0.121
224,21,0.058
224,22,0.116
224,23,0.065
224,24,0.107
224,25,0.072
224,26,0.099
224,27,0.083
224,28,0.09
224,29,0.09
224,30,0.081
224,31,0.1
224,32,0.073
224,33,0.108
224,34,0.064
224,35,0.116
224,36,0.059
224,37,0.125
224,38,0.049
224,39,0.134
224,40,1.2
224,41,0.189
224,42,0.128
224,43,0.207
224,44,3.192
224,45,3.211
224,46,0.351
224,47,0.108
224,48,0.076
225,1,0.097
225,2,0.085
225,3,0.09
225,4,0.094
225,5,0.081
225,6,0.101
225,7,0.073
225,8,0.109
225,9,0.063
225,10,0.115
225,11,0.057
225,12,0.121
225,13,0.051
225,14,0.126
225,15,0.046
225,16,0.132
225,17,0.04
225,18,0.132
225,19,0.041
225,20,0.13
225,21,0.048
225,22,0.124
225,23,0.054
225,24,0.118
225,25,0.059
225,26,0.113
225,27,0.063
225,28,0.111
225,29,0.068
225,30,0.104
225,31,0.076
225,32,0.096
225,33,0.083
225,34,0.09
225,35,0.09
225,36,0.083
225,37,0.095
225,38,0.077
225,39,0.101
225,40,0.083
225,41,0.194
225,42,0.144
225,43,0.202
225,44,0.573
225,45,0.415
225,46,0.299
225,47,0.251
225,48,0.048
226,1,0.125
226,2,0.061
226,3,0.112
226,4,0.07
226,5,0.103
226,6,0.081
226,7,0.093
226,8,0.09
226,9,0.082
226,10,0.1
226,11,0.072
226,12,0.11
226,13,0.062
226,14,0.12
226,15,0.052
226,16,0.128
226,17,0.042
226,18,0.132
226,19,0.046
226,20,0.125
226,21,0.054
226,22,0.116
226,23,0.062
226,24,0.109
226,25,0.072
226,26,0.099
226,27,0.081
226,28,0.09
226,29,0.089
226,30,0.082
226,31,0.098
226,32,0.074
226,33,0.107
226,34,0.064
226,35,0.116
226,36,0.054
226,37,0.125
226,38,0.047
226,39,0.133
226,40,0.041
226,41,0.232
226,42,0.336
226,43,1.514
226,44,0.298
226,45,0.363
226,46,0.303
226,47,0.368
226,48,0.316
227,1,0.141
227,2,0.079
227,3,0.098
227,4,0.087
227,5,0.09
227,6,0.097
227,7,0.08
227,8,0.106
227,9,0.07
227,10,0.116
227,11,0.061
227,12,0.122
227,13,0.052
227,14,0.133
227,15,0.043
227,16,0.133
227,17,0.049
227,18,0.125
227,19,0.055
227,20,0.118
227,21,0.061
227,22,0.11
227,23,0.325
227,24,0.191
227,25,0.16
227,26,0.183
227,27,0.156
227,28,0.102
227,29,0.085
227,30,0.09
227,31,0.096
227,32,0.081
227,33,0.105
227,34,0.073
227,35,0.115
227,36,0.067
227,37,0.121
227,38,0.059
227,39,0.127
227,40,0.054
227,41,0.134
227,42,0.047
227,43,0.278
227,44,0.222
227,45,0.312
227,46,0.226
227,47,0.302
227,48,0.194
228,1,0.119
228,2,0.067
228,3,0.111
228,4,0.075
228,5,0.103
228,6,0.08
228,7,0.098
228,8,0.086
228,9,0.092
228,10,0.092
228,11,0.085
228,12,0.099
228,13,0.077
228,14,0.106
228,15,0.07
228,16,0.114
228,17,0.063
228,18,0.12
228,19,0.055
228,20,0.126
228,21,0.048
228,22,0.132
228,23,0.819
228,24,1.345
228,25,0.198
228,26,0.365
228,27,0.061
228,28,0.13
228,29,0.053
228,30,0.122
228,31,0.062
228,32,0.113
228,33,0.07
228,34,0.105
228,35,0.078
228,36,0.098
228,37,0.086
228,38,0.09
228,39,0.093
228,40,0.083
228,41,1.363
228,42,3.139
228,43,3.401
228,44,1.584
228,45,0.383
228,46,0.349
228,47,0.129
228,48,0.083
229,1,0.099
229,2,0.078
229,3,0.105
229,4,0.072
229,5,0.109
229,6,0.063
229,7,0.118
229,8,0.055
229,9,0.125
229,10,0.048
229,11,0.135
229,12,0.041
229,13,0.132
229,14,0.049
229,15,0.122
229,16,0.059
229,17,0.112
229,18,0.071
229,19,0.101
229,20,0.078
229,21,0.094
229,22,0.086
229,23,0.086
229,24,0.093
229,25,0.079
229,26,0.102
229,27,0.072
229,28,0.11
229,29,0.064
229,30,0.121
229,31,0.057
229,32,0.129
229,33,0.05
229,34,0.135
229,35,0.049
229,36,0.137
229,37,0.048
229,38,0.133
229,39,0.053
229,40,0.127
229,41,0.1
229,42,0.201
229,43,0.145
229,44,0.559
229,45,0.322
229,46,0.371
229,47,0.203
229,48,0.11
230,1,0.076
230,2,0.101
230,3,0.083
230,4,0.096
230,5,0.089
230,6,0.089
230,7,0.096
230,8,0.082
230,9,0.102
230,10,0.073
230,11,0.112
230,12,0.066
230,13,0.121
230,14,0.057
230,15,0.128
230,16,0.049
230,17,0.134
230,18,0.042
230,19,0.136
230,20,0.045
230,21,0.129
230,22,0.049
230,23,0.123
230,24,0.058
230,25,0.137
230,26,0.049
230,27,0.133
230,28,0.073
230,29,0.112
230,30,0.086
230,31,0.098
230,32,0.095
230,33,0.089
230,34,0.103
230,35,0.079
230,36,0.107
230,37,0.077
230,38,0.107
230,39,0.077
230,40,0.105
230,41,0.115
230,42,0.183
230,43,0.164
230,44,0.561
230,45,0.3
230,46,0.377
230,47,0.144
230,48,0.105
231,1,0.078
231,2,0.103
231,3,0.082
231,4,0.103
231,5,0.087
231,6,0.094
231,7,0.093
231,8,0.089
231,9,0.096
231,10,0.085
231,11,0.101
231,12,0.081
231,13,0.104
231,14,0.076
231,15,0.108
231,16,0.073
231,17,0.111
231,18,0.067
231,19,0.115
231,20,0.064
231,21,0.119
231,22,0.061
231,23,0.121
231,24,0.057
231,25,0.125
231,26,0.051
231,27,0.131
231,28,0.049
231,29,0.136
231,30,0.046
231,31,0.14
231,32,0.047
231,33,0.135
231,34,0.051
231,35,0.13
231,36,0.053
231,37,0.126
231,38,0.058
231,39,0.121
231,40,0.854
231,41,4.676
231,42,3.085
231,43,1.51
231,44,0.585
231,45,0.335
231,46,0.327
231,47,0.114
231,48,0.093
232,1,0.088
232,2,0.096
232,3,0.084
232,4,0.098
232,5,0.082
232,6,0.101
232,7,0.079
232,8,0.106
232,9,0.073
232,10,0.11
232,11,0.066
232,12,0.116
232,13,0.061
232,14,0.122
232,15,0.054
232,16,0.128
232,17,0.048
232,18,0.133
232,19,0.042
232,20,0.133
232,21,0.049
232,22,0.126
232,23,0.052
232,24,0.122
232,25,0.057
232,26,0.118
232,27,0.063
232,28,0.113
232,29,0.069
232,30,0.109
232,31,0.074
232,32,0.104
232,33,0.081
232,34,0.098
232,35,0.088
232,36,0.095
232,37,0.088
232,38,0.093
232,39,0.092
232,40,0.11
232,41,0.178
232,42,0.166
232,43,0.389
232,44,0.688
232,45,0.455
232,46,0.454
232,47,0.393
232,48,0.146
233,1,0.093
233,2,0.082
233,3,0.098
233,4,0.076
233,5,0.106
233,6,0.069
233,7,0.112
233,8,0.061
233,9,0.117
233,10,0.055
233,11,0.123
233,12,0.049
233,13,0.129
233,14,0.043
233,15,0.131
233,16,0.045
233,17,0.124
233,18,0.054
233,19,0.116
233,20,0.065
233,21,0.107
233,22,0.072
233,23,0.098
233,24,0.079
233,25,0.09
233,26,0.087
233,27,0.084
233,28,0.095
233,29,0.077
233,30,0.103
233,31,0.071
233,32,0.111
233,33,0.063
233,34,0.12
233,35,0.057
233,36,0.127
233,37,0.047
233,38,0.136
233,39,0.049
233,40,0.127
233,41,0.091
233,42,0.206
233,43,0.532
233,44,0.34
233,45,0.29
233,46,0.355
233,47,0.382
233,48,0.42
234,1,0.4
234,2,0.184
234,3,0.088
234,4,0.088
234,5,0.096
234,6,0.08
234,7,0.103
234,8,0.07
234,9,0.112
234,10,0.062
234,11,0.12
234,12,0.053
234,13,0.128
234,14,0.045
234,15,0.132
234,16,0.042
234,17,0.128
234,18,0.047
234,19,0.123
234,20,0.054
234,21,0.116
234,22,0.058
234,23,0.39
234,24,0.151
234,25,0.19
234,26,0.103
234,27,0.098
234,28,0.088
234,29,0.083
234,30,0.097
234,31,0.076
234,32,0.104
234,33,0.068
234,34,0.112
234,35,0.061
234,36,0.114
234,37,0.057
234,38,0.118
234,39,0.054
234,40,0.123
234,41,0.049
234,42,0.233
234,43,0.496
234,44,1.333
234,45,0.301
234,46,0.432
234,47,0.343
234,48,0.422
235,1,0.214
235,2,0.134
235,3,0.046
235,4,0.13
235,5,0.052
235,6,0.124
235,7,0.059
235,8,0.118
235,9,0.066
235,10,0.112
235,11,0.071
235,12,0.106
235,13,0.077
235,14,0.1
235,15,0.084
235,16,0.093
235,17,0.088
235,18,0.087
235,19,0.093
235,20,0.082
235,21,0.097
235,22,0.078
235,23,0.503
235,24,2.496
235,25,0.13
235,26,0.07
235,27,0.13
235,28,0.055
235,29,0.129
235,30,0.048
235,31,0.135
235,32,0.042
235,33,0.136
235,34,0.046
235,35,0.13
235,36,0.052
235,37,0.125
235,38,0.056
235,39,0.12
235,40,0.062
235,41,0.158
235,42,0.153
235,43,0.257
235,44,1.231
235,45,3.313
235,46,3.314
235,47,0.913
235,48,0.087
236,1,0.087
236,2,0.093
236,3,0.081
236,4,0.099
236,5,0.074
236,6,0.105
236,7,0.067
236,8,0.111
236,9,0.062
236,10,0.115
236,11,0.056
236,12,0.122
236,13,0.049
236,14,0.128
236,15,0.044
236,16,0.129
236,17,0.039
236,18,0.129
236,19,0.042
236,20,0.128
236,21,0.049
236,22,0.12
236,23,0.055
236,24,0.114
236,25,0.061
236,26,0.108
236,27,0.069
236,28,0.102
236,29,0.075
236,30,0.096
236,31,0.079
236,32,0.093
236,33,0.082
236,34,0.09
236,35,0.089
236,36,0.085
236,37,0.094
236,38,0.079
236,39,0.1
236,40,0.074
236,41,0.149
236,42,0.157
236,43,0.207
236,44,3.41
236,45,3.351
236,46,0.903
236,47,0.21
236,48,0.064
237,1,0.112
237,2,0.058
237,3,0.12
237,4,0.052
237,5,0.125
237,6,0.045
237,7,0.131
237,8,0.04
237,9,0.132
237,10,0.042
237,11,0.128
237,12,0.048
237,13,0.121
237,14,0.054
237,15,0.116
237,16,0.059
237,17,0.11
237,18,0.063
237,19,0.105
237,20,0.069
237,21,0.1
237,22,0.074
237,23,0.094
237,24,0.077
237,25,0.095
237,26,0.079
237,27,0.09
237,28,0.084
237,29,0.084
237,30,0.092
237,31,0.078
237,32,0.1
237,33,0.072
237,34,0.106
237,35,0.064
237,36,0.113
237,37,0.058
237,38,0.122
237,39,0.051
237,40,0.129
237,41,0.044
237,42,0.134
237,43,0.041
237,44,0.131
237,45,0.352
237,46,0.339
237,47,0.291
237,48,0.139
238,1,0.075
238,2,0.098
238,3,0.085
238,4,0.089
238,5,0.095
238,6,0.078
238,7,0.103
238,8,0.071
238,9,0.111
238,10,0.062
238,11,0.117
238,12,0.055
238,13,0.124
238,14,0.047
238,15,0.132
238,16,0.039
238,17,0.132
238,18,0.046
238,19,0.124
238,20,0.053
238,21,0.12
238,22,0.057
238,23,0.114
238,24,0.066
238,25,0.106
238,26,0.074
238,27,0.099
238,28,0.082
238,29,0.091
238,30,0.086
238,31,0.084
238,32,0.093
238,33,0.08
238,34,0.099
238,35,0.072
238,36,0.105
238,37,0.066
238,38,0.114
238,39,0.06
238,40,0.909
238,41,1.312
238,42,3.172
238,43,1.738
238,44,0.401
238,45,0.313
238,46,0.399
238,47,0.294
238,48,0.12
239,1,0.061
239,2,0.111
239,3,0.071
239,4,0.101
239,5,0.08
239,6,0.09
239,7,0.09
239,8,0.08
239,9,0.099
239,10,0.073
239,11,0.106
239,12,0.064
239,13,0.116
239,14,0.056
239,15,0.122
239,16,0.047
239,17,0.127
239,18,0.041
239,19,0.129
239,20,0.04
239,21,0.127
239,22,0.05
239,23,0.118
239,24,0.06
239,25,0.109
239,26,0.071
239,27,0.099
239,28,0.078
239,29,0.089
239,30,0.089
239,31,0.08
239,32,0.096
239,33,0.072
239,34,0.105
239,35,0.064
239,36,0.112
239,37,0.057
239,38,0.121
239,39,0.049
239,40,0.137
239,41,0.134
239,42,0.255
239,43,0.277
239,44,0.802
239,45,0.349
239,46,0.412
239,47,0.174
239,48,0.115
240,1,0.064
240,2,0.105
240,3,0.074
240,4,0.095
240,5,0.085
240,6,0.083
240,7,0.095
240,8,0.074
240,9,0.104
240,10,0.063
240,11,0.114
240,12,0.054
240,13,0.124
240,14,0.042
240,15,0.126
240,16,0.042
240,17,0.125
240,18,0.055
240,19,0.109
240,20,0.064
240,21,0.1
240,22,0.073
240,23,0.091
240,24,0.079
240,25,0.083
240,26,0.088
240,27,0.077
240,28,0.098
240,29,0.067
240,30,0.108
240,31,0.057
240,32,0.119
240,33,0.046
240,34,0.129
240,35,0.04
240,36,0.128
240,37,0.052
240,38,0.116
240,39,0.064
240,40,0.125
240,41,0.155
240,42,0.273
240,43,0.3
240,44,0.429
240,45,0.539
240,46,0.325
240,47,0.371
240,48,0.313
388,1,0.274
388,2,0.094
388,3,0.05
388,4,0.106
388,5,0.054
388,6,0.091
388,7,0.087
388,8,0.058
388,9,0.105
388,10,0.04
388,11,0.103
388,12,0.071
388,13,0.072
388,14,0.097
388,15,0.045
388,16,0.101
388,17,0.041
388,18,0.1
388,19,0.066
388,20,0.074
388,21,0.129
388,22,0.163
388,23,0.196
388,24,0.507
388,25,0.258
388,26,0.17
388,27,0.092
388,28,0.12
388,29,0.054
388,30,0.117
388,31,0.073
388,32,0.097
388,33,0.096
388,34,0.072
388,35,0.115
388,36,0.052
388,37,0.115
388,38,0.07
388,39,0.098
388,40,0.135
388,41,0.423
388,42,1.186
388,43,0.842
388,44,0.457
388,45,0.442
388,46,0.455
388,47,0.402
388,48,0.42
389,1,0.144
389,2,0.051
389,3,0.092
389,4,0.081
389,5,0.062
389,6,0.102
389,7,0.039
389,8,0.102
389,9,0.064
389,10,0.079
389,11,0.091
389,12,0.05
389,13,0.102
389,14,0.04
389,15,0.1
389,16,0.065
389,17,0.074
389,18,0.088
389,19,0.051
389,20,0.098
389,21,0.079
389,22,0.214
389,23,1.024
389,24,1.737
389,25,0.325
389,26,1.633
389,27,0.135
389,28,0.048
389,29,0.095
389,30,0.079
389,31,0.062
389,32,0.102
389,33,0.04
389,34,0.102
389,35,0.058
389,36,0.081
389,37,0.087
389,38,0.054
389,39,0.102
389,40,0.199
389,41,0.501
389,42,0.437
389,43,0.774
389,44,0.464
389,45,0.411
389,46,0.524
389,47,0.33
389,48,0.085
390,1,0.092
390,2,0.053
390,3,0.102
390,4,0.049
390,5,0.094
390,6,0.078
390,7,0.064
390,8,0.1
390,9,0.04
390,10,0.1
390,11,0.053
390,12,0.086
390,13,0.076
390,14,0.062
390,15,0.134
390,16,0.134
390,17,0.182
390,18,0.039
390,19,0.098
390,20,0.045
390,21,0.093
390,22,0.063
390,23,0.074
390,24,0.1
390,25,0.06
390,26,0.097
390,27,0.049
390,28,0.107
390,29,0.039
390,30,0.107
390,31,0.039
390,32,0.106
390,33,0.04
390,34,0.101
390,35,0.052
390,36,0.089
390,37,0.068
390,38,0.074
390,39,0.081
390,40,0.121
390,41,0.465
390,42,0.395
390,43,0.669
390,44,0.51
390,45,0.494
390,46,0.476
390,47,0.201
390,48,0.091
391,1,0.051
391,2,0.102
391,3,0.04
391,4,0.101
391,5,0.067
391,6,0.073
391,7,0.094
391,8,0.046
391,9,0.098
391,10,0.04
391,11,0.098
391,12,0.055
391,13,0.081
391,14,0.073
391,15,0.116
391,16,0.18
391,17,0.128
391,18,0.099
391,19,0.039
391,20,0.098
391,21,0.048
391,22,0.09
391,23,0.064
391,24,0.073
391,25,0.081
391,26,0.055
391,27,0.098
391,28,0.039
391,29,0.096
391,30,0.039
391,31,0.097
391,32,0.044
391,33,0.092
391,34,0.064
391,35,0.072
391,36,0.078
391,37,0.058
391,38,0.095
391,39,0.043
391,40,0.097
391,41,0.085
391,42,0.214
391,43,0.136
391,44,0.184
391,45,0.164
391,46,0.478
391,47,0.257
391,48,0.039
392,1,0.102
392,2,0.056
392,3,0.085
392,4,0.083
392,5,0.057
392,6,0.1
392,7,0.04
392,8,0.099
392,9,0.055
392,10,0.082
392,11,0.079
392,12,0.059
392,13,0.098
392,14,0.039
392,15,0.148
392,16,0.125
392,17,0.181
392,18,0.063
392,19,0.076
392,20,0.085
392,21,0.054
392,22,0.102
392,23,0.039
392,24,0.101
392,25,0.051
392,26,0.088
392,27,0.075
392,28,0.064
392,29,0.098
392,30,0.042
392,31,0.102
392,32,0.042
392,33,0.099
392,34,0.065
392,35,0.075
392,36,0.085
392,37,0.054
392,38,0.101
392,39,0.039
392,40,0.947
392,41,1.802
392,42,0.448
392,43,0.425
392,44,0.727
392,45,0.505
392,46,0.451
392,47,0.432
392,48,0.084
393,1,0.078
393,2,0.1
393,3,0.044
393,4,0.103
393,5,0.058
393,6,0.086
393,7,0.086
393,8,0.057
393,9,0.104
393,10,0.041
393,11,0.102
393,12,0.072
393,13,0.072
393,14,0.096
393,15,0.084
393,16,0.184
393,17,0.129
393,18,0.096
393,19,0.075
393,20,0.068
393,21,0.1
393,22,0.042
393,23,0.103
393,24,0.045
393,25,0.097
393,26,0.072
393,27,0.071
393,28,0.094
393,29,0.047
393,30,0.103
393,31,0.041
393,32,0.1
393,33,0.067
393,34,0.073
393,35,0.089
393,36,0.051
393,37,0.104
393,38,0.039
393,39,0.103
393,40,0.108
393,41,0.192
393,42,0.176
393,43,0.143
393,44,0.192
393,45,0.118
393,46,0.173
393,47,0.509
393,48,0.325
394,1,0.108
394,2,0.049
394,3,0.097
394,4,0.085
394,5,0.06
394,6,0.106
394,7,0.048
394,8,0.097
394,9,0.08
394,10,0.064
394,11,0.104
394,12,0.039
394,13,0.103
394,14,0.066
394,15,0.116
394,16,0.18
394,17,0.125
394,18,0.105
394,19,0.055
394,20,0.087
394,21,0.086
394,22,0.055
394,23,0.103
394,24,0.042
394,25,0.101
394,26,0.071
394,27,0.072
394,28,0.102
394,29,0.041
394,30,0.104
394,31,0.057
394,32,0.086
394,33,0.08
394,34,0.06
394,35,0.102
394,36,0.039
394,37,0.102
394,38,0.053
394,39,0.086
394,40,0.135
394,41,0.44
394,42,0.452
394,43,0.41
394,44,0.756
394,45,0.467
394,46,0.449
394,47,0.417
394,48,0.389
395,1,0.305
395,2,0.071
395,3,0.074
395,4,0.101
395,5,0.043
395,6,0.104
395,7,0.058
395,8,0.085
395,9,0.087
395,10,0.057
395,11,0.102
395,12,0.039
395,13,0.101
395,14,0.058
395,15,0.081
395,16,0.081
395,17,0.058
395,18,0.099
395,19,0.039
395,20,0.099
395,21,0.084
395,22,0.208
395,23,0.471
395,24,0.153
395,25,0.125
395,26,0.113
395,27,0.105
395,28,0.051
395,29,0.092
395,30,0.084
395,31,0.06
395,32,0.103
395,33,0.045
395,34,0.098
395,35,0.077
395,36,0.063
395,37,0.101
395,38,0.039
395,39,0.101
395,40,0.21
395,41,0.451
395,42,0.444
395,43,1.394
395,44,0.881
395,45,0.388
395,46,0.45
395,47,0.451
395,48,0.441
396,1,0.11
396,2,0.046
396,3,0.098
396,4,0.079
396,5,0.065
396,6,0.103
396,7,0.04
396,8,0.102
396,9,0.065
396,10,0.077
396,11,0.091
396,12,0.051
396,13,0.101
396,14,0.04
396,15,0.1
396,16,0.055
396,17,0.084
396,18,0.076
396,19,0.061
396,20,0.093
396,21,0.088
396,22,0.215
396,23,1.49
396,24,1.367
396,25,0.46
396,26,0.659
396,27,0.238
396,28,0.044
396,29,0.105
396,30,0.055
396,31,0.087
396,32,0.085
396,33,0.057
396,34,0.103
396,35,0.039
396,36,0.103
396,37,0.06
396,38,0.081
396,39,0.083
396,40,0.209
396,41,0.494
396,42,0.423
396,43,0.501
396,44,0.799
396,45,0.502
396,46,0.581
396,47,0.18
396,48,0.108
397,1,0.077
397,2,0.067
397,3,0.104
397,4,0.043
397,5,0.101
397,6,0.077
397,7,0.067
397,8,0.103
397,9,0.04
397,10,0.102
397,11,0.057
397,12,0.082
397,13,0.084
397,14,0.056
397,15,0.146
397,16,0.133
397,17,0.196
397,18,0.065
397,19,0.077
397,20,0.09
397,21,0.051
397,22,0.101
397,23,0.039
397,24,0.101
397,25,0.059
397,26,0.082
397,27,0.08
397,28,0.06
397,29,0.099
397,30,0.041
397,31,0.1
397,32,0.039
397,33,0.099
397,34,0.06
397,35,0.076
397,36,0.08
397,37,0.058
397,38,0.099
397,39,0.038
397,40,0.171
397,41,0.403
397,42,0.461
397,43,0.406
397,44,0.734
397,45,0.483
397,46,0.42
397,47,0.361
397,48,0.064
398,1,0.083
398,2,0.097
398,3,0.049
398,4,0.105
398,5,0.056
398,6,0.089
398,7,0.086
398,8,0.058
398,9,0.103
398,10,0.041
398,11,0.102
398,12,0.068
398,13,0.075
398,14,0.092
398,15,0.097
398,16,0.185
398,17,0.134
398,18,0.1
398,19,0.074
398,20,0.071
398,21,0.101
398,22,0.044
398,23,0.103
398,24,0.051
398,25,0.101
398,26,0.07
398,27,0.082
398,28,0.092
398,29,0.059
398,30,0.112
398,31,0.039
398,32,0.112
398,33,0.049
398,34,0.099
398,35,0.072
398,36,0.076
398,37,0.095
398,38,0.052
398,39,0.107
398,40,0.078
398,41,0.219
398,42,0.158
398,43,0.174
398,44,0.184
398,45,0.146
398,46,0.383
398,47,0.248
398,48,0.105
399,1,0.08
399,2,0.068
399,3,0.107
399,4,0.039
399,5,0.105
399,6,0.071
399,7,0.075
399,8,0.097
399,9,0.046
399,10,0.104
399,11,0.049
399,12,0.094
399,13,0.075
399,14,0.067
399,15,0.139
399,16,0.125
399,17,0.16
399,18,0.04
399,19,0.1
399,20,0.065
399,21,0.076
399,22,0.085
399,23,0.056
399,24,0.102
399,25,0.04
399,26,0.102
399,27,0.054
399,28,0.085
399,29,0.073
399,30,0.067
399,31,0.093
399,32,0.046
399,33,0.1
399,34,0.039
399,35,0.099
399,36,0.047
399,37,0.091
399,38,0.067
399,39,0.073
399,40,1.229
399,41,1.305
399,42,0.443
399,43,0.385
399,44,0.742
399,45,0.381
399,46,0.478
399,47,0.191
399,48,0.058
400,1,0.106
400,2,0.048
400,3,0.094
400,4,0.079
400,5,0.063
400,6,0.103
400,7,0.04
400,8,0.104
400,9,0.062
400,10,0.082
400,11,0.088
400,12,0.055
400,13,0.102
400,14,0.039
400,15,0.146
400,16,0.145
400,17,0.151
400,18,0.076
400,19,0.066
400,20,0.099
400,21,0.043
400,22,0.102
400,23,0.044
400,24,0.097
400,25,0.066
400,26,0.075
400,27,0.083
400,28,0.057
400,29,0.102
400,30,0.039
400,31,0.101
400,32,0.047
400,33,0.094
400,34,0.068
400,35,0.072
400,36,0.084
400,37,0.056
400,38,0.103
400,39,0.039
400,40,0.152
400,41,0.16
400,42,0.189
400,43,0.167
400,44,0.164
400,45,0.194
400,46,0.261
400,47,0.371
400,48,0.249
401,1,0.075
401,2,0.107
401,3,0.042
401,4,0.106
401,5,0.069
401,6,0.077
401,7,0.098
401,8,0.047
401,9,0.106
401,10,0.056
401,11,0.09
401,12,0.083
401,13,0.062
401,14,0.106
401,15,0.089
401,16,0.184
401,17,0.076
401,18,0.087
401,19,0.089
401,20,0.055
401,21,0.105
401,22,0.039
401,23,0.106
401,24,0.066
401,25,0.079
401,26,0.091
401,27,0.055
401,28,0.107
401,29,0.048
401,30,0.1
401,31,0.081
401,32,0.067
401,33,0.107
401,34,0.039
401,35,0.106
401,36,0.07
401,37,0.074
401,38,0.096
401,39,0.047
401,40,0.144
401,41,0.226
401,42,0.436
401,43,0.416
401,44,0.692
401,45,0.446
401,46,0.377
401,47,0.376
401,48,0.371
402,1,0.054
402,2,0.108
402,3,0.068
402,4,0.08
402,5,0.1
402,6,0.047
402,7,0.105
402,8,0.063
402,9,0.08
402,10,0.093
402,11,0.051
402,12,0.104
402,13,0.045
402,14,0.097
402,15,0.07
402,16,0.072
402,17,0.098
402,18,0.046
402,19,0.102
402,20,0.042
402,21,0.139
402,22,0.179
402,23,0.351
402,24,0.371
402,25,0.123
402,26,0.153
402,27,0.069
402,28,0.087
402,29,0.09
402,30,0.057
402,31,0.105
402,32,0.047
402,33,0.099
402,34,0.07
402,35,0.073
402,36,0.093
402,37,0.05
402,38,0.104
402,39,0.039
402,40,0.147
402,41,0.396
402,42,0.993
402,43,1.355
402,44,0.407
402,45,0.416
402,46,0.316
402,47,0.426
402,48,0.443
403,1,0.243
403,2,0.107
403,3,0.044
403,4,0.102
403,5,0.074
403,6,0.07
403,7,0.097
403,8,0.045
403,9,0.105
403,10,0.046
403,11,0.097
403,12,0.073
403,13,0.071
403,14,0.095
403,15,0.046
403,16,0.103
403,17,0.039
403,18,0.102
403,19,0.06
403,20,0.079
403,21,0.129
403,22,0.173
403,23,0.473
403,24,2.002
403,25,0.259
403,26,0.206
403,27,0.182
403,28,0.094
403,29,0.05
403,30,0.105
403,31,0.041
403,32,0.101
403,33,0.068
403,34,0.075
403,35,0.093
403,36,0.048
403,37,0.103
403,38,0.039
403,39,0.103
403,40,0.233
403,41,0.449
403,42,0.424
403,43,0.415
403,44,0.752
403,45,0.395
403,46,0.439
403,47,0.244
403,48,0.092
404,1,0.09
404,2,0.057
404,3,0.106
404,4,0.042
404,5,0.102
404,6,0.071
404,7,0.073
404,8,0.098
404,9,0.046
404,10,0.104
404,11,0.047
404,12,0.095
404,13,0.073
404,14,0.069
404,15,0.147
404,16,0.128
404,17,0.114
404,18,0.038
404,19,0.103
404,20,0.065
404,21,0.076
404,22,0.089
404,23,0.053
404,24,0.103
404,25,0.039
404,26,0.103
404,27,0.057
404,28,0.085
404,29,0.08
404,30,0.062
404,31,0.1
404,32,0.042
404,33,0.103
404,34,0.039
404,35,0.103
404,36,0.063
404,37,0.077
404,38,0.085
404,39,0.058
404,40,0.142
404,41,0.252
404,42,0.449
404,43,0.396
404,44,0.727
404,45,0.418
404,46,0.423
404,47,0.379
404,48,0.039
405,1,0.105
405,2,0.062
405,3,0.083
405,4,0.091
405,5,0.054
405,6,0.104
405,7,0.039
405,8,0.103
405,9,0.059
405,10,0.082
405,11,0.083
405,12,0.059
405,13,0.103
405,14,0.039
405,15,0.159
405,16,0.116
405,17,0.142
405,18,0.061
405,19,0.083
405,20,0.08
405,21,0.062
405,22,0.097
405,23,0.044
405,24,0.102
405,25,0.039
405,26,0.103
405,27,0.048
405,28,0.093
405,29,0.065
405,30,0.076
405,31,0.082
405,32,0.058
405,33,0.102
405,34,0.042
405,35,0.104
405,36,0.04
405,37,0.1
405,38,0.061
405,39,0.08
405,40,0.084
405,41,0.095
405,42,0.215
405,43,0.134
405,44,0.194
405,45,0.137
405,46,0.232
405,47,0.492
405,48,0.134
406,1,0.104
406,2,0.039
406,3,0.103
406,4,0.052
406,5,0.089
406,6,0.074
406,7,0.065
406,8,0.093
406,9,0.047
406,10,0.099
406,11,0.039
406,12,0.1
406,13,0.04
406,14,0.099
406,15,0.097
406,16,0.175
406,17,0.129
406,18,0.067
406,19,0.088
406,20,0.051
406,21,0.099
406,22,0.039
406,23,0.099
406,24,0.04
406,25,0.103
406,26,0.046
406,27,0.098
406,28,0.064
406,29,0.08
406,30,0.083
406,31,0.063
406,32,0.1
406,33,0.044
406,34,0.105
406,35,0.039
406,36,0.103
406,37,0.055
406,38,0.086
406,39,0.076
406,40,0.117
406,41,0.483
406,42,0.44
406,43,0.755
406,44,0.449
406,45,0.493
406,46,0.531
406,47,0.376
406,48,0.104
407,1,0.04
407,2,0.102
407,3,0.062
407,4,0.079
407,5,0.089
407,6,0.052
407,7,0.1
407,8,0.041
407,9,0.099
407,10,0.064
407,11,0.074
407,12,0.084
407,13,0.052
407,14,0.096
407,15,0.088
407,16,0.19
407,17,0.039
407,18,0.096
407,19,0.041
407,20,0.094
407,21,0.054
407,22,0.079
407,23,0.068
407,24,0.066
407,25,0.083
407,26,0.052
407,27,0.097
407,28,0.039
407,29,0.097
407,30,0.039
407,31,0.098
407,32,0.056
407,33,0.082
407,34,0.079
407,35,0.059
407,36,0.098
407,37,0.039
407,38,0.098
407,39,0.039
407,40,0.099
407,41,0.096
407,42,0.197
407,43,0.167
407,44,0.158
407,45,0.192
407,46,0.112
407,47,0.389
407,48,0.196
408,1,0.088
408,2,0.081
408,3,0.058
408,4,0.099
408,5,0.039
408,6,0.099
408,7,0.05
408,8,0.088
408,9,0.075
408,10,0.064
408,11,0.098
408,12,0.04
408,13,0.097
408,14,0.039
408,15,0.144
408,16,0.121
408,17,0.098
408,18,0.055
408,19,0.081
408,20,0.072
408,21,0.064
408,22,0.086
408,23,0.05
408,24,0.097
408,25,0.039
408,26,0.098
408,27,0.04
408,28,0.098
408,29,0.039
408,30,0.099
408,31,0.054
408,32,0.084
408,33,0.073
408,34,0.066
408,35,0.093
408,36,0.046
408,37,0.097
408,38,0.038
408,39,0.098
408,40,0.04
408,41,0.278
408,42,0.431
408,43,0.489
408,44,0.723
408,45,0.432
408,46,0.445
408,47,0.328
408,48,0.467
409,1,0.306
409,2,0.095
409,3,0.071
409,4,0.069
409,5,0.096
409,6,0.046
409,7,0.1
409,8,0.04
409,9,0.1
409,10,0.051
409,11,0.088
409,12,0.07
409,13,0.069
409,14,0.083
409,15,0.053
409,16,0.095
409,17,0.042
409,18,0.096
409,19,0.039
409,20,0.096
409,21,0.092
409,22,0.212
409,23,0.453
409,24,0.276
409,25,0.219
409,26,0.099
409,27,0.096
409,28,0.056
409,29,0.104
409,30,0.039
409,31,0.103
409,32,0.056
409,33,0.087
409,34,0.08
409,35,0.061
409,36,0.102
409,37,0.039
409,38,0.101
409,39,0.095
409,40,0.362
409,41,0.495
409,42,1.163
409,43,1.135
409,44,0.398
409,45,0.492
409,46,0.459
409,47,0.4
409,48,0.465
410,1,0.316
410,2,0.104
410,3,0.071
410,4,0.071
410,5,0.103
410,6,0.04
410,7,0.103
410,8,0.058
410,9,0.085
410,10,0.086
410,11,0.054
410,12,0.1
410,13,0.039
410,14,0.1
410,15,0.047
410,16,0.091
410,17,0.072
410,18,0.068
410,19,0.093
410,20,0.046
410,21,0.149
410,22,0.152
410,23,0.201
410,24,2.833
410,25,0.469
410,26,0.092
410,27,0.077
410,28,0.105
410,29,0.04
410,30,0.105
410,31,0.067
410,32,0.079
410,33,0.096
410,34,0.048
410,35,0.103
410,36,0.043
410,37,0.098
410,38,0.07
410,39,0.116
410,40,0.299
410,41,0.42
410,42,0.48
410,43,0.424
410,44,0.746
410,45,0.502
410,46,0.461
410,47,0.35
410,48,0.082
411,1,0.068
411,2,0.107
411,3,0.052
411,4,0.093
411,5,0.088
411,6,0.058
411,7,0.104
411,8,0.05
411,9,0.095
411,10,0.081
411,11,0.062
411,12,0.104
411,13,0.04
411,14,0.104
411,15,0.065
411,16,0.077
411,17,0.089
411,18,0.052
411,19,0.102
411,20,0.039
411,21,0.143
411,22,0.166
411,23,0.18
411,24,0.174
411,25,0.13
411,26,0.112
411,27,0.047
411,28,0.099
411,29,0.078
411,30,0.067
411,31,0.107
411,32,0.039
411,33,0.107
411,34,0.07
411,35,0.074
411,36,0.098
411,37,0.046
411,38,0.105
411,39,0.052
411,40,0.091
411,41,0.117
411,42,0.172
411,43,0.202
411,44,0.592
411,45,0.429
411,46,0.43
411,47,0.331
411,48,0.11
412,1,0.053
412,2,0.095
412,3,0.088
412,4,0.06
412,5,0.106
412,6,0.05
412,7,0.096
412,8,0.083
412,9,0.063
412,10,0.105
412,11,0.04
412,12,0.104
412,13,0.061
412,14,0.082
412,15,0.085
412,16,0.059
412,17,0.103
412,18,0.04
412,19,0.103
412,20,0.053
412,21,0.139
412,22,0.184
412,23,0.164
412,24,0.195
412,25,0.112
412,26,0.11
412,27,0.067
412,28,0.079
412,29,0.097
412,30,0.048
412,31,0.106
412,32,0.058
412,33,0.087
412,34,0.089
412,35,0.056
412,36,0.105
412,37,0.039
412,38,0.104
412,39,0.07
412,40,0.075
412,41,0.143
412,42,0.155
412,43,0.203
412,44,0.142
412,45,0.186
412,46,0.152
412,47,0.327
412,48,0.168
413,1,0.061
413,2,0.087
413,3,0.095
413,4,0.05
413,5,0.106
413,6,0.049
413,7,0.096
413,8,0.073
413,9,0.069
413,10,0.1
413,11,0.044
413,12,0.104
413,13,0.044
413,14,0.1
413,15,0.066
413,16,0.077
413,17,0.085
413,18,0.056
413,19,0.103
413,20,0.04
413,21,0.151
413,22,0.16
413,23,0.189
413,24,0.167
413,25,0.145
413,26,0.102
413,27,0.045
413,28,0.105
413,29,0.056
413,30,0.089
413,31,0.085
413,32,0.06
413,33,0.106
413,34,0.043
413,35,0.102
413,36,0.073
413,37,0.071
413,38,0.104
413,39,0.041
413,40,0.103
413,41,0.104
413,42,0.198
413,43,0.177
413,44,0.151
413,45,0.198
413,46,0.362
413,47,0.389
413,48,0.086
414,1,0.061
414,2,0.105
414,3,0.05
414,4,0.094
414,5,0.082
414,6,0.062
414,7,0.103
414,8,0.04
414,9,0.102
414,10,0.061
414,11,0.081
414,12,0.085
414,13,0.056
414,14,0.099
414,15,0.039
414,16,0.099
414,17,0.039
414,18,0.097
414,19,0.053
414,20,0.085
414,21,0.11
414,22,0.182
414,23,0.173
414,24,0.152
414,25,0.167
414,26,0.039
414,27,0.106
414,28,0.053
414,29,0.089
414,30,0.078
414,31,0.067
414,32,0.101
414,33,0.042
414,34,0.103
414,35,0.049
414,36,0.093
414,37,0.071
414,38,0.069
414,39,0.096
414,40,0.045
414,41,0.139
414,42,0.15
414,43,0.201
414,44,0.164
414,45,0.166
414,46,0.166
414,47,0.046
414,48,0.104
415,1,0.137
415,2,0.082
415,3,0.093
415,4,0.052
415,5,0.104
415,6,0.046
415,7,0.098
415,8,0.073
415,9,0.071
415,10,0.098
415,11,0.045
415,12,0.102
415,13,0.04
415,14,0.101
415,15,0.063
415,16,0.076
415,17,0.085
415,18,0.058
415,19,0.098
415,20,0.041
415,21,0.141
415,22,0.152
415,23,0.198
415,24,0.144
415,25,0.16
415,26,0.082
415,27,0.065
415,28,0.107
415,29,0.04
415,30,0.105
415,31,0.059
415,32,0.084
415,33,0.089
415,34,0.055
415,35,0.104
415,36,0.039
415,37,0.103
415,38,0.062
415,39,0.079
415,40,0.087
415,41,0.1
415,42,0.217
415,43,0.134
415,44,0.763
415,45,0.426
415,46,0.4
415,47,0.366
415,48,0.354
