213,1,0.306
213,2,0.375
213,3,0.379
213,4,0.863
213,5,1.06
213,6,1.358
213,7,0.963
213,8,1.157
213,9,0.621
213,10,0.596
213,11,0.438
213,12,0.378
213,13,0.416
213,14,0.525
213,15,0.405
213,16,0.315
213,17,0.398
213,18,0.594
213,19,0.568
213,20,0.534
213,21,0.367
213,22,0.4
213,23,0.428
213,24,0.365
213,25,0.484
213,26,0.394
213,27,0.211
213,28,0.513
213,29,0.581
213,30,0.386
213,31,0.377
213,32,0.739
213,33,0.889
213,34,0.455
213,35,0.532
213,36,0.351
213,37,0.366
213,38,0.544
213,39,0.563
213,40,0.308
213,41,0.453
213,42,0.448
213,43,0.567
213,44,0.403
213,45,0.45
213,46,0.458
213,47,0.476
213,48,0.414
214,1,0.568
214,2,0.47
214,3,0.474
214,4,0.499
214,5,0.437
214,6,0.533
214,7,0.469
214,8,0.458
214,9,0.51
214,10,0.598
214,11,0.538
214,12,0.459
214,13,0.423
214,14,0.467
214,15,0.52
214,16,0.509
214,17,0.472
214,18,0.462
214,19,0.571
214,20,0.592
214,21,0.472
214,22,0.461
214,23,0.277
214,24,0.575
214,25,0.542
214,26,0.455
214,27,0.384
214,28,0.396
214,29,0.588
214,30,0.488
214,31,0.277
214,32,0.456
214,33,0.691
214,34,0.813
214,35,0.602
214,36,0.46
214,37,0.666
214,38,0.702
214,39,0.28
214,40,0.308
214,41,0.419
214,42,0.485
214,43,0.397
214,44,0.219
214,45,0.364
214,46,0.483
214,47,0.502
214,48,0.277
215,1,0.339
215,2,0.381
215,3,0.536
215,4,0.51
215,5,0.389
215,6,0.208
215,7,0.461
215,8,0.517
215,9,1.024
215,10,1.304
215,11,1.057
215,12,1.017
215,13,0.964
215,14,0.779
215,15,0.477
215,16,0.503
215,17,0.389
215,18,0.367
215,19,0.246
215,20,0.501
215,21,0.471
215,22,0.366
215,23,0.379
215,24,0.47
215,25,0.329
215,26,0.431
215,27,0.457
215,28,0.451
215,29,0.486
215,30,0.512
215,31,0.418
215,32,0.321
215,33,0.596
215,34,0.476
215,35,0.371
215,36,0.452
215,37,0.654
215,38,2.453
215,39,0.864
215,40,2.386
215,41,3.598
215,42,2.382
215,43,1.272
215,44,0.882
215,45,0.293
215,46,0.388
215,47,0.524
215,48,0.495
216,1,0.253
216,2,0.33
216,3,0.436
216,4,1.532
216,5,1.188
216,6,1.047
216,7,0.98
216,8,1.164
216,9,1.199
216,10,0.958
216,11,1.02
216,12,1.0
216,13,1.047
216,14,1.129
216,15,0.926
216,16,0.96
216,17,0.406
216,18,0.533
216,19,0.332
216,20,0.433
216,21,0.363
216,22,0.388
216,23,0.339
216,24,0.519
216,25,0.385
216,26,0.263
216,27,0.39
216,28,0.393
216,29,0.51
216,30,0.473
216,31,0.509
216,32,0.508
216,33,0.345
216,34,0.52
216,35,0.249
216,36,0.359
216,37,0.206
216,38,0.499
216,39,0.337
216,40,0.447
216,41,0.207
216,42,0.358
216,43,0.454
216,44,0.342
216,45,0.481
216,46,0.211
216,47,0.328
216,48,0.409
217,1,0.512
217,2,1.229
217,3,1.304
217,4,1.211
217,5,0.96
217,6,0.834
217,7,1.023
217,8,0.976
217,9,1.498
217,10,1.895
217,11,1.47
217,12,1.18
217,13,0.28
217,14,0.204
217,15,0.253
217,16,0.332
217,17,0.277
217,18,0.205
217,19,0.204
217,20,0.313
217,21,0.33
217,22,0.221
217,23,0.205
217,24,0.234
217,25,0.335
217,26,0.302
217,27,0.204
217,28,0.206
217,29,0.276
217,30,0.333
217,31,0.277
217,32,0.207
217,33,0.207
217,34,0.306
217,35,0.336
217,36,0.287
217,37,0.205
217,38,0.205
217,39,0.274
217,40,0.338
217,41,0.301
217,42,0.209
217,43,0.519
217,44,2.268
217,45,2.104
217,46,1.291
217,47,1.176
217,48,0.951
218,1,0.46
218,2,0.369
218,3,0.25
218,4,0.252
218,5,0.308
218,6,0.379
218,7,0.325
218,8,0.251
218,9,0.248
218,10,0.347
218,11,0.374
218,12,0.292
218,13,0.248
218,14,0.246
218,15,0.362
218,16,0.37
218,17,0.266
218,18,0.246
218,19,0.249
218,20,0.376
218,21,0.369
218,22,0.265
218,23,0.243
218,24,0.243
218,25,0.377
218,26,0.369
218,27,0.624
218,28,0.896
218,29,0.405
218,30,0.342
218,31,0.251
218,32,0.207
218,33,0.224
218,34,0.34
218,35,0.292
218,36,2.204
218,37,1.226
218,38,3.874
218,39,3.347
218,40,2.716
218,41,1.844
218,42,1.364
218,43,1.688
218,44,1.432
218,45,0.731
218,46,0.809
218,47,0.677
218,48,0.6
219,1,0.258
219,2,0.21
219,3,0.226
219,4,0.341
219,5,0.311
219,6,0.211
219,7,0.21
219,8,0.272
219,9,0.337
219,10,0.264
219,11,0.206
219,12,0.208
219,13,0.315
219,14,0.332
219,15,0.209
219,16,0.35
219,17,0.56
219,18,0.346
219,19,0.289
219,20,0.209
219,21,0.208
219,22,0.285
219,23,0.333
219,24,0.242
219,25,0.204
219,26,0.219
219,27,0.339
219,28,0.311
219,29,0.203
219,30,0.207
219,31,0.295
219,32,0.338
219,33,0.265
219,34,0.206
219,35,0.205
219,36,0.334
219,37,0.335
219,38,0.225
219,39,0.206
219,40,0.238
219,41,0.336
219,42,0.323
219,43,1.339
219,44,1.328
219,45,0.656
219,46,0.954
219,47,0.474
219,48,0.348
220,1,0.257
220,2,0.333
220,3,0.339
220,4,0.229
220,5,0.207
220,6,0.221
220,7,0.344
220,8,0.336
220,9,0.21
220,10,0.21
220,11,0.232
220,12,0.343
220,13,0.329
220,14,0.209
220,15,0.208
220,16,0.232
220,17,0.358
220,18,0.777
220,19,0.284
220,20,0.208
220,21,0.278
220,22,0.341
220,23,0.267
220,24,0.208
220,25,0.207
220,26,0.325
220,27,0.333
220,28,0.225
220,29,0.206
220,30,0.221
220,31,0.339
220,32,0.332
220,33,0.216
220,34,0.207
220,35,0.234
220,36,0.342
220,37,0.339
220,38,0.243
220,39,0.21
220,40,0.21
220,41,0.345
220,42,0.337
220,43,0.246
220,44,0.209
220,45,0.213
220,46,0.324
220,47,0.338
220,48,0.232
221,1,0.21
221,2,0.229
221,3,0.344
221,4,0.33
221,5,0.208
221,6,0.206
221,7,0.244
221,8,0.341
221,9,0.301
221,10,0.207
221,11,0.209
221,12,0.281
221,13,0.339
221,14,0.277
221,15,0.209
221,16,0.209
221,17,0.29
221,18,0.334
221,19,0.264
221,20,0.206
221,21,0.206
221,22,0.301
221,23,0.332
221,24,0.235
221,25,0.209
221,26,0.262
221,27,0.34
221,28,0.274
221,29,0.207
221,30,0.209
221,31,0.311
221,32,0.339
221,33,0.235
221,34,0.208
221,35,0.22
221,36,0.346
221,37,0.329
221,38,0.205
221,39,0.206
221,40,0.251
221,41,0.45
221,42,0.403
221,43,0.324
221,44,0.461
221,45,0.536
221,46,0.339
221,47,0.232
221,48,0.209
222,1,0.219
222,2,0.347
222,3,0.324
222,4,0.208
222,5,0.21
222,6,0.26
222,7,0.343
222,8,0.284
222,9,0.208
222,10,0.209
222,11,0.301
222,12,0.334
222,13,0.242
222,14,0.205
222,15,0.208
222,16,0.329
222,17,0.332
222,18,0.243
222,19,0.208
222,20,0.207
222,21,0.307
222,22,0.331
222,23,0.238
222,24,0.206
222,25,0.205
222,26,0.339
222,27,0.332
222,28,0.226
222,29,0.205
222,30,0.214
222,31,0.342
222,32,0.379
222,33,0.305
222,34,0.373
222,35,1.016
222,36,1.152
222,37,0.945
222,38,0.3
222,39,0.208
222,40,0.21
222,41,0.327
222,42,0.534
222,43,0.49
222,44,0.471
222,45,0.424
222,46,0.283
222,47,0.394
222,48,0.338
223,1,0.246
223,2,0.21
223,3,0.209
223,4,0.3
223,5,0.338
223,6,0.275
223,7,0.21
223,8,0.208
223,9,0.275
223,10,0.333
223,11,0.268
223,12,0.204
223,13,0.204
223,14,0.284
223,15,0.33
223,16,0.599
223,17,0.258
223,18,0.342
223,19,0.331
223,20,0.216
223,21,0.208
223,22,0.221
223,23,0.337
223,24,0.302
223,25,0.202
223,26,0.202
223,27,0.263
223,28,0.336
223,29,0.27
223,30,0.206
223,31,0.208
223,32,0.309
223,33,0.331
223,34,0.23
223,35,0.206
223,36,0.215
223,37,0.34
223,38,0.314
223,39,0.207
223,40,0.206
223,41,0.27
223,42,0.424
223,43,1.112
223,44,1.55
223,45,0.993
223,46,0.619
223,47,0.618
223,48,0.382
224,1,0.261
224,2,0.313
224,3,0.338
224,4,0.285
224,5,0.21
224,6,0.207
224,7,0.318
224,8,0.332
224,9,0.234
224,10,0.207
224,11,0.214
224,12,0.341
224,13,0.329
224,14,0.205
224,15,0.206
224,16,0.453
224,17,0.431
224,18,0.351
224,19,0.216
224,20,0.207
224,21,0.249
224,22,0.341
224,23,0.296
224,24,0.207
224,25,0.207
224,26,0.289
224,27,0.333
224,28,0.267
224,29,0.203
224,30,0.203
224,31,0.31
224,32,0.332
224,33,0.25
224,34,0.204
224,35,0.208
224,36,0.326
224,37,0.334
224,38,0.249
224,39,0.207
224,40,0.208
224,41,0.325
224,42,0.333
224,43,0.229
224,44,0.202
224,45,0.205
224,46,0.336
224,47,0.327
224,48,0.208
225,1,0.209
225,2,0.242
225,3,0.335
225,4,0.917
225,5,1.012
225,6,1.233
225,7,1.291
225,8,1.36
225,9,1.3
225,10,0.891
225,11,0.25
225,12,0.35
225,13,0.376
225,14,0.239
225,15,0.206
225,16,0.211
225,17,0.336
225,18,0.31
225,19,0.204
225,20,0.203
225,21,0.257
225,22,0.337
225,23,0.265
225,24,0.203
225,25,0.204
225,26,0.331
225,27,0.333
225,28,0.247
225,29,0.205
225,30,0.205
225,31,0.541
225,32,0.482
225,33,0.226
225,34,0.209
225,35,0.215
225,36,0.35
225,37,0.331
225,38,0.206
225,39,0.206
225,40,0.387
225,41,0.332
225,42,0.221
225,43,0.206
225,44,0.225
225,45,0.341
225,46,0.3
225,47,0.208
225,48,0.209
226,1,0.284
226,2,0.996
226,3,1.015
226,4,0.802
226,5,0.815
226,6,0.796
226,7,0.686
226,8,0.635
226,9,0.424
226,10,0.376
226,11,0.292
226,12,0.25
226,13,0.265
226,14,0.38
226,15,0.372
226,16,0.257
226,17,0.246
226,18,0.275
226,19,0.38
226,20,0.369
226,21,0.261
226,22,0.245
226,23,0.243
226,24,0.527
226,25,0.5
226,26,0.305
226,27,0.207
226,28,0.208
226,29,0.495
226,30,0.594
226,31,0.301
226,32,0.21
226,33,0.207
226,34,0.287
226,35,0.333
226,36,0.294
226,37,0.204
226,38,0.205
226,39,0.268
226,40,0.339
226,41,0.322
226,42,0.208
226,43,0.207
226,44,0.237
226,45,0.344
226,46,0.335
226,47,0.238
226,48,0.205
227,1,0.208
227,2,0.323
227,3,0.365
227,4,0.361
227,5,0.287
227,6,0.906
227,7,1.076
227,8,1.014
227,9,0.947
227,10,0.668
227,11,0.232
227,12,0.238
227,13,0.345
227,14,0.336
227,15,0.259
227,16,0.207
227,17,0.206
227,18,0.286
227,19,0.335
227,20,0.324
227,21,0.208
227,22,0.559
227,23,0.413
227,24,0.409
227,25,0.296
227,26,0.206
227,27,0.207
227,28,0.343
227,29,0.414
227,30,0.401
227,31,0.28
227,32,0.205
227,33,0.204
227,34,0.482
227,35,0.691
227,36,0.479
227,37,0.322
227,38,0.21
227,39,0.209
227,40,0.241
227,41,0.346
227,42,0.338
227,43,0.264
227,44,0.207
227,45,0.821
227,46,0.568
227,47,0.337
227,48,0.297
228,1,0.209
228,2,0.21
228,3,0.271
228,4,0.363
228,5,0.339
228,6,0.26
228,7,0.273
228,8,0.346
228,9,0.725
228,10,0.99
228,11,0.847
228,12,0.765
228,13,0.665
228,14,0.665
228,15,0.744
228,16,0.634
228,17,0.337
228,18,0.217
228,19,0.206
228,20,0.243
228,21,0.339
228,22,0.398
228,23,0.934
228,24,0.639
228,25,0.482
228,26,0.4
228,27,0.246
228,28,0.21
228,29,0.222
228,30,0.343
228,31,0.336
228,32,0.286
228,33,0.286
228,34,0.279
228,35,0.377
228,36,0.609
228,37,0.532
228,38,0.234
228,39,0.211
228,40,0.239
228,41,0.345
228,42,0.336
228,43,0.225
228,44,0.211
228,45,0.212
228,46,0.324
228,47,0.338
228,48,0.26
229,1,0.208
229,2,0.207
229,3,0.316
229,4,0.366
229,5,0.953
229,6,1.136
229,7,0.883
229,8,0.738
229,9,0.73
229,10,0.635
229,11,0.604
229,12,0.608
229,13,0.372
229,14,0.368
229,15,0.28
229,16,0.245
229,17,0.295
229,18,0.377
229,19,0.344
229,20,0.246
229,21,0.243
229,22,0.312
229,23,0.333
229,24,0.278
229,25,0.205
229,26,0.205
229,27,0.319
229,28,0.336
229,29,0.547
229,30,0.241
229,31,0.237
229,32,1.949
229,33,1.04
229,34,0.618
229,35,0.486
229,36,0.483
229,37,1.687
229,38,4.292
229,39,2.226
229,40,2.166
229,41,2.885
229,42,1.325
229,43,1.302
229,44,0.458
229,45,0.21
229,46,0.206
229,47,0.21
229,48,0.342
230,1,0.334
230,2,0.285
230,3,0.818
230,4,0.74
230,5,0.796
230,6,0.792
230,7,0.79
230,8,0.285
230,9,0.385
230,10,0.37
230,11,0.328
230,12,0.209
230,13,0.206
230,14,0.262
230,15,0.342
230,16,0.362
230,17,0.245
230,18,0.207
230,19,0.205
230,20,0.338
230,21,0.334
230,22,0.331
230,23,0.214
230,24,0.204
230,25,0.256
230,26,0.337
230,27,0.58
230,28,1.053
230,29,0.642
230,30,0.413
230,31,0.365
230,32,0.341
230,33,0.293
230,34,0.208
230,35,0.208
230,36,0.28
230,37,0.338
230,38,0.329
230,39,0.226
230,40,0.206
230,41,0.204
230,42,0.336
230,43,0.334
230,44,0.285
230,45,0.208
230,46,0.208
230,47,0.263
230,48,0.341
231,1,0.333
231,2,0.222
231,3,0.234
231,4,0.239
231,5,1.162
231,6,1.317
231,7,0.878
231,8,0.298
231,9,0.252
231,10,0.249
231,11,0.359
231,12,0.379
231,13,0.372
231,14,0.259
231,15,0.243
231,16,0.32
231,17,0.348
231,18,0.332
231,19,0.254
231,20,0.206
231,21,0.207
231,22,0.293
231,23,0.336
231,24,0.326
231,25,0.205
231,26,0.206
231,27,0.217
231,28,0.346
231,29,0.332
231,30,0.308
231,31,0.204
231,32,0.255
231,33,0.296
231,34,0.412
231,35,0.463
231,36,0.748
231,37,1.33
231,38,1.352
231,39,0.937
231,40,1.171
231,41,1.093
231,42,0.343
231,43,0.239
231,44,0.211
231,45,0.216
231,46,0.352
231,47,0.337
231,48,0.266
232,1,0.209
232,2,0.21
232,3,0.283
232,4,0.362
232,5,1.171
232,6,1.314
232,7,0.992
232,8,0.628
232,9,0.384
232,10,0.398
232,11,0.249
232,12,0.251
232,13,0.293
232,14,0.378
232,15,0.354
232,16,0.248
232,17,0.246
232,18,0.273
232,19,0.381
232,20,0.368
232,21,0.244
232,22,0.332
232,23,0.265
232,24,0.39
232,25,0.33
232,26,0.223
232,27,0.343
232,28,0.474
232,29,0.559
232,30,0.394
232,31,0.276
232,32,0.733
232,33,1.794
232,34,1.019
232,35,3.564
232,36,2.81
232,37,2.42
232,38,2.382
232,39,0.688
232,40,0.34
232,41,0.281
232,42,0.206
232,43,0.209
232,44,0.291
232,45,0.343
232,46,0.28
232,47,0.211
232,48,0.213
233,1,0.286
233,2,0.336
233,3,0.264
233,4,0.916
233,5,0.942
233,6,1.134
233,7,0.901
233,8,0.682
233,9,0.661
233,10,0.675
233,11,0.516
233,12,0.356
233,13,0.209
233,14,0.208
233,15,0.209
233,16,0.344
233,17,0.33
233,18,0.209
233,19,0.207
233,20,0.209
233,21,0.346
233,22,0.324
233,23,0.207
233,24,0.206
233,25,0.223
233,26,0.338
233,27,0.317
233,28,0.209
233,29,0.21
233,30,0.308
233,31,0.407
233,32,0.378
233,33,0.484
233,34,0.504
233,35,1.182
233,36,0.738
233,37,0.491
233,38,0.22
233,39,0.232
233,40,0.345
233,41,0.298
233,42,0.21
233,43,0.214
233,44,0.281
233,45,0.337
233,46,0.265
233,47,0.211
233,48,0.211
234,1,0.308
234,2,0.338
234,3,0.236
234,4,0.209
234,5,0.209
234,6,0.572
234,7,1.352
234,8,0.704
234,9,0.691
234,10,0.743
234,11,0.686
234,12,0.359
234,13,0.212
234,14,0.212
234,15,0.291
234,16,0.335
234,17,0.246
234,18,0.208
234,19,0.21
234,20,0.325
234,21,0.334
234,22,0.212
234,23,0.368
234,24,0.375
234,25,0.41
234,26,0.298
234,27,0.29
234,28,0.309
234,29,0.414
234,30,0.381
234,31,0.281
234,32,0.743
234,33,0.704
234,34,0.407
234,35,0.274
234,36,0.212
234,37,0.216
234,38,0.347
234,39,0.316
234,40,0.211
234,41,0.213
234,42,0.282
234,43,0.338
234,44,0.258
234,45,0.211
234,46,0.213
234,47,0.333
234,48,0.33
235,1,0.212
235,2,0.21
235,3,0.254
235,4,0.34
235,5,0.284
235,6,0.21
235,7,0.94
235,8,0.832
235,9,0.807
235,10,0.699
235,11,0.326
235,12,0.341
235,13,0.336
235,14,0.265
235,15,0.208
235,16,0.207
235,17,0.294
235,18,0.333
235,19,0.274
235,20,0.267
235,21,0.207
235,22,0.508
235,23,0.744
235,24,0.386
235,25,0.208
235,26,0.24
235,27,0.336
235,28,0.306
235,29,0.205
235,30,0.205
235,31,0.251
235,32,0.329
235,33,0.283
235,34,0.199
235,35,0.201
235,36,0.274
235,37,0.331
235,38,0.275
235,39,0.205
235,40,0.202
235,41,0.272
235,42,0.328
235,43,0.275
235,44,0.203
235,45,0.202
235,46,0.265
235,47,0.333
235,48,0.278
236,1,0.202
236,2,0.203
236,3,0.863
236,4,1.119
236,5,1.05
236,6,0.828
236,7,0.282
236,8,0.21
236,9,0.336
236,10,0.322
236,11,0.966
236,12,0.981
236,13,1.037
236,14,0.592
236,15,0.264
236,16,0.21
236,17,0.208
236,18,0.297
236,19,0.332
236,20,0.302
236,21,0.28
236,22,0.281
236,23,0.36
236,24,0.371
236,25,0.25
236,26,0.206
236,27,0.208
236,28,0.3
236,29,0.512
236,30,0.27
236,31,0.206
236,32,2.16
236,33,3.23
236,34,1.968
236,35,3.372
236,36,1.283
236,37,0.207
236,38,0.328
236,39,0.331
236,40,0.221
236,41,0.208
236,42,0.206
236,43,0.342
236,44,0.322
236,45,0.209
236,46,0.207
236,47,0.237
236,48,0.341
237,1,0.298
237,2,0.21
237,3,0.211
237,4,0.246
237,5,0.337
237,6,0.284
237,7,0.438
237,8,1.112
237,9,1.149
237,10,1.043
237,11,0.882
237,12,0.682
237,13,0.671
237,14,0.774
237,15,0.806
237,16,0.336
237,17,0.305
237,18,0.268
237,19,0.365
237,20,0.342
237,21,0.238
237,22,0.21
237,23,0.229
237,24,0.338
237,25,0.338
237,26,0.296
237,27,0.277
237,28,0.248
237,29,0.345
237,30,0.334
237,31,0.248
237,32,0.21
237,33,0.248
237,34,0.387
237,35,0.411
237,36,0.293
237,37,0.206
237,38,0.218
237,39,0.317
237,40,0.645
237,41,0.763
237,42,0.559
237,43,0.209
237,44,0.24
237,45,0.459
237,46,0.427
237,47,0.227
237,48,0.209
238,1,0.209
238,2,0.331
238,3,0.366
238,4,0.342
238,5,0.292
238,6,1.017
238,7,1.6
238,8,0.793
238,9,0.9
238,10,0.72
238,11,0.65
238,12,0.382
238,13,0.344
238,14,0.331
238,15,0.236
238,16,0.209
238,17,0.206
238,18,0.365
238,19,0.399
238,20,0.329
238,21,0.274
238,22,0.274
238,23,0.346
238,24,0.401
238,25,0.37
238,26,0.277
238,27,0.278
238,28,0.306
238,29,0.401
238,30,0.401
238,31,0.321
238,32,0.276
238,33,0.225
238,34,0.327
238,35,0.331
238,36,0.461
238,37,0.607
238,38,0.231
238,39,0.296
238,40,0.341
238,41,0.286
238,42,0.206
238,43,0.206
238,44,0.27
238,45,0.339
238,46,0.291
238,47,0.21
238,48,0.21
239,1,0.256
239,2,0.34
239,3,0.332
239,4,0.665
239,5,1.186
239,6,0.825
239,7,0.814
239,8,0.743
239,9,0.659
239,10,0.654
239,11,0.692
239,12,0.379
239,13,0.232
239,14,0.204
239,15,0.243
239,16,0.41
239,17,0.4
239,18,0.67
239,19,0.295
239,20,0.378
239,21,0.403
239,22,0.317
239,23,0.21
239,24,0.203
239,25,0.315
239,26,0.328
239,27,0.234
239,28,0.204
239,29,0.422
239,30,0.399
239,31,0.402
239,32,0.24
239,33,0.209
239,34,0.243
239,35,0.336
239,36,0.302
239,37,0.205
239,38,2.588
239,39,1.312
239,40,2.074
239,41,2.202
239,42,0.655
239,43,0.209
239,44,0.279
239,45,0.338
239,46,0.509
239,47,0.695
239,48,1.181
240,1,1.237
240,2,0.992
240,3,0.968
240,4,0.876
240,5,1.179
240,6,1.21
240,7,1.186
240,8,1.061
240,9,0.802
240,10,1.035
240,11,1.111
240,12,1.082
240,13,0.944
240,14,0.94
240,15,1.007
240,16,1.121
240,17,0.521
240,18,0.344
240,19,0.275
240,20,0.256
240,21,0.378
240,22,0.377
240,23,0.747
240,24,0.344
240,25,0.221
240,26,0.205
240,27,0.258
240,28,0.339
240,29,0.33
240,30,0.219
240,31,0.205
240,32,0.213
240,33,0.338
240,34,0.327
240,35,0.228
240,36,0.205
240,37,0.205
240,38,0.33
240,39,0.335
240,40,0.234
240,41,0.206
240,42,0.205
240,43,0.328
240,44,0.331
240,45,0.215
240,46,0.208
240,47,0.209
240,48,0.343
388,1,1.187
388,2,1.123
388,3,1.128
388,4,1.261
388,5,1.206
388,6,1.42
388,7,1.443
388,8,1.943
388,9,1.546
388,10,1.29
388,11,1.198
388,12,1.281
388,13,1.17
388,14,1.135
388,15,1.106
388,16,1.212
388,17,1.174
388,18,1.078
388,19,1.071
388,20,1.069
388,21,1.197
388,22,1.853
388,23,1.153
388,24,1.149
388,25,1.213
388,26,1.211
388,27,1.093
388,28,1.09
388,29,1.137
388,30,1.211
388,31,1.146
388,32,1.501
388,33,1.091
388,34,1.168
388,35,1.111
388,36,1.056
388,37,1.063
388,38,1.174
388,39,1.148
388,40,1.053
388,41,1.079
388,42,1.149
388,43,1.207
388,44,1.134
388,45,1.097
388,46,1.086
388,47,1.21
388,48,1.163
389,1,1.087
389,2,1.094
389,3,1.212
389,4,1.183
389,5,1.202
389,6,1.465
389,7,1.618
389,8,1.508
389,9,1.559
389,10,2.541
389,11,2.846
389,12,2.584
389,13,2.281
389,14,1.794
389,15,1.785
389,16,1.293
389,17,1.29
389,18,1.166
389,19,1.151
389,20,1.165
389,21,1.296
389,22,1.28
389,23,1.081
389,24,1.041
389,25,1.048
389,26,1.168
389,27,1.102
389,28,1.04
389,29,1.041
389,30,1.118
389,31,1.172
389,32,1.07
389,33,1.059
389,34,1.047
389,35,1.41
389,36,1.571
389,37,1.316
389,38,1.303
389,39,1.313
389,40,1.384
389,41,1.404
389,42,1.348
389,43,1.338
389,44,1.361
389,45,1.457
389,46,1.39
389,47,1.34
389,48,1.336
390,1,1.437
390,2,1.406
390,3,1.332
390,4,1.342
390,5,1.442
390,6,1.414
390,7,1.566
390,8,1.517
390,9,1.629
390,10,1.605
390,11,1.228
390,12,1.224
390,13,1.326
390,14,1.323
390,15,1.223
390,16,1.224
390,17,1.339
390,18,1.365
390,19,1.402
390,20,1.145
390,21,1.215
390,22,1.054
390,23,1.029
390,24,1.082
390,25,1.148
390,26,1.037
390,27,1.027
390,28,1.085
390,29,1.155
390,30,1.05
390,31,1.14
390,32,1.394
390,33,2.336
390,34,1.954
390,35,2.645
390,36,2.341
390,37,1.768
390,38,5.36
390,39,4.167
390,40,2.426
390,41,1.312
390,42,1.205
390,43,1.096
390,44,1.079
390,45,1.115
390,46,1.191
390,47,1.092
390,48,1.08
391,1,1.153
391,2,1.234
391,3,1.6
391,4,1.59
391,5,1.722
391,6,1.649
391,7,1.611
391,8,1.749
391,9,1.451
391,10,1.359
391,11,1.376
391,12,1.46
391,13,1.151
391,14,1.076
391,15,1.124
391,16,1.217
391,17,1.096
391,18,1.061
391,19,1.111
391,20,1.63
391,21,1.556
391,22,1.176
391,23,1.172
391,24,1.06
391,25,1.042
391,26,1.107
391,27,1.18
391,28,1.047
391,29,1.038
391,30,1.095
391,31,1.17
391,32,1.08
391,33,1.065
391,34,1.053
391,35,1.172
391,36,1.107
391,37,1.061
391,38,1.067
391,39,1.119
391,40,1.185
391,41,1.118
391,42,1.114
391,43,1.105
391,44,1.157
391,45,1.23
391,46,1.135
391,47,1.112
391,48,1.116
392,1,1.221
392,2,1.177
392,3,1.104
392,4,1.104
392,5,1.512
392,6,1.689
392,7,1.561
392,8,1.585
392,9,1.688
392,10,1.602
392,11,1.384
392,12,1.238
392,13,1.265
392,14,1.077
392,15,1.146
392,16,1.191
392,17,1.161
392,18,1.078
392,19,1.045
392,20,1.106
392,21,1.13
392,22,1.023
392,23,1.021
392,24,1.053
392,25,1.139
392,26,1.055
392,27,1.027
392,28,1.177
392,29,1.444
392,30,1.137
392,31,1.039
392,32,1.032
392,33,1.022
392,34,1.111
392,35,1.126
392,36,1.031
392,37,1.042
392,38,1.04
392,39,1.135
392,40,1.093
392,41,1.044
392,42,1.1
392,43,1.123
392,44,1.204
392,45,1.095
392,46,1.067
392,47,1.088
392,48,1.201
393,1,1.131
393,2,1.076
393,3,1.178
393,4,1.701
393,5,1.644
393,6,1.407
393,7,1.369
393,8,1.486
393,9,1.337
393,10,1.084
393,11,1.08
393,12,1.181
393,13,1.154
393,14,1.159
393,15,1.145
393,16,1.206
393,17,1.168
393,18,1.075
393,19,1.068
393,20,1.102
393,21,1.197
393,22,1.12
393,23,1.029
393,24,1.022
393,25,1.057
393,26,1.14
393,27,1.09
393,28,1.033
393,29,1.034
393,30,1.052
393,31,1.157
393,32,1.106
393,33,1.04
393,34,1.041
393,35,1.032
393,36,1.429
393,37,1.373
393,38,1.082
393,39,2.99
393,40,1.605
393,41,2.078
393,42,4.234
393,43,2.472
393,44,1.081
393,45,1.131
393,46,1.203
393,47,1.122
393,48,1.072
394,1,1.086
394,2,1.222
394,3,1.212
394,4,1.083
394,5,1.25
394,6,1.503
394,7,1.699
394,8,1.689
394,9,1.602
394,10,1.614
394,11,1.571
394,12,1.312
394,13,1.101
394,14,1.086
394,15,1.099
394,16,1.21
394,17,1.157
394,18,1.058
394,19,1.067
394,20,1.044
394,21,1.148
394,22,1.089
394,23,1.019
394,24,1.02
394,25,1.059
394,26,1.143
394,27,1.084
394,28,1.153
394,29,1.441
394,30,1.196
394,31,1.172
394,32,1.101
394,33,1.051
394,34,1.046
394,35,1.061
394,36,1.146
394,37,1.096
394,38,1.039
394,39,1.036
394,40,1.042
394,41,1.172
394,42,1.182
394,43,1.08
394,44,1.084
394,45,1.09
394,46,1.213
394,47,1.178
394,48,1.08
395,1,1.083
395,2,1.178
395,3,1.21
395,4,1.083
395,5,1.088
395,6,1.322
395,7,1.495
395,8,1.394
395,9,1.37
395,10,1.392
395,11,1.3
395,12,1.207
395,13,1.118
395,14,1.112
395,15,1.229
395,16,1.217
395,17,1.106
395,18,1.1
395,19,1.363
395,20,1.287
395,21,1.122
395,22,1.076
395,23,1.112
395,24,1.203
395,25,1.12
395,26,1.079
395,27,1.081
395,28,1.2
395,29,1.174
395,30,1.064
395,31,1.045
395,32,1.096
395,33,1.171
395,34,1.061
395,35,1.383
395,36,1.092
395,37,1.179
395,38,1.225
395,39,1.11
395,40,1.085
395,41,1.099
395,42,1.176
395,43,1.248
395,44,1.17
395,45,1.126
395,46,1.127
395,47,1.221
395,48,1.239
396,1,1.131
396,2,1.124
396,3,1.19
396,4,1.256
396,5,1.709
396,6,1.518
396,7,1.52
396,8,1.397
396,9,1.248
396,10,1.122
396,11,1.352
396,12,1.231
396,13,1.115
396,14,1.557
396,15,1.685
396,16,1.715
396,17,1.142
396,18,1.081
396,19,1.068
396,20,1.157
396,21,1.096
396,22,1.039
396,23,1.053
396,24,1.111
396,25,1.152
396,26,1.05
396,27,1.033
396,28,1.075
396,29,1.219
396,30,1.226
396,31,1.123
396,32,1.126
396,33,1.121
396,34,1.454
396,35,1.518
396,36,1.206
396,37,1.079
396,38,1.072
396,39,1.194
396,40,1.182
396,41,1.098
396,42,1.108
396,43,1.108
396,44,1.203
396,45,1.219
396,46,1.115
396,47,1.12
396,48,1.145
397,1,1.261
397,2,1.194
397,3,1.124
397,4,1.129
397,5,1.553
397,6,1.746
397,7,1.59
397,8,1.585
397,9,1.639
397,10,1.723
397,11,1.646
397,12,1.586
397,13,1.586
397,14,1.55
397,15,1.21
397,16,1.139
397,17,1.689
397,18,1.299
397,19,1.429
397,20,1.225
397,21,1.312
397,22,1.256
397,23,1.299
397,24,1.225
397,25,1.051
397,26,1.141
397,27,1.207
397,28,1.3
397,29,1.131
397,30,1.171
397,31,1.125
397,32,1.379
397,33,2.124
397,34,1.93
397,35,3.043
397,36,1.822
397,37,1.949
397,38,3.098
397,39,6.117
397,40,3.35
397,41,3.602
397,42,2.898
397,43,2.064
397,44,1.12
397,45,1.066
397,46,1.194
397,47,1.2
397,48,1.093
398,1,1.094
398,2,1.153
398,3,1.206
398,4,1.156
398,5,1.091
398,6,1.079
398,7,1.158
398,8,1.318
398,9,1.612
398,10,1.528
398,11,1.535
398,12,1.73
398,13,1.72
398,14,1.617
398,15,1.601
398,16,1.29
398,17,1.136
398,18,1.023
398,19,1.037
398,20,1.071
398,21,1.157
398,22,1.081
398,23,1.049
398,24,1.11
398,25,1.169
398,26,1.218
398,27,1.133
398,28,1.103
398,29,1.11
398,30,1.18
398,31,1.151
398,32,1.076
398,33,1.146
398,34,1.033
398,35,1.142
398,36,1.139
398,37,1.043
398,38,1.031
398,39,1.032
398,40,1.153
398,41,1.139
398,42,1.086
398,43,1.072
398,44,1.089
398,45,1.197
398,46,1.156
398,47,1.089
398,48,1.091
399,1,1.174
399,2,1.196
399,3,1.085
399,4,1.086
399,5,1.131
399,6,1.257
399,7,1.774
399,8,1.448
399,9,1.492
399,10,1.603
399,11,1.501
399,12,1.363
399,13,1.148
399,14,1.153
399,15,1.268
399,16,1.182
399,17,1.079
399,18,1.068
399,19,1.094
399,20,1.19
399,21,1.156
399,22,1.06
399,23,1.055
399,24,1.063
399,25,1.2
399,26,1.122
399,27,1.025
399,28,1.037
399,29,1.033
399,30,1.089
399,31,1.154
399,32,1.12
399,33,1.022
399,34,1.023
399,35,1.015
399,36,1.652
399,37,2.069
399,38,1.156
399,39,1.124
399,40,1.126
399,41,1.161
399,42,1.295
399,43,1.249
399,44,1.178
399,45,1.178
399,46,1.174
399,47,1.294
399,48,1.612
400,1,1.636
400,2,1.62
400,3,1.722
400,4,1.437
400,5,1.143
400,6,1.123
400,7,1.151
400,8,1.203
400,9,1.102
400,10,1.092
400,11,1.102
400,12,1.257
400,13,2.158
400,14,1.583
400,15,1.072
400,16,1.082
400,17,1.153
400,18,1.087
400,19,1.038
400,20,1.033
400,21,1.048
400,22,1.143
400,23,1.095
400,24,1.016
400,25,1.018
400,26,1.018
400,27,1.123
400,28,1.155
400,29,1.057
400,30,1.024
400,31,1.027
400,32,2.634
400,33,1.812
400,34,1.581
400,35,4.407
400,36,1.674
400,37,1.057
400,38,1.042
400,39,1.136
400,40,1.151
400,41,1.053
400,42,1.077
400,43,1.064
400,44,1.119
400,45,1.185
400,46,1.102
400,47,1.069
400,48,1.083
401,1,1.192
401,2,1.203
401,3,1.382
401,4,1.483
401,5,1.397
401,6,1.379
401,7,1.264
401,8,1.27
401,9,1.404
401,10,1.374
401,11,1.224
401,12,1.162
401,13,1.148
401,14,1.271
401,15,1.28
401,16,1.152
401,17,1.147
401,18,1.148
401,19,1.262
401,20,1.222
401,21,1.151
401,22,1.16
401,23,1.176
401,24,1.256
401,25,1.161
401,26,1.343
401,27,1.516
401,28,1.563
401,29,1.529
401,30,1.213
401,31,1.034
401,32,1.05
401,33,1.147
401,34,1.079
401,35,1.025
401,36,1.031
401,37,1.072
401,38,1.15
401,39,1.068
401,40,1.037
401,41,1.066
401,42,1.154
401,43,1.216
401,44,1.102
401,45,1.084
401,46,1.079
401,47,1.2
401,48,1.186
402,1,1.085
402,2,1.091
402,3,1.185
402,4,1.214
402,5,1.126
402,6,1.074
402,7,1.069
402,8,1.19
402,9,1.158
402,10,1.065
402,11,1.058
402,12,1.094
402,13,1.163
402,14,1.078
402,15,1.046
402,16,1.04
402,17,1.127
402,18,1.144
402,19,1.034
402,20,1.038
402,21,1.053
402,22,1.148
402,23,1.106
402,24,1.036
402,25,1.04
402,26,1.085
402,27,1.165
402,28,1.071
402,29,1.046
402,30,1.038
402,31,1.121
402,32,1.168
402,33,1.057
402,34,1.033
402,35,1.035
402,36,1.116
402,37,1.176
402,38,1.059
402,39,1.05
402,40,1.055
402,41,1.147
402,42,1.195
402,43,1.081
402,44,1.09
402,45,1.106
402,46,1.211
402,47,1.134
402,48,1.099
403,1,1.111
403,2,1.213
403,3,1.156
403,4,1.084
403,5,1.066
403,6,1.194
403,7,1.131
403,8,1.042
403,9,1.042
403,10,1.144
403,11,1.177
403,12,1.057
403,13,1.053
403,14,1.082
403,15,1.17
403,16,1.085
403,17,1.036
403,18,1.03
403,19,1.118
403,20,1.148
403,21,1.053
403,22,1.044
403,23,1.043
403,24,1.13
403,25,1.141
403,26,1.03
403,27,1.025
403,28,1.029
403,29,1.138
403,30,1.138
403,31,1.046
403,32,1.047
403,33,1.044
403,34,1.132
403,35,1.118
403,36,1.041
403,37,1.047
403,38,1.047
403,39,1.167
403,40,1.12
403,41,1.065
403,42,1.094
403,43,1.108
403,44,1.197
403,45,1.112
403,46,1.07
403,47,1.359
403,48,1.463
404,1,1.394
404,2,1.322
404,3,1.328
404,4,1.433
404,5,1.35
404,6,1.1
404,7,1.071
404,8,1.146
404,9,1.222
404,10,1.164
404,11,1.084
404,12,1.078
404,13,1.206
404,14,1.155
404,15,1.08
404,16,1.082
404,17,1.113
404,18,1.186
404,19,1.086
404,20,1.073
404,21,1.067
404,22,1.185
404,23,1.198
404,24,1.081
404,25,1.066
404,26,1.297
404,27,1.59
404,28,1.201
404,29,1.05
404,30,1.038
404,31,1.032
404,32,2.567
404,33,2.043
404,34,4.346
404,35,3.755
404,36,3.178
404,37,2.62
404,38,1.774
404,39,1.062
404,40,1.037
404,41,1.049
404,42,1.091
404,43,1.191
404,44,1.166
404,45,1.08
404,46,1.082
404,47,1.115
404,48,1.218
405,1,1.118
405,2,1.079
405,3,1.08
405,4,1.376
405,5,1.442
405,6,1.786
405,7,1.649
405,8,1.702
405,9,1.613
405,10,1.585
405,11,1.538
405,12,1.295
405,13,1.178
405,14,1.155
405,15,1.171
405,16,1.27
405,17,1.156
405,18,1.102
405,19,1.092
405,20,1.161
405,21,1.215
405,22,1.113
405,23,1.115
405,24,1.103
405,25,1.186
405,26,1.212
405,27,1.116
405,28,1.263
405,29,1.277
405,30,1.257
405,31,1.214
405,32,1.113
405,33,1.112
405,34,1.103
405,35,1.177
405,36,1.136
405,37,1.044
405,38,1.367
405,39,1.105
405,40,1.085
405,41,1.213
405,42,1.22
405,43,1.121
405,44,1.114
405,45,1.104
405,46,1.223
405,47,1.186
405,48,1.11
406,1,1.116
406,2,1.193
406,3,1.251
406,4,1.152
406,5,1.16
406,6,1.566
406,7,1.47
406,8,1.399
406,9,1.594
406,10,1.272
406,11,1.205
406,12,1.196
406,13,1.067
406,14,1.098
406,15,1.297
406,16,1.146
406,17,1.135
406,18,1.034
406,19,1.153
406,20,1.149
406,21,1.179
406,22,1.03
406,23,1.13
406,24,1.047
406,25,1.241
406,26,1.086
406,27,1.12
406,28,1.015
406,29,1.121
406,30,1.141
406,31,1.204
406,32,1.027
406,33,1.11
406,34,1.589
406,35,1.521
406,36,1.853
406,37,1.447
406,38,1.1
406,39,1.112
406,40,1.221
406,41,1.143
406,42,1.115
406,43,1.121
406,44,1.16
406,45,1.244
406,46,1.163
406,47,1.124
406,48,1.128
407,1,1.208
407,2,1.215
407,3,1.5
407,4,1.443
407,5,1.637
407,6,1.4
407,7,1.349
407,8,1.437
407,9,1.453
407,10,1.25
407,11,1.239
407,12,1.235
407,13,1.34
407,14,1.598
407,15,1.265
407,16,1.196
407,17,1.175
407,18,1.225
407,19,1.29
407,20,1.173
407,21,1.167
407,22,1.167
407,23,1.257
407,24,1.274
407,25,1.162
407,26,1.157
407,27,1.416
407,28,1.444
407,29,1.341
407,30,1.21
407,31,1.201
407,32,1.191
407,33,1.297
407,34,1.33
407,35,3.343
407,36,2.689
407,37,4.551
407,38,3.571
407,39,2.425
407,40,1.85
407,41,1.049
407,42,1.066
407,43,1.186
407,44,1.186
407,45,1.072
407,46,1.073
407,47,1.098
407,48,1.216
408,1,1.126
408,2,1.077
408,3,1.092
408,4,1.219
408,5,1.157
408,6,1.328
408,7,1.518
408,8,1.488
408,9,1.404
408,10,1.362
408,11,1.395
408,12,2.024
408,13,1.525
408,14,1.438
408,15,1.383
408,16,1.279
408,17,1.095
408,18,1.024
408,19,1.033
408,20,1.146
408,21,1.091
408,22,1.028
408,23,1.028
408,24,1.133
408,25,1.133
408,26,1.024
408,27,1.034
408,28,1.049
408,29,1.157
408,30,1.089
408,31,1.038
408,32,1.043
408,33,1.113
408,34,1.157
408,35,1.264
408,36,1.625
408,37,1.481
408,38,1.195
408,39,1.174
408,40,1.095
408,41,1.106
408,42,1.179
408,43,1.248
408,44,1.145
408,45,1.111
408,46,1.123
408,47,1.225
408,48,1.592
409,1,1.319
409,2,1.315
409,3,1.509
409,4,1.44
409,5,1.406
409,6,1.616
409,7,1.636
409,8,1.516
409,9,1.524
409,10,1.545
409,11,1.16
409,12,1.091
409,13,1.102
409,14,1.202
409,15,1.145
409,16,1.089
409,17,1.084
409,18,1.193
409,19,1.171
409,20,1.073
409,21,1.077
409,22,1.116
409,23,1.205
409,24,1.455
409,25,1.037
409,26,1.037
409,27,1.135
409,28,1.152
409,29,1.045
409,30,1.046
409,31,1.087
409,32,1.162
409,33,1.145
409,34,1.093
409,35,1.097
409,36,1.054
409,37,1.193
409,38,1.909
409,39,2.038
409,40,1.458
409,41,1.132
409,42,1.225
409,43,1.161
409,44,1.097
409,45,1.132
409,46,1.177
409,47,1.254
409,48,1.184
410,1,1.465
410,2,1.669
410,3,1.719
410,4,1.711
410,5,1.227
410,6,1.156
410,7,1.162
410,8,1.263
410,9,1.18
410,10,1.14
410,11,1.138
410,12,1.247
410,13,1.236
410,14,1.202
410,15,1.114
410,16,1.211
410,17,1.163
410,18,1.07
410,19,1.088
410,20,1.086
410,21,1.177
410,22,1.196
410,23,1.091
410,24,1.064
410,25,1.062
410,26,1.04
410,27,1.659
410,28,1.228
410,29,1.112
410,30,1.118
410,31,1.276
410,32,1.229
410,33,1.16
410,34,1.093
410,35,1.035
410,36,1.036
410,37,1.027
410,38,1.727
410,39,1.254
410,40,1.085
410,41,1.094
410,42,1.088
410,43,1.193
410,44,1.201
410,45,1.134
410,46,1.258
410,47,1.514
410,48,1.529
411,1,1.597
411,2,1.724
411,3,1.355
411,4,1.445
411,5,1.451
411,6,1.211
411,7,1.088
411,8,1.178
411,9,1.209
411,10,1.1
411,11,1.095
411,12,1.096
411,13,1.203
411,14,1.156
411,15,1.081
411,16,1.08
411,17,1.076
411,18,1.716
411,19,1.134
411,20,1.03
411,21,1.024
411,22,1.02
411,23,1.116
411,24,1.132
411,25,1.022
411,26,1.025
411,27,1.037
411,28,1.112
411,29,1.159
411,30,1.372
411,31,1.533
411,32,2.854
411,33,3.168
411,34,4.918
411,35,3.194
411,36,3.82
411,37,1.996
411,38,1.029
411,39,1.154
411,40,1.121
411,41,1.043
411,42,1.048
411,43,1.052
411,44,1.184
411,45,1.15
411,46,1.101
411,47,1.078
411,48,1.194
412,1,1.533
412,2,1.572
412,3,1.461
412,4,1.338
412,5,1.477
412,6,1.602
412,7,1.456
412,8,1.46
412,9,1.492
412,10,1.318
412,11,1.112
412,12,1.084
412,13,1.082
412,14,1.211
412,15,1.149
412,16,1.085
412,17,1.059
412,18,1.074
412,19,1.153
412,20,1.103
412,21,1.035
412,22,1.029
412,23,1.03
412,24,1.112
412,25,1.143
412,26,1.058
412,27,1.032
412,28,1.028
412,29,1.026
412,30,1.115
412,31,1.232
412,32,1.139
412,33,1.087
412,34,1.186
412,35,1.1
412,36,1.136
412,37,1.206
412,38,1.149
412,39,1.085
412,40,1.085
412,41,1.075
412,42,1.08
412,43,1.174
412,44,1.218
412,45,1.168
412,46,1.124
412,47,1.118
412,48,1.121
413,1,1.208
413,2,1.373
413,3,1.523
413,4,1.366
413,5,1.277
413,6,1.397
413,7,1.472
413,8,1.105
413,9,1.1
413,10,1.205
413,11,1.21
413,12,1.094
413,13,1.078
413,14,1.078
413,15,1.168
413,16,1.192
413,17,1.093
413,18,1.079
413,19,1.458
413,20,1.193
413,21,1.174
413,22,1.061
413,23,1.055
413,24,1.083
413,25,1.178
413,26,1.093
413,27,1.157
413,28,1.386
413,29,1.213
413,30,1.164
413,31,1.084
413,32,1.079
413,33,1.146
413,34,1.217
413,35,1.115
413,36,1.079
413,37,1.093
413,38,1.177
413,39,1.205
413,40,1.103
413,41,1.086
413,42,1.104
413,43,1.141
413,44,1.232
413,45,1.203
413,46,1.123
413,47,1.256
413,48,1.82
414,1,1.542
414,2,1.561
414,3,1.506
414,4,1.711
414,5,1.53
414,6,1.483
414,7,1.107
414,8,1.202
414,9,1.206
414,10,1.118
414,11,1.084
414,12,1.082
414,13,1.198
414,14,1.173
414,15,1.097
414,16,1.026
414,17,1.048
414,18,1.159
414,19,1.105
414,20,1.039
414,21,1.042
414,22,1.102
414,23,1.59
414,24,1.148
414,25,1.026
414,26,1.026
414,27,1.037
414,28,1.137
414,29,1.16
414,30,1.046
414,31,1.507
414,32,2.125
414,33,1.708
414,34,3.293
414,35,3.922
414,36,2.469
414,37,1.045
414,38,1.155
414,39,1.128
414,40,1.036
414,41,1.035
414,42,1.035
414,43,1.12
414,44,1.169
414,45,1.111
414,46,1.07
414,47,1.088
414,48,1.138
415,1,1.212
415,2,1.141
415,3,1.089
415,4,1.137
415,5,1.576
415,6,1.404
415,7,1.309
415,8,1.315
415,9,1.404
415,10,1.435
415,11,1.228
415,12,1.096
415,13,1.146
415,14,1.196
415,15,1.101
415,16,1.064
415,17,1.079
415,18,1.135
415,19,1.144
415,20,1.034
415,21,1.036
415,22,1.033
415,23,1.124
415,24,1.154
415,25,1.046
415,26,1.046
415,27,1.113
415,28,1.11
415,29,1.16
415,30,1.094
415,31,1.042
415,32,1.038
415,33,1.024
415,34,1.156
415,35,1.514
415,36,1.442
415,37,1.509
415,38,1.091
415,39,1.176
415,40,1.105
415,41,1.056
415,42,1.05
415,43,1.059
415,44,1.195
415,45,1.2
415,46,1.096
415,47,1.097
415,48,1.099
