213,1,0.056
213,2,0.057
213,3,0.056
213,4,0.027
213,5,0.057
213,6,0.057
213,7,0.057
213,8,0.03
213,9,0.059
213,10,0.057
213,11,0.05
213,12,0.034
213,13,0.057
213,14,0.057
213,15,0.031
213,16,0.052
213,17,0.057
213,18,0.546
213,19,0.319
213,20,0.051
213,21,0.057
213,22,0.056
213,23,0.026
213,24,0.392
213,25,0.06
213,26,0.059
213,27,0.046
213,28,0.037
213,29,0.06
213,30,0.057
213,31,0.057
213,32,0.033
213,33,0.05
213,34,0.056
213,35,0.056
213,36,0.029
213,37,0.053
213,38,0.054
213,39,0.054
213,40,0.023
213,41,1.006
213,42,1.118
213,43,0.435
213,44,0.995
213,45,0.295
213,46,0.134
213,47,0.063
213,48,0.055
214,1,0.045
214,2,0.034
214,3,0.055
214,4,0.055
214,5,0.028
214,6,0.049
214,7,0.055
214,8,0.044
214,9,0.039
214,10,0.054
214,11,0.055
214,12,0.024
214,13,0.056
214,14,0.055
214,15,0.024
214,16,0.056
214,17,0.051
214,18,0.028
214,19,1.211
214,20,2.006
214,21,0.029
214,22,0.062
214,23,0.23
214,24,0.053
214,25,0.023
214,26,0.053
214,27,0.054
214,28,0.043
214,29,0.034
214,30,0.054
214,31,0.054
214,32,0.024
214,33,0.055
214,34,0.055
214,35,0.024
214,36,0.055
214,37,0.055
214,38,0.033
214,39,0.045
214,40,0.056
214,41,0.044
214,42,0.034
214,43,0.054
214,44,0.055
214,45,0.024
214,46,0.07
214,47,0.093
214,48,0.024
215,1,0.056
215,2,0.055
215,3,0.025
215,4,0.055
215,5,0.056
215,6,0.024
215,7,0.056
215,8,0.056
215,9,0.024
215,10,0.056
215,11,0.056
215,12,0.024
215,13,0.056
215,14,0.056
215,15,0.024
215,16,0.055
215,17,0.051
215,18,0.028
215,19,1.193
215,20,0.839
215,21,0.34
215,22,0.368
215,23,0.06
215,24,0.046
215,25,0.033
215,26,0.054
215,27,0.055
215,28,0.036
215,29,0.045
215,30,0.056
215,31,0.057
215,32,0.026
215,33,0.056
215,34,0.057
215,35,0.037
215,36,0.045
215,37,0.056
215,38,0.056
215,39,0.025
215,40,0.057
215,41,0.057
215,42,0.031
215,43,0.116
215,44,0.364
215,45,0.07
215,46,0.024
215,47,0.054
215,48,0.056
216,1,0.041
216,2,0.039
216,3,0.055
216,4,0.052
216,5,0.028
216,6,0.056
216,7,0.055
216,8,0.024
216,9,0.056
216,10,0.055
216,11,0.024
216,12,0.055
216,13,0.055
216,14,0.024
216,15,0.055
216,16,0.056
216,17,0.023
216,18,0.054
216,19,0.055
216,20,0.079
216,21,0.638
216,22,0.249
216,23,0.054
216,24,0.054
216,25,0.053
216,26,0.053
216,27,0.035
216,28,0.041
216,29,0.053
216,30,0.054
216,31,0.041
216,32,0.035
216,33,0.054
216,34,0.054
216,35,0.04
216,36,0.037
216,37,0.054
216,38,0.054
216,39,0.032
216,40,0.046
216,41,0.054
216,42,0.054
216,43,0.024
216,44,0.052
216,45,0.054
216,46,0.055
216,47,0.023
216,48,0.495
217,1,0.25
217,2,0.078
217,3,0.049
217,4,0.028
217,5,0.054
217,6,0.054
217,7,0.045
217,8,0.037
217,9,0.055
217,10,0.055
217,11,0.024
217,12,0.055
217,13,0.055
217,14,0.031
217,15,0.047
217,16,0.055
217,17,0.049
217,18,0.029
217,19,1.226
217,20,0.602
217,21,0.084
217,22,0.649
217,23,0.05
217,24,0.057
217,25,0.054
217,26,0.055
217,27,0.056
217,28,0.243
217,29,0.036
217,30,0.044
217,31,0.053
217,32,0.054
217,33,0.054
217,34,0.054
217,35,0.04
217,36,0.036
217,37,0.054
217,38,0.054
217,39,0.056
217,40,0.071
217,41,0.418
217,42,0.153
217,43,0.136
217,44,0.325
217,45,0.077
217,46,0.046
217,47,0.037
217,48,0.057
218,1,0.058
218,2,0.058
218,3,0.027
218,4,0.057
218,5,0.057
218,6,0.058
218,7,0.027
218,8,0.058
218,9,0.058
218,10,0.053
218,11,0.033
218,12,0.059
218,13,0.058
218,14,0.028
218,15,0.057
218,16,0.058
218,17,0.053
218,18,0.033
218,19,0.069
218,20,0.062
218,21,0.546
218,22,0.06
218,23,0.064
218,24,0.065
218,25,0.063
218,26,0.045
218,27,0.053
218,28,0.056
218,29,0.056
218,30,0.05
218,31,0.031
218,32,0.057
218,33,0.056
218,34,0.054
218,35,0.028
218,36,0.057
218,37,0.057
218,38,0.05
218,39,0.032
218,40,0.057
218,41,0.057
218,42,0.043
218,43,0.04
218,44,0.056
218,45,0.057
218,46,0.056
218,47,0.111
218,48,0.236
219,1,0.055
219,2,0.03
219,3,0.049
219,4,0.059
219,5,0.056
219,6,0.024
219,7,0.059
219,8,0.056
219,9,0.03
219,10,0.05
219,11,0.056
219,12,0.048
219,13,0.032
219,14,0.056
219,15,0.056
219,16,0.024
219,17,0.056
219,18,0.056
219,19,0.036
219,20,0.045
219,21,0.237
219,22,0.062
219,23,0.05
219,24,0.181
219,25,0.113
219,26,0.126
219,27,0.034
219,28,0.044
219,29,0.055
219,30,0.054
219,31,0.023
219,32,0.055
219,33,0.055
219,34,0.044
219,35,0.035
219,36,0.055
219,37,0.056
219,38,0.029
219,39,0.051
219,40,0.054
219,41,0.055
219,42,0.024
219,43,0.055
219,44,0.056
219,45,0.045
219,46,0.034
219,47,0.056
219,48,0.055
220,1,0.057
220,2,0.074
220,3,0.055
220,4,0.055
220,5,0.024
220,6,0.059
220,7,0.056
220,8,0.043
220,9,0.038
220,10,0.057
220,11,0.056
220,12,0.028
220,13,0.056
220,14,0.055
220,15,0.028
220,16,0.051
220,17,0.055
220,18,0.041
220,19,0.1
220,20,1.509
220,21,0.054
220,22,0.391
220,23,0.115
220,24,0.062
220,25,0.062
220,26,0.189
220,27,0.046
220,28,0.058
220,29,0.667
220,30,0.519
220,31,0.137
220,32,0.07
220,33,0.062
220,34,1.018
220,35,0.345
220,36,0.347
220,37,0.25
220,38,0.079
220,39,0.053
220,40,0.054
220,41,0.068
220,42,0.405
220,43,0.242
220,44,0.064
220,45,0.062
220,46,0.063
220,47,0.05
220,48,0.045
221,1,0.064
221,2,0.064
221,3,0.672
221,4,0.07
221,5,0.033
221,6,0.054
221,7,0.055
221,8,0.056
221,9,0.038
221,10,0.042
221,11,0.056
221,12,0.056
221,13,0.037
221,14,0.043
221,15,0.055
221,16,0.055
221,17,0.024
221,18,0.055
221,19,0.055
221,20,0.048
221,21,0.03
221,22,0.056
221,23,0.058
221,24,0.112
221,25,0.025
221,26,0.053
221,27,0.055
221,28,0.052
221,29,0.026
221,30,0.055
221,31,0.055
221,32,0.034
221,33,0.045
221,34,0.055
221,35,0.055
221,36,0.023
221,37,0.055
221,38,0.054
221,39,0.036
221,40,0.041
221,41,0.055
221,42,0.094
221,43,0.028
221,44,0.049
221,45,0.055
221,46,0.05
221,47,0.028
221,48,0.055
222,1,0.055
222,2,0.023
222,3,0.055
222,4,0.056
222,5,0.041
222,6,0.039
222,7,0.056
222,8,0.054
222,9,0.025
222,10,0.056
222,11,0.056
222,12,0.024
222,13,0.055
222,14,0.054
222,15,0.028
222,16,0.05
222,17,0.055
222,18,0.039
222,19,0.039
222,20,0.433
222,21,0.055
222,22,0.049
222,23,0.028
222,24,0.055
222,25,0.058
222,26,0.034
222,27,0.046
222,28,0.054
222,29,0.054
222,30,0.022
222,31,0.054
222,32,0.054
222,33,0.039
222,34,0.039
222,35,0.055
222,36,0.055
222,37,0.023
222,38,0.055
222,39,0.054
222,40,0.044
222,41,0.033
222,42,0.055
222,43,0.054
222,44,0.053
222,45,0.312
222,46,0.444
222,47,0.505
222,48,0.404
223,1,0.056
223,2,0.044
223,3,0.043
223,4,0.057
223,5,0.056
223,6,0.055
223,7,0.055
223,8,0.056
223,9,0.033
223,10,0.048
223,11,0.056
223,12,0.056
223,13,0.056
223,14,0.035
223,15,0.044
223,16,0.054
223,17,0.055
223,18,0.05
223,19,0.856
223,20,1.647
223,21,0.266
223,22,0.063
223,23,0.03
223,24,0.047
223,25,0.054
223,26,0.057
223,27,0.19
223,28,0.035
223,29,0.053
223,30,0.06
223,31,0.057
223,32,0.046
223,33,0.038
223,34,0.056
223,35,0.054
223,36,0.045
223,37,0.032
223,38,0.055
223,39,0.054
223,40,0.043
223,41,0.035
223,42,0.055
223,43,0.054
223,44,0.029
223,45,0.136
223,46,0.613
223,47,0.191
223,48,0.053
224,1,0.027
224,2,0.054
224,3,0.055
224,4,0.051
224,5,0.027
224,6,0.055
224,7,0.055
224,8,0.041
224,9,0.037
224,10,0.055
224,11,0.055
224,12,0.024
224,13,0.055
224,14,0.055
224,15,0.041
224,16,0.037
224,17,0.054
224,18,0.054
224,19,0.022
224,20,0.054
224,21,0.055
224,22,0.141
224,23,0.039
224,24,0.053
224,25,0.053
224,26,0.037
224,27,0.039
224,28,0.054
224,29,0.054
224,30,0.022
224,31,0.054
224,32,0.054
224,33,0.035
224,34,0.041
224,35,0.382
224,36,0.056
224,37,0.054
224,38,0.024
224,39,0.05
224,40,0.053
224,41,0.053
224,42,0.021
224,43,0.053
224,44,0.103
224,45,0.081
224,46,0.022
224,47,0.054
224,48,0.054
225,1,0.037
225,2,0.041
225,3,0.055
225,4,0.053
225,5,0.024
225,6,0.055
225,7,0.055
225,8,0.023
225,9,0.056
225,10,0.056
225,11,0.024
225,12,0.055
225,13,0.055
225,14,0.024
225,15,0.054
225,16,0.055
225,17,0.024
225,18,0.053
225,19,0.055
225,20,0.022
225,21,0.055
225,22,0.275
225,23,0.049
225,24,0.028
225,25,0.053
225,26,0.055
225,27,0.024
225,28,0.06
225,29,0.061
225,30,0.027
225,31,0.41
225,32,0.056
225,33,0.055
225,34,0.034
225,35,0.045
225,36,0.056
225,37,0.054
225,38,0.028
225,39,0.057
225,40,0.056
225,41,0.024
225,42,0.199
225,43,0.324
225,44,0.181
225,45,0.142
225,46,0.152
225,47,0.111
225,48,0.094
226,1,0.099
226,2,0.077
226,3,0.1
226,4,0.089
226,5,0.08
226,6,0.099
226,7,0.084
226,8,0.082
226,9,0.098
226,10,0.079
226,11,0.085
226,12,0.096
226,13,0.074
226,14,0.085
226,15,0.092
226,16,0.07
226,17,0.085
226,18,0.089
226,19,1.323
226,20,1.243
226,21,0.05
226,22,0.426
226,23,0.057
226,24,0.44
226,25,0.077
226,26,0.065
226,27,0.038
226,28,0.065
226,29,0.03
226,30,0.03
226,31,0.03
226,32,0.03
226,33,0.03
226,34,0.094
226,35,0.063
226,36,0.07
226,37,0.077
226,38,0.063
226,39,0.06
226,40,0.074
226,41,0.081
226,42,0.065
226,43,0.214
226,44,0.479
226,45,0.504
226,46,0.666
226,47,0.485
226,48,0.53
227,1,0.48
227,2,0.073
227,3,0.062
227,4,0.063
227,5,0.063
227,6,0.053
227,7,0.061
227,8,0.063
227,9,0.052
227,10,0.063
227,11,0.052
227,12,0.063
227,13,0.052
227,14,0.063
227,15,0.052
227,16,0.06
227,17,0.055
227,18,0.051
227,19,0.062
227,20,0.051
227,21,0.054
227,22,0.059
227,23,0.15
227,24,0.314
227,25,0.045
227,26,0.08
227,27,0.268
227,28,0.045
227,29,0.222
227,30,0.054
227,31,0.056
227,32,0.045
227,33,0.057
227,34,0.045
227,35,0.056
227,36,0.045
227,37,0.055
227,38,0.045
227,39,0.051
227,40,0.049
227,41,0.045
227,42,0.068
227,43,0.702
227,44,0.15
227,45,0.06
227,46,0.062
227,47,0.052
227,48,0.061
228,1,0.056
228,2,0.058
228,3,0.056
228,4,0.43
228,5,0.057
228,6,0.045
228,7,0.053
228,8,0.048
228,9,0.045
228,10,0.056
228,11,0.046
228,12,0.046
228,13,0.056
228,14,0.046
228,15,0.046
228,16,0.054
228,17,0.048
228,18,0.045
228,19,0.046
228,20,0.054
228,21,0.046
228,22,0.046
228,23,0.372
228,24,0.102
228,25,0.051
228,26,0.045
228,27,0.045
228,28,0.056
228,29,0.047
228,30,0.046
228,31,0.045
228,32,0.045
228,33,0.054
228,34,0.047
228,35,0.045
228,36,0.045
228,37,0.044
228,38,0.046
228,39,0.053
228,40,0.052
228,41,0.159
228,42,0.045
228,43,0.045
228,44,0.046
228,45,0.046
228,46,0.434
228,47,0.135
228,48,0.051
229,1,0.054
229,2,0.047
229,3,0.046
229,4,0.046
229,5,0.047
229,6,0.047
229,7,0.047
229,8,0.05
229,9,0.051
229,10,0.051
229,11,0.047
229,12,0.047
229,13,0.046
229,14,0.046
229,15,0.045
229,16,0.045
229,17,0.046
229,18,0.566
229,19,1.341
229,20,0.335
229,21,0.054
229,22,0.049
229,23,0.073
229,24,0.049
229,25,0.24
229,26,0.174
229,27,0.056
229,28,0.057
229,29,0.05
229,30,0.049
229,31,0.076
229,32,0.281
229,33,1.001
229,34,0.555
229,35,0.051
229,36,0.062
229,37,0.542
229,38,0.462
229,39,0.082
229,40,0.048
229,41,0.049
229,42,0.049
229,43,0.056
229,44,0.054
229,45,0.049
229,46,0.082
229,47,0.086
229,48,0.052
230,1,0.058
230,2,0.055
230,3,0.051
230,4,0.052
230,5,0.052
230,6,0.052
230,7,0.051
230,8,0.051
230,9,0.051
230,10,0.05
230,11,0.05
230,12,0.054
230,13,0.052
230,14,0.052
230,15,0.051
230,16,0.049
230,17,1.243
230,18,0.651
230,19,0.652
230,20,0.243
230,21,0.24
230,22,0.247
230,23,0.243
230,24,0.237
230,25,0.081
230,26,0.062
230,27,0.062
230,28,0.062
230,29,0.062
230,30,0.065
230,31,0.065
230,32,0.064
230,33,0.065
230,34,0.062
230,35,0.061
230,36,0.062
230,37,0.061
230,38,0.06
230,39,0.062
230,40,0.062
230,41,0.063
230,42,0.061
230,43,0.061
230,44,0.062
230,45,0.062
230,46,0.514
230,47,0.054
230,48,0.049
231,1,0.049
231,2,0.049
231,3,0.049
231,4,0.052
231,5,0.054
231,6,0.053
231,7,0.053
231,8,0.05
231,9,0.05
231,10,0.051
231,11,0.051
231,12,0.051
231,13,0.051
231,14,0.05
231,15,0.05
231,16,0.051
231,17,0.05
231,18,0.092
231,19,0.196
231,20,0.05
231,21,0.049
231,22,0.05
231,23,0.541
231,24,0.321
231,25,0.077
231,26,0.077
231,27,0.138
231,28,0.108
231,29,0.109
231,30,0.108
231,31,0.108
231,32,0.111
231,33,0.11
231,34,0.108
231,35,0.109
231,36,0.11
231,37,0.108
231,38,0.108
231,39,0.069
231,40,0.073
231,41,0.048
231,42,0.047
231,43,0.165
231,44,0.742
231,45,0.23
231,46,0.071
231,47,0.048
231,48,0.048
232,1,0.051
232,2,0.412
232,3,0.287
232,4,0.129
232,5,0.049
232,6,0.048
232,7,0.049
232,8,0.048
232,9,0.048
232,10,0.049
232,11,0.049
232,12,0.049
232,13,0.049
232,14,0.049
232,15,0.048
232,16,0.048
232,17,0.049
232,18,0.076
232,19,0.216
232,20,0.047
232,21,0.486
232,22,0.415
232,23,0.097
232,24,0.055
232,25,0.048
232,26,0.047
232,27,0.047
232,28,0.048
232,29,0.048
232,30,0.048
232,31,0.048
232,32,0.048
232,33,0.048
232,34,0.048
232,35,0.048
232,36,0.048
232,37,0.048
232,38,0.048
232,39,0.049
232,40,0.049
232,41,0.146
232,42,0.518
232,43,0.057
232,44,0.05
232,45,0.084
232,46,0.049
232,47,0.049
232,48,0.05
233,1,0.049
233,2,0.049
233,3,0.044
233,4,0.041
233,5,0.05
233,6,0.05
233,7,0.05
233,8,0.05
233,9,0.047
233,10,0.04
233,11,0.05
233,12,0.05
233,13,0.05
233,14,0.039
233,15,0.047
233,16,0.051
233,17,1.066
233,18,0.383
233,19,0.727
233,20,0.577
233,21,0.577
233,22,0.577
233,23,0.585
233,24,0.578
233,25,0.58
233,26,0.571
233,27,0.584
233,28,0.578
233,29,0.582
233,30,0.584
233,31,0.582
233,32,0.584
233,33,0.585
233,34,0.583
233,35,0.588
233,36,0.579
233,37,0.582
233,38,0.583
233,39,0.579
233,40,0.574
233,41,0.23
233,42,0.199
233,43,0.241
233,44,0.573
233,45,0.059
233,46,0.061
233,47,0.049
233,48,0.05
234,1,0.062
234,2,0.049
234,3,0.05
234,4,0.05
234,5,0.05
234,6,0.053
234,7,0.055
234,8,0.054
234,9,0.052
234,10,0.051
234,11,0.051
234,12,0.05
234,13,0.049
234,14,0.046
234,15,0.045
234,16,0.047
234,17,0.049
234,18,0.092
234,19,0.204
234,20,0.366
234,21,0.099
234,22,0.054
234,23,0.05
234,24,0.05
234,25,0.05
234,26,0.049
234,27,0.053
234,28,0.308
234,29,0.115
234,30,0.103
234,31,0.107
234,32,0.106
234,33,0.11
234,34,0.104
234,35,0.105
234,36,0.305
234,37,0.479
234,38,0.075
234,39,0.048
234,40,0.057
234,41,0.05
234,42,0.05
234,43,0.049
234,44,0.042
234,45,0.072
234,46,0.076
234,47,0.05
234,48,0.05
235,1,0.051
235,2,0.038
235,3,0.049
235,4,0.05
235,5,0.051
235,6,0.043
235,7,0.045
235,8,0.051
235,9,0.051
235,10,0.044
235,11,0.046
235,12,0.052
235,13,0.052
235,14,0.038
235,15,0.051
235,16,0.051
235,17,0.046
235,18,0.072
235,19,0.21
235,20,0.051
235,21,0.038
235,22,0.05
235,23,0.167
235,24,0.075
235,25,0.096
235,26,0.089
235,27,0.098
235,28,0.103
235,29,0.089
235,30,0.097
235,31,0.1
235,32,0.101
235,33,0.089
235,34,0.099
235,35,0.098
235,36,0.085
235,37,0.095
235,38,0.098
235,39,0.094
235,40,0.091
235,41,0.101
235,42,0.099
235,43,0.154
235,44,0.127
235,45,0.103
235,46,0.1
235,47,0.097
235,48,0.094
236,1,0.096
236,2,0.096
236,3,0.096
236,4,0.095
236,5,0.094
236,6,0.086
236,7,0.085
236,8,0.089
236,9,0.088
236,10,0.084
236,11,0.079
236,12,0.088
236,13,0.088
236,14,0.073
236,15,0.085
236,16,0.084
236,17,0.07
236,18,0.135
236,19,0.265
236,20,0.297
236,21,0.137
236,22,0.131
236,23,0.309
236,24,0.26
236,25,0.097
236,26,0.183
236,27,0.094
236,28,0.107
236,29,0.103
236,30,0.068
236,31,0.094
236,32,0.078
236,33,0.079
236,34,0.066
236,35,0.062
236,36,0.295
236,37,0.069
236,38,0.097
236,39,0.055
236,40,0.0
236,41,0.109
236,42,0.101
236,43,0.102
236,44,0.101
236,45,0.101
236,46,0.183
236,47,0.163
236,48,0.101
237,1,0.098
237,2,0.1
237,3,0.105
237,4,0.101
237,5,0.103
237,6,0.103
237,7,0.103
237,8,0.097
237,9,0.096
237,10,0.103
237,11,0.103
237,12,0.103
237,13,0.089
237,14,0.099
237,15,0.1
237,16,0.096
237,17,0.091
237,18,0.223
237,19,0.164
237,20,0.081
237,21,0.097
237,22,0.131
237,23,0.37
237,24,0.099
237,25,0.099
237,26,0.092
237,27,0.095
237,28,0.089
237,29,0.09
237,30,0.095
237,31,0.094
237,32,0.091
237,33,0.083
237,34,0.094
237,35,0.093
237,36,0.091
237,37,0.084
237,38,0.093
237,39,0.098
237,40,0.085
237,41,0.093
237,42,0.093
237,43,0.094
237,44,0.165
237,45,0.098
237,46,0.051
237,47,0.051
237,48,0.045
238,1,0.045
238,2,0.052
238,3,0.05
238,4,0.041
238,5,0.052
238,6,0.048
238,7,0.042
238,8,0.052
238,9,0.044
238,10,0.046
238,11,0.052
238,12,0.038
238,13,0.052
238,14,0.052
238,15,0.037
238,16,0.052
238,17,0.039
238,18,0.174
238,19,0.131
238,20,0.357
238,21,0.108
238,22,0.123
238,23,0.085
238,24,0.094
238,25,0.095
238,26,0.083
238,27,0.094
238,28,0.098
238,29,0.083
238,30,0.097
238,31,0.098
238,32,0.078
238,33,0.094
238,34,0.089
238,35,0.087
238,36,0.095
238,37,0.078
238,38,0.091
238,39,0.092
238,40,0.201
238,41,0.248
238,42,0.082
238,43,0.079
238,44,0.043
238,45,0.047
238,46,0.053
238,47,0.039
238,48,0.507
239,1,0.065
239,2,0.047
239,3,0.044
239,4,0.053
239,5,0.039
239,6,0.054
239,7,0.045
239,8,0.047
239,9,0.053
239,10,0.038
239,11,0.053
239,12,0.039
239,13,0.053
239,14,0.039
239,15,0.053
239,16,0.918
239,17,2.11
239,18,0.962
239,19,0.251
239,20,0.049
239,21,0.313
239,22,0.198
239,23,0.038
239,24,0.052
239,25,0.07
239,26,1.208
239,27,0.177
239,28,0.716
239,29,0.393
239,30,0.225
239,31,0.087
239,32,0.069
239,33,0.084
239,34,0.071
239,35,0.086
239,36,0.076
239,37,0.08
239,38,0.086
239,39,0.076
239,40,0.088
239,41,0.073
239,42,0.083
239,43,0.072
239,44,0.089
239,45,0.09
239,46,0.073
239,47,0.04
239,48,0.049
240,1,0.045
240,2,0.044
240,3,0.051
240,4,0.039
240,5,0.054
240,6,0.039
240,7,0.054
240,8,0.039
240,9,0.039
240,10,0.054
240,11,0.039
240,12,0.054
240,13,0.039
240,14,0.038
240,15,0.053
240,16,0.039
240,17,0.046
240,18,0.048
240,19,0.039
240,20,0.053
240,21,0.04
240,22,0.039
240,23,0.353
240,24,0.053
240,25,0.047
240,26,0.048
240,27,0.052
240,28,0.038
240,29,0.052
240,30,0.038
240,31,0.049
240,32,0.042
240,33,0.039
240,34,0.052
240,35,0.038
240,36,0.053
240,37,0.038
240,38,0.043
240,39,0.049
240,40,0.038
240,41,0.054
240,42,0.038
240,43,0.037
240,44,0.054
240,45,0.039
240,46,0.046
240,47,0.048
240,48,0.039
388,1,0.121
388,2,0.051
388,3,0.038
388,4,0.051
388,5,0.038
388,6,0.048
388,7,0.04
388,8,0.038
388,9,0.051
388,10,0.037
388,11,0.041
388,12,0.049
388,13,0.038
388,14,0.039
388,15,0.051
388,16,0.153
388,17,0.131
388,18,0.051
388,19,0.136
388,20,0.17
388,21,0.199
388,22,0.123
388,23,0.638
388,24,0.74
388,25,0.948
388,26,1.263
388,27,1.214
388,28,1.033
388,29,1.296
388,30,0.294
388,31,0.041
388,32,0.139
388,33,0.142
388,34,0.04
388,35,0.117
388,36,0.468
388,37,0.919
388,38,0.257
388,39,0.057
388,40,0.151
388,41,0.129
388,42,0.057
388,43,0.045
388,44,0.06
388,45,0.462
388,46,0.198
388,47,0.125
388,48,0.169
389,1,0.122
389,2,0.038
389,3,0.051
389,4,0.037
389,5,0.038
389,6,0.147
389,7,0.136
389,8,0.038
389,9,0.042
389,10,0.045
389,11,0.146
389,12,0.112
389,13,0.052
389,14,0.039
389,15,0.039
389,16,0.133
389,17,0.152
389,18,0.096
389,19,0.168
389,20,0.167
389,21,0.179
389,22,0.191
389,23,0.193
389,24,0.752
389,25,1.426
389,26,0.715
389,27,0.113
389,28,0.046
389,29,0.167
389,30,2.146
389,31,2.008
389,32,1.225
389,33,1.167
389,34,0.873
389,35,0.047
389,36,0.06
389,37,0.058
389,38,0.049
389,39,0.059
389,40,0.153
389,41,0.137
389,42,0.058
389,43,0.048
389,44,0.06
389,45,0.15
389,46,0.145
389,47,0.145
389,48,0.237
390,1,0.3
390,2,0.039
390,3,0.137
390,4,0.128
390,5,0.038
390,6,0.132
390,7,0.137
390,8,0.039
390,9,0.037
390,10,0.052
390,11,0.134
390,12,0.123
390,13,0.046
390,14,0.139
390,15,0.118
390,16,0.125
390,17,0.177
390,18,0.166
390,19,0.165
390,20,0.735
390,21,0.157
390,22,0.158
390,23,0.171
390,24,0.143
390,25,0.999
390,26,1.059
390,27,1.023
390,28,0.957
390,29,0.996
390,30,1.022
390,31,0.744
390,32,0.133
390,33,0.119
390,34,0.051
390,35,0.038
390,36,0.042
390,37,0.046
390,38,0.038
390,39,0.05
390,40,0.145
390,41,0.131
390,42,0.05
390,43,0.04
390,44,0.037
390,45,0.262
390,46,0.136
390,47,0.125
390,48,0.165
391,1,0.136
391,2,0.039
391,3,0.126
391,4,0.134
391,5,0.041
391,6,0.132
391,7,0.115
391,8,0.052
391,9,0.037
391,10,0.04
391,11,0.142
391,12,0.141
391,13,0.039
391,14,0.134
391,15,0.128
391,16,0.138
391,17,0.164
391,18,0.162
391,19,0.16
391,20,0.199
391,21,0.479
391,22,0.862
391,23,1.121
391,24,1.022
391,25,0.689
391,26,0.278
391,27,0.216
391,28,0.162
391,29,0.158
391,30,0.105
391,31,0.267
391,32,0.116
391,33,0.035
391,34,0.044
391,35,0.041
391,36,0.035
391,37,0.035
391,38,0.049
391,39,0.036
391,40,0.152
391,41,0.125
391,42,0.05
391,43,0.442
391,44,0.441
391,45,0.146
391,46,0.123
391,47,0.122
391,48,0.176
392,1,0.11
392,2,0.036
392,3,0.071
392,4,0.036
392,5,0.036
392,6,0.043
392,7,0.041
392,8,0.038
392,9,0.036
392,10,0.04
392,11,0.047
392,12,0.039
392,13,0.036
392,14,0.157
392,15,0.132
392,16,0.131
392,17,0.157
392,18,0.163
392,19,0.157
392,20,0.187
392,21,1.201
392,22,0.874
392,23,1.084
392,24,0.997
392,25,0.597
392,26,0.345
392,27,0.049
392,28,0.046
392,29,0.033
392,30,0.046
392,31,0.034
392,32,0.045
392,33,0.035
392,34,0.048
392,35,0.035
392,36,0.035
392,37,0.048
392,38,0.035
392,39,0.035
392,40,0.153
392,41,0.134
392,42,0.097
392,43,0.126
392,44,0.137
392,45,0.224
392,46,1.14
392,47,2.094
392,48,0.302
393,1,0.374
393,2,0.049
393,3,0.035
393,4,0.036
393,5,0.048
393,6,0.035
393,7,0.034
393,8,0.036
393,9,0.048
393,10,0.036
393,11,0.036
393,12,0.036
393,13,0.049
393,14,0.15
393,15,0.126
393,16,0.122
393,17,0.162
393,18,0.2
393,19,0.159
393,20,0.917
393,21,1.297
393,22,1.067
393,23,0.084
393,24,0.055
393,25,0.038
393,26,0.038
393,27,0.052
393,28,0.039
393,29,0.04
393,30,0.05
393,31,0.037
393,32,0.038
393,33,0.052
393,34,0.039
393,35,0.039
393,36,0.039
393,37,0.047
393,38,0.045
393,39,0.039
393,40,0.15
393,41,0.134
393,42,0.048
393,43,0.044
393,44,0.04
393,45,0.143
393,46,0.122
393,47,0.144
393,48,0.784
394,1,0.941
394,2,0.062
394,3,0.04
394,4,0.052
394,5,0.041
394,6,0.039
394,7,0.051
394,8,0.041
394,9,0.04
394,10,0.04
394,11,0.055
394,12,0.041
394,13,0.04
394,14,0.145
394,15,0.142
394,16,0.132
394,17,0.167
394,18,0.166
394,19,0.166
394,20,0.17
394,21,0.19
394,22,0.12
394,23,1.169
394,24,0.164
394,25,0.387
394,26,0.93
394,27,1.205
394,28,1.141
394,29,0.322
394,30,0.323
394,31,0.334
394,32,0.628
394,33,0.717
394,34,0.077
394,35,0.065
394,36,0.07
394,37,0.075
394,38,0.063
394,39,1.047
394,40,1.301
394,41,1.235
394,42,0.632
394,43,0.047
394,44,0.064
394,45,0.158
394,46,1.134
394,47,2.426
394,48,0.416
395,1,0.337
395,2,0.229
395,3,0.05
395,4,0.058
395,5,0.056
395,6,0.049
395,7,0.051
395,8,0.057
395,9,0.061
395,10,0.051
395,11,0.052
395,12,0.051
395,13,0.051
395,14,0.158
395,15,0.153
395,16,0.139
395,17,0.178
395,18,0.171
395,19,0.167
395,20,0.174
395,21,0.187
395,22,0.129
395,23,1.214
395,24,1.016
395,25,0.829
395,26,0.084
395,27,0.083
395,28,0.082
395,29,0.078
395,30,0.082
395,31,0.084
395,32,0.202
395,33,0.184
395,34,0.084
395,35,0.08
395,36,0.08
395,37,0.08
395,38,0.081
395,39,0.082
395,40,0.194
395,41,0.176
395,42,0.175
395,43,0.727
395,44,0.373
395,45,0.196
395,46,0.092
395,47,0.16
395,48,1.111
396,1,0.827
396,2,0.721
396,3,0.7
396,4,0.673
396,5,0.614
396,6,0.532
396,7,0.314
396,8,0.228
396,9,0.152
396,10,0.141
396,11,0.131
396,12,0.125
396,13,0.257
396,14,0.249
396,15,0.155
396,16,0.221
396,17,0.226
396,18,0.223
396,19,0.247
396,20,0.235
396,21,0.862
396,22,0.603
396,23,0.044
396,24,0.037
396,25,0.037
396,26,0.036
396,27,0.036
396,28,0.036
396,29,0.039
396,30,0.042
396,31,0.042
396,32,0.178
396,33,0.092
396,34,0.037
396,35,0.048
396,36,0.045
396,37,0.044
396,38,0.045
396,39,0.045
396,40,0.183
396,41,0.1
396,42,0.167
396,43,0.177
396,44,0.808
396,45,1.05
396,46,0.212
396,47,0.162
396,48,0.175
397,1,0.096
397,2,0.054
397,3,0.039
397,4,0.039
397,5,0.036
397,6,0.181
397,7,0.161
397,8,0.089
397,9,0.041
397,10,0.048
397,11,0.042
397,12,0.039
397,13,0.18
397,14,0.167
397,15,0.09
397,16,0.155
397,17,0.171
397,18,0.163
397,19,0.161
397,20,0.181
397,21,0.922
397,22,0.575
397,23,0.297
397,24,0.287
397,25,0.283
397,26,0.177
397,27,0.69
397,28,0.932
397,29,0.066
397,30,0.152
397,31,0.149
397,32,0.23
397,33,0.785
397,34,0.459
397,35,0.228
397,36,0.152
397,37,0.143
397,38,0.047
397,39,0.196
397,40,0.19
397,41,0.104
397,42,0.165
397,43,0.171
397,44,0.169
397,45,0.17
397,46,0.089
397,47,0.165
397,48,0.187
398,1,0.105
398,2,1.147
398,3,1.041
398,4,0.068
398,5,0.045
398,6,0.181
398,7,0.167
398,8,0.09
398,9,0.04
398,10,0.039
398,11,0.054
398,12,0.039
398,13,0.181
398,14,0.168
398,15,0.097
398,16,0.15
398,17,0.17
398,18,0.166
398,19,0.162
398,20,0.162
398,21,0.16
398,22,0.143
398,23,0.449
398,24,0.117
398,25,0.125
398,26,0.131
398,27,0.331
398,28,0.068
398,29,0.184
398,30,0.968
398,31,0.708
398,32,0.064
398,33,0.04
398,34,0.086
398,35,0.14
398,36,0.444
398,37,0.288
398,38,0.298
398,39,0.097
398,40,0.218
398,41,0.132
398,42,0.221
398,43,0.217
398,44,0.304
398,45,1.256
398,46,0.173
398,47,0.161
398,48,0.167
399,1,0.076
399,2,0.053
399,3,0.038
399,4,0.037
399,5,0.055
399,6,0.173
399,7,0.168
399,8,0.105
399,9,0.044
399,10,0.039
399,11,0.04
399,12,0.052
399,13,0.182
399,14,0.162
399,15,0.09
399,16,0.149
399,17,0.174
399,18,0.159
399,19,0.172
399,20,0.501
399,21,0.952
399,22,0.162
399,23,0.159
399,24,0.162
399,25,0.16
399,26,0.157
399,27,0.079
399,28,0.053
399,29,0.158
399,30,0.16
399,31,0.166
399,32,0.172
399,33,0.081
399,34,0.145
399,35,0.091
399,36,0.149
399,37,0.094
399,38,0.041
399,39,0.053
399,40,0.156
399,41,0.086
399,42,0.156
399,43,0.172
399,44,0.16
399,45,0.162
399,46,0.094
399,47,0.191
399,48,1.6
400,1,0.404
400,2,0.198
400,3,0.056
400,4,0.042
400,5,0.058
400,6,0.181
400,7,0.176
400,8,0.092
400,9,0.049
400,10,0.045
400,11,0.04
400,12,0.055
400,13,0.178
400,14,0.168
400,15,0.099
400,16,0.153
400,17,0.179
400,18,0.164
400,19,0.159
400,20,0.196
400,21,0.432
400,22,0.468
400,23,1.045
400,24,0.157
400,25,0.164
400,26,0.154
400,27,0.085
400,28,0.039
400,29,0.163
400,30,0.164
400,31,0.155
400,32,0.163
400,33,0.083
400,34,0.155
400,35,0.082
400,36,0.129
400,37,0.061
400,38,0.039
400,39,0.071
400,40,1.112
400,41,0.131
400,42,0.166
400,43,0.189
400,44,0.512
400,45,0.426
400,46,0.19
400,47,0.153
400,48,0.175
401,1,0.083
401,2,0.053
401,3,0.037
401,4,0.05
401,5,0.044
401,6,0.178
401,7,0.179
401,8,0.085
401,9,0.05
401,10,0.044
401,11,0.04
401,12,0.055
401,13,0.18
401,14,0.161
401,15,0.104
401,16,0.149
401,17,0.16
401,18,0.191
401,19,0.408
401,20,0.169
401,21,0.166
401,22,0.163
401,23,0.183
401,24,0.516
401,25,0.342
401,26,0.306
401,27,0.291
401,28,0.53
401,29,0.355
401,30,0.331
401,31,0.613
401,32,0.409
401,33,0.191
401,34,0.269
401,35,0.202
401,36,0.139
401,37,0.149
401,38,0.142
401,39,0.139
401,40,0.298
401,41,0.185
401,42,0.245
401,43,0.273
401,44,0.259
401,45,0.259
401,46,0.199
401,47,0.292
401,48,0.4
402,1,0.229
402,2,0.045
402,3,0.046
402,4,0.054
402,5,0.039
402,6,0.187
402,7,0.168
402,8,0.101
402,9,0.039
402,10,0.054
402,11,0.039
402,12,0.055
402,13,0.181
402,14,0.171
402,15,0.099
402,16,0.145
402,17,0.173
402,18,0.158
402,19,0.172
402,20,0.164
402,21,0.202
402,22,0.177
402,23,0.349
402,24,0.455
402,25,0.106
402,26,0.053
402,27,0.041
402,28,0.047
402,29,0.074
402,30,0.043
402,31,0.495
402,32,0.583
402,33,1.092
402,34,1.179
402,35,1.09
402,36,0.848
402,37,1.014
402,38,0.102
402,39,0.057
402,40,0.177
402,41,0.085
402,42,0.163
402,43,0.175
402,44,0.166
402,45,0.165
402,46,0.36
402,47,1.329
402,48,1.292
403,1,0.201
403,2,0.041
403,3,0.054
403,4,0.039
403,5,0.039
403,6,0.175
403,7,0.162
403,8,0.11
403,9,0.045
403,10,0.041
403,11,0.041
403,12,0.041
403,13,0.18
403,14,0.169
403,15,0.098
403,16,0.159
403,17,0.164
403,18,0.161
403,19,0.161
403,20,0.161
403,21,0.2
403,22,0.192
403,23,0.256
403,24,1.39
403,25,0.321
403,26,0.054
403,27,0.04
403,28,0.039
403,29,0.039
403,30,0.043
403,31,0.053
403,32,0.041
403,33,0.039
403,34,0.178
403,35,0.09
403,36,0.04
403,37,0.038
403,38,0.04
403,39,0.19
403,40,0.432
403,41,0.905
403,42,1.313
403,43,1.185
403,44,0.077
403,45,0.047
403,46,0.041
403,47,0.183
403,48,0.168
404,1,0.098
404,2,0.05
404,3,0.041
404,4,0.041
404,5,0.041
404,6,0.182
404,7,0.166
404,8,0.093
404,9,0.042
404,10,0.051
404,11,0.049
404,12,0.042
404,13,0.175
404,14,0.172
404,15,0.086
404,16,0.156
404,17,0.163
404,18,0.177
404,19,0.247
404,20,1.416
404,21,1.452
404,22,1.234
404,23,0.284
404,24,0.092
404,25,0.121
404,26,0.755
404,27,2.206
404,28,2.379
404,29,1.284
404,30,1.073
404,31,0.075
404,32,0.039
404,33,0.053
404,34,0.174
404,35,0.105
404,36,0.052
404,37,0.038
404,38,0.114
404,39,0.141
404,40,0.218
404,41,0.164
404,42,0.178
404,43,0.095
404,44,0.04
404,45,0.04
404,46,0.056
404,47,0.382
404,48,0.274
405,1,0.093
405,2,0.07
405,3,0.052
405,4,0.05
405,5,0.05
405,6,0.189
405,7,0.179
405,8,0.119
405,9,0.051
405,10,0.051
405,11,0.051
405,12,0.05
405,13,0.194
405,14,0.172
405,15,0.118
405,16,0.164
405,17,0.168
405,18,0.182
405,19,0.192
405,20,0.882
405,21,0.798
405,22,0.173
405,23,0.159
405,24,0.079
405,25,0.04
405,26,0.071
405,27,0.084
405,28,0.912
405,29,0.956
405,30,0.149
405,31,0.074
405,32,0.051
405,33,0.048
405,34,0.182
405,35,0.1
405,36,0.062
405,37,0.05
405,38,0.049
405,39,0.049
405,40,0.199
405,41,0.179
405,42,0.32
405,43,1.018
405,44,1.216
405,45,0.864
405,46,0.068
405,47,0.19
405,48,0.182
406,1,0.094
406,2,0.05
406,3,0.049
406,4,0.048
406,5,0.061
406,6,0.192
406,7,0.168
406,8,0.104
406,9,0.049
406,10,0.049
406,11,0.049
406,12,0.047
406,13,0.187
406,14,0.171
406,15,0.099
406,16,0.164
406,17,0.175
406,18,0.177
406,19,0.172
406,20,0.201
406,21,0.179
406,22,0.679
406,23,1.05
406,24,0.35
406,25,0.809
406,26,0.431
406,27,0.438
406,28,1.031
406,29,0.938
406,30,0.079
406,31,0.042
406,32,0.057
406,33,0.043
406,34,0.179
406,35,0.088
406,36,0.043
406,37,0.044
406,38,0.043
406,39,0.05
406,40,0.181
406,41,0.173
406,42,0.164
406,43,0.093
406,44,0.043
406,45,0.154
406,46,0.313
406,47,2.073
406,48,0.304
407,1,0.302
407,2,0.173
407,3,0.041
407,4,0.047
407,5,0.052
407,6,0.183
407,7,0.169
407,8,0.093
407,9,0.042
407,10,0.043
407,11,0.041
407,12,0.043
407,13,0.182
407,14,0.178
407,15,0.097
407,16,0.158
407,17,0.169
407,18,0.168
407,19,0.164
407,20,0.162
407,21,0.357
407,22,0.959
407,23,0.939
407,24,0.097
407,25,0.056
407,26,0.042
407,27,0.042
407,28,0.042
407,29,0.042
407,30,0.042
407,31,0.042
407,32,0.042
407,33,0.045
407,34,0.186
407,35,0.095
407,36,0.047
407,37,0.044
407,38,0.043
407,39,0.042
407,40,0.18
407,41,0.167
407,42,0.168
407,43,0.095
407,44,0.042
407,45,0.286
407,46,0.612
407,47,0.5
407,48,0.083
408,1,0.079
408,2,0.079
408,3,0.079
408,4,0.08
408,5,0.08
408,6,0.221
408,7,0.215
408,8,0.135
408,9,0.081
408,10,0.08
408,11,0.079
408,12,0.081
408,13,0.081
408,14,0.222
408,15,0.134
408,16,0.194
408,17,0.2
408,18,0.201
408,19,0.312
408,20,0.855
408,21,0.655
408,22,0.835
408,23,0.162
408,24,0.086
408,25,0.043
408,26,0.043
408,27,0.047
408,28,0.048
408,29,0.047
408,30,0.045
408,31,0.044
408,32,0.044
408,33,0.042
408,34,0.185
408,35,0.097
408,36,0.044
408,37,0.044
408,38,0.043
408,39,0.042
408,40,0.181
408,41,0.165
408,42,0.163
408,43,0.087
408,44,0.044
408,45,0.166
408,46,0.168
408,47,0.225
408,48,0.429
409,1,0.095
409,2,0.05
409,3,0.049
409,4,0.046
409,5,0.042
409,6,0.177
409,7,0.163
409,8,0.095
409,9,0.041
409,10,0.04
409,11,0.043
409,12,0.044
409,13,0.044
409,14,0.185
409,15,0.09
409,16,0.16
409,17,0.173
409,18,0.167
409,19,0.583
409,20,1.348
409,21,1.033
409,22,0.162
409,23,1.097
409,24,1.082
409,25,0.936
409,26,0.949
409,27,0.927
409,28,0.056
409,29,0.049
409,30,0.063
409,31,0.052
409,32,0.413
409,33,0.056
409,34,0.059
409,35,0.419
409,36,0.485
409,37,0.622
409,38,0.165
409,39,0.088
409,40,0.799
409,41,1.585
409,42,1.356
409,43,0.56
409,44,0.093
409,45,0.219
409,46,0.208
409,47,0.132
409,48,0.081
410,1,0.083
410,2,0.491
410,3,0.041
410,4,0.055
410,5,0.042
410,6,0.186
410,7,0.072
410,8,0.041
410,9,0.055
410,10,0.042
410,11,0.042
410,12,0.042
410,13,0.042
410,14,0.043
410,15,0.042
410,16,0.195
410,17,0.176
410,18,0.162
410,19,0.562
410,20,1.215
410,21,0.682
410,22,0.51
410,23,0.219
410,24,0.092
410,25,0.042
410,26,0.041
410,27,0.041
410,28,0.041
410,29,0.041
410,30,0.041
410,31,0.042
410,32,0.041
410,33,0.04
410,34,0.042
410,35,0.041
410,36,0.04
410,37,0.041
410,38,0.041
410,39,0.041
410,40,0.188
410,41,0.173
410,42,0.165
410,43,0.113
410,44,1.013
410,45,0.38
410,46,0.396
410,47,1.542
410,48,0.164
411,1,0.254
411,2,0.105
411,3,0.042
411,4,0.042
411,5,0.039
411,6,0.04
411,7,0.04
411,8,0.04
411,9,0.038
411,10,0.041
411,11,0.031
411,12,0.032
411,13,0.04
411,14,0.04
411,15,0.04
411,16,0.183
411,17,0.167
411,18,0.162
411,19,0.177
411,20,0.183
411,21,1.21
411,22,1.113
411,23,0.461
411,24,0.094
411,25,0.043
411,26,0.052
411,27,0.043
411,28,0.041
411,29,0.041
411,30,0.041
411,31,0.041
411,32,0.04
411,33,0.041
411,34,0.042
411,35,0.214
411,36,0.041
411,37,0.041
411,38,0.077
411,39,1.247
411,40,1.184
411,41,1.111
411,42,1.146
411,43,0.945
411,44,0.384
411,45,0.894
411,46,0.181
411,47,0.097
411,48,0.042
412,1,0.052
412,2,0.046
412,3,0.042
412,4,0.042
412,5,0.041
412,6,0.041
412,7,0.041
412,8,0.04
412,9,0.042
412,10,0.043
412,11,0.042
412,12,0.042
412,13,0.041
412,14,0.033
412,15,0.288
412,16,1.308
412,17,1.258
412,18,1.28
412,19,1.306
412,20,1.037
412,21,1.485
412,22,0.107
412,23,0.041
412,24,0.042
412,25,0.042
412,26,0.042
412,27,0.042
412,28,0.042
412,29,0.042
412,30,0.042
412,31,0.042
412,32,0.07
412,33,0.044
412,34,0.303
412,35,1.169
412,36,2.308
412,37,1.314
412,38,1.376
412,39,1.492
412,40,0.728
412,41,0.088
412,42,0.096
412,43,0.205
412,44,1.092
412,45,0.242
412,46,0.17
412,47,0.098
412,48,0.046
413,1,0.05
413,2,0.053
413,3,0.045
413,4,0.044
413,5,0.044
413,6,0.19
413,7,0.166
413,8,0.086
413,9,0.043
413,10,0.042
413,11,0.042
413,12,0.042
413,13,0.042
413,14,0.184
413,15,0.167
413,16,0.168
413,17,0.165
413,18,0.161
413,19,0.16
413,20,0.161
413,21,0.164
413,22,1.354
413,23,0.75
413,24,0.055
413,25,0.054
413,26,0.043
413,27,0.042
413,28,0.042
413,29,0.042
413,30,0.042
413,31,0.041
413,32,0.042
413,33,1.022
413,34,1.174
413,35,0.578
413,36,0.16
413,37,0.162
413,38,0.157
413,39,0.157
413,40,0.56
413,41,1.13
413,42,1.116
413,43,1.159
413,44,1.001
413,45,0.381
413,46,0.218
413,47,0.08
413,48,0.042
414,1,0.057
414,2,0.04
414,3,0.04
414,4,0.04
414,5,0.04
414,6,0.18
414,7,0.174
414,8,0.099
414,9,0.042
414,10,0.041
414,11,0.042
414,12,0.041
414,13,0.041
414,14,0.184
414,15,0.167
414,16,0.164
414,17,0.162
414,18,0.164
414,19,0.164
414,20,0.182
414,21,0.461
414,22,0.798
414,23,1.022
414,24,0.046
414,25,0.041
414,26,0.041
414,27,0.042
414,28,0.042
414,29,0.042
414,30,0.041
414,31,0.041
414,32,0.045
414,33,0.186
414,34,0.177
414,35,0.166
414,36,0.166
414,37,0.162
414,38,0.159
414,39,0.157
414,40,0.158
414,41,0.089
414,42,0.042
414,43,0.042
414,44,0.044
414,45,0.176
414,46,0.46
414,47,0.322
414,48,0.183
415,1,0.169
415,2,0.171
415,3,0.172
415,4,0.173
415,5,0.171
415,6,0.303
415,7,0.292
415,8,0.221
415,9,0.168
415,10,0.168
415,11,0.169
415,12,0.169
415,13,0.167
415,14,0.315
415,15,0.285
415,16,0.292
415,17,0.291
415,18,0.282
415,19,0.233
415,20,0.6
415,21,1.026
415,22,1.149
415,23,1.081
415,24,1.035
415,25,0.089
415,26,0.081
415,27,0.081
415,28,0.081
415,29,0.082
415,30,0.08
415,31,0.082
415,32,0.082
415,33,0.081
415,34,0.082
415,35,0.08
415,36,0.079
415,37,0.223
415,38,0.203
415,39,0.195
415,40,0.199
415,41,0.127
415,42,0.128
415,43,0.145
415,44,0.632
415,45,0.173
415,46,0.127
415,47,0.126
415,48,0.128
