213,1,0.372
213,2,0.358
213,3,0.519
213,4,0.303
213,5,0.309
213,6,0.23
213,7,0.31
213,8,0.274
213,9,0.288
213,10,0.224
213,11,0.283
213,12,0.302
213,13,0.256
213,14,0.245
213,15,1.155
213,16,4.19
213,17,2.699
213,18,1.756
213,19,1.675
213,20,0.562
213,21,0.281
213,22,0.215
213,23,0.287
213,24,0.264
213,25,0.311
213,26,0.226
213,27,0.298
213,28,0.294
213,29,0.406
213,30,0.298
213,31,0.716
213,32,0.453
213,33,0.32
213,34,0.315
213,35,0.231
213,36,0.24
213,37,0.309
213,38,0.318
213,39,0.243
213,40,0.299
213,41,0.194
213,42,0.312
213,43,0.283
213,44,0.312
213,45,0.431
213,46,0.614
213,47,0.579
213,48,0.603
214,1,0.356
214,2,0.528
214,3,0.509
214,4,0.422
214,5,0.236
214,6,0.217
214,7,0.324
214,8,0.234
214,9,0.315
214,10,0.189
214,11,0.298
214,12,0.246
214,13,0.313
214,14,0.209
214,15,0.26
214,16,0.285
214,17,0.309
214,18,0.884
214,19,0.354
214,20,0.397
214,21,0.25
214,22,0.226
214,23,0.256
214,24,0.467
214,25,0.348
214,26,0.198
214,27,0.397
214,28,0.379
214,29,0.264
214,30,0.414
214,31,0.44
214,32,0.411
214,33,0.328
214,34,0.323
214,35,0.389
214,36,0.493
214,37,0.33
214,38,0.31
214,39,0.603
214,40,2.242
214,41,0.546
214,42,0.7
214,43,0.422
214,44,0.494
214,45,0.449
214,46,0.368
214,47,0.307
214,48,0.416
215,1,0.427
215,2,0.356
215,3,0.226
215,4,0.307
215,5,0.362
215,6,0.214
215,7,0.26
215,8,0.284
215,9,0.354
215,10,0.22
215,11,0.276
215,12,0.293
215,13,0.313
215,14,0.269
215,15,0.256
215,16,0.257
215,17,0.273
215,18,0.32
215,19,0.195
215,20,0.284
215,21,0.28
215,22,0.336
215,23,0.169
215,24,0.445
215,25,0.453
215,26,0.363
215,27,0.251
215,28,0.282
215,29,0.7
215,30,0.406
215,31,0.492
215,32,0.423
215,33,0.284
215,34,0.622
215,35,0.27
215,36,0.296
215,37,0.29
215,38,0.399
215,39,0.757
215,40,0.905
215,41,0.713
215,42,0.908
215,43,0.872
215,44,1.641
215,45,1.814
215,46,1.03
215,47,1.056
215,48,3.438
216,1,3.327
216,2,2.59
216,3,0.785
216,4,1.245
216,5,2.598
216,6,2.149
216,7,1.106
216,8,0.26
216,9,0.296
216,10,0.292
216,11,0.188
216,12,0.345
216,13,0.29
216,14,0.361
216,15,0.187
216,16,0.514
216,17,0.468
216,18,0.551
216,19,0.419
216,20,0.327
216,21,0.384
216,22,1.127
216,23,1.206
216,24,0.46
216,25,0.15
216,26,1.079
216,27,0.509
216,28,0.685
216,29,0.355
216,30,0.301
216,31,0.283
216,32,0.477
216,33,0.362
216,34,0.498
216,35,0.345
216,36,0.304
216,37,0.453
216,38,0.507
216,39,0.298
216,40,0.216
216,41,0.984
216,42,1.697
216,43,4.12
216,44,3.228
216,45,3.16
216,46,2.14
216,47,1.783
216,48,1.436
217,1,0.328
217,2,0.19
217,3,0.31
217,4,0.427
217,5,0.433
217,6,0.349
217,7,0.219
217,8,0.294
217,9,0.246
217,10,0.362
217,11,0.235
217,12,0.234
217,13,0.263
217,14,0.354
217,15,0.255
217,16,0.555
217,17,0.353
217,18,0.431
217,19,0.39
217,20,0.394
217,21,0.375
217,22,0.602
217,23,0.458
217,24,0.499
217,25,0.741
217,26,0.311
217,27,0.317
217,28,0.3
217,29,0.536
217,30,1.617
217,31,1.165
217,32,0.558
217,33,0.928
217,34,1.181
217,35,0.548
217,36,0.46
217,37,0.359
217,38,0.442
217,39,0.318
217,40,0.421
217,41,0.403
217,42,1.513
217,43,3.472
217,44,2.096
217,45,1.961
217,46,1.522
217,47,1.356
217,48,0.611
218,1,0.463
218,2,0.259
218,3,0.382
218,4,0.245
218,5,0.322
218,6,0.304
218,7,0.302
218,8,0.239
218,9,0.405
218,10,0.267
218,11,0.326
218,12,0.195
218,13,0.282
218,14,0.225
218,15,0.292
218,16,0.855
218,17,0.994
218,18,0.725
218,19,0.755
218,20,1.466
218,21,0.442
218,22,0.327
218,23,0.424
218,24,0.371
218,25,0.434
218,26,0.444
218,27,0.374
218,28,0.453
218,29,0.448
218,30,0.313
218,31,0.381
218,32,0.439
218,33,1.033
218,34,0.349
218,35,0.78
218,36,0.367
218,37,0.323
218,38,0.283
218,39,0.489
218,40,1.139
218,41,0.303
218,42,0.261
218,43,0.291
218,44,0.987
218,45,0.969
218,46,0.706
218,47,0.675
218,48,0.523
219,1,0.603
219,2,0.35
219,3,0.341
219,4,0.289
219,5,0.295
219,6,0.242
219,7,0.207
219,8,0.262
219,9,0.251
219,10,0.278
219,11,0.213
219,12,0.257
219,13,0.24
219,14,0.309
219,15,0.201
219,16,0.536
219,17,0.282
219,18,0.307
219,19,0.406
219,20,0.297
219,21,0.419
219,22,0.394
219,23,0.422
219,24,0.471
219,25,0.498
219,26,0.444
219,27,0.497
219,28,0.302
219,29,0.407
219,30,0.459
219,31,1.2
219,32,0.563
219,33,0.477
219,34,0.427
219,35,0.529
219,36,0.475
219,37,0.533
219,38,0.317
219,39,0.162
219,40,0.249
219,41,0.267
219,42,0.425
219,43,0.634
219,44,0.924
219,45,0.895
219,46,0.955
219,47,0.881
219,48,0.822
220,1,0.717
220,2,0.544
220,3,0.623
220,4,0.444
220,5,0.303
220,6,0.275
220,7,0.292
220,8,0.182
220,9,0.319
220,10,0.281
220,11,0.283
220,12,0.239
220,13,0.205
220,14,0.291
220,15,0.221
220,16,0.358
220,17,0.244
220,18,0.188
220,19,0.225
220,20,0.292
220,21,0.304
220,22,0.272
220,23,0.3
220,24,0.288
220,25,0.356
220,26,0.326
220,27,0.358
220,28,0.21
220,29,0.996
220,30,0.321
220,31,0.283
220,32,0.716
220,33,0.832
220,34,0.406
220,35,0.338
220,36,0.312
220,37,0.531
220,38,0.314
220,39,0.397
220,40,0.358
220,41,0.426
220,42,1.441
220,43,1.498
220,44,0.549
220,45,0.544
220,46,1.452
220,47,0.318
220,48,0.443
221,1,0.321
221,2,0.353
221,3,0.343
221,4,0.255
221,5,0.214
221,6,0.368
221,7,0.305
221,8,0.321
221,9,0.237
221,10,0.28
221,11,0.22
221,12,0.342
221,13,0.278
221,14,0.296
221,15,0.195
221,16,0.274
221,17,2.09
221,18,3.217
221,19,2.277
221,20,1.561
221,21,0.729
221,22,0.373
221,23,0.411
221,24,0.277
221,25,0.737
221,26,1.462
221,27,1.729
221,28,0.697
221,29,1.151
221,30,1.137
221,31,0.667
221,32,0.321
221,33,1.534
221,34,0.392
221,35,0.504
221,36,0.368
221,37,0.895
221,38,0.632
221,39,0.796
221,40,0.804
221,41,3.176
221,42,3.791
221,43,4.578
221,44,2.726
221,45,2.548
221,46,0.88
221,47,0.552
221,48,0.3
222,1,0.313
222,2,0.24
222,3,0.301
222,4,0.218
222,5,0.324
222,6,0.27
222,7,0.346
222,8,0.17
222,9,0.298
222,10,0.283
222,11,0.32
222,12,0.232
222,13,0.273
222,14,0.238
222,15,0.297
222,16,1.825
222,17,0.408
222,18,0.21
222,19,0.256
222,20,1.692
222,21,0.619
222,22,1.8
222,23,1.791
222,24,1.145
222,25,0.464
222,26,0.43
222,27,0.318
222,28,0.29
222,29,0.375
222,30,0.246
222,31,0.322
222,32,0.458
222,33,0.78
222,34,0.375
222,35,0.33
222,36,0.314
222,37,1.365
222,38,1.697
222,39,1.529
222,40,0.979
222,41,0.568
222,42,1.28
222,43,2.532
222,44,1.437
222,45,0.784
222,46,0.308
222,47,0.461
222,48,0.305
223,1,0.347
223,2,0.226
223,3,0.316
223,4,0.172
223,5,0.321
223,6,0.261
223,7,0.36
223,8,0.199
223,9,0.259
223,10,0.265
223,11,0.313
223,12,0.25
223,13,0.274
223,14,0.23
223,15,0.2
223,16,0.446
223,17,1.411
223,18,0.483
223,19,0.285
223,20,0.314
223,21,0.344
223,22,0.347
223,23,0.732
223,24,0.308
223,25,0.313
223,26,0.434
223,27,0.542
223,28,1.245
223,29,1.319
223,30,1.268
223,31,0.518
223,32,1.001
223,33,1.248
223,34,0.484
223,35,1.08
223,36,1.318
223,37,1.089
223,38,0.298
223,39,0.896
223,40,0.434
223,41,0.316
223,42,0.391
223,43,0.549
223,44,2.257
223,45,1.088
223,46,0.751
223,47,0.605
223,48,0.495
224,1,0.343
224,2,0.312
224,3,0.322
224,4,0.251
224,5,0.377
224,6,0.183
224,7,0.282
224,8,0.357
224,9,0.305
224,10,0.285
224,11,0.353
224,12,0.248
224,13,0.329
224,14,0.194
224,15,0.315
224,16,0.293
224,17,0.36
224,18,0.468
224,19,0.352
224,20,0.204
224,21,0.227
224,22,0.322
224,23,0.322
224,24,0.288
224,25,0.317
224,26,1.674
224,27,0.322
224,28,0.497
224,29,0.373
224,30,0.343
224,31,0.296
224,32,0.288
224,33,0.325
224,34,0.406
224,35,0.256
224,36,0.334
224,37,0.306
224,38,0.384
224,39,0.71
224,40,1.32
224,41,1.849
224,42,2.007
224,43,1.404
224,44,4.409
224,45,3.541
224,46,2.956
224,47,1.608
224,48,0.545
225,1,0.45
225,2,0.329
225,3,0.399
225,4,0.25
225,5,0.314
225,6,0.214
225,7,0.342
225,8,0.258
225,9,0.377
225,10,0.262
225,11,0.242
225,12,0.243
225,13,0.312
225,14,0.309
225,15,2.245
225,16,0.597
225,17,0.28
225,18,0.308
225,19,0.275
225,20,0.346
225,21,0.208
225,22,0.988
225,23,0.338
225,24,0.303
225,25,0.322
225,26,0.403
225,27,2.317
225,28,3.372
225,29,2.428
225,30,1.992
225,31,2.308
225,32,0.375
225,33,0.247
225,34,0.546
225,35,0.339
225,36,0.4
225,37,0.334
225,38,0.348
225,39,0.196
225,40,0.593
225,41,0.894
225,42,0.508
225,43,0.594
225,44,1.524
225,45,2.086
225,46,1.879
225,47,0.705
225,48,0.928
226,1,0.266
226,2,0.319
226,3,0.206
226,4,0.294
226,5,0.268
226,6,0.329
226,7,0.316
226,8,0.253
226,9,0.243
226,10,0.288
226,11,0.329
226,12,0.258
226,13,0.378
226,14,0.189
226,15,0.228
226,16,0.325
226,17,0.596
226,18,0.332
226,19,0.261
226,20,0.241
226,21,0.176
226,22,0.371
226,23,0.299
226,24,0.34
226,25,0.288
226,26,0.259
226,27,0.376
226,28,0.358
226,29,0.314
226,30,0.236
226,31,0.278
226,32,0.186
226,33,0.279
226,34,0.295
226,35,0.265
226,36,0.485
226,37,0.245
226,38,0.571
226,39,0.303
226,40,0.594
226,41,1.361
226,42,1.963
226,43,1.854
226,44,2.005
226,45,0.971
226,46,1.389
226,47,1.653
226,48,0.649
227,1,0.25
227,2,0.379
227,3,0.26
227,4,0.315
227,5,0.352
227,6,0.158
227,7,0.28
227,8,0.329
227,9,0.228
227,10,0.377
227,11,0.241
227,12,0.166
227,13,0.36
227,14,0.25
227,15,0.302
227,16,1.513
227,17,0.196
227,18,0.249
227,19,0.288
227,20,0.31
227,21,0.257
227,22,0.27
227,23,0.283
227,24,0.37
227,25,0.435
227,26,0.23
227,27,0.511
227,28,0.492
227,29,0.907
227,30,0.797
227,31,0.422
227,32,0.384
227,33,0.35
227,34,0.397
227,35,1.299
227,36,0.578
227,37,0.447
227,38,0.337
227,39,1.557
227,40,1.086
227,41,0.46
227,42,0.424
227,43,1.656
227,44,1.559
227,45,1.459
227,46,0.798
227,47,0.922
227,48,1.218
228,1,0.454
228,2,0.357
228,3,0.191
228,4,0.375
228,5,0.31
228,6,0.303
228,7,0.299
228,8,0.346
228,9,0.276
228,10,0.336
228,11,0.312
228,12,0.277
228,13,0.162
228,14,0.346
228,15,0.285
228,16,0.312
228,17,1.231
228,18,0.514
228,19,0.224
228,20,0.294
228,21,0.295
228,22,1.037
228,23,2.434
228,24,0.764
228,25,0.632
228,26,2.56
228,27,2.132
228,28,0.337
228,29,1.696
228,30,1.022
228,31,0.453
228,32,1.125
228,33,0.62
228,34,0.409
228,35,0.212
228,36,0.605
228,37,0.582
228,38,0.69
228,39,2.269
228,40,2.784
228,41,1.998
228,42,1.983
228,43,2.358
228,44,0.614
228,45,0.536
228,46,0.715
228,47,0.786
228,48,0.939
229,1,0.589
229,2,0.295
229,3,0.237
229,4,0.313
229,5,0.338
229,6,0.323
229,7,0.244
229,8,0.247
229,9,0.253
229,10,0.313
229,11,0.255
229,12,0.362
229,13,0.214
229,14,0.257
229,15,0.24
229,16,1.952
229,17,0.264
229,18,0.479
229,19,0.387
229,20,0.383
229,21,0.439
229,22,0.468
229,23,1.239
229,24,0.548
229,25,0.351
229,26,0.451
229,27,0.413
229,28,0.988
229,29,0.681
229,30,1.125
229,31,0.349
229,32,0.431
229,33,0.182
229,34,0.454
229,35,0.4
229,36,2.097
229,37,1.621
229,38,0.459
229,39,0.737
229,40,1.544
229,41,1.719
229,42,0.803
229,43,0.359
229,44,0.478
229,45,0.586
229,46,0.624
229,47,0.428
229,48,0.212
230,1,0.344
230,2,0.385
230,3,0.363
230,4,0.288
230,5,0.407
230,6,0.246
230,7,0.4
230,8,0.264
230,9,0.339
230,10,0.296
230,11,0.267
230,12,0.191
230,13,0.388
230,14,0.282
230,15,1.322
230,16,2.496
230,17,3.364
230,18,2.331
230,19,1.341
230,20,0.473
230,21,0.298
230,22,0.331
230,23,0.254
230,24,0.382
230,25,0.393
230,26,0.309
230,27,0.486
230,28,0.506
230,29,0.443
230,30,0.559
230,31,0.52
230,32,0.357
230,33,0.297
230,34,0.296
230,35,0.361
230,36,1.261
230,37,1.067
230,38,1.243
230,39,0.329
230,40,0.338
230,41,1.7
230,42,3.088
230,43,2.529
230,44,1.808
230,45,1.697
230,46,0.696
230,47,0.68
230,48,0.374
231,1,0.359
231,2,0.193
231,3,0.273
231,4,0.297
231,5,0.324
231,6,0.256
231,7,0.33
231,8,0.171
231,9,0.317
231,10,0.314
231,11,0.286
231,12,0.317
231,13,0.263
231,14,0.207
231,15,1.4
231,16,2.238
231,17,1.206
231,18,0.657
231,19,1.629
231,20,0.506
231,21,0.478
231,22,0.404
231,23,0.437
231,24,0.539
231,25,0.439
231,26,0.454
231,27,0.947
231,28,2.694
231,29,3.596
231,30,3.003
231,31,2.534
231,32,1.571
231,33,1.233
231,34,0.524
231,35,0.48
231,36,0.816
231,37,0.563
231,38,0.666
231,39,0.561
231,40,0.406
231,41,1.217
231,42,2.001
231,43,2.115
231,44,1.057
231,45,1.054
231,46,0.965
231,47,0.882
231,48,0.791
232,1,0.58
232,2,0.496
232,3,0.393
232,4,0.326
232,5,0.172
232,6,0.387
232,7,0.335
232,8,0.322
232,9,0.234
232,10,0.295
232,11,0.205
232,12,0.306
232,13,0.306
232,14,0.269
232,15,2.239
232,16,2.817
232,17,2.844
232,18,2.39
232,19,1.357
232,20,0.242
232,21,0.283
232,22,0.288
232,23,0.353
232,24,0.284
232,25,0.297
232,26,0.379
232,27,0.305
232,28,0.455
232,29,0.376
232,30,0.294
232,31,0.68
232,32,0.767
232,33,0.308
232,34,0.435
232,35,0.193
232,36,0.317
232,37,0.341
232,38,1.643
232,39,2.479
232,40,2.025
232,41,3.753
232,42,2.18
232,43,1.166
232,44,1.46
232,45,2.046
232,46,0.475
232,47,0.617
232,48,0.519
233,1,0.44
233,2,0.251
233,3,0.429
233,4,0.25
233,5,0.318
233,6,0.191
233,7,0.311
233,8,0.253
233,9,0.333
233,10,0.187
233,11,0.281
233,12,0.249
233,13,0.315
233,14,0.22
233,15,0.203
233,16,0.311
233,17,0.42
233,18,0.246
233,19,0.185
233,20,0.39
233,21,0.318
233,22,0.32
233,23,0.639
233,24,0.398
233,25,0.36
233,26,0.325
233,27,0.278
233,28,0.28
233,29,0.291
233,30,0.237
233,31,0.598
233,32,0.433
233,33,0.589
233,34,0.455
233,35,0.231
233,36,0.484
233,37,0.42
233,38,0.318
233,39,1.158
233,40,1.17
233,41,2.45
233,42,0.567
233,43,1.867
233,44,0.96
233,45,0.565
233,46,0.559
233,47,0.583
233,48,0.349
234,1,0.202
234,2,0.55
234,3,0.298
234,4,0.274
234,5,0.163
234,6,0.386
234,7,0.283
234,8,0.332
234,9,0.177
234,10,0.293
234,11,0.297
234,12,0.207
234,13,0.239
234,14,0.217
234,15,0.324
234,16,0.205
234,17,0.94
234,18,1.263
234,19,0.311
234,20,0.677
234,21,0.941
234,22,0.372
234,23,0.271
234,24,1.81
234,25,0.518
234,26,0.528
234,27,0.358
234,28,0.312
234,29,0.431
234,30,0.29
234,31,0.509
234,32,1.0
234,33,0.887
234,34,0.343
234,35,0.594
234,36,0.506
234,37,0.385
234,38,0.344
234,39,0.2
234,40,0.983
234,41,1.782
234,42,0.536
234,43,0.746
234,44,0.804
234,45,0.748
234,46,0.842
234,47,0.799
234,48,0.759
235,1,0.538
235,2,0.355
235,3,0.302
235,4,0.358
235,5,0.18
235,6,0.268
235,7,0.324
235,8,0.338
235,9,0.236
235,10,0.291
235,11,0.218
235,12,0.342
235,13,0.277
235,14,0.28
235,15,0.144
235,16,0.364
235,17,0.29
235,18,0.25
235,19,1.346
235,20,1.126
235,21,0.914
235,22,0.893
235,23,2.0
235,24,0.69
235,25,0.73
235,26,2.173
235,27,0.717
235,28,4.457
235,29,4.805
235,30,2.558
235,31,2.734
235,32,1.796
235,33,0.791
235,34,3.647
235,35,2.76
235,36,2.157
235,37,0.396
235,38,0.48
235,39,0.412
235,40,0.44
235,41,0.636
235,42,0.409
235,43,0.612
235,44,0.446
235,45,0.534
235,46,0.835
235,47,0.782
235,48,0.888
236,1,0.885
236,2,0.44
236,3,0.275
236,4,0.332
236,5,0.267
236,6,0.24
236,7,0.211
236,8,0.355
236,9,0.234
236,10,0.316
236,11,0.227
236,12,0.247
236,13,0.201
236,14,0.36
236,15,0.283
236,16,0.291
236,17,0.48
236,18,0.371
236,19,0.35
236,20,0.352
236,21,0.294
236,22,0.305
236,23,0.237
236,24,0.4
236,25,0.32
236,26,0.327
236,27,0.299
236,28,0.222
236,29,1.201
236,30,0.617
236,31,0.448
236,32,0.28
236,33,0.879
236,34,0.254
236,35,0.27
236,36,0.367
236,37,0.933
236,38,1.954
236,39,1.649
236,40,1.661
236,41,2.19
236,42,1.101
236,43,5.269
236,44,4.673
236,45,3.942
236,46,3.958
236,47,2.685
236,48,0.33
237,1,0.405
237,2,0.284
237,3,0.244
237,4,0.227
237,5,0.363
237,6,0.255
237,7,0.345
237,8,0.242
237,9,0.24
237,10,0.253
237,11,0.308
237,12,0.266
237,13,0.246
237,14,0.251
237,15,0.189
237,16,0.351
237,17,0.267
237,18,0.237
237,19,0.629
237,20,0.667
237,21,0.436
237,22,0.515
237,23,1.266
237,24,0.42
237,25,1.392
237,26,0.393
237,27,0.546
237,28,0.569
237,29,0.33
237,30,0.256
237,31,0.347
237,32,0.35
237,33,0.468
237,34,0.287
237,35,0.461
237,36,0.43
237,37,0.323
237,38,0.437
237,39,0.43
237,40,0.495
237,41,0.485
237,42,0.724
237,43,1.042
237,44,0.895
237,45,1.089
237,46,0.976
237,47,0.768
237,48,0.751
238,1,0.31
238,2,0.39
238,3,0.291
238,4,0.262
238,5,0.173
238,6,0.379
238,7,0.235
238,8,0.336
238,9,0.274
238,10,0.182
238,11,0.321
238,12,0.26
238,13,0.376
238,14,0.293
238,15,0.215
238,16,0.218
238,17,1.201
238,18,1.314
238,19,0.687
238,20,0.884
238,21,1.012
238,22,0.441
238,23,0.377
238,24,0.384
238,25,0.402
238,26,0.233
238,27,0.48
238,28,0.56
238,29,0.417
238,30,0.483
238,31,0.468
238,32,0.426
238,33,0.225
238,34,0.41
238,35,0.239
238,36,0.476
238,37,0.477
238,38,0.427
238,39,0.375
238,40,0.713
238,41,0.539
238,42,3.803
238,43,1.131
238,44,1.481
238,45,1.157
238,46,0.551
238,47,1.7
238,48,0.461
239,1,0.462
239,2,0.282
239,3,0.235
239,4,0.425
239,5,0.251
239,6,0.225
239,7,0.236
239,8,0.318
239,9,0.278
239,10,0.296
239,11,0.283
239,12,0.157
239,13,0.32
239,14,0.282
239,15,0.281
239,16,0.346
239,17,1.424
239,18,1.371
239,19,0.974
239,20,0.555
239,21,0.519
239,22,0.523
239,23,0.771
239,24,2.245
239,25,1.698
239,26,0.889
239,27,0.984
239,28,1.887
239,29,3.49
239,30,3.346
239,31,3.063
239,32,3.675
239,33,1.58
239,34,0.474
239,35,0.473
239,36,2.418
239,37,1.828
239,38,0.435
239,39,0.414
239,40,0.278
239,41,0.983
239,42,0.655
239,43,0.645
239,44,0.629
239,45,0.546
239,46,0.702
239,47,0.694
239,48,0.95
240,1,0.421
240,2,0.407
240,3,0.399
240,4,0.546
240,5,0.392
240,6,0.336
240,7,0.25
240,8,0.249
240,9,0.215
240,10,0.317
240,11,0.332
240,12,0.189
240,13,0.261
240,14,0.226
240,15,0.309
240,16,0.257
240,17,0.348
240,18,0.272
240,19,0.186
240,20,0.364
240,21,0.283
240,22,0.211
240,23,0.225
240,24,1.035
240,25,0.383
240,26,0.416
240,27,0.252
240,28,0.239
240,29,0.279
240,30,0.433
240,31,0.261
240,32,0.216
240,33,0.252
240,34,0.402
240,35,0.486
240,36,0.453
240,37,0.49
240,38,0.504
240,39,1.087
240,40,1.613
240,41,0.713
240,42,3.107
240,43,1.254
240,44,2.791
240,45,1.83
240,46,1.927
240,47,1.476
240,48,0.51
388,1,0.406
388,2,0.206
388,3,0.241
388,4,0.252
388,5,0.227
388,6,0.256
388,7,0.282
388,8,0.189
388,9,0.223
388,10,0.239
388,11,0.207
388,12,0.21
388,13,0.226
388,14,0.246
388,15,0.364
388,16,1.534
388,17,0.361
388,18,0.942
388,19,1.839
388,20,5.849
388,21,4.381
388,22,1.495
388,23,3.695
388,24,1.118
388,25,1.554
388,26,2.249
388,27,3.017
388,28,2.257
388,29,1.807
388,30,1.141
388,31,0.451
388,32,0.305
388,33,0.463
388,34,0.403
388,35,0.463
388,36,0.421
388,37,1.374
388,38,1.229
388,39,1.077
388,40,1.16
388,41,1.371
388,42,2.01
388,43,0.947
388,44,0.723
388,45,0.629
388,46,0.833
388,47,0.683
388,48,0.491
389,1,0.451
389,2,0.328
389,3,0.348
389,4,0.213
389,5,0.23
389,6,0.264
389,7,0.272
389,8,0.239
389,9,0.24
389,10,0.235
389,11,0.176
389,12,0.3
389,13,0.178
389,14,0.296
389,15,0.353
389,16,0.395
389,17,0.173
389,18,0.732
389,19,0.271
389,20,1.341
389,21,3.388
389,22,2.398
389,23,0.816
389,24,1.748
389,25,1.666
389,26,1.135
389,27,1.296
389,28,0.774
389,29,0.813
389,30,0.926
389,31,0.324
389,32,0.774
389,33,0.535
389,34,0.622
389,35,0.567
389,36,0.644
389,37,0.794
389,38,1.072
389,39,1.041
389,40,2.601
389,41,2.086
389,42,1.099
389,43,1.482
389,44,2.177
389,45,1.046
389,46,0.95
389,47,0.73
389,48,0.536
390,1,0.27
390,2,0.281
390,3,0.224
390,4,0.301
390,5,0.259
390,6,0.265
390,7,0.295
390,8,0.203
390,9,0.31
390,10,0.247
390,11,0.263
390,12,0.268
390,13,0.377
390,14,0.753
390,15,2.302
390,16,3.005
390,17,0.901
390,18,0.908
390,19,0.22
390,20,1.604
390,21,3.801
390,22,3.229
390,23,3.202
390,24,1.488
390,25,1.526
390,26,1.757
390,27,1.002
390,28,1.183
390,29,1.052
390,30,1.047
390,31,1.219
390,32,1.036
390,33,2.967
390,34,1.936
390,35,1.74
390,36,1.69
390,37,1.746
390,38,2.621
390,39,2.81
390,40,2.608
390,41,1.903
390,42,2.98
390,43,1.384
390,44,1.295
390,45,1.52
390,46,1.827
390,47,1.685
390,48,0.618
391,1,0.421
391,2,0.298
391,3,0.195
391,4,0.362
391,5,0.2
391,6,0.277
391,7,0.272
391,8,0.245
391,9,0.328
391,10,0.218
391,11,0.236
391,12,0.299
391,13,0.265
391,14,0.274
391,15,0.796
391,16,0.573
391,17,1.091
391,18,1.427
391,19,1.387
391,20,1.584
391,21,1.318
391,22,1.077
391,23,0.814
391,24,0.406
391,25,0.358
391,26,0.458
391,27,0.988
391,28,0.595
391,29,0.295
391,30,0.329
391,31,0.298
391,32,0.379
391,33,0.819
391,34,1.2
391,35,0.769
391,36,2.374
391,37,1.708
391,38,1.236
391,39,6.809
391,40,2.71
391,41,1.398
391,42,1.965
391,43,2.282
391,44,1.274
391,45,0.997
391,46,1.473
391,47,0.91
391,48,0.379
392,1,0.254
392,2,0.306
392,3,0.227
392,4,0.253
392,5,0.275
392,6,0.208
392,7,0.302
392,8,0.184
392,9,0.289
392,10,0.228
392,11,0.248
392,12,0.268
392,13,0.236
392,14,0.252
392,15,0.382
392,16,1.174
392,17,1.176
392,18,2.02
392,19,1.254
392,20,1.117
392,21,1.208
392,22,1.274
392,23,0.877
392,24,0.719
392,25,0.911
392,26,1.063
392,27,1.041
392,28,1.323
392,29,1.107
392,30,1.133
392,31,1.499
392,32,1.059
392,33,1.453
392,34,1.495
392,35,1.126
392,36,0.997
392,37,2.237
392,38,1.199
392,39,2.296
392,40,2.031
392,41,1.734
392,42,1.597
392,43,1.186
392,44,1.01
392,45,2.152
392,46,3.7
392,47,0.85
392,48,0.6
393,1,0.323
393,2,0.365
393,3,0.256
393,4,0.322
393,5,0.305
393,6,0.256
393,7,0.342
393,8,0.234
393,9,0.313
393,10,0.266
393,11,0.24
393,12,0.31
393,13,0.218
393,14,0.325
393,15,0.223
393,16,0.562
393,17,1.025
393,18,2.695
393,19,2.656
393,20,2.288
393,21,1.815
393,22,2.636
393,23,0.962
393,24,0.952
393,25,1.008
393,26,0.636
393,27,1.115
393,28,0.7
393,29,0.677
393,30,0.63
393,31,0.686
393,32,0.722
393,33,1.185
393,34,1.177
393,35,1.285
393,36,1.036
393,37,1.096
393,38,0.929
393,39,2.259
393,40,1.311
393,41,1.202
393,42,2.14
393,43,2.334
393,44,1.337
393,45,2.309
393,46,0.723
393,47,0.616
393,48,0.535
394,1,1.554
394,2,1.112
394,3,0.382
394,4,0.352
394,5,0.288
394,6,0.237
394,7,0.352
394,8,0.234
394,9,0.294
394,10,0.306
394,11,0.265
394,12,0.301
394,13,0.271
394,14,0.303
394,15,0.288
394,16,0.306
394,17,3.808
394,18,1.661
394,19,1.6
394,20,1.979
394,21,2.686
394,22,1.031
394,23,0.916
394,24,0.96
394,25,1.118
394,26,1.986
394,27,3.36
394,28,3.138
394,29,3.115
394,30,2.263
394,31,0.968
394,32,1.858
394,33,1.148
394,34,0.95
394,35,1.546
394,36,4.528
394,37,5.912
394,38,3.302
394,39,3.04
394,40,2.873
394,41,1.631
394,42,4.708
394,43,2.574
394,44,1.613
394,45,0.946
394,46,0.978
394,47,1.054
394,48,0.725
395,1,0.65
395,2,0.546
395,3,0.434
395,4,0.401
395,5,0.19
395,6,0.317
395,7,0.161
395,8,0.236
395,9,0.254
395,10,0.228
395,11,0.168
395,12,0.312
395,13,0.161
395,14,0.226
395,15,0.314
395,16,0.28
395,17,1.73
395,18,1.894
395,19,1.218
395,20,1.802
395,21,4.36
395,22,3.576
395,23,3.762
395,24,3.149
395,25,1.177
395,26,1.136
395,27,2.319
395,28,1.122
395,29,0.752
395,30,1.846
395,31,4.792
395,32,2.931
395,33,2.745
395,34,2.238
395,35,0.547
395,36,0.86
395,37,3.398
395,38,1.643
395,39,3.312
395,40,3.575
395,41,2.465
395,42,1.807
395,43,2.124
395,44,0.973
395,45,1.321
395,46,1.235
395,47,1.367
395,48,1.101
396,1,0.446
396,2,0.407
396,3,0.268
396,4,0.257
396,5,0.295
396,6,0.225
396,7,0.224
396,8,0.294
396,9,0.19
396,10,0.251
396,11,0.246
396,12,0.255
396,13,0.185
396,14,0.302
396,15,0.174
396,16,0.235
396,17,0.52
396,18,0.433
396,19,0.209
396,20,0.742
396,21,2.316
396,22,1.384
396,23,0.372
396,24,0.309
396,25,0.177
396,26,0.293
396,27,0.307
396,28,0.23
396,29,0.229
396,30,1.843
396,31,0.665
396,32,0.409
396,33,0.798
396,34,0.722
396,35,0.485
396,36,0.946
396,37,1.246
396,38,3.464
396,39,4.814
396,40,4.861
396,41,2.525
396,42,2.878
396,43,3.248
396,44,1.242
396,45,1.275
396,46,0.491
396,47,0.358
396,48,0.346
397,1,0.241
397,2,0.295
397,3,0.158
397,4,0.301
397,5,0.223
397,6,0.217
397,7,0.261
397,8,0.213
397,9,0.214
397,10,0.276
397,11,0.188
397,12,0.242
397,13,0.229
397,14,0.231
397,15,0.225
397,16,0.66
397,17,3.69
397,18,0.71
397,19,2.583
397,20,2.49
397,21,1.664
397,22,0.784
397,23,0.736
397,24,0.745
397,25,0.517
397,26,0.602
397,27,0.549
397,28,3.404
397,29,3.168
397,30,2.717
397,31,1.553
397,32,1.246
397,33,1.514
397,34,1.685
397,35,1.486
397,36,1.318
397,37,1.234
397,38,1.299
397,39,2.803
397,40,3.062
397,41,2.626
397,42,1.821
397,43,2.652
397,44,1.21
397,45,1.618
397,46,1.109
397,47,0.739
397,48,0.33
398,1,0.323
398,2,0.213
398,3,0.311
398,4,0.229
398,5,0.251
398,6,0.248
398,7,0.189
398,8,0.32
398,9,0.155
398,10,0.333
398,11,0.181
398,12,0.249
398,13,0.264
398,14,0.195
398,15,0.287
398,16,2.675
398,17,0.974
398,18,1.07
398,19,1.322
398,20,1.263
398,21,1.577
398,22,0.758
398,23,0.459
398,24,0.513
398,25,0.572
398,26,0.62
398,27,0.6
398,28,0.615
398,29,1.278
398,30,0.66
398,31,0.527
398,32,0.655
398,33,0.778
398,34,0.814
398,35,0.977
398,36,0.841
398,37,0.591
398,38,1.199
398,39,1.336
398,40,1.792
398,41,1.686
398,42,1.603
398,43,1.26
398,44,1.005
398,45,1.13
398,46,1.045
398,47,0.679
398,48,0.536
399,1,0.258
399,2,0.209
399,3,0.295
399,4,0.17
399,5,0.305
399,6,0.213
399,7,0.272
399,8,0.373
399,9,0.287
399,10,0.385
399,11,0.32
399,12,0.259
399,13,0.262
399,14,0.252
399,15,0.197
399,16,0.508
399,17,1.684
399,18,3.088
399,19,2.471
399,20,2.521
399,21,1.84
399,22,2.632
399,23,1.077
399,24,0.844
399,25,0.722
399,26,2.008
399,27,1.821
399,28,0.914
399,29,0.77
399,30,2.618
399,31,2.7
399,32,2.72
399,33,1.917
399,34,0.984
399,35,0.738
399,36,2.037
399,37,0.907
399,38,0.999
399,39,3.087
399,40,2.73
399,41,2.092
399,42,1.847
399,43,1.491
399,44,1.38
399,45,3.032
399,46,1.583
399,47,2.246
399,48,1.138
400,1,0.312
400,2,1.368
400,3,0.44
400,4,0.257
400,5,0.225
400,6,0.209
400,7,0.264
400,8,0.184
400,9,0.288
400,10,0.182
400,11,0.262
400,12,0.214
400,13,0.269
400,14,0.177
400,15,0.321
400,16,0.22
400,17,0.729
400,18,1.163
400,19,1.375
400,20,1.472
400,21,1.397
400,22,0.878
400,23,0.576
400,24,0.483
400,25,0.423
400,26,1.441
400,27,1.219
400,28,0.863
400,29,0.983
400,30,0.661
400,31,0.449
400,32,0.33
400,33,0.568
400,34,0.602
400,35,0.529
400,36,0.421
400,37,0.78
400,38,0.979
400,39,1.961
400,40,1.997
400,41,3.169
400,42,1.844
400,43,1.617
400,44,2.524
400,45,1.819
400,46,1.969
400,47,1.32
400,48,0.98
401,1,0.328
401,2,0.383
401,3,0.224
401,4,0.253
401,5,0.263
401,6,0.197
401,7,0.327
401,8,0.205
401,9,0.24
401,10,0.291
401,11,0.217
401,12,0.228
401,13,0.283
401,14,0.18
401,15,0.274
401,16,0.243
401,17,3.183
401,18,0.758
401,19,0.548
401,20,0.45
401,21,0.588
401,22,0.878
401,23,0.503
401,24,0.539
401,25,0.645
401,26,0.331
401,27,0.523
401,28,0.304
401,29,0.78
401,30,0.352
401,31,0.503
401,32,0.427
401,33,0.567
401,34,0.483
401,35,0.704
401,36,1.811
401,37,0.919
401,38,1.222
401,39,1.53
401,40,1.42
401,41,4.293
401,42,1.189
401,43,1.951
401,44,2.071
401,45,1.924
401,46,2.404
401,47,2.464
401,48,2.029
402,1,1.693
402,2,3.982
402,3,3.638
402,4,3.297
402,5,3.367
402,6,0.961
402,7,0.318
402,8,0.279
402,9,0.199
402,10,0.303
402,11,0.307
402,12,0.281
402,13,0.232
402,14,0.195
402,15,0.271
402,16,0.21
402,17,0.414
402,18,2.735
402,19,0.317
402,20,0.311
402,21,0.631
402,22,0.198
402,23,0.31
402,24,2.561
402,25,1.652
402,26,0.402
402,27,0.658
402,28,2.575
402,29,0.414
402,30,2.033
402,31,0.569
402,32,1.802
402,33,0.762
402,34,0.65
402,35,1.422
402,36,2.639
402,37,1.725
402,38,2.469
402,39,1.838
402,40,0.842
402,41,0.931
402,42,0.808
402,43,0.867
402,44,0.773
402,45,0.852
402,46,0.809
402,47,0.497
402,48,0.368
403,1,0.461
403,2,0.649
403,3,0.366
403,4,0.315
403,5,0.203
403,6,0.325
403,7,0.257
403,8,0.231
403,9,0.322
403,10,0.214
403,11,0.336
403,12,0.207
403,13,0.298
403,14,0.271
403,15,0.245
403,16,0.31
403,17,0.72
403,18,0.376
403,19,0.371
403,20,0.235
403,21,0.688
403,22,0.543
403,23,0.619
403,24,0.548
403,25,1.494
403,26,1.677
403,27,1.052
403,28,1.468
403,29,1.872
403,30,0.924
403,31,2.077
403,32,0.999
403,33,0.634
403,34,1.046
403,35,2.0
403,36,1.122
403,37,0.962
403,38,2.763
403,39,3.301
403,40,1.692
403,41,2.238
403,42,1.784
403,43,1.626
403,44,2.027
403,45,2.154
403,46,1.044
403,47,0.646
403,48,1.963
404,1,0.457
404,2,0.299
404,3,0.286
404,4,0.395
404,5,0.24
404,6,0.386
404,7,0.274
404,8,0.343
404,9,0.245
404,10,0.26
404,11,0.215
404,12,0.282
404,13,0.185
404,14,0.304
404,15,0.201
404,16,2.195
404,17,3.25
404,18,0.73
404,19,0.488
404,20,0.716
404,21,2.974
404,22,1.061
404,23,0.705
404,24,0.519
404,25,0.471
404,26,0.211
404,27,0.389
404,28,0.261
404,29,0.577
404,30,0.536
404,31,0.485
404,32,0.407
404,33,0.606
404,34,0.524
404,35,0.532
404,36,0.638
404,37,3.755
404,38,2.31
404,39,2.506
404,40,2.134
404,41,1.388
404,42,1.639
404,43,1.175
404,44,1.36
404,45,2.056
404,46,1.334
404,47,0.855
404,48,0.303
405,1,0.186
405,2,0.284
405,3,0.192
405,4,0.226
405,5,0.273
405,6,0.231
405,7,0.162
405,8,0.349
405,9,0.172
405,10,0.242
405,11,0.253
405,12,0.225
405,13,0.216
405,14,0.262
405,15,0.214
405,16,0.254
405,17,1.079
405,18,0.656
405,19,0.626
405,20,0.445
405,21,0.216
405,22,0.67
405,23,0.218
405,24,0.297
405,25,0.323
405,26,0.339
405,27,0.616
405,28,0.682
405,29,0.505
405,30,0.486
405,31,0.491
405,32,0.44
405,33,1.2
405,34,0.742
405,35,0.952
405,36,2.206
405,37,1.154
405,38,1.647
405,39,1.626
405,40,1.418
405,41,1.666
405,42,2.986
405,43,2.767
405,44,2.291
405,45,3.199
405,46,3.081
405,47,2.298
405,48,0.623
406,1,0.247
406,2,0.263
406,3,0.262
406,4,0.212
406,5,0.32
406,6,0.163
406,7,0.282
406,8,0.214
406,9,0.227
406,10,0.212
406,11,0.265
406,12,0.201
406,13,0.262
406,14,0.219
406,15,0.205
406,16,0.471
406,17,0.985
406,18,0.331
406,19,0.387
406,20,1.153
406,21,1.424
406,22,1.384
406,23,0.479
406,24,2.002
406,25,0.427
406,26,0.356
406,27,0.274
406,28,0.666
406,29,0.292
406,30,0.305
406,31,0.609
406,32,2.005
406,33,1.807
406,34,1.129
406,35,1.683
406,36,1.899
406,37,1.189
406,38,0.936
406,39,1.314
406,40,1.147
406,41,1.381
406,42,1.198
406,43,1.074
406,44,0.976
406,45,1.374
406,46,1.088
406,47,0.303
406,48,0.31
407,1,0.243
407,2,0.201
407,3,0.21
407,4,0.292
407,5,0.141
407,6,0.188
407,7,0.199
407,8,0.197
407,9,0.156
407,10,0.267
407,11,0.129
407,12,0.188
407,13,0.193
407,14,0.206
407,15,0.145
407,16,0.178
407,17,0.855
407,18,1.725
407,19,1.679
407,20,1.134
407,21,0.269
407,22,1.536
407,23,0.26
407,24,0.139
407,25,0.218
407,26,0.263
407,27,0.321
407,28,0.323
407,29,0.811
407,30,0.231
407,31,0.376
407,32,0.353
407,33,0.327
407,34,0.733
407,35,0.493
407,36,0.433
407,37,1.068
407,38,0.886
407,39,1.468
407,40,1.268
407,41,2.835
407,42,4.04
407,43,3.768
407,44,2.62
407,45,3.766
407,46,4.099
407,47,1.042
407,48,0.658
408,1,0.449
408,2,0.31
408,3,0.11
408,4,0.197
408,5,0.132
408,6,0.168
408,7,0.114
408,8,0.18
408,9,0.129
408,10,0.193
408,11,0.161
408,12,0.14
408,13,0.168
408,14,0.139
408,15,0.194
408,16,0.14
408,17,0.493
408,18,0.482
408,19,0.216
408,20,0.185
408,21,0.137
408,22,0.566
408,23,0.293
408,24,0.245
408,25,0.253
408,26,0.203
408,27,0.404
408,28,0.401
408,29,0.514
408,30,0.263
408,31,0.37
408,32,0.22
408,33,0.487
408,34,0.493
408,35,0.965
408,36,1.722
408,37,2.392
408,38,3.646
408,39,0.971
408,40,1.006
408,41,1.003
408,42,0.717
408,43,1.081
408,44,0.895
408,45,0.995
408,46,1.157
408,47,0.947
408,48,1.773
409,1,0.462
409,2,0.515
409,3,0.492
409,4,0.193
409,5,0.157
409,6,0.191
409,7,0.147
409,8,0.185
409,9,0.185
409,10,0.143
409,11,0.205
409,12,0.141
409,13,0.19
409,14,0.159
409,15,0.191
409,16,1.186
409,17,1.158
409,18,0.804
409,19,0.4
409,20,1.607
409,21,0.168
409,22,0.164
409,23,0.183
409,24,0.228
409,25,0.114
409,26,1.783
409,27,1.216
409,28,2.931
409,29,1.121
409,30,1.726
409,31,0.199
409,32,1.528
409,33,0.504
409,34,2.114
409,35,0.411
409,36,0.455
409,37,0.456
409,38,1.885
409,39,1.534
409,40,2.468
409,41,1.924
409,42,1.343
409,43,2.006
409,44,3.328
409,45,1.316
409,46,1.317
409,47,1.128
409,48,1.164
410,1,1.058
410,2,0.748
410,3,0.358
410,4,0.417
410,5,0.234
410,6,0.281
410,7,0.228
410,8,0.277
410,9,0.329
410,10,0.306
410,11,0.278
410,12,0.193
410,13,0.25
410,14,0.215
410,15,0.275
410,16,0.524
410,17,0.498
410,18,0.434
410,19,0.342
410,20,0.487
410,21,0.3
410,22,0.485
410,23,1.807
410,24,2.102
410,25,0.625
410,26,0.519
410,27,6.569
410,28,1.448
410,29,4.184
410,30,0.79
410,31,0.676
410,32,0.358
410,33,0.508
410,34,0.366
410,35,0.416
410,36,0.281
410,37,0.255
410,38,0.227
410,39,0.828
410,40,1.012
410,41,2.402
410,42,3.426
410,43,0.983
410,44,0.957
410,45,1.065
410,46,1.017
410,47,0.926
410,48,0.719
411,1,0.521
411,2,0.495
411,3,0.313
411,4,0.277
411,5,0.229
411,6,0.175
411,7,0.228
411,8,0.272
411,9,0.315
411,10,0.204
411,11,0.256
411,12,0.167
411,13,0.263
411,14,0.319
411,15,0.235
411,16,0.247
411,17,0.542
411,18,0.47
411,19,0.897
411,20,0.335
411,21,0.44
411,22,0.298
411,23,0.432
411,24,0.447
411,25,0.597
411,26,0.521
411,27,0.496
411,28,0.707
411,29,0.973
411,30,0.211
411,31,0.236
411,32,0.294
411,33,0.604
411,34,0.508
411,35,0.925
411,36,0.897
411,37,0.504
411,38,3.81
411,39,2.84
411,40,1.076
411,41,2.006
411,42,4.55
411,43,4.007
411,44,2.379
411,45,3.274
411,46,1.729
411,47,1.065
411,48,0.721
412,1,0.672
412,2,0.587
412,3,0.374
412,4,0.412
412,5,0.279
412,6,0.249
412,7,0.156
412,8,0.274
412,9,0.277
412,10,0.25
412,11,0.18
412,12,0.246
412,13,0.203
412,14,0.315
412,15,0.22
412,16,0.264
412,17,0.501
412,18,1.57
412,19,0.753
412,20,2.024
412,21,1.704
412,22,1.078
412,23,0.302
412,24,0.609
412,25,0.531
412,26,0.626
412,27,0.304
412,28,1.208
412,29,0.849
412,30,0.475
412,31,0.367
412,32,0.333
412,33,0.319
412,34,0.48
412,35,0.484
412,36,1.136
412,37,2.042
412,38,1.952
412,39,3.702
412,40,4.979
412,41,1.824
412,42,2.608
412,43,2.272
412,44,1.539
412,45,4.506
412,46,2.364
412,47,1.024
412,48,1.062
413,1,0.927
413,2,0.424
413,3,0.191
413,4,0.199
413,5,0.123
413,6,0.193
413,7,0.211
413,8,0.269
413,9,0.162
413,10,0.21
413,11,0.127
413,12,0.188
413,13,0.196
413,14,0.298
413,15,0.153
413,16,0.223
413,17,4.594
413,18,2.558
413,19,1.679
413,20,1.461
413,21,0.37
413,22,0.172
413,23,0.219
413,24,0.313
413,25,0.395
413,26,0.465
413,27,2.052
413,28,0.192
413,29,0.195
413,30,0.147
413,31,0.272
413,32,0.521
413,33,0.564
413,34,0.583
413,35,0.447
413,36,0.596
413,37,0.976
413,38,0.711
413,39,1.651
413,40,1.73
413,41,3.321
413,42,1.332
413,43,2.36
413,44,1.316
413,45,1.086
413,46,1.388
413,47,2.049
413,48,0.852
414,1,0.582
414,2,0.301
414,3,0.265
414,4,0.239
414,5,0.199
414,6,0.214
414,7,0.148
414,8,0.298
414,9,0.183
414,10,0.198
414,11,0.14
414,12,0.182
414,13,0.129
414,14,0.264
414,15,0.229
414,16,0.123
414,17,0.182
414,18,0.527
414,19,0.52
414,20,0.224
414,21,0.326
414,22,0.336
414,23,0.33
414,24,0.217
414,25,0.339
414,26,0.461
414,27,0.45
414,28,1.048
414,29,0.4
414,30,0.4
414,31,0.266
414,32,0.433
414,33,0.479
414,34,0.635
414,35,0.652
414,36,1.992
414,37,2.825
414,38,2.04
414,39,2.134
414,40,2.234
414,41,1.292
414,42,2.877
414,43,1.14
414,44,0.402
414,45,0.675
414,46,2.468
414,47,0.815
414,48,0.696
415,1,0.541
415,2,0.452
415,3,0.279
415,4,0.536
415,5,0.244
415,6,0.251
415,7,0.15
415,8,0.204
415,9,0.188
415,10,0.205
415,11,0.305
415,12,0.194
415,13,0.212
415,14,0.165
415,15,0.224
415,16,0.184
415,17,0.278
415,18,0.549
415,19,0.159
415,20,0.559
415,21,0.186
415,22,0.346
415,23,0.543
415,24,0.372
415,25,0.427
415,26,0.615
415,27,0.384
415,28,0.267
415,29,0.425
415,30,0.871
415,31,0.696
415,32,1.753
415,33,0.768
415,34,0.559
415,35,0.8
415,36,0.55
415,37,0.733
415,38,1.399
415,39,0.72
415,40,0.791
415,41,2.167
415,42,1.305
415,43,1.06
415,44,0.788
415,45,0.701
415,46,1.054
415,47,2.647
415,48,2.168
