213,1,0.342
213,2,0.225
213,3,0.226
213,4,0.234
213,5,0.238
213,6,0.237
213,7,0.229
213,8,0.229
213,9,0.233
213,10,0.366
213,11,0.247
213,12,0.233
213,13,0.232
213,14,0.316
213,15,0.256
213,16,0.235
213,17,0.188
213,18,0.474
213,19,0.726
213,20,1.149
213,21,0.296
213,22,0.21
213,23,1.883
213,24,0.559
213,25,0.331
213,26,0.356
213,27,1.232
213,28,0.353
213,29,0.506
213,30,0.505
213,31,1.298
213,32,0.536
213,33,0.514
213,34,1.319
213,35,0.38
213,36,0.284
213,37,0.263
213,38,0.295
213,39,0.306
213,40,0.745
213,41,0.679
213,42,0.449
213,43,0.3
213,44,0.32
213,45,0.647
213,46,0.553
213,47,0.608
213,48,0.329
214,1,0.226
214,2,0.225
214,3,0.218
214,4,0.22
214,5,0.231
214,6,0.365
214,7,0.229
214,8,0.224
214,9,0.234
214,10,0.232
214,11,0.222
214,12,0.223
214,13,0.23
214,14,0.282
214,15,0.08
214,16,0.087
214,17,0.497
214,18,0.349
214,19,0.314
214,20,0.264
214,21,0.936
214,22,0.628
214,23,0.435
214,24,0.645
214,25,0.773
214,26,3.028
214,27,1.642
214,28,0.826
214,29,0.472
214,30,1.021
214,31,1.449
214,32,1.946
214,33,0.664
214,34,0.427
214,35,0.357
214,36,0.354
214,37,0.342
214,38,0.292
214,39,0.299
214,40,0.367
214,41,0.408
214,42,0.572
214,43,0.605
214,44,0.82
214,45,0.862
214,46,0.626
214,47,0.642
214,48,0.425
215,1,0.218
215,2,0.218
215,3,0.251
215,4,0.346
215,5,0.228
215,6,0.225
215,7,0.233
215,8,0.236
215,9,0.225
215,10,0.222
215,11,0.228
215,12,0.234
215,13,0.158
215,14,0.143
215,15,0.083
215,16,0.101
215,17,0.393
215,18,0.166
215,19,0.265
215,20,0.178
215,21,0.469
215,22,0.407
215,23,0.378
215,24,0.675
215,25,0.918
215,26,0.54
215,27,0.364
215,28,0.306
215,29,0.352
215,30,0.594
215,31,2.562
215,32,2.205
215,33,1.283
215,34,0.552
215,35,1.063
215,36,0.412
215,37,1.811
215,38,0.466
215,39,0.345
215,40,0.347
215,41,0.393
215,42,0.344
215,43,0.333
215,44,0.593
215,45,0.783
215,46,0.597
215,47,0.232
215,48,0.216
216,1,0.222
216,2,0.23
216,3,0.384
216,4,0.204
216,5,0.23
216,6,0.235
216,7,0.227
216,8,0.223
216,9,0.229
216,10,0.233
216,11,0.605
216,12,0.25
216,13,0.228
216,14,0.23
216,15,0.221
216,16,0.217
216,17,0.222
216,18,0.225
216,19,0.107
216,20,0.06
216,21,0.063
216,22,0.07
216,23,0.067
216,24,0.06
216,25,0.06
216,26,0.07
216,27,0.068
216,28,0.06
216,29,0.061
216,30,0.072
216,31,0.191
216,32,0.217
216,33,0.216
216,34,0.228
216,35,0.37
216,36,0.207
216,37,0.221
216,38,0.225
216,39,0.229
216,40,0.223
216,41,0.218
216,42,0.22
216,43,0.225
216,44,0.22
216,45,0.213
216,46,0.216
216,47,0.224
216,48,0.223
217,1,0.217
217,2,0.219
217,3,0.229
217,4,0.228
217,5,0.219
217,6,0.22
217,7,0.08
217,8,0.073
217,9,0.063
217,10,0.063
217,11,0.072
217,12,0.074
217,13,0.065
217,14,0.063
217,15,0.068
217,16,0.072
217,17,0.066
217,18,0.06
217,19,0.177
217,20,0.3
217,21,0.233
217,22,0.223
217,23,0.22
217,24,0.232
217,25,0.231
217,26,0.221
217,27,0.221
217,28,0.23
217,29,0.234
217,30,0.228
217,31,0.223
217,32,0.227
217,33,0.235
217,34,0.238
217,35,0.23
217,36,0.229
217,37,0.23
217,38,0.235
217,39,0.277
217,40,0.322
217,41,0.236
217,42,0.229
217,43,0.228
217,44,0.23
217,45,0.235
217,46,0.234
217,47,0.233
217,48,0.228
218,1,0.226
218,2,0.225
218,3,0.227
218,4,0.23
218,5,0.23
218,6,0.229
218,7,0.224
218,8,0.193
218,9,0.065
218,10,0.068
218,11,0.072
218,12,0.072
218,13,0.071
218,14,0.065
218,15,0.064
218,16,0.063
218,17,0.067
218,18,0.072
218,19,0.071
218,20,0.071
218,21,0.144
218,22,0.225
218,23,0.223
218,24,0.351
218,25,0.225
218,26,0.234
218,27,0.234
218,28,0.229
218,29,0.227
218,30,0.228
218,31,0.228
218,32,0.235
218,33,0.234
218,34,0.234
218,35,0.227
218,36,0.225
218,37,0.226
218,38,0.227
218,39,0.236
218,40,0.235
218,41,0.235
218,42,0.227
218,43,0.223
218,44,0.357
218,45,0.228
218,46,0.237
218,47,0.236
218,48,0.233
219,1,0.227
219,2,0.227
219,3,0.228
219,4,0.232
219,5,0.232
219,6,0.231
219,7,0.224
219,8,0.207
219,9,0.065
219,10,0.067
219,11,0.072
219,12,0.072
219,13,0.072
219,14,0.065
219,15,0.064
219,16,0.065
219,17,0.064
219,18,0.071
219,19,0.072
219,20,0.072
219,21,0.207
219,22,0.225
219,23,0.226
219,24,0.227
219,25,0.228
219,26,0.232
219,27,0.233
219,28,0.279
219,29,0.306
219,30,0.23
219,31,0.229
219,32,0.232
219,33,0.236
219,34,0.235
219,35,0.234
219,36,0.226
219,37,0.226
219,38,0.225
219,39,0.229
219,40,0.232
219,41,0.231
219,42,0.227
219,43,0.222
219,44,0.222
219,45,0.347
219,46,0.658
219,47,0.23
219,48,0.284
220,1,0.307
220,2,0.229
220,3,0.228
220,4,0.226
220,5,0.228
220,6,0.233
220,7,0.233
220,8,0.233
220,9,0.195
220,10,0.065
220,11,0.065
220,12,0.067
220,13,0.072
220,14,0.072
220,15,0.072
220,16,0.105
220,17,0.213
220,18,0.152
220,19,0.625
220,20,0.64
220,21,1.388
220,22,0.723
220,23,1.773
220,24,0.439
220,25,1.353
220,26,1.066
220,27,0.413
220,28,1.059
220,29,1.586
220,30,0.658
220,31,0.474
220,32,0.368
220,33,0.469
220,34,0.333
220,35,0.327
220,36,1.851
220,37,0.634
220,38,1.946
220,39,0.395
220,40,1.528
220,41,0.813
220,42,0.449
220,43,0.592
220,44,0.901
220,45,0.693
220,46,0.386
220,47,0.24
220,48,0.229
221,1,0.234
221,2,0.384
221,3,0.246
221,4,0.242
221,5,0.24
221,6,0.237
221,7,0.231
221,8,0.231
221,9,0.232
221,10,0.237
221,11,0.238
221,12,0.236
221,13,0.231
221,14,0.226
221,15,0.225
221,16,0.338
221,17,0.865
221,18,0.326
221,19,0.31
221,20,0.355
221,21,0.585
221,22,2.097
221,23,0.424
221,24,1.226
221,25,0.863
221,26,0.915
221,27,0.655
221,28,0.986
221,29,1.924
221,30,0.601
221,31,0.427
221,32,0.317
221,33,0.302
221,34,0.367
221,35,0.402
221,36,0.381
221,37,0.305
221,38,1.388
221,39,0.845
221,40,0.358
221,41,0.483
221,42,0.71
221,43,0.498
221,44,0.485
221,45,0.499
221,46,0.494
221,47,0.323
221,48,0.223
222,1,0.224
222,2,0.23
222,3,0.234
222,4,0.232
222,5,0.225
222,6,0.224
222,7,0.222
222,8,0.229
222,9,0.23
222,10,0.229
222,11,0.221
222,12,0.22
222,13,0.226
222,14,0.351
222,15,0.24
222,16,0.239
222,17,0.654
222,18,0.283
222,19,0.235
222,20,0.224
222,21,0.237
222,22,0.332
222,23,0.326
222,24,0.24
222,25,0.412
222,26,0.243
222,27,0.23
222,28,0.233
222,29,0.231
222,30,0.227
222,31,0.224
222,32,0.225
222,33,0.23
222,34,0.355
222,35,0.24
222,36,0.715
222,37,1.585
222,38,0.315
222,39,0.408
222,40,0.312
222,41,0.508
222,42,0.365
222,43,0.496
222,44,1.001
222,45,0.759
222,46,0.679
222,47,0.442
222,48,0.224
223,1,0.225
223,2,0.23
223,3,0.234
223,4,0.23
223,5,0.232
223,6,0.357
223,7,0.23
223,8,0.23
223,9,0.234
223,10,0.234
223,11,0.228
223,12,0.222
223,13,0.221
223,14,0.222
223,15,0.61
223,16,0.3
223,17,0.227
223,18,0.139
223,19,0.354
223,20,0.3
223,21,1.062
223,22,0.304
223,23,1.585
223,24,0.405
223,25,0.225
223,26,0.225
223,27,0.107
223,28,0.122
223,29,0.125
223,30,0.18
223,31,0.301
223,32,0.426
223,33,1.361
223,34,2.311
223,35,0.678
223,36,0.703
223,37,0.335
223,38,0.348
223,39,0.41
223,40,0.454
223,41,1.204
223,42,1.685
223,43,1.131
223,44,0.6
223,45,0.6
223,46,0.597
223,47,0.437
223,48,0.227
224,1,0.23
224,2,0.232
224,3,0.228
224,4,0.077
224,5,0.065
224,6,0.065
224,7,0.068
224,8,0.072
224,9,0.072
224,10,0.072
224,11,0.065
224,12,0.065
224,13,0.115
224,14,0.125
224,15,0.798
224,16,0.331
224,17,0.374
224,18,0.453
224,19,0.272
224,20,0.556
224,21,0.541
224,22,0.287
224,23,0.288
224,24,0.29
224,25,0.318
224,26,1.146
224,27,1.206
224,28,3.452
224,29,2.506
224,30,0.54
224,31,0.513
224,32,1.542
224,33,0.521
224,34,0.416
224,35,0.357
224,36,1.408
224,37,0.64
224,38,1.562
224,39,0.829
224,40,0.348
224,41,0.524
224,42,0.323
224,43,0.399
224,44,0.691
224,45,0.837
224,46,0.666
224,47,0.239
224,48,0.225
225,1,0.224
225,2,0.227
225,3,0.234
225,4,0.231
225,5,0.231
225,6,0.225
225,7,0.344
225,8,0.243
225,9,0.231
225,10,0.239
225,11,0.233
225,12,0.231
225,13,0.224
225,14,0.223
225,15,0.671
225,16,0.399
225,17,0.32
225,18,0.354
225,19,0.314
225,20,0.212
225,21,0.17
225,22,1.154
225,23,0.399
225,24,1.601
225,25,0.858
225,26,0.335
225,27,0.29
225,28,0.281
225,29,0.28
225,30,0.281
225,31,1.376
225,32,2.293
225,33,1.373
225,34,0.351
225,35,0.35
225,36,0.32
225,37,0.543
225,38,0.419
225,39,0.447
225,40,0.363
225,41,0.471
225,42,0.722
225,43,0.62
225,44,0.603
225,45,0.735
225,46,0.762
225,47,0.703
225,48,0.372
226,1,0.236
226,2,0.234
226,3,0.229
226,4,0.236
226,5,0.365
226,6,0.235
226,7,0.236
226,8,0.236
226,9,0.235
226,10,0.234
226,11,0.227
226,12,0.225
226,13,0.225
226,14,0.271
226,15,0.834
226,16,0.289
226,17,0.315
226,18,0.248
226,19,0.227
226,20,0.222
226,21,0.223
226,22,0.222
226,23,0.222
226,24,0.234
226,25,0.347
226,26,0.237
226,27,0.236
226,28,0.231
226,29,0.228
226,30,0.228
226,31,0.228
226,32,0.228
226,33,0.234
226,34,0.233
226,35,0.232
226,36,0.237
226,37,0.563
226,38,0.355
226,39,0.342
226,40,0.425
226,41,0.389
226,42,0.56
226,43,0.606
226,44,0.823
226,45,0.766
226,46,0.687
226,47,0.668
226,48,0.648
227,1,0.654
227,2,0.238
227,3,0.232
227,4,0.227
227,5,0.227
227,6,0.229
227,7,0.235
227,8,0.235
227,9,0.235
227,10,0.234
227,11,0.13
227,12,0.067
227,13,0.067
227,14,0.067
227,15,0.073
227,16,0.112
227,17,0.185
227,18,0.583
227,19,0.957
227,20,1.577
227,21,1.447
227,22,0.229
227,23,0.237
227,24,0.663
227,25,0.366
227,26,0.293
227,27,0.29
227,28,2.0
227,29,1.703
227,30,0.423
227,31,0.357
227,32,0.488
227,33,0.373
227,34,0.369
227,35,0.364
227,36,0.615
227,37,0.459
227,38,0.413
227,39,0.415
227,40,0.36
227,41,0.629
227,42,0.446
227,43,0.679
227,44,1.161
227,45,0.68
227,46,0.717
227,47,0.742
227,48,0.39
228,1,0.238
228,2,0.233
228,3,0.233
228,4,0.229
228,5,0.232
228,6,0.236
228,7,0.235
228,8,0.234
228,9,0.23
228,10,0.227
228,11,0.227
228,12,0.226
228,13,0.23
228,14,0.233
228,15,0.625
228,16,0.73
228,17,0.665
228,18,0.583
228,19,0.499
228,20,0.447
228,21,0.329
228,22,0.403
228,23,0.359
228,24,0.559
228,25,0.3
228,26,1.837
228,27,1.669
228,28,2.537
228,29,1.682
228,30,0.303
228,31,0.327
228,32,0.332
228,33,0.204
228,34,0.203
228,35,0.422
228,36,0.274
228,37,0.188
228,38,0.275
228,39,1.386
228,40,0.773
228,41,1.125
228,42,1.741
228,43,0.766
228,44,0.829
228,45,0.685
228,46,0.671
228,47,0.44
228,48,0.226
229,1,0.225
229,2,0.228
229,3,0.231
229,4,0.229
229,5,0.229
229,6,0.228
229,7,0.223
229,8,0.223
229,9,0.224
229,10,0.132
229,11,0.072
229,12,0.071
229,13,0.071
229,14,0.068
229,15,0.499
229,16,0.452
229,17,0.361
229,18,0.797
229,19,0.819
229,20,0.392
229,21,1.455
229,22,0.335
229,23,0.268
229,24,0.489
229,25,0.369
229,26,0.389
229,27,0.243
229,28,0.24
229,29,0.239
229,30,0.234
229,31,0.23
229,32,0.71
229,33,1.606
229,34,0.9
229,35,1.044
229,36,1.219
229,37,0.441
229,38,0.282
229,39,0.994
229,40,0.352
229,41,1.189
229,42,1.469
229,43,0.596
229,44,0.461
229,45,0.722
229,46,0.765
229,47,0.251
229,48,0.235
230,1,0.235
230,2,0.23
230,3,0.225
230,4,0.225
230,5,0.227
230,6,0.231
230,7,0.231
230,8,0.227
230,9,0.223
230,10,0.223
230,11,0.225
230,12,0.279
230,13,0.314
230,14,0.232
230,15,0.712
230,16,0.34
230,17,0.324
230,18,0.247
230,19,0.229
230,20,0.224
230,21,0.22
230,22,0.221
230,23,0.221
230,24,0.229
230,25,0.228
230,26,0.225
230,27,0.219
230,28,0.065
230,29,0.066
230,30,0.073
230,31,0.072
230,32,0.069
230,33,0.064
230,34,0.065
230,35,0.067
230,36,0.263
230,37,0.623
230,38,0.279
230,39,0.225
230,40,0.221
230,41,0.373
230,42,0.715
230,43,1.017
230,44,0.708
230,45,0.656
230,46,0.528
230,47,0.233
230,48,0.234
231,1,0.232
231,2,0.227
231,3,0.227
231,4,0.233
231,5,0.235
231,6,0.234
231,7,0.227
231,8,0.226
231,9,0.225
231,10,0.232
231,11,0.233
231,12,0.231
231,13,0.29
231,14,0.287
231,15,0.756
231,16,0.383
231,17,0.34
231,18,0.454
231,19,0.426
231,20,0.587
231,21,1.92
231,22,0.78
231,23,0.294
231,24,0.291
231,25,0.294
231,26,0.513
231,27,0.337
231,28,0.342
231,29,0.55
231,30,0.345
231,31,1.191
231,32,1.803
231,33,1.192
231,34,0.491
231,35,2.542
231,36,1.261
231,37,0.46
231,38,0.628
231,39,0.334
231,40,0.419
231,41,0.452
231,42,0.6
231,43,0.629
231,44,0.723
231,45,0.649
231,46,0.498
231,47,0.233
231,48,0.232
232,1,0.23
232,2,0.223
232,3,0.221
232,4,0.223
232,5,0.296
232,6,0.304
232,7,0.234
232,8,0.229
232,9,0.227
232,10,0.232
232,11,0.234
232,12,0.232
232,13,0.224
232,14,0.223
232,15,0.673
232,16,0.333
232,17,0.315
232,18,0.244
232,19,0.224
232,20,0.218
232,21,0.067
232,22,0.067
232,23,0.073
232,24,0.073
232,25,0.07
232,26,0.065
232,27,0.065
232,28,0.067
232,29,0.072
232,30,0.072
232,31,0.207
232,32,0.226
232,33,0.226
232,34,0.226
232,35,0.225
232,36,0.579
232,37,0.656
232,38,0.363
232,39,0.309
232,40,0.281
232,41,0.543
232,42,0.406
232,43,0.656
232,44,0.649
232,45,0.651
232,46,0.557
232,47,0.223
232,48,0.225
233,1,0.272
233,2,0.29
233,3,0.292
233,4,0.293
233,5,0.288
233,6,0.282
233,7,0.202
233,8,0.125
233,9,0.132
233,10,0.132
233,11,0.132
233,12,0.124
233,13,0.125
233,14,0.124
233,15,0.163
233,16,0.802
233,17,0.707
233,18,1.349
233,19,0.852
233,20,0.396
233,21,2.103
233,22,0.332
233,23,0.242
233,24,0.246
233,25,0.551
233,26,0.466
233,27,0.39
233,28,0.303
233,29,1.062
233,30,0.374
233,31,3.189
233,32,1.151
233,33,0.266
233,34,0.264
233,35,0.376
233,36,0.264
233,37,0.652
233,38,0.34
233,39,0.292
233,40,0.258
233,41,0.42
233,42,0.602
233,43,1.198
233,44,0.689
233,45,0.759
233,46,0.77
233,47,0.762
233,48,0.76
234,1,0.457
234,2,0.24
234,3,0.236
234,4,0.228
234,5,0.225
234,6,0.229
234,7,0.233
234,8,0.236
234,9,0.351
234,10,0.23
234,11,0.226
234,12,0.233
234,13,0.233
234,14,0.228
234,15,0.224
234,16,0.13
234,17,0.156
234,18,0.129
234,19,0.584
234,20,0.388
234,21,0.453
234,22,0.395
234,23,0.626
234,24,0.302
234,25,0.082
234,26,0.176
234,27,0.128
234,28,1.637
234,29,0.315
234,30,0.221
234,31,0.334
234,32,1.619
234,33,0.303
234,34,0.313
234,35,1.967
234,36,0.602
234,37,0.51
234,38,0.804
234,39,0.506
234,40,0.367
234,41,0.498
234,42,0.868
234,43,1.006
234,44,1.427
234,45,0.658
234,46,0.661
234,47,0.638
234,48,0.648
235,1,0.329
235,2,0.241
235,3,0.239
235,4,0.156
235,5,0.075
235,6,0.075
235,7,0.082
235,8,0.084
235,9,0.083
235,10,0.076
235,11,0.075
235,12,0.075
235,13,0.082
235,14,0.085
235,15,0.172
235,16,0.591
235,17,0.53
235,18,0.449
235,19,0.338
235,20,1.126
235,21,2.312
235,22,0.748
235,23,2.137
235,24,0.52
235,25,0.689
235,26,0.354
235,27,0.493
235,28,0.404
235,29,1.075
235,30,0.419
235,31,0.448
235,32,0.298
235,33,0.655
235,34,0.311
235,35,0.288
235,36,1.395
235,37,0.57
235,38,0.367
235,39,1.468
235,40,0.544
235,41,0.524
235,42,1.883
235,43,0.694
235,44,0.627
235,45,0.817
235,46,0.597
235,47,0.478
235,48,0.221
236,1,0.222
236,2,0.221
236,3,0.224
236,4,0.223
236,5,0.088
236,6,0.06
236,7,0.06
236,8,0.06
236,9,0.06
236,10,0.065
236,11,0.066
236,12,0.066
236,13,0.063
236,14,0.061
236,15,0.508
236,16,0.317
236,17,0.316
236,18,0.238
236,19,0.224
236,20,0.226
236,21,0.225
236,22,0.219
236,23,0.217
236,24,0.218
236,25,0.35
236,26,0.226
236,27,0.226
236,28,0.225
236,29,0.224
236,30,0.225
236,31,0.222
236,32,0.222
236,33,0.221
236,34,0.219
236,35,0.221
236,36,1.012
236,37,1.269
236,38,0.147
236,39,0.088
236,40,0.086
236,41,0.219
236,42,0.757
236,43,0.655
236,44,0.658
236,45,0.657
236,46,0.655
236,47,0.26
236,48,0.142
237,1,0.067
237,2,0.071
237,3,0.071
237,4,0.073
237,5,0.068
237,6,0.065
237,7,0.065
237,8,0.064
237,9,0.065
237,10,0.071
237,11,0.071
237,12,0.112
237,13,0.336
237,14,0.237
237,15,0.438
237,16,0.524
237,17,0.364
237,18,0.566
237,19,0.522
237,20,0.451
237,21,1.146
237,22,0.283
237,23,0.276
237,24,0.27
237,25,0.261
237,26,0.228
237,27,0.492
237,28,0.57
237,29,0.265
237,30,0.28
237,31,0.321
237,32,1.36
237,33,1.241
237,34,1.156
237,35,0.361
237,36,1.267
237,37,1.026
237,38,0.615
237,39,0.681
237,40,0.617
237,41,0.719
237,42,0.975
237,43,0.693
237,44,0.738
237,45,0.716
237,46,0.648
237,47,0.618
237,48,0.241
238,1,0.217
238,2,0.221
238,3,0.226
238,4,0.226
238,5,0.337
238,6,0.24
238,7,0.222
238,8,0.221
238,9,0.22
238,10,0.224
238,11,0.226
238,12,0.225
238,13,0.224
238,14,0.098
238,15,0.694
238,16,0.333
238,17,0.303
238,18,0.178
238,19,0.066
238,20,0.066
238,21,0.067
238,22,0.06
238,23,0.06
238,24,0.06
238,25,0.061
238,26,0.061
238,27,0.067
238,28,0.066
238,29,0.065
238,30,0.193
238,31,0.223
238,32,0.219
238,33,0.219
238,34,0.222
238,35,0.221
238,36,0.233
238,37,2.061
238,38,0.291
238,39,0.395
238,40,0.271
238,41,0.357
238,42,0.56
238,43,0.758
238,44,0.64
238,45,0.637
238,46,0.787
238,47,0.662
238,48,0.226
239,1,0.227
239,2,0.225
239,3,0.22
239,4,0.218
239,5,0.161
239,6,0.064
239,7,0.07
239,8,0.067
239,9,0.06
239,10,0.058
239,11,0.06
239,12,0.064
239,13,0.068
239,14,0.068
239,15,0.588
239,16,0.384
239,17,0.303
239,18,0.287
239,19,0.448
239,20,0.322
239,21,0.401
239,22,1.756
239,23,0.306
239,24,0.26
239,25,0.22
239,26,0.22
239,27,0.23
239,28,0.478
239,29,0.275
239,30,0.269
239,31,0.301
239,32,0.313
239,33,0.293
239,34,1.177
239,35,2.628
239,36,0.718
239,37,1.27
239,38,0.394
239,39,0.986
239,40,1.305
239,41,0.563
239,42,0.873
239,43,0.937
239,44,1.12
239,45,0.825
239,46,0.823
239,47,0.7
239,48,0.467
240,1,0.14
240,2,0.068
240,3,0.061
240,4,0.062
240,5,0.061
240,6,0.062
240,7,0.068
240,8,0.068
240,9,0.066
240,10,0.061
240,11,0.061
240,12,0.073
240,13,0.225
240,14,0.224
240,15,0.224
240,16,0.222
240,17,0.399
240,18,0.972
240,19,0.495
240,20,0.46
240,21,0.564
240,22,0.391
240,23,0.373
240,24,0.304
240,25,0.286
240,26,0.223
240,27,0.221
240,28,0.221
240,29,0.226
240,30,0.227
240,31,0.228
240,32,0.224
240,33,0.22
240,34,0.219
240,35,0.169
240,36,0.065
240,37,0.069
240,38,0.067
240,39,0.064
240,40,0.06
240,41,0.06
240,42,0.059
240,43,0.065
240,44,0.067
240,45,0.067
240,46,0.11
240,47,0.222
240,48,0.217
388,1,0.222
388,2,0.218
388,3,0.231
388,4,0.233
388,5,0.22
388,6,0.221
388,7,0.354
388,8,0.242
388,9,0.225
388,10,0.228
388,11,0.233
388,12,0.224
388,13,0.278
388,14,0.446
388,15,0.537
388,16,0.559
388,17,0.352
388,18,0.534
388,19,1.293
388,20,2.58
388,21,1.269
388,22,1.353
388,23,2.89
388,24,1.736
388,25,0.98
388,26,0.732
388,27,1.726
388,28,2.868
388,29,1.263
388,30,0.403
388,31,0.41
388,32,0.525
388,33,0.51
388,34,0.534
388,35,0.561
388,36,0.9
388,37,1.408
388,38,1.497
388,39,1.657
388,40,1.844
388,41,1.792
388,42,1.686
388,43,1.938
388,44,1.604
388,45,1.57
388,46,1.405
388,47,0.988
388,48,0.257
389,1,0.216
389,2,0.227
389,3,0.232
389,4,0.218
389,5,0.218
389,6,0.229
389,7,0.223
389,8,0.217
389,9,0.225
389,10,0.232
389,11,0.22
389,12,0.218
389,13,0.289
389,14,0.444
389,15,0.525
389,16,0.547
389,17,0.353
389,18,0.33
389,19,0.706
389,20,0.633
389,21,0.626
389,22,0.778
389,23,0.628
389,24,2.084
389,25,1.081
389,26,0.668
389,27,1.048
389,28,0.762
389,29,0.298
389,30,1.975
389,31,0.226
389,32,0.234
389,33,0.229
389,34,0.22
389,35,0.215
389,36,0.223
389,37,0.537
389,38,1.703
389,39,1.693
389,40,1.687
389,41,1.613
389,42,1.383
389,43,1.428
389,44,1.468
389,45,1.007
389,46,0.971
389,47,0.271
389,48,0.222
390,1,0.218
390,2,0.225
390,3,0.231
390,4,0.223
390,5,0.223
390,6,0.235
390,7,0.232
390,8,0.222
390,9,0.231
390,10,0.233
390,11,0.345
390,12,0.242
390,13,0.296
390,14,0.443
390,15,0.524
390,16,0.527
390,17,0.961
390,18,1.024
390,19,1.968
390,20,1.542
390,21,0.722
390,22,0.618
390,23,0.685
390,24,0.685
390,25,0.919
390,26,1.585
390,27,1.308
390,28,1.606
390,29,2.637
390,30,1.66
390,31,1.079
390,32,1.267
390,33,0.93
390,34,1.103
390,35,1.035
390,36,2.334
390,37,1.699
390,38,2.256
390,39,3.006
390,40,1.715
390,41,1.423
390,42,1.21
390,43,1.623
390,44,1.211
390,45,1.175
390,46,1.205
390,47,0.51
390,48,0.217
391,1,0.223
391,2,0.233
391,3,0.342
391,4,0.25
391,5,0.233
391,6,0.234
391,7,0.222
391,8,0.221
391,9,0.235
391,10,0.229
391,11,0.22
391,12,0.228
391,13,0.291
391,14,0.443
391,15,0.991
391,16,0.833
391,17,0.871
391,18,1.044
391,19,0.587
391,20,0.715
391,21,0.523
391,22,0.536
391,23,0.657
391,24,0.569
391,25,0.759
391,26,0.58
391,27,0.602
391,28,0.598
391,29,0.608
391,30,0.625
391,31,0.782
391,32,0.562
391,33,0.525
391,34,0.677
391,35,0.902
391,36,1.381
391,37,1.024
391,38,1.157
391,39,1.505
391,40,1.416
391,41,1.746
391,42,1.132
391,43,1.228
391,44,1.14
391,45,1.045
391,46,0.694
391,47,0.231
391,48,0.217
392,1,0.216
392,2,0.228
392,3,0.23
392,4,0.216
392,5,0.219
392,6,0.23
392,7,0.226
392,8,0.218
392,9,0.223
392,10,0.23
392,11,0.222
392,12,0.216
392,13,0.286
392,14,0.445
392,15,0.632
392,16,0.542
392,17,1.053
392,18,0.692
392,19,3.528
392,20,1.404
392,21,1.075
392,22,2.022
392,23,0.533
392,24,0.555
392,25,0.567
392,26,1.564
392,27,1.669
392,28,1.225
392,29,0.591
392,30,0.651
392,31,0.63
392,32,0.723
392,33,0.88
392,34,1.455
392,35,0.977
392,36,1.045
392,37,0.947
392,38,1.088
392,39,1.496
392,40,1.995
392,41,1.839
392,42,1.53
392,43,1.616
392,44,1.384
392,45,1.371
392,46,0.701
392,47,0.224
392,48,0.227
393,1,0.22
393,2,0.221
393,3,0.232
393,4,0.227
393,5,0.22
393,6,0.23
393,7,0.357
393,8,0.24
393,9,0.23
393,10,0.235
393,11,0.229
393,12,0.221
393,13,0.287
393,14,0.452
393,15,0.529
393,16,1.32
393,17,1.029
393,18,2.412
393,19,0.723
393,20,0.304
393,21,0.488
393,22,0.539
393,23,0.759
393,24,0.545
393,25,0.784
393,26,0.569
393,27,0.84
393,28,4.127
393,29,2.64
393,30,0.625
393,31,2.246
393,32,0.664
393,33,0.627
393,34,1.564
393,35,1.411
393,36,1.284
393,37,1.117
393,38,1.187
393,39,1.328
393,40,2.844
393,41,1.416
393,42,1.231
393,43,1.11
393,44,1.311
393,45,0.939
393,46,0.279
393,47,0.402
393,48,0.309
394,1,0.277
394,2,0.289
394,3,0.294
394,4,0.281
394,5,0.284
394,6,0.291
394,7,0.284
394,8,0.275
394,9,0.281
394,10,0.291
394,11,0.283
394,12,0.275
394,13,0.34
394,14,0.498
394,15,0.573
394,16,0.581
394,17,1.069
394,18,0.674
394,19,0.606
394,20,0.474
394,21,0.583
394,22,0.541
394,23,0.667
394,24,0.708
394,25,0.582
394,26,0.784
394,27,1.971
394,28,1.851
394,29,0.79
394,30,0.582
394,31,0.744
394,32,3.154
394,33,1.244
394,34,1.007
394,35,0.822
394,36,1.298
394,37,1.262
394,38,1.444
394,39,2.51
394,40,2.434
394,41,2.072
394,42,3.359
394,43,1.465
394,44,1.529
394,45,1.372
394,46,0.657
394,47,0.234
394,48,0.23
395,1,0.239
395,2,0.237
395,3,0.226
395,4,0.232
395,5,0.241
395,6,0.235
395,7,0.227
395,8,0.234
395,9,0.239
395,10,0.23
395,11,0.346
395,12,0.257
395,13,0.301
395,14,0.453
395,15,0.53
395,16,1.185
395,17,0.791
395,18,0.691
395,19,0.289
395,20,0.419
395,21,0.748
395,22,0.832
395,23,0.841
395,24,0.855
395,25,0.934
395,26,0.55
395,27,0.552
395,28,0.587
395,29,0.476
395,30,0.488
395,31,0.606
395,32,0.456
395,33,0.286
395,34,0.287
395,35,0.288
395,36,0.272
395,37,0.749
395,38,1.595
395,39,1.508
395,40,1.949
395,41,1.364
395,42,2.21
395,43,1.212
395,44,0.967
395,45,0.915
395,46,0.605
395,47,0.218
395,48,0.218
396,1,0.227
396,2,0.229
396,3,0.342
396,4,0.246
396,5,0.235
396,6,0.235
396,7,0.225
396,8,0.228
396,9,0.236
396,10,0.225
396,11,0.219
396,12,0.225
396,13,0.29
396,14,0.449
396,15,0.525
396,16,0.706
396,17,1.137
396,18,0.884
396,19,0.614
396,20,0.607
396,21,0.805
396,22,0.543
396,23,0.6
396,24,0.849
396,25,0.565
396,26,0.391
396,27,0.228
396,28,0.229
396,29,0.231
396,30,0.222
396,31,0.226
396,32,0.562
396,33,0.66
396,34,0.479
396,35,0.492
396,36,0.757
396,37,0.819
396,38,0.931
396,39,1.302
396,40,1.4
396,41,2.136
396,42,2.234
396,43,1.377
396,44,1.082
396,45,0.584
396,46,0.219
396,47,0.226
396,48,0.233
397,1,0.223
397,2,0.222
397,3,0.236
397,4,0.229
397,5,0.222
397,6,0.226
397,7,0.234
397,8,0.235
397,9,0.228
397,10,0.23
397,11,0.234
397,12,0.226
397,13,0.28
397,14,0.448
397,15,0.646
397,16,0.549
397,17,1.02
397,18,0.606
397,19,0.811
397,20,0.753
397,21,2.771
397,22,1.97
397,23,2.453
397,24,0.669
397,25,0.682
397,26,1.05
397,27,0.736
397,28,0.604
397,29,1.155
397,30,2.067
397,31,1.735
397,32,1.668
397,33,1.025
397,34,0.864
397,35,1.301
397,36,1.642
397,37,1.472
397,38,1.426
397,39,1.467
397,40,1.629
397,41,1.624
397,42,1.15
397,43,1.024
397,44,1.03
397,45,1.029
397,46,0.966
397,47,0.501
397,48,0.299
398,1,0.3
398,2,0.292
398,3,0.301
398,4,0.303
398,5,0.293
398,6,0.296
398,7,0.434
398,8,0.323
398,9,0.302
398,10,0.304
398,11,0.311
398,12,0.318
398,13,0.408
398,14,0.564
398,15,1.008
398,16,1.025
398,17,1.019
398,18,0.902
398,19,0.502
398,20,0.364
398,21,0.339
398,22,0.348
398,23,0.349
398,24,0.886
398,25,0.339
398,26,0.377
398,27,0.387
398,28,2.391
398,29,1.878
398,30,2.563
398,31,1.699
398,32,0.454
398,33,0.437
398,34,0.601
398,35,0.927
398,36,2.341
398,37,1.155
398,38,1.005
398,39,1.152
398,40,1.419
398,41,1.275
398,42,1.001
398,43,0.998
398,44,1.137
398,45,0.665
398,46,0.301
398,47,0.407
398,48,0.317
399,1,0.303
399,2,0.304
399,3,0.298
399,4,0.302
399,5,0.311
399,6,0.305
399,7,0.296
399,8,0.302
399,9,0.309
399,10,0.301
399,11,0.296
399,12,0.303
399,13,0.362
399,14,0.51
399,15,0.6
399,16,0.954
399,17,1.198
399,18,0.735
399,19,0.743
399,20,0.429
399,21,0.228
399,22,0.22
399,23,0.225
399,24,0.231
399,25,0.224
399,26,0.226
399,27,0.552
399,28,0.239
399,29,0.26
399,30,1.538
399,31,0.955
399,32,0.28
399,33,0.442
399,34,0.464
399,35,0.489
399,36,0.369
399,37,0.336
399,38,0.337
399,39,0.542
399,40,0.729
399,41,1.712
399,42,1.466
399,43,1.178
399,44,1.285
399,45,1.391
399,46,0.887
399,47,0.65
399,48,0.297
400,1,0.293
400,2,0.296
400,3,0.306
400,4,0.299
400,5,0.298
400,6,0.307
400,7,0.312
400,8,0.3
400,9,0.298
400,10,0.307
400,11,0.435
400,12,0.309
400,13,0.359
400,14,0.524
400,15,0.613
400,16,0.818
400,17,1.266
400,18,0.505
400,19,2.211
400,20,1.629
400,21,0.398
400,22,1.942
400,23,0.237
400,24,0.23
400,25,0.393
400,26,0.252
400,27,0.237
400,28,0.236
400,29,0.236
400,30,2.659
400,31,2.36
400,32,0.859
400,33,0.765
400,34,1.229
400,35,1.141
400,36,1.128
400,37,1.114
400,38,1.212
400,39,1.351
400,40,1.804
400,41,1.775
400,42,1.617
400,43,1.209
400,44,1.097
400,45,0.983
400,46,0.778
400,47,0.316
400,48,0.311
401,1,0.313
401,2,0.32
401,3,0.441
401,4,0.339
401,5,0.318
401,6,0.323
401,7,0.33
401,8,0.327
401,9,0.318
401,10,0.321
401,11,0.327
401,12,0.323
401,13,0.369
401,14,0.56
401,15,0.613
401,16,0.635
401,17,1.082
401,18,0.593
401,19,0.276
401,20,0.24
401,21,0.235
401,22,0.239
401,23,0.371
401,24,0.46
401,25,0.248
401,26,0.545
401,27,1.129
401,28,1.427
401,29,0.349
401,30,0.58
401,31,0.499
401,32,0.422
401,33,0.763
401,34,0.803
401,35,0.838
401,36,0.679
401,37,1.043
401,38,1.092
401,39,1.46
401,40,1.852
401,41,1.523
401,42,1.39
401,43,1.429
401,44,1.583
401,45,1.12
401,46,0.931
401,47,0.598
401,48,0.313
402,1,0.309
402,2,0.304
402,3,0.314
402,4,0.315
402,5,0.306
402,6,0.314
402,7,0.319
402,8,0.311
402,9,0.307
402,10,0.322
402,11,0.315
402,12,0.305
402,13,0.365
402,14,0.537
402,15,0.719
402,16,0.645
402,17,0.447
402,18,0.871
402,19,1.466
402,20,0.953
402,21,3.068
402,22,2.145
402,23,0.686
402,24,2.171
402,25,0.71
402,26,0.697
402,27,0.546
402,28,0.509
402,29,0.341
402,30,2.832
402,31,2.58
402,32,1.27
402,33,0.5
402,34,0.53
402,35,0.501
402,36,0.405
402,37,0.383
402,38,0.392
402,39,0.593
402,40,1.418
402,41,1.29
402,42,1.155
402,43,1.155
402,44,1.165
402,45,1.107
402,46,1.315
402,47,1.027
402,48,0.524
403,1,0.307
403,2,0.304
403,3,0.293
403,4,0.299
403,5,0.307
403,6,0.302
403,7,0.423
403,8,0.328
403,9,0.313
403,10,0.298
403,11,0.301
403,12,0.312
403,13,0.365
403,14,0.517
403,15,0.636
403,16,0.707
403,17,0.8
403,18,0.437
403,19,0.718
403,20,0.622
403,21,0.645
403,22,0.772
403,23,0.59
403,24,2.254
403,25,0.69
403,26,0.426
403,27,0.721
403,28,1.374
403,29,2.081
403,30,1.19
403,31,0.703
403,32,1.465
403,33,0.463
403,34,1.576
403,35,0.943
403,36,0.757
403,37,1.261
403,38,0.872
403,39,0.956
403,40,1.198
403,41,1.996
403,42,1.252
403,43,0.992
403,44,0.873
403,45,0.852
403,46,0.32
403,47,0.404
403,48,0.344
404,1,0.313
404,2,0.302
404,3,0.306
404,4,0.315
404,5,0.306
404,6,0.303
404,7,0.316
404,8,0.313
404,9,0.306
404,10,0.311
404,11,0.318
404,12,0.306
404,13,0.36
404,14,0.52
404,15,0.612
404,16,0.957
404,17,1.155
404,18,0.8
404,19,0.677
404,20,0.247
404,21,0.241
404,22,0.236
404,23,0.225
404,24,0.228
404,25,0.235
404,26,0.225
404,27,0.222
404,28,0.391
404,29,0.295
404,30,0.479
404,31,0.597
404,32,0.346
404,33,0.307
404,34,0.361
404,35,0.464
404,36,0.614
404,37,2.328
404,38,1.364
404,39,1.716
404,40,1.781
404,41,1.889
404,42,1.483
404,43,1.489
404,44,1.458
404,45,1.493
404,46,1.234
404,47,0.358
404,48,0.302
405,1,0.303
405,2,0.298
405,3,0.31
405,4,0.304
405,5,0.302
405,6,0.315
405,7,0.303
405,8,0.306
405,9,0.315
405,10,0.299
405,11,0.435
405,12,0.322
405,13,0.359
405,14,0.526
405,15,0.6
405,16,0.582
405,17,0.805
405,18,0.715
405,19,0.427
405,20,0.324
405,21,0.231
405,22,0.228
405,23,0.236
405,24,0.223
405,25,0.392
405,26,0.235
405,27,0.497
405,28,0.246
405,29,1.103
405,30,3.812
405,31,0.73
405,32,1.312
405,33,0.336
405,34,1.004
405,35,1.772
405,36,0.785
405,37,1.054
405,38,1.192
405,39,1.408
405,40,1.471
405,41,1.38
405,42,1.444
405,43,1.497
405,44,1.318
405,45,1.351
405,46,1.429
405,47,1.367
405,48,1.319
406,1,1.176
406,2,0.297
406,3,0.433
406,4,0.316
406,5,0.304
406,6,0.31
406,7,0.297
406,8,0.307
406,9,0.305
406,10,0.294
406,11,0.308
406,12,0.3
406,13,0.354
406,14,0.525
406,15,0.644
406,16,0.638
406,17,0.953
406,18,0.747
406,19,0.284
406,20,0.626
406,21,0.218
406,22,0.232
406,23,0.346
406,24,0.242
406,25,0.24
406,26,0.516
406,27,1.71
406,28,1.118
406,29,0.339
406,30,0.385
406,31,0.479
406,32,0.802
406,33,0.822
406,34,0.687
406,35,0.884
406,36,0.841
406,37,1.246
406,38,1.421
406,39,1.674
406,40,1.763
406,41,1.838
406,42,1.362
406,43,1.35
406,44,1.383
406,45,1.267
406,46,1.032
406,47,0.412
406,48,0.4
407,1,0.392
407,2,0.404
407,3,0.4
407,4,0.404
407,5,0.423
407,6,0.455
407,7,0.462
407,8,0.465
407,9,0.393
407,10,0.402
407,11,0.397
407,12,0.387
407,13,0.463
407,14,0.62
407,15,1.17
407,16,1.623
407,17,0.985
407,18,0.731
407,19,0.561
407,20,0.508
407,21,0.608
407,22,0.639
407,23,0.69
407,24,0.559
407,25,0.592
407,26,0.554
407,27,0.607
407,28,0.603
407,29,0.682
407,30,0.95
407,31,0.503
407,32,0.596
407,33,0.365
407,34,0.669
407,35,0.584
407,36,0.572
407,37,0.964
407,38,1.034
407,39,1.005
407,40,2.445
407,41,2.447
407,42,2.01
407,43,1.705
407,44,1.024
407,45,1.205
407,46,0.803
407,47,0.297
407,48,0.305
408,1,0.294
408,2,0.294
408,3,0.306
408,4,0.308
408,5,0.293
408,6,0.296
408,7,0.43
408,8,0.319
408,9,0.3
408,10,0.311
408,11,0.309
408,12,0.297
408,13,0.365
408,14,0.526
408,15,0.597
408,16,0.563
408,17,0.391
408,18,0.504
408,19,0.635
408,20,0.588
408,21,0.64
408,22,1.894
408,23,0.644
408,24,0.459
408,25,0.801
408,26,0.413
408,27,0.452
408,28,0.317
408,29,0.32
408,30,0.36
408,31,0.422
408,32,0.599
408,33,2.408
408,34,0.583
408,35,1.655
408,36,0.819
408,37,1.376
408,38,2.315
408,39,1.331
408,40,1.46
408,41,1.564
408,42,1.442
408,43,1.421
408,44,1.478
408,45,1.146
408,46,1.154
408,47,0.882
408,48,0.332
409,1,0.297
409,2,0.306
409,3,0.315
409,4,0.309
409,5,0.307
409,6,0.316
409,7,0.31
409,8,0.3
409,9,0.314
409,10,0.309
409,11,0.3
409,12,0.312
409,13,0.367
409,14,0.516
409,15,0.604
409,16,0.561
409,17,0.345
409,18,0.348
409,19,0.873
409,20,0.475
409,21,0.423
409,22,0.379
409,23,0.367
409,24,0.565
409,25,0.808
409,26,0.327
409,27,0.549
409,28,0.417
409,29,0.582
409,30,0.592
409,31,1.922
409,32,1.535
409,33,2.118
409,34,2.746
409,35,1.255
409,36,0.71
409,37,1.188
409,38,1.14
409,39,1.304
409,40,1.364
409,41,1.605
409,42,1.116
409,43,1.154
409,44,1.126
409,45,1.231
409,46,1.182
409,47,1.235
409,48,0.882
410,1,0.303
410,2,0.29
410,3,0.297
410,4,0.304
410,5,0.289
410,6,0.3
410,7,0.307
410,8,0.294
410,9,0.306
410,10,0.297
410,11,0.417
410,12,0.326
410,13,0.358
410,14,0.522
410,15,0.612
410,16,0.562
410,17,0.428
410,18,0.312
410,19,0.825
410,20,0.534
410,21,1.449
410,22,0.678
410,23,2.094
410,24,0.644
410,25,0.721
410,26,0.47
410,27,0.279
410,28,0.268
410,29,0.276
410,30,0.469
410,31,0.588
410,32,0.427
410,33,0.353
410,34,0.657
410,35,0.495
410,36,0.58
410,37,1.144
410,38,1.012
410,39,1.297
410,40,1.417
410,41,1.873
410,42,1.885
410,43,1.477
410,44,1.351
410,45,1.415
410,46,1.264
410,47,0.723
410,48,0.678
411,1,0.59
411,2,0.287
411,3,0.423
411,4,0.326
411,5,0.297
411,6,0.308
411,7,0.305
411,8,0.295
411,9,0.311
411,10,0.302
411,11,0.296
411,12,0.309
411,13,0.356
411,14,0.516
411,15,0.599
411,16,0.542
411,17,1.0
411,18,0.501
411,19,0.516
411,20,0.923
411,21,1.625
411,22,0.766
411,23,0.706
411,24,0.358
411,25,0.421
411,26,0.531
411,27,0.691
411,28,0.718
411,29,1.773
411,30,1.571
411,31,1.356
411,32,0.904
411,33,1.626
411,34,0.679
411,35,1.942
411,36,0.915
411,37,1.263
411,38,1.19
411,39,1.207
411,40,1.344
411,41,1.75
411,42,1.318
411,43,1.416
411,44,1.371
411,45,1.347
411,46,1.349
411,47,1.149
411,48,0.65
412,1,0.297
412,2,0.309
412,3,0.3
412,4,0.304
412,5,0.311
412,6,0.298
412,7,0.305
412,8,0.311
412,9,0.299
412,10,0.31
412,11,0.309
412,12,0.297
412,13,0.366
412,14,0.52
412,15,0.708
412,16,0.598
412,17,0.432
412,18,1.116
412,19,1.759
412,20,0.546
412,21,1.134
412,22,0.591
412,23,0.538
412,24,0.703
412,25,0.528
412,26,0.662
412,27,0.928
412,28,0.689
412,29,0.747
412,30,0.726
412,31,0.746
412,32,3.988
412,33,3.071
412,34,3.436
412,35,1.144
412,36,2.191
412,37,1.966
412,38,1.728
412,39,1.358
412,40,1.42
412,41,1.58
412,42,1.439
412,43,1.468
412,44,1.398
412,45,1.418
412,46,1.436
412,47,1.232
412,48,0.306
413,1,0.302
413,2,0.296
413,3,0.305
413,4,0.302
413,5,0.296
413,6,0.309
413,7,0.425
413,8,0.317
413,9,0.319
413,10,0.308
413,11,0.305
413,12,0.314
413,13,0.36
413,14,0.517
413,15,0.609
413,16,0.538
413,17,1.673
413,18,1.774
413,19,0.938
413,20,0.937
413,21,0.625
413,22,0.816
413,23,0.459
413,24,0.464
413,25,0.457
413,26,0.466
413,27,0.953
413,28,2.938
413,29,0.773
413,30,0.855
413,31,0.898
413,32,2.871
413,33,2.103
413,34,0.822
413,35,0.641
413,36,1.092
413,37,1.521
413,38,1.795
413,39,1.614
413,40,2.041
413,41,2.58
413,42,1.758
413,43,3.139
413,44,1.718
413,45,1.53
413,46,1.378
413,47,1.254
413,48,0.489
414,1,0.296
414,2,0.308
414,3,0.305
414,4,0.298
414,5,0.31
414,6,0.307
414,7,0.293
414,8,0.303
414,9,0.308
414,10,0.295
414,11,0.297
414,12,0.306
414,13,0.355
414,14,0.442
414,15,0.626
414,16,0.804
414,17,0.739
414,18,0.457
414,19,0.617
414,20,0.563
414,21,0.601
414,22,0.554
414,23,0.673
414,24,1.863
414,25,1.296
414,26,0.555
414,27,0.551
414,28,0.831
414,29,0.498
414,30,0.5
414,31,0.403
414,32,1.64
414,33,0.499
414,34,0.974
414,35,1.304
414,36,1.649
414,37,1.253
414,38,1.303
414,39,1.186
414,40,1.554
414,41,1.992
414,42,1.505
414,43,1.494
414,44,1.479
414,45,1.768
414,46,1.138
414,47,1.579
414,48,0.765
415,1,0.631
415,2,1.694
415,3,0.312
415,4,0.309
415,5,0.3
415,6,0.31
415,7,0.311
415,8,0.301
415,9,0.308
415,10,0.314
415,11,0.425
415,12,0.309
415,13,0.373
415,14,0.464
415,15,0.717
415,16,1.36
415,17,1.175
415,18,0.671
415,19,0.565
415,20,0.576
415,21,0.576
415,22,0.858
415,23,0.554
415,24,0.515
415,25,0.512
415,26,0.528
415,27,0.521
415,28,0.511
415,29,0.946
415,30,0.562
415,31,0.627
415,32,0.533
415,33,0.519
415,34,0.629
415,35,0.763
415,36,0.247
415,37,0.263
415,38,0.272
415,39,0.268
415,40,0.282
415,41,0.273
415,42,0.265
415,43,0.274
415,44,0.282
415,45,0.27
415,46,0.272
415,47,0.285
415,48,0.28
